0	4	14	10	0	2036	17
1	0	12	15	7	3584	20
2	3	1	10	14	2524	13
3	3	1	30	21	10021	16
4	3	1	15	28	12011	17
5	0	12	15	35	3299	16
6	0	12	15	42	5309	18
7	4	14	15	49	9199	15
8	4	14	30	56	316	17
9	0	12	30	63	1578	13
10	0	12	10	70	1539	17
11	4	14	30	77	6600	14
12	4	14	20	84	8757	13
13	4	14	10	91	6983	19
14	4	14	15	98	5581	14
15	4	8	15	105	1373	15
16	3	1	10	112	954	16
17	4	8	30	119	2334	13
18	4	8	10	126	474	18
19	0	12	20	133	4498	16
20	4	8	30	140	2654	16
21	0	12	20	147	8193	18
22	3	1	20	154	2291	15
23	3	1	15	161	6856	16
24	3	1	15	168	24	15
25	4	14	10	175	133	17
26	3	1	10	182	1514	20
27	4	14	30	189	3244	13
28	4	14	10	196	6397	19
29	3	1	30	203	803	14
30	0	12	20	210	1550	19
31	0	12	20	217	183	16
32	4	8	15	224	2554	20
33	0	12	30	231	2777	16
34	3	1	30	238	2498	17
35	0	12	10	245	5338	15
36	4	8	20	252	971	14
37	0	12	15	259	1267	13
38	4	8	15	266	1497	15
39	3	1	15	273	3556	14
40	3	1	15	280	3227	19
41	4	14	20	287	3565	16
42	4	8	20	294	3175	14
43	3	1	20	301	10850	13
44	0	12	30	308	5900	16
45	0	12	15	315	677	14
46	0	12	20	322	3415	14
47	4	14	10	329	2126	13
48	3	1	15	336	4886	14
49	3	1	30	343	3019	19
50	4	8	20	350	1431	18
51	4	8	20	357	2447	18
52	0	12	20	364	761	17
53	0	12	10	371	2186	13
54	4	14	30	378	11585	16
55	3	1	15	385	3002	19
56	4	8	30	400	677	17
57	4	14	20	409	4178	18
58	4	14	20	418	9731	14
59	3	1	15	427	9982	20
60	3	1	15	436	1131	16
61	4	8	15	445	789	17
62	4	14	15	454	429	17
63	4	8	10	463	8976	16
64	0	12	10	472	19	14
65	0	12	20	481	1284	13
66	4	8	15	490	1637	15
67	3	1	30	499	1959	17
68	4	8	15	508	1791	14
69	4	14	15	517	62	20
70	4	14	20	526	311	13
71	4	8	30	535	11301	15
72	4	14	15	544	556	19
73	3	1	30	553	2960	17
74	4	8	10	562	517	18
75	4	8	10	571	9020	13
76	3	1	10	580	1561	17
77	4	14	10	589	2792	15
78	4	8	20	598	199	20
79	3	1	30	607	7594	13
80	3	1	15	616	2454	16
81	3	1	30	625	9330	19
82	0	12	20	634	7599	19
83	4	8	15	643	1248	13
84	0	12	15	652	8523	16
85	4	14	10	661	7968	14
86	4	14	10	670	8208	19
87	4	8	10	679	208	20
88	0	12	30	688	3246	20
89	4	14	15	697	11032	18
90	3	1	10	706	3479	18
91	4	8	10	715	3351	16
92	4	8	20	724	1781	20
93	4	14	10	733	2008	15
94	0	12	30	742	1677	18
95	4	8	10	751	1877	14
96	4	14	15	760	2678	20
97	0	12	15	800	4244	19
98	3	1	15	809	10567	19
99	0	12	15	818	2745	15
100	3	1	30	827	6857	20
101	3	1	30	836	827	17
102	3	1	30	845	210	19
103	4	14	10	854	4680	15
104	3	1	10	863	2427	18
105	0	12	30	872	1785	16
106	4	8	10	881	1589	19
107	4	8	20	890	4204	13
108	3	1	10	899	1424	15
109	4	8	20	908	203	16
110	4	14	15	917	916	15
111	3	1	30	926	4236	15
112	3	1	10	935	3661	18
113	0	12	30	944	255	13
114	4	14	30	953	2457	17
115	4	14	15	962	1683	18
116	0	12	20	971	1594	18
117	4	8	30	980	7176	16
118	0	12	30	989	51	20
119	0	12	10	998	609	13
120	0	12	20	1007	2064	14
121	0	12	10	1016	1342	16
122	4	8	30	1025	7122	17
123	4	8	30	1034	2209	17
124	0	12	10	1043	2280	14
125	4	8	20	1052	2833	18
126	0	12	10	1061	3482	16
127	0	12	15	1070	5312	16
128	3	1	10	1079	796	20
129	0	12	30	1088	5494	17
130	4	8	30	1097	2090	14
131	3	1	20	1106	4425	19
132	4	8	30	1115	3410	16
133	4	8	15	1124	3211	17
134	0	12	30	1133	123	14
135	0	12	20	1142	1268	19
136	0	12	10	1151	7632	20
137	0	12	20	1160	700	17
138	3	1	10	1169	6708	16
139	0	12	20	1200	2945	13
140	4	8	30	1209	3069	15
141	3	1	15	1218	999	19
142	3	1	10	1227	5563	17
143	3	1	15	1236	2822	17
144	4	14	10	1245	5264	15
145	0	12	15	1254	10511	15
146	4	14	30	1263	13743	18
147	4	8	30	1272	1412	19
148	4	14	10	1281	10985	19
149	4	8	15	1290	27506	20
150	0	12	15	1299	187	16
151	3	1	20	1308	4250	16
152	4	14	20	1317	4099	20
153	4	8	10	1326	6195	19
154	4	14	30	1335	392	13
155	4	8	20	1344	3061	16
156	0	12	10	1353	1756	20
157	0	12	10	1362	3943	15
158	3	1	30	1371	1178	14
159	4	8	20	1380	11777	20
160	0	12	20	1389	6033	20
161	4	8	30	1398	3593	15
162	3	1	20	1407	2539	14
163	3	1	10	1416	3219	19
164	0	12	30	1425	4116	14
165	0	12	20	1434	3067	17
166	0	12	10	1443	331	19
167	0	12	20	1452	195	14
168	0	12	30	1461	128	19
169	4	14	15	1470	829	18
170	3	1	15	1479	2708	18
171	0	12	10	1488	735	14
172	3	1	20	1497	83	13
173	0	12	15	1506	2705	19
174	3	1	15	1515	3720	18
175	3	1	10	1524	803	16
176	3	1	30	1533	3053	19
177	3	1	15	1542	1573	13
178	4	8	20	1551	4717	14
179	0	12	20	1560	2827	20
180	4	8	20	1569	3104	20
181	4	14	15	1578	1335	17
182	4	8	15	1587	6421	18
183	4	8	20	1600	801	20
184	4	14	20	1608	4828	13
185	4	14	15	1616	5586	19
186	4	14	10	1624	113	20
187	4	14	20	1632	6171	18
188	3	1	20	1640	2453	16
189	4	14	15	1648	2736	19
190	0	12	20	1656	9920	19
191	0	12	10	1664	1018	18
192	3	1	20	1672	9440	16
193	4	8	20	1680	8031	16
194	0	12	30	1688	5426	14
195	0	12	10	1696	11453	20
196	4	14	30	1704	5562	18
197	4	14	10	1712	884	19
198	3	1	20	1720	7968	16
199	3	1	15	1728	874	18
200	4	14	15	1736	7542	16
201	4	14	15	1744	10112	17
202	0	12	10	1752	1235	13
203	4	14	30	1760	5522	13
204	3	1	10	1768	2829	15
205	0	12	10	1776	8409	15
206	4	14	30	1784	4018	16
207	3	1	15	1792	648	13
208	3	1	30	1800	803	13
209	4	8	20	1808	9696	18
210	3	1	20	1816	3	17
211	4	8	20	1824	122	20
212	4	14	15	1832	10895	13
213	3	1	10	1840	5518	14
214	4	14	10	1848	2094	13
215	0	12	10	1856	2731	15
216	4	14	15	1864	6312	18
217	4	8	10	1872	1361	14
218	4	14	15	1880	7639	18
219	0	12	20	1888	8832	16
220	4	8	20	1896	2832	18
221	0	12	15	1904	1388	14
222	3	1	10	1912	3557	18
223	4	8	15	1920	3073	13
224	3	1	20	1928	1264	20
225	3	1	10	1936	1243	13
226	4	8	20	1944	1217	19
227	4	8	10	1952	673	18
228	0	12	15	1960	5530	17
229	3	1	10	1968	4345	18
230	3	1	15	1976	2255	19
231	4	14	30	1984	1635	13
232	4	14	30	1992	2476	17
233	3	1	10	2000	2742	17
234	0	12	15	2008	4297	16
235	3	1	15	2016	3866	15
236	3	1	15	2024	73	17
237	4	8	15	2032	207	17
238	3	1	15	2040	4488	17
239	4	14	15	2048	6929	18
240	0	12	15	2056	505	15
241	0	12	20	2064	8427	19
242	4	8	20	2072	3707	17
243	0	12	30	2080	3167	19
244	0	12	20	2088	2729	14
245	3	1	10	2096	8687	19
246	4	8	20	2104	1371	17
247	0	12	20	2112	684	14
248	4	8	20	2120	2450	15
249	4	14	20	2128	1137	19
250	0	12	20	2136	646	15
251	3	1	30	2144	2484	16
252	0	12	30	2152	1701	13
253	3	1	10	2160	14525	20
254	4	8	30	2168	4670	13
255	4	14	10	2176	3238	15
256	4	8	10	2184	1608	20
257	4	14	20	2192	5229	13
258	0	12	10	2200	2596	14
259	0	12	30	2208	1097	15
260	3	1	20	2216	3822	17
261	4	8	30	2224	2607	18
262	3	1	30	2232	2047	16
263	0	12	30	2240	2930	16
264	3	1	15	2248	2619	20
265	4	14	30	2256	4377	16
266	4	8	20	2264	3362	16
267	0	12	15	2272	2306	17
268	4	8	30	2280	376	19
269	4	8	20	2288	6204	18
270	3	1	30	2296	2590	19
271	3	1	10	2304	5434	14
272	3	1	20	2312	3808	18
273	4	14	30	2320	116	20
274	0	12	10	2328	5901	13
275	4	8	30	2336	3966	20
276	4	14	30	2344	4672	17
277	4	8	10	2352	171	19
278	0	12	30	2400	170	19
279	0	12	20	2408	1944	13
280	0	12	20	2416	15059	16
281	4	8	10	2424	444	18
282	4	14	15	2432	4773	15
283	0	12	20	2440	2784	19
284	4	8	20	2448	2880	16
285	0	12	15	2456	13810	15
286	4	14	30	2464	18125	20
287	4	8	30	2472	2678	17
288	4	8	15	2480	6586	16
289	4	8	15	2488	437	13
290	4	8	10	2496	1361	16
291	3	1	20	2504	1362	16
292	0	12	15	2512	3404	16
293	3	1	15	2520	2279	15
294	0	12	30	2528	931	14
295	3	1	20	2536	4085	18
296	4	8	30	2544	2598	15
297	0	12	30	2552	354	14
298	4	8	20	2560	275	19
299	4	8	20	2568	7072	18
300	0	12	15	2576	1527	16
301	0	12	15	2584	7645	13
302	3	1	20	2592	279	15
303	0	12	30	2600	4436	18
304	0	12	20	2608	5892	13
305	3	1	20	2616	2085	14
306	0	12	10	2624	7548	19
307	0	12	30	2632	1529	13
308	3	1	30	2640	903	20
309	0	12	30	2648	246	14
310	0	12	10	2656	8037	19
311	4	14	10	2664	1364	13
312	4	14	20	2672	4656	15
313	0	12	15	2680	388	14
314	4	14	15	2688	1221	20
315	4	8	20	2696	2855	20
316	3	1	15	2704	6095	16
317	4	8	10	2712	9175	18
318	3	1	15	2720	24	20
319	3	1	30	2728	2871	17
320	4	14	30	2736	4508	17
321	0	12	30	2744	335	19
322	4	14	30	2752	3986	13
323	0	12	20	2760	17149	19
324	0	12	20	2768	2768	15
325	0	12	15	2776	833	15
326	4	8	20	2800	744	18
327	0	12	10	2812	792	15
328	3	1	10	2824	6880	18
329	4	8	20	2836	563	16
330	4	14	10	2848	656	17
331	3	1	30	2860	3707	15
332	4	14	20	2872	14841	13
333	4	14	15	2884	954	13
334	4	14	10	2896	279	17
335	0	12	10	2908	532	15
336	4	14	15	2920	153	15
337	4	14	15	2932	107	18
338	0	12	10	2944	5247	19
339	4	14	30	2956	452	15
340	0	12	15	2968	510	17
341	4	14	10	2980	4453	19
342	4	14	30	2992	1346	18
343	4	8	15	3004	5504	15
344	0	12	10	3016	1085	14
345	4	8	10	3028	30491	15
346	4	14	10	3040	3672	14
347	0	12	30	3052	2620	15
348	3	1	30	3064	751	15
349	4	14	10	3076	4783	15
350	0	12	10	3088	7800	14
351	4	14	30	3100	3456	17
352	4	8	20	3112	328	15
353	4	14	20	3124	3233	14
354	4	8	20	3136	665	14
355	0	12	20	3148	1081	18
356	4	8	20	3160	1000	20
357	4	8	10	3172	338	16
358	0	12	15	3200	748	15
359	0	12	15	3209	3495	18
360	0	12	30	3218	1078	16
361	4	14	30	3227	4420	16
362	4	8	20	3236	2746	16
363	0	12	10	3245	293	17
364	0	12	30	3254	9566	17
365	4	8	10	3263	1213	17
366	0	12	15	3272	1504	13
367	4	14	15	3281	2581	15
368	0	12	15	3290	101	17
369	4	14	15	3299	596	17
370	4	8	15	3308	2558	17
371	4	14	10	3317	5633	19
372	4	8	10	3326	737	20
373	4	14	15	3335	9172	18
374	3	1	20	3344	1992	13
375	0	12	30	3353	17	18
376	0	12	30	3362	6331	14
377	3	1	15	3371	8598	19
378	4	14	20	3380	5523	17
379	4	14	15	3389	2772	13
380	4	8	10	3398	3540	13
381	4	8	30	3407	4676	16
382	3	1	15	3416	33	20
383	4	14	30	3425	526	16
384	4	8	20	3434	1279	14
385	4	14	15	3443	3401	13
386	0	12	15	3452	2981	20
387	0	12	10	3461	2186	19
388	4	8	20	3470	243	19
389	4	14	20	3479	7101	20
390	3	1	20	3488	9350	15
391	4	8	15	3497	12542	20
392	3	1	10	3506	7750	16
393	0	12	20	3515	640	13
394	3	1	10	3524	8180	20
395	0	12	15	3533	2398	14
396	4	8	15	3542	768	16
397	4	14	20	3551	969	14
398	0	12	20	3560	7303	19
399	3	1	30	3569	14901	18
400	4	8	20	3578	4633	14
401	4	14	20	3600	535	20
402	4	14	20	3610	2432	18
403	3	1	20	3620	133	19
404	4	8	30	3630	1020	19
405	0	12	10	3640	431	16
406	3	1	20	3650	2111	18
407	3	1	10	3660	792	18
408	0	12	30	3670	707	14
409	4	8	30	3680	644	17
410	4	14	30	3690	2335	17
411	4	14	10	3700	1648	14
412	4	8	20	3710	1617	20
413	4	8	30	3720	4443	15
414	3	1	10	3730	21420	17
415	3	1	10	3740	3168	20
416	4	8	20	3750	4320	16
417	3	1	30	3760	1869	20
418	3	1	20	3770	6378	15
419	0	12	20	3780	1636	17
420	4	8	30	3790	5331	17
421	4	14	15	3800	8914	15
422	3	1	30	3810	2155	16
423	0	12	20	3820	864	17
424	0	12	30	3830	1071	15
425	4	14	30	3840	2902	18
426	0	12	30	3850	9190	16
427	4	8	15	3860	82	20
428	4	8	15	3870	115	18
429	3	1	15	3880	11339	20
430	3	1	20	3890	7078	14
431	4	8	10	3900	3464	13
432	4	8	20	3910	182	20
433	4	8	20	3920	5926	20
434	4	8	30	3930	6726	19
435	3	1	20	3940	2480	14
436	3	1	15	3950	1065	19
437	4	14	20	3960	14835	14
438	4	8	10	3970	9143	17
439	0	12	20	3980	752	19
440	4	8	20	3990	709	16
441	3	1	10	4000	1696	15
442	4	14	10	4009	1199	17
443	4	14	30	4018	9636	14
444	0	12	30	4027	1965	16
445	4	14	15	4036	3335	13
446	0	12	30	4045	3912	20
447	4	8	10	4054	819	13
448	4	8	15	4063	663	16
449	4	14	10	4072	1563	13
450	3	1	20	4081	6254	18
451	4	14	20	4090	6468	17
452	0	12	10	4099	2166	19
453	0	12	10	4108	2797	15
454	4	8	10	4117	1095	13
455	4	8	15	4126	6314	20
456	0	12	30	4135	4933	17
457	3	1	30	4144	1210	13
458	3	1	20	4153	6395	17
459	3	1	30	4162	4939	14
460	0	12	10	4171	906	13
461	0	12	10	4180	1976	18
462	0	12	30	4189	656	20
463	4	8	20	4198	997	15
464	3	1	15	4207	1538	16
465	4	8	20	4216	7947	17
466	4	8	15	4225	1388	15
467	0	12	30	4234	3282	20
468	4	14	10	4243	7773	16
469	0	12	20	4252	3047	16
470	0	12	20	4261	1503	14
471	3	1	30	4270	4619	14
472	0	12	30	4279	2577	16
473	4	8	10	4288	3929	17
474	3	1	30	4297	761	14
475	4	14	20	4306	1980	15
476	4	14	10	4315	4011	18
477	3	1	10	4324	2824	14
478	0	12	30	4333	6562	14
479	4	8	20	4342	4426	14
480	4	14	10	4351	8901	18
481	3	1	30	4360	5010	15
482	4	14	10	4369	8087	17
483	4	8	15	4378	4881	18
484	4	14	30	4400	653	14
485	4	14	30	4408	113	18
486	4	8	30	4416	703	14
487	4	8	20	4424	3118	18
488	4	14	20	4432	3046	19
489	0	12	15	4440	81	19
490	4	8	20	4448	5599	18
491	4	14	15	4456	14390	18
492	0	12	10	4464	782	18
493	4	14	10	4472	838	16
494	0	12	15	4480	13851	19
495	0	12	15	4488	5925	18
496	4	8	15	4496	864	15
497	4	8	20	4504	156	14
498	0	12	15	4512	3574	19
499	4	14	10	4520	2981	19
500	4	8	30	4528	1272	19
501	4	14	30	4536	265	13
502	3	1	10	4544	1592	18
503	4	8	20	4552	3866	20
504	4	14	15	4560	41	20
505	0	12	20	4568	446	17
506	3	1	20	4576	1581	14
507	3	1	10	4584	6291	15
508	4	8	10	4592	1600	14
509	4	8	15	4600	7563	19
510	4	8	10	4608	699	14
511	4	8	30	4616	904	15
512	3	1	10	4624	2427	20
513	4	8	10	4632	550	15
514	3	1	30	4640	6797	17
515	3	1	15	4648	2681	19
516	4	8	10	4656	2954	14
517	4	14	20	4664	2365	15
518	3	1	30	4672	290	14
519	4	14	15	4680	1376	19
520	0	12	20	4688	4836	15
521	0	12	30	4696	5574	17
522	0	12	10	4704	108	14
523	3	1	20	4712	7245	17
524	3	1	10	4720	6052	19
525	0	12	10	4728	1666	16
526	4	8	30	4736	2831	16
527	4	8	30	4744	1346	20
528	4	8	20	4752	4279	19
529	4	8	20	4760	2047	16
530	3	1	10	4768	873	13
531	4	8	20	4776	3614	16
532	3	1	20	4784	9889	16
533	4	8	20	4792	1318	15
534	4	14	20	4800	2022	15
535	4	14	10	4809	7036	18
536	4	14	20	4818	1949	17
537	3	1	15	4827	1139	17
538	3	1	30	4836	4744	19
539	4	14	10	4845	184	18
540	0	12	10	4854	4836	16
541	3	1	30	4863	1840	20
542	0	12	15	4872	950	17
543	3	1	10	4881	4609	13
544	4	14	15	4890	7855	18
545	0	12	30	4899	3203	16
546	4	8	15	4908	2915	19
547	4	14	10	4917	201	15
548	0	12	10	4926	1860	20
549	3	1	10	4935	2616	20
550	4	14	15	4944	1153	17
551	3	1	30	4953	5513	20
552	4	14	30	4962	13794	13
553	4	8	10	4971	1424	20
554	3	1	20	4980	6944	17
555	4	8	10	4989	2941	15
556	4	14	20	4998	152	19
557	0	12	15	5007	2708	13
558	3	1	20	5016	7326	14
559	3	1	10	5025	4429	16
560	3	1	30	5034	3648	13
561	4	8	30	5043	166	14
562	4	8	20	5052	582	17
563	4	14	20	5061	10594	18
564	4	14	15	5070	4232	18
565	4	14	20	5079	3335	18
566	4	14	10	5088	1351	19
567	4	8	15	5097	765	17
568	4	8	15	5106	5262	13
569	3	1	20	5115	18177	20
570	3	1	20	5124	433	14
571	3	1	20	5133	1282	18
572	0	12	20	5142	5574	17
573	3	1	20	5151	101	16
574	4	14	10	5160	3563	15
575	4	8	30	5169	1618	16
576	0	12	20	5178	3108	13
577	3	1	10	5200	1677	13
578	4	14	15	5209	15074	20
579	3	1	10	5218	1038	16
580	4	14	30	5227	6928	18
581	4	8	30	5236	2452	14
582	0	12	20	5245	9806	13
583	4	14	15	5254	778	19
584	4	8	15	5263	650	20
585	4	14	10	5272	2377	13
586	3	1	20	5281	3940	15
587	0	12	15	5290	3829	17
588	3	1	10	5299	2442	19
589	4	8	20	5308	8358	20
590	0	12	20	5317	6249	19
591	4	14	15	5326	8974	16
592	0	12	30	5335	2097	16
593	0	12	30	5344	101	15
594	4	8	15	5353	2367	18
595	4	14	10	5362	4324	15
596	4	8	15	5371	1062	16
597	0	12	20	5380	1326	19
598	3	1	30	5389	126	15
599	4	14	20	5398	1392	20
600	0	12	20	5407	1228	18
601	4	14	30	5416	1682	15
602	3	1	20	5425	1526	15
603	3	1	20	5434	1929	20
604	4	14	20	5443	1895	19
605	4	8	20	5452	14946	19
606	4	8	15	5461	22320	16
607	4	8	10	5470	11463	17
608	4	8	10	5479	4949	18
609	4	8	20	5488	2701	14
610	4	8	15	5497	15725	15
611	0	12	20	5506	4747	19
612	0	12	10	5515	2894	14
613	4	14	20	5524	3778	18
614	3	1	15	5533	7495	19
615	0	12	30	5542	603	20
616	0	12	15	5551	542	13
617	4	8	10	5560	12759	18
618	4	8	15	5569	6040	19
619	4	14	10	5600	916	18
620	4	8	30	5609	11188	15
621	3	1	20	5618	4442	14
622	4	14	15	5627	5053	18
623	4	14	30	5636	7736	13
624	3	1	10	5645	887	14
625	3	1	10	5654	936	18
626	4	8	30	5663	8044	14
627	0	12	20	5672	5189	14
628	4	8	15	5681	3455	19
629	0	12	30	5690	10577	20
630	4	14	15	5699	419	13
631	4	14	30	5708	1193	14
632	0	12	15	5717	1492	19
633	4	14	20	5726	4594	20
634	4	8	15	5735	13328	19
635	0	12	30	5744	2613	16
636	4	14	10	5753	607	19
637	3	1	30	5762	3030	13
638	4	14	30	5771	6423	20
639	0	12	20	5780	764	13
640	3	1	30	5789	2404	17
641	0	12	20	5798	4602	18
642	3	1	15	5807	9466	20
643	0	12	15	5816	13516	18
644	0	12	10	5825	9048	18
645	4	14	30	5834	401	20
646	3	1	15	5843	1905	15
647	0	12	15	5852	6377	18
648	4	8	20	5861	786	17
649	0	12	15	5870	1464	19
650	3	1	30	5879	3053	14
651	4	14	10	5888	1282	18
652	4	14	10	5897	2798	13
653	3	1	20	5906	7002	18
654	3	1	30	5915	1753	17
655	4	8	30	5924	3603	16
656	0	12	20	5933	3934	17
657	3	1	20	5942	2478	14
658	0	12	20	5951	811	19
659	0	12	15	5960	739	13
660	4	14	30	5969	466	18
661	0	12	20	5978	1255	15
662	0	12	30	6000	1813	19
663	4	8	10	6011	6072	18
664	4	8	10	6022	1986	13
665	3	1	15	6033	5127	14
666	0	12	10	6044	1934	20
667	4	8	15	6055	7136	14
668	4	8	10	6066	4163	20
669	3	1	15	6077	1827	16
670	4	8	20	6088	27779	13
671	3	1	20	6099	3621	13
672	3	1	15	6110	695	19
673	4	8	30	6121	3716	18
674	4	8	15	6132	5592	13
675	0	12	15	6143	1179	17
676	4	14	15	6154	5782	15
677	3	1	30	6165	5567	13
678	4	14	20	6176	12834	16
679	3	1	10	6187	437	14
680	0	12	30	6198	7083	16
681	0	12	15	6209	286	16
682	4	14	10	6220	3178	18
683	0	12	10	6231	1269	13
684	4	8	10	6242	2010	19
685	0	12	15	6253	6977	16
686	4	14	30	6264	5620	13
687	4	8	20	6275	2655	14
688	4	8	20	6286	1589	16
689	4	14	15	6297	1851	15
690	4	14	10	6308	7688	20
691	0	12	20	6319	4546	18
692	4	8	15	6330	1708	14
693	3	1	20	6341	3983	19
694	0	12	20	6352	264	16
695	4	8	15	6363	805	15
696	0	12	30	6400	1536	20
697	0	12	15	6411	535	15
698	4	14	10	6422	3418	17
699	3	1	20	6433	761	17
700	3	1	30	6444	4980	13
701	4	8	30	6455	3166	13
702	4	14	10	6466	650	19
703	4	14	10	6477	6680	14
704	3	1	20	6488	1470	18
705	4	14	10	6499	11139	14
706	4	8	30	6510	488	19
707	3	1	15	6521	9134	16
708	4	8	15	6532	304	17
709	4	8	20	6543	419	20
710	3	1	20	6554	7073	13
711	4	8	30	6565	8306	16
712	4	14	30	6576	2790	18
713	4	8	20	6587	333	18
714	0	12	15	6598	1655	18
715	4	14	15	6609	166	14
716	4	8	15	6620	5109	18
717	4	14	20	6631	389	18
718	4	14	10	6642	1950	19
719	4	8	30	6653	3340	18
720	3	1	20	6664	13742	13
721	4	14	15	6675	9143	19
722	4	14	20	6686	2805	19
723	4	8	20	6697	1293	17
724	3	1	10	6708	2878	17
725	0	12	10	6719	1542	15
726	0	12	15	6730	1139	19
727	4	14	20	6741	3010	20
728	0	12	15	6752	3116	15
729	4	14	10	6763	3380	19
730	0	12	15	6800	11023	18
731	3	1	30	6809	4076	13
732	4	14	20	6818	778	16
733	4	8	30	6827	6170	20
734	0	12	15	6836	1986	14
735	3	1	30	6845	1330	16
736	4	8	15	6854	10056	18
737	4	14	10	6863	5333	16
738	3	1	15	6872	13327	15
739	4	8	30	6881	2440	17
740	3	1	15	6890	4956	17
741	4	8	20	6899	7768	17
742	0	12	15	6908	2122	17
743	4	14	10	6917	1037	16
744	4	8	30	6926	3115	15
745	4	8	15	6935	15462	16
746	4	8	20	6944	778	13
747	0	12	30	6953	1245	16
748	4	8	10	6962	1379	14
749	4	8	10	6971	93	14
750	0	12	30	6980	2473	18
751	0	12	10	6989	1026	15
752	0	12	10	6998	5380	16
753	4	8	10	7007	33	20
754	4	14	10	7016	920	16
755	4	14	15	7025	6722	14
756	4	8	15	7034	174	14
757	4	8	20	7043	8277	14
758	0	12	30	7052	1419	18
759	4	8	15	7061	17584	16
760	4	14	30	7070	4688	15
761	4	8	10	7079	3527	20
762	4	8	10	7088	1766	14
763	4	8	15	7097	2795	19
764	4	8	10	7106	712	15
765	4	14	20	7115	844	13
766	3	1	10	7124	4786	20
767	3	1	30	7133	5036	18
768	4	8	10	7142	4665	17
769	3	1	15	7151	230	15
770	4	8	10	7160	519	16
771	4	8	15	7169	16739	14
772	4	8	10	7178	549	15
773	3	1	15	7187	10584	14
774	3	1	20	7200	7745	14
775	4	8	10	7211	471	16
776	3	1	10	7222	2666	14
777	0	12	20	7233	1290	15
778	4	14	30	7244	5316	15
779	4	8	20	7255	3054	13
780	4	14	20	7266	617	14
781	0	12	20	7277	15718	15
782	4	8	20	7288	1082	18
783	4	14	10	7299	2919	13
784	3	1	10	7310	463	13
785	4	14	15	7321	4953	15
786	4	8	30	7332	9195	17
787	4	8	15	7343	738	17
788	4	8	30	7354	3475	17
789	0	12	10	7365	3448	20
790	0	12	20	7376	1098	14
791	4	14	20	7387	185	16
792	4	14	10	7398	2302	19
793	0	12	10	7409	15020	20
794	3	1	30	7420	5818	15
795	0	12	10	7431	531	17
796	0	12	15	7442	2769	16
797	3	1	10	7453	9582	19
798	4	8	30	7464	269	14
799	3	1	10	7475	1728	14
800	4	14	15	7486	1321	16
801	4	14	20	7497	2470	15
802	3	1	20	7508	3461	20
803	4	14	20	7519	1075	20
804	4	14	30	7530	9267	19
805	4	14	20	7541	2588	17
806	4	14	30	7552	411	20
807	3	1	30	7563	6651	14
808	3	1	20	7600	662	19
809	3	1	10	7610	396	20
810	0	12	10	7620	1584	20
811	4	8	30	7630	5827	20
812	4	8	30	7640	596	20
813	4	14	10	7650	5788	17
814	3	1	30	7660	7447	14
815	4	14	15	7670	4950	20
816	0	12	20	7680	1715	14
817	4	8	30	7690	7304	13
818	3	1	10	7700	2000	18
819	4	8	30	7710	2412	20
820	4	8	30	7720	1373	16
821	0	12	20	7730	3013	15
822	0	12	10	7740	582	14
823	0	12	10	7750	469	17
824	4	8	30	7760	6767	13
825	4	8	20	7770	317	20
826	4	8	10	7780	3168	15
827	4	8	10	7790	658	16
828	4	14	15	7800	709	20
829	3	1	15	7810	5257	17
830	0	12	20	7820	3782	13
831	4	14	10	7830	3448	16
832	4	14	20	7840	945	13
833	4	8	20	7850	1940	13
834	3	1	15	7860	1165	17
835	0	12	30	7870	4586	20
836	4	8	10	7880	2051	16
837	3	1	30	7890	5	19
838	4	14	10	7900	3834	15
839	4	14	20	7910	4008	17
840	0	12	20	7920	3790	16
841	4	14	30	7930	373	16
842	3	1	30	7940	64	19
843	3	1	30	7950	2663	18
844	0	12	30	7960	1153	13
845	4	14	20	7970	2563	14
846	3	1	30	7980	9495	17
847	0	12	30	7990	4470	14
848	3	1	15	8000	566	18
849	4	14	20	8012	232	15
850	0	12	20	8024	5977	16
851	3	1	20	8036	4323	15
852	0	12	30	8048	2897	14
853	4	14	10	8060	3790	15
854	4	8	15	8072	248	18
855	3	1	20	8084	5577	14
856	3	1	15	8096	1573	14
857	4	8	15	8108	2526	15
858	4	8	20	8120	2178	19
859	3	1	15	8132	6971	19
860	4	8	15	8144	10599	14
861	4	8	20	8156	11674	17
862	4	14	20	8168	4174	14
863	0	12	15	8180	2187	14
864	4	8	15	8192	2637	20
865	0	12	30	8204	5536	17
866	3	1	10	8216	3252	19
867	0	12	15	8228	5609	19
868	4	8	30	8240	2869	13
869	4	8	30	8252	708	15
870	4	8	15	8264	1476	17
871	3	1	20	8276	1707	15
872	3	1	20	8288	1005	19
873	4	14	20	8300	5717	14
874	4	8	10	8312	7345	17
875	3	1	30	8324	899	13
876	3	1	30	8336	2880	17
877	3	1	15	8348	4191	16
878	0	12	10	8360	7869	17
879	3	1	10	8372	1678	20
880	4	14	30	8400	743	16
881	4	8	15	8411	8289	13
882	3	1	30	8422	80	18
883	4	14	30	8433	448	18
884	4	8	20	8444	12472	13
885	3	1	10	8455	12053	18
886	4	14	15	8466	257	14
887	4	14	15	8477	3647	19
888	4	14	10	8488	1568	15
889	4	14	20	8499	2778	16
890	3	1	20	8510	1766	19
891	4	14	20	8521	10807	14
892	0	12	10	8532	3482	13
893	4	8	30	8543	6272	16
894	3	1	15	8554	4864	15
895	3	1	30	8565	4390	20
896	4	14	15	8576	2329	14
897	4	8	20	8587	3613	17
898	4	8	15	8598	13	19
899	0	12	30	8609	2781	17
900	4	8	15	8620	9937	16
901	3	1	15	8631	663	18
902	4	14	10	8642	701	14
903	0	12	15	8653	13988	16
904	4	8	10	8664	5511	19
905	3	1	10	8675	2235	13
906	0	12	30	8686	2307	17
907	0	12	15	8697	5624	20
908	3	1	30	8708	5908	19
909	4	14	15	8719	7827	18
910	0	12	30	8730	1091	18
911	4	14	10	8741	4507	18
912	4	8	10	8752	3747	18
913	4	14	20	8763	321	20
914	3	1	20	8774	4262	15
915	4	14	10	8785	227	14
916	4	14	30	8800	10422	19
917	4	14	30	8814	3122	17
918	4	14	20	8828	2505	14
919	4	14	15	8842	3036	14
920	0	12	20	8856	4648	15
921	3	1	30	8870	12712	20
922	0	12	10	8884	2246	16
923	4	8	10	8898	45	18
924	4	14	15	8912	6543	17
925	4	8	30	8926	1884	15
926	3	1	15	8940	5812	15
927	0	12	30	8954	2253	15
928	4	8	15	8968	234	20
929	3	1	15	8982	765	17
930	3	1	20	8996	5709	20
931	0	12	15	9010	10028	20
932	4	8	30	9024	4153	18
933	0	12	15	9038	1779	13
934	4	8	20	9052	2220	16
935	4	8	15	9066	67	18
936	3	1	10	9080	4995	20
937	3	1	15	9094	205	15
938	4	8	20	9108	1773	19
939	4	14	20	9122	3000	13
940	4	8	15	9136	2874	13
941	4	14	10	9150	1469	14
942	4	8	15	9164	7005	13
943	0	12	30	9200	2506	18
944	4	14	30	9211	1214	19
945	3	1	15	9222	4572	13
946	3	1	15	9233	1570	17
947	0	12	20	9244	2805	14
948	3	1	15	9255	585	13
949	3	1	10	9266	4180	14
950	4	14	10	9277	5391	13
951	0	12	15	9288	9191	17
952	3	1	30	9299	553	16
953	4	8	10	9310	2550	17
954	4	14	10	9321	6727	14
955	3	1	20	9332	12707	16
956	4	8	15	9343	5137	14
957	4	8	30	9354	648	17
958	4	8	10	9365	718	20
959	0	12	15	9376	1861	16
960	4	14	20	9387	4338	18
961	0	12	30	9398	30	14
962	4	14	30	9409	4788	13
963	4	14	20	9420	3639	14
964	0	12	20	9431	415	19
965	0	12	20	9442	1544	18
966	3	1	15	9453	121	20
967	4	8	30	9464	1145	18
968	3	1	30	9475	4213	16
969	4	8	15	9486	4073	17
970	4	8	30	9497	1674	14
971	0	12	15	9508	8350	17
972	4	8	10	9519	812	18
973	4	14	30	9530	11108	13
974	4	8	10	9541	78	13
975	4	8	20	9552	1910	13
976	4	8	15	9563	565	20
977	0	12	10	9600	13307	19
978	3	1	15	9612	5535	19
979	0	12	30	9624	529	16
980	4	14	15	9636	209	19
981	4	8	20	9648	1215	14
982	4	8	20	9660	1396	14
983	4	14	10	9672	2100	18
984	3	1	10	9684	2276	17
985	3	1	15	9696	7878	15
986	4	8	15	9708	6226	16
987	4	14	30	9720	767	14
988	0	12	10	9732	3150	19
989	3	1	10	9744	2522	13
990	4	14	30	9756	1389	17
991	0	12	10	9768	3316	15
992	4	8	10	9780	8672	15
993	4	8	15	9792	17053	16
994	4	14	30	9804	8030	15
995	4	8	15	9816	2812	20
996	4	14	10	9828	3760	13
997	4	8	20	9840	1040	20
998	4	14	15	9852	1828	20
999	4	14	15	9864	11364	13
1000	4	14	10	9876	4212	13
1001	0	12	20	9888	314	19
1002	3	1	30	9900	7664	19
1003	0	12	10	9912	2751	17
1004	0	12	15	9924	1462	20
1005	3	1	20	9936	7986	16
1006	3	1	15	9948	5031	19
1007	4	14	30	9960	850	15
1008	0	12	10	9972	2406	16
1009	3	1	20	10000	2278	13
1010	0	12	15	10009	7004	17
1011	0	12	15	10018	5693	15
1012	4	14	20	10027	2044	18
1013	0	12	10	10036	165	16
1014	0	12	10	10045	1549	18
1015	3	1	10	10054	2042	17
1016	3	1	10	10063	4991	20
1017	0	12	30	10072	1366	16
1018	0	12	20	10081	713	17
1019	3	1	15	10090	1088	16
1020	3	1	10	10099	3029	15
1021	4	14	20	10108	7736	19
1022	0	12	30	10117	4870	19
1023	4	14	30	10126	810	16
1024	3	1	15	10135	1694	13
1025	4	8	20	10144	6029	19
1026	4	14	10	10153	18584	14
1027	4	14	30	10162	881	15
1028	4	14	10	10171	299	19
1029	4	14	20	10180	2889	14
1030	4	8	20	10189	5884	20
1031	0	12	20	10198	9326	20
1032	4	8	30	10207	3636	20
1033	3	1	30	10216	6596	19
1034	4	8	30	10225	2561	15
1035	3	1	20	10234	14798	20
1036	3	1	20	10243	2105	16
1037	0	12	20	10252	6384	18
1038	3	1	30	10261	431	19
1039	0	12	15	10270	3374	13
1040	4	14	30	10279	625	16
1041	3	1	20	10288	3641	14
1042	4	14	20	10297	5127	18
1043	3	1	15	10306	469	18
1044	3	1	30	10315	4101	16
1045	3	1	20	10324	3057	14
1046	0	12	20	10333	713	18
1047	0	12	10	10342	7461	19
1048	4	8	10	10351	4371	18
1049	4	8	30	10360	2508	18
1050	4	14	10	10369	6283	20
1051	4	14	10	10378	1542	18
1052	0	12	10	10387	271	15
1053	0	12	30	10400	551	16
1054	0	12	15	10409	2114	19
1055	0	12	20	10418	6352	15
1056	0	12	20	10427	1858	13
1057	4	14	10	10436	4426	15
1058	3	1	20	10445	659	16
1059	3	1	20	10454	3001	13
1060	4	14	15	10463	8279	15
1061	3	1	15	10472	2918	16
1062	4	14	30	10481	508	16
1063	0	12	15	10490	11100	15
1064	0	12	30	10499	4360	14
1065	0	12	20	10508	10284	17
1066	4	14	15	10517	706	16
1067	0	12	20	10526	3590	19
1068	4	14	10	10535	3353	14
1069	4	8	15	10544	1698	19
1070	4	14	15	10553	18666	14
1071	3	1	20	10562	9885	14
1072	4	8	10	10571	829	18
1073	0	12	10	10580	3601	17
1074	3	1	15	10589	392	20
1075	0	12	20	10598	10839	13
1076	4	14	30	10607	570	14
1077	3	1	15	10616	3597	13
1078	0	12	10	10625	3124	20
1079	4	14	30	10634	6661	19
1080	0	12	10	10643	3819	14
1081	3	1	10	10652	627	16
1082	3	1	20	10661	3046	18
1083	3	1	10	10670	3728	14
1084	0	12	15	10679	5123	14
1085	3	1	20	10688	2393	15
1086	4	14	20	10697	7263	18
1087	0	12	30	10706	2527	16
1088	3	1	20	10715	2024	13
1089	0	12	15	10724	4523	13
1090	3	1	10	10733	3701	19
1091	4	14	20	10742	5386	13
1092	4	8	10	10751	4146	15
1093	4	14	10	10760	3417	18
1094	0	12	30	10769	4763	19
1095	4	8	20	10778	3942	13
1096	4	14	20	10787	2601	18
1097	3	1	15	10800	6145	16
1098	4	8	15	10807	2369	17
1099	4	8	10	10814	5060	19
1100	4	14	10	10821	1864	18
1101	0	12	30	10828	3384	19
1102	4	8	30	10835	1300	18
1103	0	12	30	10842	1535	19
1104	4	8	15	10849	2579	16
1105	4	8	20	10856	8369	19
1106	4	8	10	10863	569	13
1107	4	14	30	10870	2554	18
1108	4	8	20	10877	144	16
1109	0	12	20	10884	2593	18
1110	0	12	20	10891	4347	13
1111	4	8	15	10898	6028	20
1112	3	1	10	10905	544	16
1113	4	14	20	10912	1668	17
1114	3	1	20	10919	9752	20
1115	0	12	15	10926	5216	19
1116	0	12	20	10933	16744	19
1117	0	12	20	10940	2879	15
1118	0	12	30	10947	970	14
1119	3	1	15	10954	960	19
1120	0	12	30	10961	360	20
1121	3	1	20	10968	4730	20
1122	3	1	10	10975	868	19
1123	3	1	30	10982	8840	14
1124	3	1	15	10989	5423	20
1125	0	12	30	10996	1154	14
1126	0	12	20	11003	1259	20
1127	4	8	30	11010	3795	20
1128	0	12	10	11017	9113	19
1129	4	8	30	11024	2513	20
1130	4	8	30	11031	2429	16
1131	4	8	15	11038	1711	19
1132	0	12	30	11045	632	16
1133	3	1	30	11052	6954	14
1134	0	12	20	11059	2307	14
1135	0	12	10	11066	180	15
1136	4	8	15	11073	8087	19
1137	4	8	30	11080	964	19
1138	4	8	20	11087	561	18
1139	4	14	30	11094	7473	16
1140	4	8	15	11101	1528	14
1141	0	12	30	11108	1818	20
1142	3	1	15	11115	2269	13
1143	4	8	30	11122	10109	16
1144	0	12	20	11129	58	20
1145	0	12	30	11136	6976	19
1146	0	12	15	11143	3793	18
1147	3	1	15	11150	1450	18
1148	4	8	20	11200	4335	18
1149	4	14	20	11208	13704	20
1150	0	12	30	11216	4109	14
1151	3	1	30	11224	13404	15
1152	3	1	15	11232	3370	14
1153	4	14	10	11240	1063	18
1154	4	8	15	11248	3994	19
1155	0	12	20	11256	4545	19
1156	4	8	30	11264	1884	13
1157	4	14	10	11272	1959	16
1158	4	8	20	11280	3436	20
1159	0	12	20	11288	1017	15
1160	0	12	10	11296	3729	19
1161	4	14	10	11304	2936	13
1162	4	14	20	11312	3417	20
1163	0	12	20	11320	3364	17
1164	4	14	30	11328	88	15
1165	4	14	15	11336	1511	15
1166	4	8	15	11344	4001	16
1167	4	14	15	11352	1444	14
1168	3	1	30	11360	9321	16
1169	4	8	15	11368	8113	18
1170	4	14	30	11376	7891	13
1171	3	1	30	11384	5886	20
1172	3	1	30	11392	1926	18
1173	0	12	30	11400	1846	18
1174	0	12	30	11408	9050	18
1175	4	14	10	11416	5104	20
1176	4	14	15	11424	1207	20
1177	0	12	10	11432	1286	15
1178	3	1	10	11440	8344	15
1179	4	8	20	11448	9960	13
1180	0	12	20	11456	4065	17
1181	4	8	15	11464	13523	15
1182	0	12	15	11472	12067	15
1183	0	12	20	11480	10640	19
1184	4	8	10	11488	6961	18
1185	3	1	10	11496	2695	13
1186	3	1	30	11504	6032	17
1187	4	8	30	11512	9753	19
1188	4	8	15	11520	856	15
1189	4	14	10	11528	5698	15
1190	3	1	10	11536	4416	14
1191	3	1	15	11544	2617	15
1192	0	12	15	11552	4062	20
1193	4	8	10	11560	9477	16
1194	3	1	30	11600	1093	17
1195	4	8	15	11608	6388	13
1196	0	12	10	11616	6259	13
1197	3	1	20	11624	7987	16
1198	3	1	10	11632	9143	13
1199	4	8	15	11640	4814	17
1200	4	14	15	11648	857	16
1201	4	8	30	11656	1481	16
1202	4	14	15	11664	2053	14
1203	0	12	10	11672	6305	20
1204	0	12	30	11680	450	19
1205	4	8	30	11688	8209	15
1206	4	14	30	11696	3496	18
1207	4	8	15	11704	890	17
1208	3	1	10	11712	1647	13
1209	4	8	15	11720	9662	19
1210	4	8	15	11728	2168	19
1211	4	8	30	11736	424	19
1212	0	12	30	11744	2865	14
1213	4	14	30	11752	4308	19
1214	0	12	10	11760	3532	18
1215	4	14	20	11768	4091	17
1216	4	14	30	11776	3366	19
1217	4	14	10	11784	4135	13
1218	4	14	20	11792	5453	19
1219	0	12	30	11800	3032	15
1220	0	12	15	11808	3070	19
1221	4	14	20	11816	5085	18
1222	3	1	10	11824	467	20
1223	4	14	30	11832	618	14
1224	3	1	10	11840	892	17
1225	4	8	15	11848	1916	19
1226	3	1	15	11856	569	13
1227	4	8	30	11864	2583	14
1228	3	1	10	11872	559	14
1229	4	14	20	11880	414	17
1230	4	14	30	11888	10636	20
1231	0	12	20	11896	2018	16
1232	4	8	30	11904	1891	15
1233	4	8	20	11912	774	18
1234	3	1	10	11920	5151	18
1235	4	14	20	11928	1593	14
1236	4	8	30	11936	3325	13
1237	4	14	10	11944	686	15
1238	0	12	20	11952	6938	20
1239	4	14	10	11960	12230	16
1240	3	1	10	11968	9525	15
1241	4	8	15	11976	3460	13
1242	3	1	30	11984	3423	18
1243	4	14	10	11992	1324	16
1244	3	1	30	12000	1667	16
1245	4	8	15	12009	3356	16
1246	4	8	15	12018	13870	13
1247	0	12	15	12027	15341	13
1248	0	12	10	12036	1542	18
1249	4	14	10	12045	3653	13
1250	3	1	15	12054	1037	15
1251	4	8	30	12063	633	20
1252	4	14	30	12072	511	17
1253	4	8	15	12081	1828	19
1254	4	8	10	12090	716	19
1255	4	14	30	12099	2565	18
1256	3	1	30	12108	888	16
1257	0	12	15	12117	1194	13
1258	4	8	10	12126	3599	16
1259	3	1	15	12135	5176	13
1260	4	14	15	12144	5371	14
1261	3	1	10	12153	452	17
1262	3	1	15	12162	286	16
1263	4	14	15	12171	1093	17
1264	3	1	15	12180	15789	20
1265	0	12	20	12189	89	16
1266	4	14	30	12198	5147	17
1267	4	14	15	12207	1635	17
1268	4	8	30	12216	10952	14
1269	4	8	15	12225	1193	17
1270	4	8	30	12234	315	17
1271	4	14	30	12243	2118	16
1272	3	1	15	12252	6878	14
1273	0	12	15	12261	6265	16
1274	3	1	20	12270	3911	20
1275	3	1	30	12279	12578	19
1276	0	12	20	12288	623	13
1277	3	1	30	12297	7050	17
1278	4	8	30	12306	6486	18
1279	0	12	30	12315	3999	14
1280	0	12	30	12324	2123	19
1281	4	8	10	12333	670	20
1282	0	12	20	12342	677	17
1283	3	1	30	12351	3034	13
1284	4	8	10	12360	8156	14
1285	4	8	10	12369	6120	13
1286	4	8	30	12378	1293	19
1287	0	12	20	12387	39	16
1288	4	14	20	12400	48	20
1289	3	1	15	12410	1154	13
1290	0	12	20	12420	553	19
1291	4	8	15	12430	1463	20
1292	4	8	30	12440	3324	20
1293	4	8	15	12450	410	20
1294	4	14	20	12460	963	15
1295	0	12	30	12470	6449	19
1296	3	1	10	12480	2852	18
1297	4	14	15	12490	1637	14
1298	0	12	30	12500	1433	17
1299	4	8	15	12510	1535	13
1300	3	1	15	12520	7431	20
1301	4	8	10	12530	4012	16
1302	4	14	20	12540	176	20
1303	4	14	20	12550	256	14
1304	3	1	15	12560	2960	16
1305	3	1	20	12570	6799	20
1306	3	1	20	12580	1576	18
1307	3	1	15	12590	1594	14
1308	4	14	20	12600	5433	19
1309	3	1	10	12610	927	20
1310	3	1	10	12620	1596	18
1311	4	14	10	12630	1852	19
1312	3	1	20	12640	2432	16
1313	0	12	10	12650	13005	14
1314	3	1	15	12660	1507	15
1315	4	8	15	12670	3514	14
1316	4	8	15	12680	12083	20
1317	0	12	15	12690	3083	15
1318	3	1	10	12700	1843	15
1319	0	12	15	12710	878	19
1320	3	1	20	12720	5481	17
1321	3	1	15	12730	5006	13
1322	4	14	20	12740	1563	17
1323	3	1	20	12750	4616	13
1324	4	8	20	12760	550	19
1325	4	14	15	12770	5870	17
1326	4	8	30	12780	7505	17
1327	4	8	10	12790	5138	15
1328	0	12	30	12800	3442	13
1329	4	8	30	12810	6933	14
1330	4	14	30	12820	2369	14
1331	4	8	15	12830	6611	20
1332	3	1	10	12840	2995	13
1333	4	14	20	12850	2644	18
1334	3	1	15	12860	6205	15
1335	4	14	30	12870	6030	15
1336	4	8	20	12880	471	13
1337	0	12	30	12890	393	16
1338	0	12	20	12900	35	18
1339	3	1	20	12910	215	15
1340	4	14	15	12920	2448	16
1341	3	1	15	12930	11781	17
1342	4	8	30	12940	1242	17
1343	4	8	15	12950	6538	20
1344	0	12	10	12960	10185	15
1345	0	12	20	12970	5684	20
1346	3	1	30	12980	7607	16
1347	4	8	20	12990	3696	18
1348	4	14	30	13000	6122	17
1349	3	1	15	13010	3971	13
1350	3	1	15	13020	7571	19
1351	3	1	20	13030	14378	15
1352	4	8	10	13040	13596	19
1353	0	12	20	13050	439	19
1354	4	14	20	13060	3401	16
1355	4	14	30	13070	557	19
1356	4	8	15	13080	1482	19
1357	4	8	10	13090	1775	19
1358	3	1	10	13100	10836	15
1359	3	1	10	13110	5599	19
1360	0	12	20	13120	14088	15
1361	4	8	15	13130	3689	16
1362	3	1	20	13140	5572	13
1363	4	8	30	13150	10084	18
1364	3	1	15	13160	5708	19
1365	4	8	30	13170	2940	19
1366	4	8	30	13180	7421	19
1367	4	14	10	13190	14297	19
1368	3	1	30	13200	760	20
1369	4	14	20	13209	3066	20
1370	4	14	30	13218	2565	14
1371	0	12	15	13227	7794	17
1372	4	14	30	13236	3007	18
1373	4	14	20	13245	1523	13
1374	4	8	30	13254	5379	15
1375	4	14	15	13263	6409	20
1376	4	8	20	13272	2369	17
1377	3	1	10	13281	2923	18
1378	3	1	15	13290	5759	18
1379	0	12	10	13299	1848	20
1380	4	8	15	13308	10044	13
1381	0	12	10	13317	1117	19
1382	3	1	15	13326	11231	18
1383	4	8	15	13335	11797	13
1384	4	14	15	13344	14591	16
1385	4	8	10	13353	2573	19
1386	4	14	10	13362	7378	14
1387	4	8	15	13371	2200	14
1388	0	12	30	13380	9676	14
1389	4	14	15	13389	4291	17
1390	4	8	15	13398	2530	16
1391	0	12	20	13407	5588	14
1392	3	1	30	13416	698	13
1393	3	1	20	13425	1180	19
1394	4	8	30	13434	342	20
1395	3	1	10	13443	7734	20
1396	0	12	20	13452	871	16
1397	4	14	10	13461	1706	20
1398	3	1	10	13470	184	14
1399	3	1	15	13479	2050	17
1400	3	1	20	13488	9859	13
1401	4	14	30	13497	8439	18
1402	3	1	30	13506	2247	18
1403	0	12	15	13515	1140	18
1404	3	1	20	13524	678	19
1405	3	1	30	13533	19228	15
1406	4	14	30	13542	2347	18
1407	3	1	20	13551	4197	18
1408	3	1	30	13560	1814	16
1409	4	14	15	13569	5951	17
1410	4	8	15	13578	4596	14
1411	3	1	10	13600	6265	14
1412	4	14	20	13608	3619	13
1413	4	8	30	13616	3314	16
1414	4	8	20	13624	7195	18
1415	0	12	20	13632	5189	17
1416	3	1	10	13640	4347	19
1417	0	12	10	13648	6520	13
1418	4	8	15	13656	11651	15
1419	4	8	15	13664	1344	20
1420	3	1	20	13672	4540	18
1421	4	14	20	13680	2182	17
1422	4	14	10	13688	251	18
1423	4	14	15	13696	2896	16
1424	4	8	10	13704	275	17
1425	4	14	10	13712	5103	13
1426	3	1	20	13720	4778	16
1427	4	8	15	13728	1275	20
1428	4	8	20	13736	1069	14
1429	4	14	20	13744	8618	16
1430	4	14	20	13752	3693	16
1431	4	8	20	13760	419	18
1432	4	14	10	13768	2566	16
1433	4	14	10	13776	1797	14
1434	3	1	15	13784	2428	19
1435	3	1	20	13792	163	16
1436	4	8	15	13800	6724	14
1437	3	1	30	13808	4705	20
1438	4	14	30	13816	6273	14
1439	4	8	15	13824	16096	13
1440	4	8	10	13832	123	13
1441	4	8	20	13840	853	16
1442	4	14	20	13848	241	19
1443	0	12	20	13856	588	17
1444	4	8	10	13864	14738	15
1445	3	1	15	13872	4528	14
1446	4	8	30	13880	684	13
1447	0	12	30	13888	3634	17
1448	0	12	30	13896	2185	13
1449	4	8	15	13904	1756	16
1450	4	14	30	13912	855	14
1451	4	14	20	13920	1987	16
1452	4	8	20	13928	2054	17
1453	4	8	30	13936	5698	14
1454	0	12	30	13944	5127	20
1455	3	1	10	13952	2728	16
1456	4	14	20	13960	6809	13
1457	4	14	20	13968	9845	15
1458	3	1	10	14000	800	13
1459	3	1	15	14011	2285	19
1460	4	14	15	14022	1396	19
1461	4	8	20	14033	749	19
1462	0	12	30	14044	2145	17
1463	4	14	10	14055	2620	13
1464	0	12	20	14066	751	13
1465	4	14	30	14077	3503	17
1466	4	14	10	14088	1528	19
1467	4	14	20	14099	1063	20
1468	4	14	20	14110	458	17
1469	4	14	10	14121	6327	15
1470	3	1	15	14132	9762	15
1471	0	12	10	14143	14186	19
1472	4	8	15	14154	50	19
1473	0	12	30	14165	13248	14
1474	4	14	10	14176	1177	19
1475	0	12	30	14187	2666	14
1476	0	12	30	14198	1797	19
1477	3	1	20	14209	10315	13
1478	4	8	10	14220	3108	14
1479	3	1	30	14231	1970	15
1480	3	1	15	14242	3316	20
1481	4	8	20	14253	422	19
1482	0	12	15	14264	7645	20
1483	4	14	15	14275	8458	18
1484	0	12	30	14286	4702	15
1485	0	12	10	14297	949	13
1486	0	12	30	14308	4788	13
1487	3	1	15	14319	5009	14
1488	4	14	10	14330	4079	14
1489	4	14	10	14341	12936	16
1490	3	1	30	14352	1005	16
1491	3	1	20	14363	9176	20
1492	4	14	30	14374	2854	20
1493	0	12	20	14385	1762	15
1494	4	8	10	14400	4652	15
1495	4	14	20	14408	7852	15
1496	4	8	30	14416	6001	19
1497	0	12	15	14424	3450	19
1498	0	12	30	14432	13470	17
1499	4	8	15	14440	1986	18
1500	4	14	15	14448	1785	16
1501	3	1	15	14456	10293	14
1502	0	12	15	14464	2683	13
1503	4	8	30	14472	3939	18
1504	4	14	10	14480	2336	13
1505	3	1	20	14488	1001	15
1506	3	1	10	14496	1906	17
1507	4	8	30	14504	2305	16
1508	4	8	30	14512	2807	15
1509	4	14	30	14520	1076	19
1510	4	8	15	14528	568	18
1511	4	8	10	14536	8962	20
1512	4	8	15	14544	1876	13
1513	0	12	15	14552	6289	18
1514	0	12	10	14560	8212	20
1515	4	8	30	14568	864	20
1516	4	8	10	14576	1535	20
1517	0	12	20	14584	3069	19
1518	4	14	15	14592	6226	18
1519	4	14	20	14600	12879	13
1520	4	14	10	14608	8673	17
1521	0	12	20	14616	3699	17
1522	4	14	15	14624	3607	19
1523	4	14	15	14632	639	14
1524	4	8	10	14640	3395	20
1525	4	14	20	14648	55	16
1526	4	8	15	14656	2472	20
1527	0	12	30	14664	4268	17
1528	4	14	30	14672	1292	19
1529	4	14	15	14680	2013	17
1530	4	14	10	14688	4945	15
1531	0	12	15	14696	6131	20
1532	4	8	30	14704	12739	17
1533	4	14	30	14712	645	16
1534	3	1	20	14720	117	20
1535	0	12	10	14728	4084	19
1536	0	12	10	14736	3782	19
1537	4	14	20	14744	1022	14
1538	0	12	15	14752	2297	18
1539	4	8	10	14760	2539	20
1540	4	8	30	14768	7137	16
1541	3	1	30	14776	1203	17
1542	4	8	20	14784	941	19
1543	0	12	15	14792	2066	16
1544	4	8	30	14800	7043	19
1545	0	12	30	14811	1594	16
1546	0	12	15	14822	2975	19
1547	4	14	15	14833	5058	14
1548	0	12	15	14844	2652	16
1549	4	14	10	14855	2718	16
1550	3	1	20	14866	3112	15
1551	0	12	10	14877	1103	20
1552	0	12	10	14888	6218	13
1553	0	12	10	14899	22	17
1554	3	1	15	14910	2818	14
1555	4	14	20	14921	5651	19
1556	3	1	30	14932	1599	15
1557	4	8	30	14943	1668	19
1558	4	14	30	14954	223	18
1559	4	14	15	14965	2239	17
1560	0	12	15	14976	5715	16
1561	4	8	15	14987	5137	13
1562	3	1	30	14998	707	17
1563	4	8	15	15009	460	19
1564	4	14	20	15020	2989	16
1565	4	8	30	15031	1713	18
1566	4	14	10	15042	10933	16
1567	4	8	15	15053	1021	18
1568	4	8	30	15064	5766	18
1569	0	12	30	15075	1055	13
1570	0	12	20	15086	3496	13
1571	4	8	15	15097	391	18
1572	4	14	10	15108	416	14
1573	4	8	15	15119	1538	19
1574	3	1	20	15130	547	17
1575	0	12	10	15141	3932	20
1576	3	1	10	15152	2001	18
1577	3	1	10	15163	846	15
1578	4	8	15	15200	1539	16
1579	0	12	10	15209	1115	17
1580	4	14	10	15218	2685	18
1581	3	1	10	15227	5440	18
1582	0	12	15	15236	751	13
1583	4	14	20	15245	6109	16
1584	4	8	20	15254	7716	15
1585	4	14	30	15263	2527	15
1586	4	14	15	15272	21475	19
1587	4	8	20	15281	12241	20
1588	4	8	20	15290	4122	14
1589	4	14	30	15299	1272	14
1590	4	8	10	15308	1485	16
1591	4	14	10	15317	1261	13
1592	0	12	30	15326	751	16
1593	0	12	30	15335	32	13
1594	0	12	30	15344	4945	17
1595	4	14	20	15353	461	16
1596	0	12	30	15362	411	13
1597	0	12	10	15371	425	13
1598	4	8	20	15380	8380	20
1599	0	12	10	15389	2613	13
1600	0	12	20	15398	2001	20
1601	3	1	30	15407	1422	14
1602	3	1	20	15416	12333	16
1603	4	14	20	15425	1166	15
1604	3	1	15	15434	9646	15
1605	4	8	10	15443	2374	17
1606	0	12	30	15452	613	19
1607	4	14	30	15461	2535	15
1608	3	1	20	15470	8400	20
1609	4	8	10	15479	8477	15
1610	0	12	15	15488	1803	13
1611	0	12	30	15497	597	20
1612	4	14	20	15506	86	16
1613	3	1	20	15515	6664	14
1614	0	12	10	15524	11234	19
1615	3	1	10	15533	68	18
1616	4	8	30	15542	3211	20
1617	3	1	15	15551	1906	13
1618	0	12	30	15560	1172	16
1619	0	12	20	15569	239	13
1620	4	8	20	15578	1741	19
1621	3	1	20	15600	16041	16
1622	0	12	30	15610	3491	16
1623	4	8	30	15620	2701	17
1624	4	14	20	15630	10184	18
1625	4	8	20	15640	1497	13
1626	4	8	20	15650	10201	15
1627	4	14	15	15660	380	13
1628	0	12	20	15670	3762	14
1629	3	1	30	15680	76	14
1630	0	12	10	15690	3004	20
1631	3	1	30	15700	1385	18
1632	0	12	15	15710	1506	16
1633	4	8	15	15720	7325	15
1634	0	12	15	15730	7578	18
1635	0	12	15	15740	841	17
1636	0	12	15	15750	6227	14
1637	0	12	30	15760	10020	19
1638	0	12	10	15770	8241	14
1639	4	14	15	15780	2090	18
1640	3	1	30	15790	1578	17
1641	0	12	15	15800	2984	17
1642	3	1	30	15810	314	13
1643	0	12	15	15820	5764	20
1644	4	14	15	15830	9608	13
1645	0	12	15	15840	752	16
1646	0	12	20	15850	1145	17
1647	4	8	10	15860	1786	15
1648	4	14	20	15870	283	15
1649	4	8	20	15880	4717	19
1650	3	1	30	15890	3256	16
1651	4	8	20	15900	5071	20
1652	4	14	15	15910	7504	17
1653	4	8	10	15920	6834	20
1654	3	1	15	15930	541	15
1655	3	1	10	15940	2123	16
1656	3	1	10	15950	5050	19
1657	0	12	30	15960	2487	19
1658	0	12	30	15970	1609	17
1659	4	8	30	16000	3645	14
1660	0	12	20	16009	2983	15
1661	4	8	20	16018	211	18
1662	3	1	15	16027	7860	13
1663	0	12	20	16036	7822	19
1664	0	12	10	16045	1733	16
1665	4	8	20	16054	291	16
1666	4	14	20	16063	6972	17
1667	4	8	10	16072	802	14
1668	3	1	10	16081	13018	17
1669	0	12	30	16090	5546	15
1670	3	1	20	16099	1034	17
1671	4	8	10	16108	4015	14
1672	3	1	10	16117	2825	20
1673	0	12	15	16126	7510	19
1674	4	8	20	16135	5265	17
1675	4	8	10	16144	7023	15
1676	4	14	30	16153	9470	16
1677	4	14	15	16162	6834	16
1678	3	1	15	16171	3485	17
1679	3	1	15	16180	5548	14
1680	0	12	30	16189	261	17
1681	4	14	15	16198	3300	20
1682	4	14	20	16207	90	19
1683	4	14	30	16216	9960	16
1684	4	14	10	16225	2479	18
1685	3	1	15	16234	6633	20
1686	3	1	20	16243	2361	13
1687	4	14	10	16252	2732	16
1688	3	1	30	16261	4995	13
1689	4	8	15	16270	2303	15
1690	4	8	15	16279	2558	19
1691	4	14	20	16288	1578	15
1692	0	12	10	16297	3537	14
1693	3	1	10	16306	1283	20
1694	4	14	30	16315	8528	16
1695	4	8	15	16324	1284	19
1696	4	8	10	16333	4385	16
1697	3	1	10	16342	978	14
1698	4	14	15	16351	2121	17
1699	4	8	30	16360	7310	17
1700	4	8	30	16400	1700	19
1701	3	1	15	16408	278	16
1702	3	1	10	16416	2035	19
1703	4	14	30	16424	1533	20
1704	4	14	30	16432	2500	14
1705	4	8	30	16440	10278	14
1706	4	14	15	16448	952	20
1707	4	14	30	16456	33274	19
1708	4	14	15	16464	363	16
1709	4	8	15	16472	1423	20
1710	3	1	15	16480	2817	20
1711	3	1	20	16488	9139	15
1712	3	1	20	16496	8531	15
1713	4	8	20	16504	3480	16
1714	4	8	10	16512	3060	18
1715	0	12	10	16520	13285	15
1716	4	8	30	16528	118	19
1717	4	14	15	16536	11442	18
1718	0	12	20	16544	2020	14
1719	4	8	20	16552	3125	16
1720	3	1	30	16560	3916	16
1721	0	12	15	16568	1602	14
1722	4	14	15	16576	2528	13
1723	0	12	20	16584	2966	14
1724	3	1	20	16592	1300	16
1725	4	14	10	16600	9279	14
1726	0	12	30	16608	190	13
1727	4	14	10	16616	1055	20
1728	0	12	15	16624	13484	16
1729	0	12	15	16632	2444	18
1730	4	14	30	16640	703	20
1731	4	8	20	16648	4674	15
1732	0	12	10	16656	2092	20
1733	4	8	15	16664	5425	13
1734	0	12	15	16672	2068	15
1735	4	8	15	16680	22114	13
1736	0	12	15	16688	711	14
1737	0	12	30	16696	4868	19
1738	4	14	10	16704	2408	14
1739	3	1	10	16712	3093	16
1740	4	14	10	16720	3641	13
1741	4	14	20	16728	2363	14
1742	4	14	30	16736	2096	13
1743	4	8	15	16744	2135	13
1744	3	1	10	16752	10765	15
1745	4	14	30	16760	3416	17
1746	4	8	10	16768	2352	13
1747	3	1	15	16776	23	18
1748	4	8	10	16784	5386	14
1749	4	14	30	16800	9980	13
1750	4	14	15	16809	1126	20
1751	3	1	30	16818	5137	18
1752	4	8	15	16827	6871	13
1753	4	8	20	16836	8141	13
1754	3	1	30	16845	967	13
1755	4	8	20	16854	65	18
1756	4	14	10	16863	3652	16
1757	4	8	15	16872	8322	17
1758	0	12	10	16881	166	17
1759	4	14	30	16890	3311	13
1760	0	12	30	16899	8378	14
1761	4	14	15	16908	15641	13
1762	3	1	20	16917	138	16
1763	4	14	10	16926	3973	19
1764	4	8	15	16935	594	13
1765	4	8	20	16944	6778	17
1766	3	1	15	16953	2700	16
1767	4	8	10	16962	599	14
1768	4	8	10	16971	780	13
1769	4	14	20	16980	3094	18
1770	4	14	30	16989	6455	14
1771	4	8	30	16998	1574	13
1772	4	14	15	17007	2696	17
1773	3	1	15	17016	7805	18
1774	3	1	20	17025	11572	16
1775	4	14	15	17034	785	14
1776	0	12	15	17043	10214	13
1777	4	8	30	17052	225	20
1778	3	1	15	17061	3580	20
1779	4	14	30	17070	4859	20
1780	3	1	30	17079	2443	14
1781	3	1	15	17088	165	15
1782	4	8	30	17097	2710	18
1783	4	8	20	17106	197	15
1784	4	8	30	17115	952	18
1785	4	8	10	17124	2305	14
1786	0	12	10	17133	8120	15
1787	3	1	20	17142	3088	19
1788	3	1	15	17151	2999	20
1789	4	14	20	17160	1961	18
1790	3	1	10	17169	2025	18
1791	3	1	30	17178	1358	18
1792	4	14	30	17187	4350	15
1793	0	12	10	17200	8803	14
1794	3	1	15	17208	4335	15
1795	0	12	20	17216	3845	13
1796	4	8	10	17224	2124	19
1797	0	12	30	17232	6025	15
1798	4	14	10	17240	1289	13
1799	4	8	20	17248	492	19
1800	0	12	15	17256	348	13
1801	0	12	30	17264	1457	19
1802	4	8	15	17272	7057	18
1803	3	1	15	17280	898	17
1804	0	12	10	17288	496	20
1805	3	1	20	17296	10104	20
1806	4	14	15	17304	1059	14
1807	4	14	30	17312	13146	16
1808	4	14	30	17320	10349	18
1809	4	14	20	17328	149	19
1810	0	12	10	17336	395	17
1811	4	8	15	17344	3140	16
1812	4	14	10	17352	1334	18
1813	4	8	15	17360	1647	17
1814	4	8	30	17368	447	19
1815	3	1	15	17376	7239	20
1816	4	8	15	17384	2676	15
1817	0	12	10	17392	17063	13
1818	3	1	10	17400	2163	13
1819	0	12	15	17408	4815	20
1820	4	8	15	17416	11798	15
1821	4	14	30	17424	12224	17
1822	3	1	30	17432	3782	15
1823	4	8	20	17440	6235	16
1824	0	12	15	17448	609	20
1825	0	12	10	17456	2877	16
1826	4	8	10	17464	4342	18
1827	4	14	10	17472	3676	16
1828	4	14	10	17480	873	15
1829	4	8	30	17488	1583	16
1830	3	1	15	17496	5814	16
1831	4	14	20	17504	621	19
1832	4	8	30	17512	6042	20
1833	4	8	30	17520	2581	14
1834	3	1	15	17528	3868	19
1835	3	1	10	17536	658	15
1836	0	12	10	17544	952	17
1837	4	14	20	17552	1375	14
1838	4	8	20	17560	10723	16
1839	3	1	10	17568	1380	18
1840	4	8	20	17600	919	13
1841	0	12	10	17611	9460	20
1842	4	14	20	17622	3799	14
1843	4	14	20	17633	2700	13
1844	3	1	20	17644	1390	13
1845	0	12	20	17655	7679	14
1846	4	14	30	17666	16	13
1847	3	1	15	17677	1574	18
1848	3	1	15	17688	6119	15
1849	0	12	10	17699	6980	15
1850	4	14	15	17710	556	18
1851	0	12	10	17721	2220	19
1852	3	1	20	17732	1788	14
1853	4	14	20	17743	3428	14
1854	4	14	10	17754	736	16
1855	0	12	20	17765	559	17
1856	4	8	10	17776	4734	17
1857	4	14	30	17787	159	14
1858	4	8	30	17798	246	17
1859	4	14	10	17809	3701	16
1860	4	8	15	17820	1192	15
1861	0	12	15	17831	3994	19
1862	4	14	30	17842	5816	13
1863	4	8	10	17853	3643	14
1864	0	12	15	17864	1260	16
1865	0	12	15	17875	11993	19
1866	4	14	20	17886	5787	17
1867	3	1	10	17897	6605	17
1868	3	1	30	17908	5061	18
1869	4	14	30	17919	12331	16
1870	4	8	10	17930	3917	15
1871	3	1	30	17941	877	13
1872	4	14	20	17952	223	17
1873	4	14	30	17963	538	16
1874	3	1	30	18000	2729	19
1875	0	12	15	18011	169	16
1876	0	12	10	18022	1660	15
1877	3	1	10	18033	514	14
1878	3	1	30	18044	2741	16
1879	0	12	30	18055	1358	18
1880	0	12	10	18066	2844	16
1881	4	14	20	18077	1643	20
1882	0	12	20	18088	6808	13
1883	4	14	10	18099	1853	13
1884	3	1	20	18110	878	18
1885	4	8	15	18121	1663	18
1886	4	8	10	18132	6118	18
1887	3	1	10	18143	910	19
1888	4	8	30	18154	1468	18
1889	4	8	30	18165	2687	15
1890	0	12	30	18176	2449	19
1891	4	8	15	18187	758	16
1892	4	8	20	18198	1051	17
1893	4	8	15	18209	1589	13
1894	4	8	20	18220	139	16
1895	4	8	10	18231	3410	15
1896	4	8	15	18242	601	19
1897	4	8	20	18253	61	20
1898	3	1	15	18264	997	18
1899	4	8	10	18275	1682	15
1900	0	12	10	18286	371	18
1901	4	8	20	18297	872	17
1902	4	14	15	18308	3741	13
1903	4	14	20	18319	7070	20
1904	4	14	30	18330	897	13
1905	4	8	15	18341	10805	18
1906	4	8	20	18352	1858	14
1907	4	14	20	18363	1069	18
1908	0	12	30	18374	337	15
1909	3	1	20	18385	541	13
1910	0	12	15	18400	6256	14
1911	3	1	10	18416	3405	15
1912	0	12	30	18432	3131	19
1913	4	8	10	18448	5910	19
1914	3	1	30	18464	398	20
1915	4	8	30	18480	10140	15
1916	4	14	20	18496	6726	18
1917	0	12	30	18512	2013	13
1918	4	14	15	18528	2047	17
1919	3	1	10	18544	10643	18
1920	4	14	15	18560	729	13
1921	4	8	20	18576	3293	19
1922	0	12	10	18592	2780	19
1923	0	12	10	18608	1037	16
1924	4	14	30	18624	2742	18
1925	4	14	30	18640	2403	20
1926	0	12	10	18656	13504	16
1927	4	8	10	18672	5187	17
1928	4	8	15	18688	384	13
1929	4	8	20	18704	10148	17
1930	4	14	10	18720	9287	17
1931	3	1	20	18736	1568	15
1932	0	12	20	18752	9211	17
1933	4	8	30	18768	662	14
1934	4	14	20	18800	889	13
1935	4	14	15	18810	1501	20
1936	4	14	15	18820	5228	20
1937	4	8	10	18830	17846	14
1938	0	12	15	18840	745	20
1939	4	8	15	18850	1227	13
1940	0	12	30	18860	13846	17
1941	3	1	20	18870	3182	13
1942	4	8	10	18880	523	16
1943	4	14	10	18890	796	18
1944	4	8	15	18900	4796	13
1945	4	8	30	18910	8642	16
1946	0	12	20	18920	3975	17
1947	4	14	15	18930	2459	18
1948	3	1	20	18940	1061	13
1949	4	14	30	18950	481	14
1950	4	8	20	18960	5704	17
1951	0	12	15	18970	5452	19
1952	4	8	10	18980	3815	16
1953	4	14	15	18990	1372	20
1954	3	1	20	19000	777	14
1955	4	14	15	19010	2999	20
1956	4	8	20	19020	4749	18
1957	4	14	15	19030	1905	17
1958	4	14	20	19040	1619	14
1959	4	14	10	19050	5533	14
1960	0	12	10	19060	13653	14
1961	4	14	15	19070	4142	17
1962	4	8	15	19080	616	18
1963	4	14	15	19090	697	18
1964	3	1	20	19100	1018	16
1965	4	8	20	19110	2512	20
1966	3	1	15	19120	4472	18
1967	4	14	30	19130	1979	18
1968	3	1	15	19140	3399	19
1969	4	14	15	19150	6090	13
1970	3	1	20	19160	849	15
1971	3	1	20	19170	6982	17
1972	0	12	20	19180	1022	13
1973	3	1	10	19190	586	16
1974	3	1	15	19200	13027	14
1975	0	12	20	19215	3849	13
1976	4	14	15	19230	2308	15
1977	0	12	10	19245	1544	14
1978	4	14	20	19260	3020	16
1979	4	8	10	19275	3782	14
1980	4	14	10	19290	6899	15
1981	0	12	20	19305	2825	18
1982	3	1	15	19320	2721	16
1983	3	1	15	19335	15323	20
1984	4	14	30	19350	702	13
1985	3	1	20	19365	686	18
1986	4	8	20	19380	4947	19
1987	0	12	15	19395	3761	18
1988	4	14	10	19410	14920	20
1989	0	12	10	19425	4455	13
1990	3	1	30	19440	3849	15
1991	0	12	10	19455	1725	16
1992	4	8	15	19470	4262	20
1993	0	12	10	19485	2183	18
1994	0	12	10	19500	1410	19
1995	4	8	15	19515	1564	20
1996	4	8	15	19530	2082	15
1997	3	1	30	19545	13139	19
1998	0	12	20	19560	12480	14
1999	4	14	30	19575	1056	14
