0	4	14	10	0	5534	21
1	0	12	20	12	290	21
2	3	1	30	24	4596	20
3	3	1	20	36	3595	23
4	0	12	20	48	1551	27
5	0	12	30	60	2831	28
6	4	14	20	72	7323	41
7	4	14	15	84	1120	42
8	4	14	15	96	1514	26
9	4	14	15	108	1528	34
10	4	8	20	120	11715	29
11	4	8	20	132	4233	30
12	0	12	10	144	5956	33
13	0	12	30	156	10508	33
14	4	14	20	168	1694	34
15	3	1	15	180	905	31
16	4	14	10	192	409	20
17	4	14	10	204	17806	48
18	4	8	15	216	4825	46
19	4	8	10	228	2704	41
20	4	14	20	240	2571	28
21	3	1	10	252	4282	41
22	4	14	10	264	9250	38
23	4	8	20	276	1403	33
24	4	14	30	288	1556	28
25	4	8	15	300	4294	39
26	0	12	30	312	917	48
27	4	8	20	324	10307	20
28	4	14	15	336	3840	26
29	0	12	30	348	2294	20
30	4	14	10	360	1325	33
31	4	14	15	372	763	30
32	4	14	20	400	1286	25
33	4	14	10	409	4036	46
34	4	14	10	418	792	42
35	4	8	30	427	16043	39
36	3	1	20	436	880	26
37	3	1	30	445	12739	41
38	4	8	10	454	214	48
39	4	8	15	463	333	39
40	4	14	15	472	1943	31
41	3	1	20	481	3144	31
42	3	1	15	490	733	36
43	0	12	20	499	3346	35
44	4	14	30	508	10534	49
45	4	8	20	517	4490	42
46	4	8	30	526	5379	40
47	0	12	10	535	165	45
48	4	8	20	544	3176	47
49	4	8	10	553	5332	21
50	3	1	20	562	1273	21
51	0	12	10	571	285	27
52	3	1	15	580	1810	36
53	4	14	10	589	6193	49
54	3	1	20	598	796	37
55	0	12	30	607	386	31
56	4	8	20	616	741	33
57	0	12	10	625	1958	37
58	4	14	20	634	1262	46
59	4	14	10	643	4353	38
60	0	12	10	652	1439	31
61	3	1	30	661	9894	40
62	0	12	10	670	3945	35
63	4	14	15	679	8438	26
64	4	14	15	688	145	20
65	4	8	10	697	5925	50
66	3	1	30	706	1899	25
67	4	8	10	715	598	37
68	0	12	30	724	5513	41
69	3	1	30	733	1806	46
70	4	14	20	742	20	24
71	0	12	10	751	597	30
72	3	1	10	760	11000	50
73	0	12	10	769	3876	27
74	4	8	30	778	450	29
75	0	12	30	800	10627	47
76	4	14	30	810	2690	25
77	3	1	20	820	1626	22
78	3	1	20	830	1834	34
79	4	8	15	840	4173	36
80	4	14	20	850	10043	50
81	4	14	30	860	719	22
82	0	12	30	870	1886	24
83	4	8	10	880	8509	24
84	4	8	15	890	715	49
85	4	14	30	900	958	26
86	4	8	10	910	6640	44
87	4	14	20	920	2674	26
88	0	12	15	930	2427	29
89	4	14	10	940	366	31
90	4	14	15	950	6701	25
91	4	8	15	960	6652	39
92	3	1	15	970	4659	45
93	3	1	10	980	1970	29
94	0	12	10	990	6017	27
95	4	8	15	1000	2532	41
96	3	1	20	1010	9974	46
97	4	14	10	1020	1363	29
98	0	12	10	1030	3030	34
99	4	8	20	1040	676	50
100	4	14	20	1050	1407	36
101	0	12	20	1060	3669	22
102	0	12	15	1070	1383	23
103	3	1	30	1080	816	20
104	4	8	15	1090	5255	47
105	4	8	15	1100	575	41
106	3	1	10	1110	570	27
107	3	1	10	1120	5440	29
108	3	1	10	1130	4567	39
109	3	1	20	1140	1154	40
110	0	12	10	1150	3690	26
111	3	1	10	1160	7207	30
112	3	1	15	1200	78	22
113	3	1	15	1209	3900	29
114	4	14	15	1218	5457	39
115	4	8	10	1227	592	28
116	3	1	30	1236	3104	36
117	3	1	30	1245	5484	31
118	4	8	30	1254	5019	27
119	0	12	15	1263	6915	45
120	0	12	10	1272	13166	25
121	3	1	15	1281	8845	50
122	0	12	20	1290	4607	28
123	4	8	20	1299	4320	30
124	3	1	20	1308	3199	40
125	3	1	15	1317	866	36
126	3	1	30	1326	2396	36
127	4	14	10	1335	3168	41
128	4	14	30	1344	7399	50
129	0	12	15	1353	4059	39
130	4	8	15	1362	50	21
131	0	12	30	1371	896	46
132	4	8	15	1380	6495	39
133	4	8	10	1389	954	35
134	4	8	20	1398	1730	20
135	3	1	30	1407	1532	47
136	3	1	20	1416	8226	49
137	4	8	10	1425	849	23
138	4	14	30	1434	648	28
139	0	12	10	1443	120	28
140	4	8	30	1452	334	49
141	4	14	30	1461	275	35
142	4	8	15	1470	6574	38
143	3	1	20	1479	914	40
144	3	1	30	1488	2654	25
145	4	8	10	1497	15217	46
146	4	14	30	1506	6263	36
147	4	14	30	1515	269	36
148	3	1	20	1524	4137	41
149	4	14	10	1533	4088	49
150	4	14	20	1542	10596	24
151	4	14	20	1551	751	35
152	3	1	10	1560	3412	22
153	0	12	30	1569	4933	40
154	0	12	20	1600	856	44
155	4	8	15	1608	2084	37
156	4	14	10	1616	9933	45
157	4	14	20	1624	3998	44
158	4	14	10	1632	4020	31
159	4	14	30	1640	3076	31
160	4	14	15	1648	4600	25
161	3	1	10	1656	3525	37
162	3	1	15	1664	9235	29
163	3	1	30	1672	176	50
164	0	12	15	1680	1088	39
165	0	12	15	1688	2055	30
166	0	12	30	1696	130	42
167	4	8	15	1704	6581	38
168	0	12	20	1712	1268	29
169	0	12	20	1720	2221	42
170	3	1	20	1728	1234	30
171	0	12	30	1736	1713	33
172	3	1	10	1744	3631	22
173	4	8	30	1752	4623	50
174	4	14	20	1760	5423	47
175	4	8	10	1768	9066	41
176	4	8	30	1776	349	31
177	3	1	10	1784	2612	39
178	4	14	20	1792	771	25
179	4	8	15	1800	3403	45
180	4	14	20	1808	2067	50
181	3	1	30	1816	1947	50
182	0	12	15	1824	9313	50
183	4	14	30	1832	905	21
184	4	8	30	1840	4927	35
185	3	1	20	1848	7361	36
186	3	1	20	1856	3942	44
187	4	8	15	1864	395	50
188	0	12	20	1872	79	41
189	0	12	15	1880	11601	33
190	4	14	30	1888	2055	22
191	4	14	30	1896	1098	25
192	3	1	30	1904	3259	42
193	0	12	30	1912	3798	48
194	4	8	30	1920	1700	23
195	3	1	20	1928	2728	31
196	0	12	20	1936	725	26
197	3	1	20	1944	5766	38
198	4	8	15	1952	13544	20
199	4	8	20	1960	347	45
200	0	12	15	1968	11645	23
201	4	8	20	1976	16560	49
202	3	1	15	2000	6309	26
203	3	1	10	2009	985	49
204	4	8	15	2018	1877	39
205	3	1	20	2027	3478	41
206	0	12	20	2036	3418	32
207	0	12	15	2045	8784	22
208	0	12	15	2054	13575	43
209	4	14	15	2063	1406	23
210	4	14	15	2072	1557	26
211	0	12	30	2081	2297	25
212	0	12	30	2090	2438	38
213	4	8	30	2099	251	36
214	0	12	15	2108	570	31
215	0	12	15	2117	1414	25
216	3	1	20	2126	4597	37
217	4	14	15	2135	4789	28
218	4	8	10	2144	1631	34
219	3	1	20	2153	2023	22
220	4	8	20	2162	5966	36
221	3	1	15	2171	11118	43
222	0	12	20	2180	6194	47
223	0	12	15	2189	1582	47
224	4	8	20	2198	98	39
225	4	14	20	2207	103	24
226	4	8	30	2216	6263	41
227	3	1	10	2225	16417	25
228	4	14	30	2234	1655	47
229	4	8	30	2243	1138	36
230	0	12	15	2252	5244	35
231	3	1	15	2261	1544	43
232	4	8	30	2270	2881	38
233	4	8	10	2279	387	30
234	0	12	30	2288	3948	42
235	4	8	10	2297	2175	21
236	4	14	20	2306	3585	44
237	3	1	15	2315	4609	21
238	3	1	15	2324	7042	32
239	3	1	10	2333	545	44
240	4	8	30	2342	1240	24
241	4	8	15	2351	5358	41
242	0	12	10	2360	546	26
243	4	8	10	2369	5137	38
244	4	8	30	2378	3897	27
245	3	1	30	2400	13389	47
246	4	14	10	2413	6123	37
247	0	12	10	2426	2743	26
248	4	14	15	2439	2616	36
249	0	12	15	2452	198	48
250	4	14	10	2465	6670	44
251	4	8	10	2478	2523	49
252	4	8	20	2491	2237	24
253	3	1	20	2504	3368	49
254	0	12	30	2517	1473	29
255	4	8	10	2530	30	30
256	4	8	30	2543	875	21
257	3	1	30	2556	2515	30
258	0	12	15	2569	863	29
259	4	8	30	2582	1717	35
260	4	8	20	2595	6237	20
261	3	1	20	2608	3577	26
262	4	8	15	2621	3193	26
263	4	14	15	2634	5072	27
264	3	1	30	2647	3337	39
265	0	12	10	2660	8	33
266	4	14	10	2673	10286	38
267	3	1	30	2686	1811	28
268	0	12	30	2699	2274	45
269	4	14	15	2712	4999	30
270	0	12	30	2725	4896	32
271	0	12	10	2738	27911	36
272	0	12	10	2751	8159	46
273	3	1	30	2764	930	40
274	4	8	20	2800	558	48
275	0	12	15	2812	150	45
276	3	1	10	2824	6646	36
277	4	14	20	2836	265	29
278	4	14	15	2848	4871	40
279	3	1	30	2860	245	43
280	4	14	20	2872	1107	37
281	0	12	30	2884	1397	35
282	3	1	20	2896	2799	40
283	3	1	20	2908	1372	49
284	4	8	30	2920	2294	42
285	4	14	15	2932	1218	37
286	4	8	30	2944	8894	39
287	3	1	10	2956	11542	39
288	4	8	15	2968	6131	21
289	3	1	30	2980	3866	31
290	4	14	15	2992	1008	50
291	4	8	30	3004	535	33
292	4	8	10	3016	2693	42
293	0	12	20	3028	2607	48
294	4	8	15	3040	1647	44
295	4	14	15	3052	4502	48
296	0	12	10	3064	833	35
297	4	8	30	3076	2104	50
298	3	1	10	3088	684	50
299	0	12	20	3100	3874	44
300	3	1	20	3112	168	28
301	0	12	15	3124	2174	29
302	4	14	10	3136	258	31
303	0	12	10	3148	5820	26
304	0	12	20	3160	1676	36
305	4	14	30	3172	6690	27
306	0	12	10	3184	3643	22
307	4	14	20	3200	998	34
308	4	8	30	3211	2311	20
309	4	14	20	3222	1265	34
310	4	14	10	3233	879	44
311	4	8	10	3244	567	43
312	4	14	15	3255	5752	41
313	4	8	15	3266	578	37
314	3	1	10	3277	453	49
315	0	12	30	3288	2732	35
316	4	14	30	3299	367	37
317	3	1	20	3310	1201	27
318	4	8	20	3321	1326	35
319	3	1	20	3332	1445	22
320	4	14	15	3343	467	44
321	4	8	10	3354	15530	50
322	4	8	15	3365	3471	27
323	3	1	10	3376	6728	34
324	4	14	10	3387	2698	30
325	4	14	10	3398	3477	49
326	3	1	10	3409	2845	44
327	0	12	15	3420	1983	48
328	4	8	15	3431	8158	47
329	3	1	15	3442	2425	20
330	4	14	10	3453	7557	30
331	0	12	15	3464	2050	37
332	0	12	15	3475	9499	30
333	3	1	30	3486	350	46
334	0	12	10	3497	73	34
335	4	14	15	3508	6913	27
336	0	12	30	3519	1056	23
337	3	1	20	3530	5338	33
338	3	1	10	3541	11832	33
339	3	1	30	3552	3915	34
340	4	14	15	3563	4371	34
341	4	8	10	3574	4445	25
342	0	12	10	3600	2814	38
343	4	8	30	3610	2876	37
344	3	1	30	3620	2194	37
345	4	8	10	3630	379	27
346	4	8	15	3640	1801	43
347	4	14	20	3650	1756	25
348	3	1	15	3660	1858	50
349	4	8	20	3670	7398	29
350	4	14	20	3680	3545	30
351	3	1	15	3690	10563	27
352	4	14	10	3700	542	35
353	4	14	20	3710	7697	47
354	0	12	15	3720	2852	20
355	4	8	20	3730	255	29
356	3	1	30	3740	7311	21
357	4	8	10	3750	1142	48
358	0	12	10	3760	1291	46
359	4	8	20	3770	5735	37
360	0	12	20	3780	1444	34
361	4	14	20	3790	927	25
362	3	1	10	3800	1728	37
363	4	14	20	3810	16586	20
364	4	14	15	3820	2195	23
365	4	14	30	3830	6366	27
366	0	12	30	3840	1021	33
367	0	12	20	3850	4543	45
368	4	8	15	3860	495	23
369	3	1	30	3870	1341	41
370	4	14	30	3880	1219	31
371	4	8	15	3890	1729	23
372	4	14	20	3900	1491	45
373	4	14	20	3910	4291	20
374	3	1	15	3920	4069	38
375	4	8	15	3930	2315	38
376	0	12	30	3940	2570	31
377	0	12	20	3950	278	40
378	4	14	15	3960	1989	47
379	4	8	30	4000	2043	23
380	4	8	20	4011	984	26
381	4	14	15	4022	667	39
382	3	1	30	4033	77	48
383	4	14	30	4044	110	38
384	3	1	30	4055	8066	40
385	4	8	30	4066	10110	22
386	4	8	10	4077	1281	21
387	4	8	30	4088	217	33
388	3	1	20	4099	3411	46
389	3	1	15	4110	12531	24
390	0	12	20	4121	16341	26
391	3	1	20	4132	16459	26
392	4	8	15	4143	2470	38
393	0	12	15	4154	825	47
394	3	1	10	4165	1548	20
395	0	12	20	4176	2449	28
396	4	14	30	4187	1542	38
397	4	8	20	4198	2944	38
398	4	8	15	4209	379	34
399	4	14	10	4220	3931	30
400	0	12	15	4231	8014	45
401	4	8	20	4242	4604	48
402	4	8	15	4253	1092	22
403	4	14	20	4264	363	29
404	4	8	20	4275	3469	48
405	3	1	10	4286	1081	27
406	3	1	20	4297	3842	33
407	0	12	15	4308	2531	35
408	0	12	10	4319	971	29
409	3	1	30	4330	292	32
410	0	12	20	4341	3543	48
411	3	1	10	4352	5911	31
412	3	1	30	4363	7771	20
413	3	1	10	4374	8348	43
414	0	12	30	4400	3136	30
415	0	12	15	4412	647	45
416	4	8	20	4424	831	27
417	3	1	15	4436	1564	50
418	0	12	30	4448	499	30
419	3	1	15	4460	2790	20
420	3	1	20	4472	2954	25
421	4	14	30	4484	757	50
422	3	1	10	4496	443	50
423	3	1	30	4508	697	49
424	4	8	10	4520	1436	34
425	0	12	15	4532	1308	24
426	4	14	30	4544	8837	36
427	4	14	10	4556	533	48
428	0	12	20	4568	1643	50
429	3	1	30	4580	796	30
430	3	1	15	4592	508	20
431	4	14	15	4604	12235	44
432	3	1	10	4616	15070	26
433	4	14	15	4628	5810	37
434	0	12	20	4640	3062	29
435	0	12	30	4652	3058	29
436	3	1	10	4664	9847	36
437	3	1	10	4676	10777	39
438	3	1	10	4688	2371	40
439	0	12	20	4700	3977	33
440	4	14	10	4712	1442	40
441	0	12	20	4724	6542	37
442	0	12	20	4736	7264	24
443	4	14	20	4748	2799	34
444	3	1	30	4760	1839	27
445	3	1	15	4772	949	46
446	0	12	30	4800	543	26
447	3	1	10	4810	3515	46
448	0	12	20	4820	4120	36
449	4	8	30	4830	752	25
450	3	1	30	4840	1260	21
451	4	8	20	4850	22386	38
452	0	12	30	4860	2068	27
453	4	14	10	4870	3548	33
454	4	8	15	4880	437	24
455	4	8	15	4890	4720	45
456	3	1	20	4900	3457	48
457	3	1	15	4910	329	24
458	3	1	20	4920	6151	45
459	0	12	15	4930	1431	43
460	3	1	10	4940	1702	41
461	4	14	15	4950	2712	35
462	4	14	30	4960	566	35
463	3	1	15	4970	142	49
464	0	12	20	4980	12062	31
465	0	12	15	4990	4027	23
466	4	14	30	5000	6339	24
467	3	1	20	5010	380	34
468	3	1	20	5020	1668	33
469	0	12	30	5030	35	20
470	3	1	10	5040	1070	28
471	4	14	20	5050	1178	38
472	4	14	10	5060	8364	30
473	0	12	10	5070	2672	48
474	3	1	15	5080	889	31
475	4	8	30	5090	5050	38
476	4	14	10	5100	1632	46
477	4	14	20	5110	3681	36
478	0	12	10	5120	6267	42
479	3	1	20	5130	378	39
480	0	12	15	5140	660	49
481	4	8	30	5150	1458	41
482	3	1	20	5160	2630	31
483	3	1	20	5200	722	45
484	4	14	30	5209	9645	29
485	0	12	30	5218	525	32
486	3	1	20	5227	3187	37
487	4	14	10	5236	1968	44
488	3	1	30	5245	4344	32
489	4	14	10	5254	7385	35
490	4	8	15	5263	12474	32
491	4	14	30	5272	7225	32
492	4	14	20	5281	637	44
493	4	8	30	5290	632	48
494	4	8	15	5299	1332	42
495	0	12	20	5308	6648	24
496	4	8	30	5317	4472	22
497	3	1	15	5326	6485	25
498	3	1	10	5335	3215	22
499	4	8	15	5344	5298	23
500	3	1	20	5353	2153	41
501	4	8	15	5362	147	42
502	0	12	20	5371	1117	32
503	0	12	20	5380	4021	36
504	4	14	30	5389	11043	47
505	4	14	15	5398	60	33
506	4	8	15	5407	510	28
507	0	12	20	5416	9932	29
508	0	12	20	5425	1968	21
509	0	12	15	5434	1953	37
510	4	8	10	5443	1770	49
511	4	14	10	5452	15104	32
512	3	1	15	5461	1356	33
513	4	14	30	5470	4747	26
514	0	12	10	5479	644	44
515	0	12	15	5488	168	20
516	0	12	30	5497	42	23
517	0	12	15	5506	13612	41
518	3	1	20	5515	532	40
519	0	12	20	5524	7036	50
520	3	1	30	5533	356	37
521	0	12	20	5542	2085	31
522	0	12	20	5551	2235	22
523	3	1	20	5560	2763	49
524	4	14	20	5569	218	39
525	4	14	10	5578	2036	47
526	4	14	30	5587	456	45
527	4	8	10	5600	5239	32
528	3	1	30	5610	912	26
529	3	1	20	5620	1971	27
530	0	12	10	5630	180	36
531	0	12	30	5640	3043	40
532	0	12	20	5650	201	33
533	3	1	20	5660	235	38
534	0	12	10	5670	4484	49
535	3	1	30	5680	492	27
536	4	8	10	5690	254	28
537	3	1	30	5700	7530	46
538	4	14	20	5710	1038	48
539	0	12	20	5720	9023	46
540	3	1	15	5730	13	23
541	3	1	30	5740	4006	27
542	3	1	15	5750	39492	42
543	3	1	15	5760	1292	46
544	4	8	30	5770	2650	36
545	4	8	15	5780	15395	20
546	0	12	20	5790	3176	50
547	0	12	20	5800	2409	38
548	4	8	30	5810	24021	23
549	0	12	30	5820	1109	41
550	4	14	30	5830	6431	20
551	0	12	20	5840	4901	31
552	0	12	30	5850	4528	35
553	3	1	15	5860	5158	22
554	4	14	15	5870	4184	36
555	3	1	30	5880	40	30
556	4	8	30	5890	3746	39
557	3	1	10	5900	5464	33
558	4	8	10	5910	3478	47
559	0	12	20	5920	3086	20
560	0	12	15	5930	9505	39
561	4	14	10	5940	1975	46
562	4	8	30	5950	4987	23
563	4	8	10	5960	30797	45
564	0	12	15	5970	1676	20
565	4	8	15	5980	6969	28
566	4	14	15	5990	10517	49
567	0	12	20	6000	1047	45
568	4	14	20	6009	83	27
569	4	8	10	6018	134	36
570	4	14	10	6027	15544	43
571	4	8	30	6036	710	28
572	0	12	20	6045	5359	44
573	4	8	30	6054	1042	44
574	4	8	10	6063	6958	46
575	4	14	30	6072	2410	29
576	4	8	15	6081	2086	39
577	3	1	10	6090	660	27
578	0	12	20	6099	57	33
579	4	8	10	6108	309	39
580	3	1	20	6117	7613	47
581	3	1	10	6126	4263	26
582	0	12	15	6135	5275	28
583	4	8	30	6144	13049	35
584	3	1	20	6153	3561	26
585	4	14	20	6162	1648	24
586	0	12	10	6171	7725	25
587	4	8	10	6180	1569	30
588	3	1	15	6189	2100	21
589	4	8	15	6198	4364	39
590	4	8	10	6207	2835	38
591	4	14	10	6216	1523	46
592	4	8	20	6225	1241	49
593	4	14	10	6234	4695	47
594	4	14	10	6243	17725	27
595	4	14	10	6252	3804	27
596	4	8	10	6261	10108	24
597	4	8	10	6270	1	48
598	3	1	10	6279	10852	45
599	0	12	20	6288	4311	27
600	4	8	30	6297	208	21
601	0	12	10	6306	1528	25
602	4	8	10	6315	2260	30
603	4	14	20	6324	13362	37
604	0	12	30	6333	1219	49
605	3	1	10	6342	4051	43
606	4	14	30	6351	13792	38
607	3	1	30	6360	2378	42
608	4	8	10	6400	9217	27
609	0	12	20	6411	873	27
610	0	12	20	6422	3701	41
611	3	1	20	6433	2434	32
612	4	8	15	6444	5246	50
613	4	14	10	6455	2824	28
614	3	1	10	6466	4643	24
615	3	1	15	6477	1159	32
616	4	14	30	6488	4281	37
617	4	14	10	6499	5560	38
618	4	14	20	6510	2110	38
619	0	12	30	6521	18	46
620	0	12	10	6532	14005	23
621	4	8	15	6543	3697	38
622	4	8	10	6554	6902	43
623	4	8	15	6565	1763	39
624	0	12	30	6576	2978	49
625	0	12	30	6587	4346	47
626	0	12	10	6598	9052	29
627	4	8	15	6609	193	47
628	3	1	30	6620	1104	36
629	3	1	10	6631	946	38
630	3	1	30	6642	3041	24
631	0	12	10	6653	2083	41
632	0	12	10	6664	986	32
633	4	14	10	6675	1751	26
634	4	14	10	6686	95	37
635	4	8	20	6697	3048	41
636	0	12	10	6708	1013	46
637	0	12	20	6719	5844	42
638	4	8	30	6730	4802	37
639	0	12	20	6741	12202	34
640	4	14	20	6752	1845	36
641	4	8	15	6763	2089	34
642	4	14	30	6774	2209	23
643	3	1	20	6785	955	45
644	0	12	30	6800	249	48
645	3	1	20	6807	213	26
646	4	8	30	6814	3529	46
647	4	8	20	6821	5714	41
648	4	8	10	6828	16	43
649	4	8	20	6835	5335	46
650	4	14	15	6842	12545	41
651	4	8	10	6849	741	37
652	3	1	20	6856	3570	30
653	4	8	15	6863	10580	49
654	0	12	20	6870	4682	23
655	4	14	20	6877	2373	34
656	4	14	30	6884	2738	32
657	0	12	20	6891	312	42
658	4	14	30	6898	2315	39
659	0	12	30	6905	3665	21
660	4	8	30	6912	5401	34
661	3	1	20	6919	10147	42
662	0	12	30	6926	927	25
663	4	14	10	6933	4677	39
664	3	1	20	6940	4357	22
665	0	12	20	6947	880	20
666	3	1	15	6954	1084	50
667	4	8	15	6961	1886	44
668	4	14	30	6968	2637	41
669	0	12	15	6975	666	33
670	4	8	10	6982	112	36
671	3	1	10	6989	8796	46
672	3	1	10	6996	213	20
673	3	1	30	7003	2445	24
674	4	8	10	7010	4033	30
675	3	1	20	7017	3311	40
676	4	8	15	7024	788	34
677	4	14	20	7031	3761	49
678	0	12	20	7038	1404	42
679	4	8	10	7045	2563	42
680	4	14	10	7052	318	21
681	3	1	15	7059	582	38
682	0	12	15	7066	176	24
683	0	12	10	7073	2811	41
684	3	1	20	7080	1173	48
685	0	12	30	7087	1805	38
686	3	1	15	7094	6762	31
687	3	1	30	7101	1367	33
688	4	14	15	7108	4372	22
689	4	14	20	7115	3432	23
690	3	1	30	7122	153	29
691	0	12	20	7129	643	24
692	4	8	30	7136	1593	22
693	4	8	10	7143	416	35
694	3	1	20	7150	951	20
695	4	8	10	7157	2381	45
696	4	8	20	7164	892	28
697	0	12	30	7171	5311	35
698	4	14	10	7178	3183	42
699	0	12	10	7185	7949	48
700	0	12	15	7192	6739	27
701	0	12	20	7200	943	22
702	3	1	30	7208	1300	50
703	0	12	20	7216	7604	29
704	0	12	20	7224	4934	29
705	0	12	10	7232	279	45
706	3	1	30	7240	498	36
707	4	14	20	7248	570	26
708	0	12	10	7256	1391	39
709	4	8	30	7264	542	33
710	4	8	15	7272	1251	50
711	4	14	15	7280	8691	34
712	4	14	30	7288	6040	50
713	4	8	20	7296	13552	48
714	0	12	30	7304	2965	20
715	4	14	15	7312	3718	46
716	3	1	10	7320	8402	38
717	0	12	20	7328	4842	34
718	4	8	15	7336	2285	41
719	4	8	30	7344	1428	35
720	3	1	10	7352	1925	39
721	4	14	20	7360	11817	36
722	4	8	30	7368	4968	41
723	4	14	10	7376	9492	38
724	3	1	20	7384	492	24
725	0	12	20	7392	8450	32
726	4	8	15	7400	3288	44
727	4	8	10	7408	12231	36
728	4	14	15	7416	1127	23
729	4	14	10	7424	825	35
730	4	8	10	7432	1804	31
731	4	8	15	7440	2346	50
732	4	14	15	7448	250	26
733	0	12	15	7456	2270	44
734	4	8	30	7464	4299	35
735	4	14	20	7472	8050	49
736	0	12	20	7480	7809	39
737	4	14	30	7488	855	45
738	4	14	20	7496	6360	32
739	4	8	15	7504	826	23
740	4	8	30	7512	1129	21
741	3	1	20	7520	4590	25
742	3	1	20	7528	21765	44
743	3	1	20	7536	3088	40
744	4	8	15	7544	1468	23
745	3	1	15	7552	657	45
746	4	8	20	7560	1845	24
747	4	14	15	7568	1799	25
748	0	12	10	7576	3426	34
749	4	14	15	7584	3730	24
750	4	14	10	7600	3385	27
751	4	8	30	7610	2756	45
752	4	14	15	7620	1425	44
753	3	1	15	7630	1143	27
754	4	8	10	7640	2622	28
755	0	12	20	7650	8059	41
756	3	1	20	7660	2763	31
757	3	1	20	7670	1852	31
758	3	1	30	7680	5309	25
759	0	12	30	7690	7080	47
760	4	14	30	7700	2828	20
761	4	8	30	7710	717	20
762	4	14	15	7720	8737	22
763	0	12	10	7730	453	24
764	0	12	20	7740	5772	21
765	0	12	30	7750	6968	50
766	4	14	30	7760	6982	28
767	4	14	20	7770	1698	26
768	4	14	20	7780	1470	32
769	4	8	15	7790	4281	21
770	3	1	30	7800	5500	27
771	3	1	15	7810	4620	43
772	0	12	10	7820	9454	22
773	4	14	10	7830	1142	38
774	4	14	30	7840	222	33
775	4	14	15	7850	4808	33
776	0	12	30	7860	12165	42
777	3	1	10	7870	760	21
778	3	1	30	7880	3659	34
779	4	14	10	7890	13331	29
780	4	14	10	7900	2849	27
781	4	8	10	7910	883	39
782	4	8	30	7920	1896	21
783	0	12	10	7930	4076	49
784	0	12	30	7940	3823	28
785	4	14	10	7950	8011	37
786	3	1	10	7960	622	26
787	0	12	10	7970	6687	49
788	3	1	15	7980	12160	35
789	4	8	15	8000	6281	44
790	0	12	30	8010	1831	38
791	3	1	10	8020	2672	27
792	4	8	30	8030	2448	40
793	4	14	20	8040	13576	35
794	4	8	20	8050	4555	22
795	0	12	30	8060	341	21
796	3	1	15	8070	6341	23
797	3	1	20	8080	8770	40
798	3	1	30	8090	5952	38
799	4	8	15	8100	2634	24
800	3	1	20	8110	1578	37
801	4	8	10	8120	95	49
802	0	12	20	8130	225	43
803	3	1	30	8140	10016	33
804	4	8	15	8150	7843	48
805	0	12	20	8160	8686	35
806	0	12	30	8170	3586	43
807	4	14	15	8180	210	25
808	4	14	15	8190	864	45
809	3	1	20	8200	6083	46
810	4	14	30	8210	9833	49
811	4	14	15	8220	1576	29
812	0	12	20	8230	5900	48
813	3	1	20	8240	5887	46
814	0	12	30	8250	1543	40
815	3	1	30	8260	1477	32
816	4	14	10	8270	6178	50
817	4	14	15	8280	1142	23
818	0	12	10	8290	2706	46
819	0	12	20	8300	9159	35
820	3	1	20	8310	4567	43
821	3	1	30	8320	53	29
822	0	12	10	8330	2002	41
823	3	1	15	8340	2898	38
824	4	8	15	8350	1368	34
825	0	12	30	8360	1203	20
826	4	8	15	8400	1030	22
827	0	12	15	8410	11219	37
828	4	8	20	8420	3363	35
829	3	1	30	8430	14344	31
830	0	12	10	8440	9386	30
831	3	1	15	8450	263	21
832	0	12	15	8460	2036	34
833	0	12	15	8470	497	30
834	0	12	20	8480	4067	43
835	4	8	30	8490	2662	29
836	0	12	15	8500	619	46
837	3	1	30	8510	2459	39
838	3	1	20	8520	6052	21
839	4	14	15	8530	5230	44
840	4	14	15	8540	1275	45
841	3	1	30	8550	389	21
842	4	8	20	8560	3845	24
843	4	14	20	8570	748	40
844	4	8	15	8580	8401	45
845	0	12	15	8590	170	28
846	3	1	15	8600	5036	29
847	3	1	10	8610	4650	45
848	4	14	20	8620	4156	46
849	3	1	20	8630	1854	41
850	0	12	30	8640	1399	22
851	4	14	10	8650	3165	50
852	3	1	15	8660	2021	45
853	3	1	15	8670	8333	23
854	4	14	30	8680	6472	31
855	0	12	30	8690	1499	28
856	0	12	30	8700	3973	28
857	4	8	15	8710	3099	24
858	4	8	15	8720	3961	49
859	0	12	20	8730	3659	48
860	4	14	15	8740	4302	32
861	0	12	20	8750	4228	25
862	4	8	30	8760	2635	40
863	0	12	20	8770	1004	34
864	4	8	20	8780	8387	35
865	4	8	20	8790	7604	48
866	4	14	10	8800	10450	46
867	4	14	10	8808	4248	37
868	3	1	10	8816	567	22
869	4	14	30	8824	7187	31
870	4	8	20	8832	723	36
871	4	8	15	8840	1585	31
872	0	12	20	8848	2528	22
873	0	12	30	8856	5744	22
874	4	8	15	8864	3930	40
875	0	12	30	8872	3545	42
876	4	8	10	8880	2014	25
877	4	8	15	8888	1010	20
878	4	8	10	8896	4063	43
879	0	12	10	8904	1139	25
880	3	1	15	8912	3138	41
881	3	1	10	8920	3104	27
882	4	8	20	8928	1388	42
883	4	14	30	8936	881	45
884	4	8	10	8944	4521	28
885	4	8	30	8952	1769	30
886	0	12	30	8960	4400	27
887	3	1	30	8968	2965	31
888	4	8	20	8976	1515	50
889	0	12	30	8984	1576	35
890	0	12	10	8992	7760	20
891	4	14	10	9000	3706	41
892	4	8	15	9008	7106	40
893	3	1	30	9016	795	23
894	0	12	30	9024	293	31
895	3	1	20	9032	3875	39
896	0	12	10	9040	3769	31
897	0	12	10	9048	2013	41
898	3	1	10	9056	1389	24
899	0	12	20	9064	109	48
900	4	8	15	9072	489	33
901	3	1	15	9080	255	43
902	0	12	10	9088	3240	42
903	4	14	30	9096	6687	35
904	0	12	10	9104	920	24
905	4	14	20	9112	13764	42
906	3	1	15	9120	325	47
907	4	8	15	9128	4025	43
908	0	12	10	9136	1149	33
909	4	14	10	9144	962	39
910	3	1	30	9152	9951	22
911	4	14	15	9160	2087	27
912	4	14	15	9168	9262	32
913	0	12	15	9176	1916	44
914	3	1	15	9200	229	26
915	0	12	10	9213	507	25
916	4	14	30	9226	1781	34
917	3	1	30	9239	1340	45
918	3	1	15	9252	3150	25
919	0	12	20	9265	2932	24
920	0	12	20	9278	810	40
921	0	12	10	9291	2064	35
922	4	8	15	9304	1655	37
923	4	8	10	9317	6570	38
924	3	1	30	9330	15241	30
925	3	1	15	9343	3294	45
926	4	14	30	9356	2744	42
927	3	1	20	9369	1359	49
928	4	14	30	9382	4704	41
929	3	1	20	9395	21	21
930	4	14	20	9408	15184	31
931	0	12	30	9421	0	34
932	3	1	15	9434	10614	46
933	4	8	15	9447	3776	46
934	4	14	30	9460	570	43
935	4	14	10	9473	2629	48
936	3	1	10	9486	16689	35
937	4	8	30	9499	2624	26
938	3	1	30	9512	19325	41
939	3	1	20	9525	4938	37
940	4	14	20	9538	1310	33
941	3	1	15	9551	132	35
942	4	8	30	9564	1279	49
943	3	1	20	9577	427	31
944	4	8	10	9600	2102	32
945	0	12	20	9608	2389	43
946	4	14	30	9616	4854	29
947	4	8	10	9624	2392	46
948	4	14	20	9632	532	48
949	4	14	30	9640	12109	26
950	4	14	30	9648	1210	24
951	4	8	15	9656	1575	36
952	3	1	30	9664	7601	36
953	4	8	15	9672	5948	50
954	4	14	30	9680	7421	28
955	0	12	10	9688	4978	48
956	4	8	30	9696	5133	25
957	3	1	10	9704	5523	24
958	4	8	30	9712	7188	25
959	3	1	20	9720	4136	29
960	0	12	20	9728	2550	20
961	4	14	20	9736	6242	49
962	4	8	20	9744	11456	21
963	3	1	20	9752	1121	31
964	4	14	15	9760	1078	28
965	3	1	30	9768	9944	39
966	0	12	10	9776	2592	31
967	3	1	30	9784	1371	37
968	0	12	20	9792	1138	20
969	4	14	10	9800	3411	28
970	4	8	10	9808	577	40
971	4	8	10	9816	8422	27
972	0	12	10	9824	1385	24
973	0	12	30	9832	7231	38
974	4	8	10	9840	1098	42
975	4	8	15	9848	653	25
976	4	14	10	9856	554	37
977	3	1	30	9864	1084	26
978	0	12	10	9872	2028	26
979	4	8	15	9880	3003	37
980	3	1	20	9888	7817	36
981	3	1	30	9896	189	46
982	3	1	10	9904	714	21
983	4	14	10	9912	5387	35
984	4	14	30	9920	5452	47
985	4	8	15	9928	4222	45
986	3	1	10	9936	648	49
987	4	8	30	9944	676	47
988	4	8	15	9952	5832	38
989	3	1	20	9960	2184	45
990	3	1	15	9968	5690	43
991	0	12	10	9976	1076	31
992	0	12	30	10000	4163	21
993	4	14	10	10010	1708	31
994	3	1	30	10020	1085	37
995	4	14	30	10030	2688	35
996	0	12	30	10040	376	34
997	4	14	15	10050	118	37
998	4	14	10	10060	8015	23
999	3	1	10	10070	2708	44
1000	4	14	20	10080	14428	32
1001	4	8	30	10090	2127	43
1002	0	12	15	10100	904	45
1003	0	12	20	10110	3201	39
1004	3	1	30	10120	6793	36
1005	4	8	20	10130	1930	47
1006	4	8	10	10140	132	32
1007	4	8	30	10150	58	48
1008	0	12	15	10160	3052	28
1009	4	8	20	10170	4722	22
1010	4	8	30	10180	3494	31
1011	3	1	30	10190	2657	50
1012	3	1	30	10200	1728	48
1013	4	14	20	10210	1462	38
1014	0	12	10	10220	6169	44
1015	4	8	20	10230	2214	24
1016	4	8	20	10240	3938	48
1017	4	8	15	10250	907	36
1018	4	14	30	10260	2775	34
1019	4	8	10	10270	3510	33
1020	0	12	30	10280	5828	40
1021	4	14	10	10290	1550	35
1022	4	8	20	10300	2961	50
1023	4	8	10	10310	7015	26
1024	4	8	30	10320	6747	36
1025	4	8	10	10330	9154	29
1026	4	8	10	10340	1052	26
1027	0	12	30	10350	11619	44
1028	3	1	10	10360	3649	21
1029	3	1	10	10400	5557	26
1030	4	8	15	10410	251	41
1031	0	12	30	10420	422	50
1032	4	14	20	10430	1862	23
1033	4	8	10	10440	9449	33
1034	3	1	20	10450	3240	25
1035	4	8	30	10460	2360	43
1036	3	1	20	10470	7429	20
1037	4	8	15	10480	3793	32
1038	4	8	15	10490	10252	49
1039	4	8	10	10500	1792	20
1040	4	14	10	10510	3863	33
1041	0	12	10	10520	580	20
1042	4	8	15	10530	3890	38
1043	0	12	20	10540	309	35
1044	4	8	20	10550	7287	34
1045	4	14	15	10560	1277	44
1046	4	8	10	10570	8652	33
1047	4	8	10	10580	1666	33
1048	4	14	30	10590	3297	37
1049	0	12	10	10600	6695	32
1050	4	8	10	10610	7950	38
1051	3	1	15	10620	8711	48
1052	0	12	20	10630	3010	22
1053	4	8	10	10640	1319	40
1054	3	1	10	10650	5161	23
1055	0	12	15	10660	4217	47
1056	4	14	10	10670	8811	44
1057	3	1	15	10680	1883	39
1058	4	14	30	10690	5326	23
1059	0	12	20	10700	10024	27
1060	4	14	15	10710	657	41
1061	4	8	10	10720	366	38
1062	4	14	30	10730	2152	47
1063	4	8	15	10740	6111	22
1064	0	12	15	10750	3998	31
1065	4	8	10	10760	2634	31
1066	3	1	10	10770	480	46
1067	0	12	30	10800	2355	35
1068	4	8	30	10809	5560	33
1069	3	1	15	10818	1663	20
1070	4	14	10	10827	3481	23
1071	4	14	10	10836	55	35
1072	0	12	10	10845	1314	38
1073	4	8	20	10854	599	34
1074	3	1	30	10863	13399	20
1075	0	12	30	10872	3997	39
1076	3	1	30	10881	4807	48
1077	4	8	30	10890	2381	34
1078	0	12	15	10899	17906	42
1079	4	8	15	10908	3118	43
1080	0	12	30	10917	54	46
1081	0	12	30	10926	8853	43
1082	4	8	30	10935	1936	26
1083	4	8	30	10944	6165	39
1084	0	12	30	10953	8750	39
1085	3	1	30	10962	765	44
1086	4	14	15	10971	3387	47
1087	3	1	20	10980	383	34
1088	4	14	30	10989	798	29
1089	4	8	15	10998	9356	28
1090	4	8	20	11007	3250	49
1091	4	14	10	11016	2527	32
1092	3	1	20	11025	8373	29
1093	4	8	20	11034	18	42
1094	4	8	30	11043	941	29
1095	3	1	30	11052	3036	45
1096	4	8	15	11061	5078	24
1097	4	14	10	11070	7303	36
1098	4	14	15	11079	2336	23
1099	0	12	20	11088	1758	22
1100	4	8	10	11097	699	48
1101	0	12	15	11106	2318	49
1102	4	14	15	11115	3563	20
1103	0	12	20	11124	999	36
1104	4	8	30	11133	1051	28
1105	3	1	10	11142	7566	23
1106	3	1	10	11151	3732	30
1107	3	1	30	11160	1974	39
1108	4	14	10	11169	1519	39
1109	4	8	15	11200	390	35
1110	4	8	20	11207	12165	50
1111	3	1	10	11214	2325	29
1112	3	1	30	11221	1956	47
1113	3	1	15	11228	865	30
1114	0	12	30	11235	9409	32
1115	4	14	15	11242	1209	48
1116	4	14	15	11249	4865	32
1117	4	8	30	11256	3978	28
1118	4	8	15	11263	9021	34
1119	3	1	15	11270	2447	38
1120	4	8	20	11277	9684	34
1121	0	12	20	11284	88	32
1122	4	8	30	11291	1226	25
1123	4	14	20	11298	7518	24
1124	4	8	20	11305	6130	22
1125	4	14	10	11312	478	42
1126	4	8	20	11319	589	25
1127	3	1	20	11326	1289	46
1128	4	14	30	11333	10608	24
1129	4	14	30	11340	2269	25
1130	3	1	15	11347	9761	35
1131	3	1	20	11354	7877	32
1132	4	8	20	11361	24	31
1133	4	14	30	11368	4007	40
1134	4	14	10	11375	1919	45
1135	4	14	20	11382	3409	47
1136	0	12	20	11389	1432	43
1137	0	12	15	11396	709	40
1138	0	12	30	11403	3235	31
1139	3	1	30	11410	157	36
1140	4	14	20	11417	3353	34
1141	4	8	15	11424	801	28
1142	4	14	15	11431	5972	45
1143	4	8	20	11438	368	45
1144	4	14	20	11445	12093	29
1145	3	1	15	11452	490	40
1146	4	8	10	11459	340	36
1147	4	14	15	11466	4585	49
1148	4	8	30	11473	419	30
1149	3	1	15	11480	11889	32
1150	3	1	20	11487	7045	32
1151	0	12	20	11494	372	47
1152	3	1	20	11501	11510	21
1153	4	8	10	11508	16733	36
1154	4	14	30	11515	2352	39
1155	4	8	20	11522	596	36
1156	4	14	15	11529	773	43
1157	0	12	20	11536	5424	46
1158	4	14	10	11543	2298	34
1159	4	8	30	11550	504	37
1160	0	12	20	11600	4981	48
1161	0	12	20	11609	1608	34
1162	4	14	10	11618	2465	34
1163	0	12	15	11627	8582	33
1164	4	14	30	11636	794	20
1165	4	14	10	11645	385	37
1166	4	8	20	11654	2282	48
1167	3	1	10	11663	5610	27
1168	3	1	15	11672	6715	36
1169	0	12	10	11681	1609	35
1170	4	14	20	11690	12868	25
1171	4	14	30	11699	3115	43
1172	0	12	10	11708	314	48
1173	3	1	20	11717	7767	48
1174	3	1	20	11726	8833	23
1175	0	12	15	11735	5230	26
1176	0	12	15	11744	1131	38
1177	0	12	10	11753	774	31
1178	4	14	30	11762	9053	46
1179	3	1	10	11771	4418	32
1180	3	1	30	11780	126	26
1181	4	8	15	11789	2426	26
1182	4	8	30	11798	773	35
1183	4	8	15	11807	15784	43
1184	0	12	15	11816	3713	44
1185	3	1	30	11825	6948	38
1186	0	12	30	11834	9942	30
1187	0	12	15	11843	86	46
1188	0	12	30	11852	834	21
1189	3	1	20	11861	1110	29
1190	0	12	10	11870	2028	24
1191	4	14	10	11879	3271	48
1192	4	8	10	11888	5170	25
1193	4	14	30	11897	2292	44
1194	4	8	15	11906	1580	38
1195	3	1	10	11915	1079	50
1196	4	8	10	11924	5113	44
1197	4	14	10	11933	8915	31
1198	3	1	30	11942	9541	44
1199	0	12	20	11951	7852	43
1200	4	8	30	11960	4565	42
1201	4	14	10	11969	1587	29
1202	0	12	30	12000	8124	33
1203	0	12	20	12012	5850	46
1204	4	14	20	12024	18001	26
1205	4	14	20	12036	1353	40
1206	4	14	20	12048	53	50
1207	0	12	10	12060	364	24
1208	3	1	20	12072	397	32
1209	3	1	20	12084	5022	32
1210	0	12	10	12096	8907	48
1211	3	1	15	12108	32033	31
1212	4	8	20	12120	7492	50
1213	0	12	30	12132	5853	22
1214	4	14	10	12144	365	30
1215	4	14	15	12156	1190	41
1216	4	14	20	12168	674	49
1217	3	1	30	12180	2611	42
1218	4	14	30	12192	1303	40
1219	0	12	10	12204	1760	32
1220	3	1	10	12216	769	27
1221	4	8	10	12228	2133	22
1222	4	8	10	12240	3337	25
1223	0	12	20	12252	3384	26
1224	0	12	30	12264	10838	30
1225	4	14	20	12276	2052	28
1226	4	8	30	12288	6762	38
1227	4	8	10	12300	4078	23
1228	0	12	10	12312	3020	30
1229	4	14	15	12324	4241	23
1230	3	1	10	12336	32	32
1231	4	8	15	12348	1748	26
1232	3	1	15	12360	1248	38
1233	3	1	15	12372	148	23
1234	4	8	15	12384	17703	41
1235	4	14	20	12400	4865	47
1236	0	12	15	12411	3527	43
1237	0	12	10	12422	2093	40
1238	4	8	20	12433	19201	36
1239	0	12	20	12444	1529	23
1240	3	1	15	12455	6655	39
1241	0	12	20	12466	7077	26
1242	4	8	30	12477	10455	34
1243	4	8	15	12488	2563	39
1244	3	1	15	12499	1725	31
1245	4	8	30	12510	2030	43
1246	3	1	15	12521	4982	48
1247	4	8	15	12532	12581	23
1248	4	14	20	12543	1716	33
1249	3	1	10	12554	286	47
1250	4	14	20	12565	339	20
1251	3	1	15	12576	1108	22
1252	4	14	10	12587	3809	41
1253	4	8	20	12598	3210	32
1254	3	1	20	12609	4614	35
1255	0	12	20	12620	1243	40
1256	4	8	10	12631	5737	23
1257	0	12	15	12642	1414	27
1258	4	14	30	12653	7206	35
1259	0	12	10	12664	3542	49
1260	3	1	30	12675	2551	22
1261	3	1	15	12686	1874	46
1262	4	14	30	12697	3257	44
1263	3	1	10	12708	2326	28
1264	0	12	15	12719	4911	20
1265	3	1	30	12730	3089	41
1266	0	12	30	12741	5259	44
1267	3	1	15	12752	6641	47
1268	3	1	20	12763	6065	31
1269	0	12	20	12774	1935	33
1270	3	1	30	12785	4451	48
1271	3	1	15	12800	5507	29
1272	0	12	10	12811	2675	25
1273	4	14	15	12822	12926	36
1274	4	8	30	12833	3154	43
1275	3	1	15	12844	1695	21
1276	4	14	15	12855	2667	39
1277	0	12	20	12866	388	37
1278	4	8	10	12877	996	45
1279	4	14	10	12888	3065	38
1280	0	12	10	12899	4673	30
1281	4	14	20	12910	7826	34
1282	4	8	15	12921	1371	40
1283	4	8	10	12932	2472	33
1284	0	12	30	12943	3397	22
1285	4	14	30	12954	5809	30
1286	3	1	10	12965	5387	36
1287	0	12	30	12976	5039	25
1288	0	12	20	12987	1734	38
1289	4	8	30	12998	5104	21
1290	4	8	20	13009	11385	44
1291	4	14	30	13020	1359	36
1292	0	12	15	13031	3399	25
1293	4	8	20	13042	2071	37
1294	4	8	20	13053	7486	21
1295	0	12	30	13064	2294	44
1296	0	12	30	13075	1272	32
1297	4	14	30	13086	2660	25
1298	4	8	10	13097	5811	39
1299	4	14	15	13108	6691	40
1300	0	12	30	13119	4394	49
1301	4	14	10	13130	9303	20
1302	3	1	20	13141	776	42
1303	4	14	10	13152	13450	50
1304	0	12	10	13163	2028	49
1305	0	12	10	13174	1623	42
1306	4	8	15	13185	5614	47
1307	0	12	30	13200	4241	24
1308	4	14	30	13207	25	39
1309	4	14	10	13214	1656	34
1310	0	12	15	13221	6066	20
1311	4	8	15	13228	4423	37
1312	3	1	10	13235	322	32
1313	0	12	30	13242	1424	48
1314	4	14	10	13249	9148	39
1315	3	1	15	13256	3796	38
1316	0	12	10	13263	349	26
1317	3	1	30	13270	404	31
1318	3	1	10	13277	8119	26
1319	0	12	20	13284	11324	40
1320	4	14	30	13291	6400	25
1321	0	12	10	13298	61	38
1322	3	1	20	13305	2450	29
1323	4	8	30	13312	245	30
1324	3	1	30	13319	2331	40
1325	3	1	10	13326	1933	32
1326	3	1	30	13333	769	24
1327	4	14	15	13340	348	38
1328	4	8	20	13347	485	35
1329	0	12	30	13354	461	50
1330	4	8	20	13361	303	39
1331	0	12	20	13368	3	34
1332	3	1	20	13375	1581	49
1333	3	1	20	13382	2098	25
1334	3	1	10	13389	8119	39
1335	4	8	30	13396	6182	30
1336	4	8	30	13403	4585	43
1337	4	8	10	13410	1572	40
1338	4	8	30	13417	261	34
1339	4	14	30	13424	1090	31
1340	4	8	15	13431	47	34
1341	3	1	15	13438	360	31
1342	0	12	30	13445	4950	37
1343	0	12	15	13452	51	23
1344	0	12	20	13459	11275	20
1345	0	12	10	13466	1274	27
1346	0	12	30	13473	946	24
1347	4	14	20	13480	1274	27
1348	3	1	20	13487	2819	49
1349	3	1	15	13494	1062	33
1350	0	12	30	13501	1740	37
1351	3	1	30	13508	776	21
1352	0	12	20	13515	3840	49
1353	4	8	15	13522	6972	49
1354	4	14	20	13529	57	34
1355	0	12	30	13536	4216	30
1356	4	8	20	13543	2349	42
1357	0	12	30	13550	496	31
1358	4	8	10	13557	2966	30
1359	3	1	10	13564	58	37
1360	3	1	10	13571	690	38
1361	3	1	30	13578	4444	28
1362	3	1	10	13600	3099	40
1363	3	1	30	13608	9108	40
1364	3	1	20	13616	1236	46
1365	0	12	20	13624	6050	37
1366	3	1	20	13632	1677	39
1367	0	12	15	13640	4424	27
1368	3	1	20	13648	2255	28
1369	4	8	10	13656	473	28
1370	4	8	20	13664	10677	45
1371	3	1	30	13672	5687	36
1372	4	8	30	13680	133	47
1373	4	14	15	13688	3976	46
1374	3	1	10	13696	10599	26
1375	4	8	15	13704	4977	45
1376	4	14	15	13712	1457	21
1377	4	8	10	13720	2356	25
1378	4	8	10	13728	508	29
1379	3	1	20	13736	739	33
1380	4	8	15	13744	757	28
1381	3	1	15	13752	9297	47
1382	0	12	30	13760	3448	40
1383	3	1	10	13768	8519	21
1384	0	12	10	13776	5645	32
1385	3	1	20	13784	9080	38
1386	4	14	30	13792	1936	35
1387	4	8	10	13800	2785	50
1388	3	1	10	13808	2003	41
1389	4	8	15	13816	979	29
1390	0	12	15	13824	1677	38
1391	0	12	30	13832	3332	32
1392	0	12	30	13840	6463	30
1393	3	1	30	13848	200	48
1394	0	12	20	13856	333	43
1395	4	14	20	13864	1667	26
1396	4	14	10	13872	3167	42
1397	4	8	30	13880	6695	47
1398	3	1	30	13888	5495	28
1399	4	14	30	13896	700	34
1400	4	8	20	13904	10660	38
1401	0	12	15	13912	3119	48
1402	4	8	30	13920	7378	50
1403	4	8	15	13928	2004	40
1404	4	8	30	13936	1441	38
1405	4	8	10	13944	3606	20
1406	4	8	10	13952	619	24
1407	4	8	10	13960	17430	23
1408	3	1	15	13968	9041	42
1409	3	1	10	13976	1440	40
1410	4	8	20	13984	1699	28
1411	4	14	15	13992	27736	36
1412	4	14	30	14000	24010	21
1413	3	1	15	14012	1753	48
1414	0	12	20	14024	7375	29
1415	0	12	30	14036	1185	41
1416	3	1	30	14048	390	39
1417	0	12	30	14060	4293	38
1418	3	1	30	14072	609	27
1419	4	14	10	14084	1843	27
1420	4	8	30	14096	2016	22
1421	0	12	15	14108	7352	39
1422	3	1	15	14120	1286	36
1423	4	8	15	14132	962	50
1424	4	8	20	14144	5862	40
1425	4	8	30	14156	1818	33
1426	4	8	30	14168	12625	26
1427	3	1	30	14180	16543	50
1428	3	1	20	14192	3192	22
1429	4	14	20	14204	3551	20
1430	3	1	10	14216	720	22
1431	4	8	15	14228	2715	25
1432	4	14	15	14240	4794	47
1433	4	8	15	14252	12740	46
1434	0	12	10	14264	1089	45
1435	4	8	30	14276	3988	30
1436	4	8	15	14288	248	47
1437	4	14	15	14300	811	50
1438	4	8	15	14312	3457	33
1439	4	14	10	14324	707	31
1440	4	8	20	14336	5596	33
1441	4	8	20	14348	2020	31
1442	3	1	30	14360	3724	27
1443	0	12	30	14400	384	20
1444	0	12	30	14411	8191	20
1445	0	12	30	14422	1683	22
1446	0	12	10	14433	3355	30
1447	3	1	15	14444	2364	33
1448	3	1	10	14455	927	38
1449	4	14	30	14466	6941	22
1450	0	12	20	14477	1139	38
1451	3	1	15	14488	8788	24
1452	4	14	10	14499	4449	40
1453	3	1	20	14510	1896	21
1454	3	1	30	14521	5788	32
1455	0	12	10	14532	375	50
1456	4	8	30	14543	1239	31
1457	4	14	20	14554	3956	20
1458	4	14	20	14565	3924	20
1459	4	14	10	14576	11068	25
1460	4	14	10	14587	4049	45
1461	4	14	10	14598	694	25
1462	4	14	20	14609	2300	21
1463	4	14	30	14620	1468	42
1464	4	14	30	14631	591	38
1465	4	14	10	14642	7679	23
1466	4	14	10	14653	1430	40
1467	4	8	15	14664	158	25
1468	3	1	15	14675	495	22
1469	4	14	30	14686	946	49
1470	4	14	20	14697	873	44
1471	3	1	20	14708	9612	39
1472	4	14	20	14719	331	24
1473	3	1	30	14730	15485	46
1474	3	1	20	14741	3829	45
1475	4	14	10	14752	29670	41
1476	3	1	20	14763	1071	32
1477	3	1	20	14800	810	36
1478	0	12	20	14808	1679	50
1479	0	12	30	14816	2216	38
1480	0	12	20	14824	6388	23
1481	4	14	15	14832	2862	44
1482	4	14	20	14840	6001	31
1483	3	1	30	14848	5181	20
1484	3	1	30	14856	1665	33
1485	4	14	30	14864	1291	49
1486	4	8	15	14872	6894	36
1487	0	12	20	14880	1547	46
1488	4	14	20	14888	862	34
1489	4	14	10	14896	644	46
1490	4	14	10	14904	1813	50
1491	4	8	20	14912	2263	47
1492	4	14	20	14920	3269	50
1493	4	8	15	14928	4103	28
1494	4	14	30	14936	2981	37
1495	4	8	15	14944	3602	28
1496	3	1	10	14952	12795	30
1497	4	14	10	14960	1418	36
1498	0	12	30	14968	12339	33
1499	0	12	20	14976	71	47
1500	4	8	30	14984	175	32
1501	4	14	20	14992	3011	24
1502	4	14	10	15000	1600	30
1503	4	14	15	15008	22400	40
1504	0	12	15	15016	3949	28
1505	4	8	10	15024	1651	49
1506	4	14	30	15032	6630	20
1507	0	12	10	15040	4711	44
1508	0	12	10	15048	5732	26
1509	3	1	30	15056	5798	42
1510	3	1	15	15064	7709	38
1511	4	14	15	15072	347	46
1512	4	14	10	15080	1343	21
1513	4	14	30	15088	890	32
1514	3	1	15	15096	601	21
1515	0	12	30	15104	536	21
1516	4	14	15	15112	1928	44
1517	0	12	30	15120	4967	20
1518	4	8	30	15128	13602	29
1519	0	12	10	15136	7907	40
1520	3	1	30	15144	129	38
1521	3	1	15	15152	15618	44
1522	4	8	30	15160	7457	42
1523	4	14	10	15200	13739	27
1524	4	14	30	15211	7488	49
1525	4	8	30	15222	5777	48
1526	4	14	30	15233	1730	40
1527	4	8	10	15244	2304	46
1528	4	14	10	15255	2418	29
1529	0	12	10	15266	90	36
1530	0	12	10	15277	164	30
1531	4	14	20	15288	11022	47
1532	4	8	30	15299	1040	23
1533	4	14	30	15310	1573	22
1534	4	14	30	15321	1928	25
1535	4	8	30	15332	1251	50
1536	0	12	10	15343	800	33
1537	0	12	15	15354	6068	42
1538	4	8	15	15365	415	43
1539	0	12	30	15376	9	35
1540	4	14	10	15387	2513	48
1541	0	12	10	15398	555	42
1542	0	12	15	15409	3278	39
1543	4	8	20	15420	2238	43
1544	0	12	20	15431	1394	27
1545	4	14	20	15442	1321	24
1546	4	8	20	15453	634	46
1547	4	14	30	15464	1777	37
1548	3	1	10	15475	2787	26
1549	3	1	30	15486	2042	36
1550	3	1	30	15497	948	35
1551	3	1	15	15508	1140	29
1552	4	8	10	15519	1613	26
1553	4	14	30	15530	389	43
1554	3	1	20	15541	17035	29
1555	3	1	15	15552	260	38
1556	4	8	30	15563	4606	33
1557	0	12	30	15574	1797	22
1558	4	14	20	15600	650	41
1559	4	14	20	15608	7961	30
1560	3	1	15	15616	17394	28
1561	4	8	20	15624	1857	24
1562	4	8	10	15632	1088	35
1563	0	12	30	15640	5373	40
1564	4	8	20	15648	5165	31
1565	4	14	30	15656	10006	42
1566	4	8	20	15664	7700	42
1567	0	12	10	15672	12888	50
1568	0	12	10	15680	6793	26
1569	4	8	15	15688	8193	22
1570	0	12	20	15696	11548	38
1571	4	14	10	15704	3683	21
1572	3	1	15	15712	3791	28
1573	0	12	10	15720	13325	45
1574	4	8	30	15728	2009	42
1575	4	8	30	15736	9299	46
1576	3	1	30	15744	2182	25
1577	0	12	10	15752	2154	49
1578	3	1	20	15760	4476	50
1579	0	12	10	15768	3328	45
1580	4	14	10	15776	3842	22
1581	4	14	10	15784	19508	23
1582	4	14	10	15792	11004	39
1583	0	12	10	15800	221	44
1584	3	1	15	15808	6669	21
1585	3	1	30	15816	6284	20
1586	4	8	15	15824	3710	40
1587	3	1	30	15832	586	30
1588	0	12	15	15840	1657	43
1589	0	12	15	15848	1540	38
1590	4	14	10	15856	3514	36
1591	4	14	15	15864	6844	30
1592	4	8	20	15872	3983	21
1593	3	1	30	15880	1073	32
1594	3	1	20	15888	61	26
1595	4	8	20	15896	399	43
1596	4	14	10	15904	8875	27
1597	0	12	20	15912	6867	50
1598	4	14	10	15920	4861	32
1599	0	12	20	15928	1888	36
1600	4	8	10	15936	2228	32
1601	4	8	20	15944	826	47
1602	4	14	20	15952	3121	31
1603	4	8	20	15960	3985	24
1604	3	1	15	16000	2432	49
1605	3	1	20	16009	3759	33
1606	4	14	30	16018	4037	21
1607	4	8	10	16027	1833	32
1608	3	1	30	16036	4786	21
1609	4	8	30	16045	349	33
1610	0	12	15	16054	4115	33
1611	4	8	30	16063	1244	34
1612	4	8	15	16072	4666	23
1613	4	14	20	16081	3519	46
1614	4	14	15	16090	1129	28
1615	3	1	10	16099	20956	25
1616	3	1	20	16108	2285	36
1617	0	12	30	16117	815	42
1618	3	1	20	16126	10511	38
1619	3	1	30	16135	10810	30
1620	3	1	20	16144	1504	21
1621	4	14	20	16153	5061	32
1622	4	14	20	16162	3878	26
1623	4	14	20	16171	2752	39
1624	4	8	15	16180	1349	36
1625	0	12	15	16189	533	27
1626	3	1	20	16198	14201	20
1627	4	14	20	16207	1893	47
1628	3	1	20	16216	11899	38
1629	4	14	15	16225	1425	49
1630	4	8	30	16234	44	39
1631	3	1	15	16243	3666	26
1632	4	8	30	16252	4994	37
1633	4	8	30	16261	1410	34
1634	3	1	10	16270	592	33
1635	3	1	20	16279	2253	25
1636	0	12	15	16288	2396	43
1637	4	8	15	16297	1457	35
1638	3	1	30	16306	3648	45
1639	4	14	20	16315	902	39
1640	4	14	10	16324	681	50
1641	0	12	15	16333	1080	28
1642	4	14	30	16342	2308	29
1643	4	14	15	16351	1181	30
1644	0	12	10	16360	4520	24
1645	3	1	10	16369	1526	22
1646	4	8	30	16378	560	27
1647	3	1	10	16387	185	25
1648	4	14	15	16400	18146	23
1649	4	14	15	16409	83	21
1650	3	1	30	16418	4313	27
1651	4	14	10	16427	4908	36
1652	3	1	30	16436	8924	31
1653	0	12	15	16445	5886	21
1654	3	1	10	16454	259	34
1655	4	8	15	16463	4942	50
1656	3	1	30	16472	3337	41
1657	4	14	10	16481	181	42
1658	4	14	15	16490	1688	38
1659	4	8	30	16499	1605	42
1660	0	12	10	16508	4064	32
1661	4	14	15	16517	1196	24
1662	3	1	15	16526	2170	44
1663	4	14	20	16535	2030	22
1664	4	14	10	16544	301	45
1665	4	8	10	16553	173	27
1666	4	14	30	16562	3232	47
1667	0	12	15	16571	1986	40
1668	0	12	20	16580	2373	33
1669	4	8	30	16589	6757	22
1670	3	1	30	16598	3141	33
1671	4	8	10	16607	556	21
1672	4	8	10	16616	3528	47
1673	3	1	10	16625	5175	49
1674	4	14	30	16634	5990	31
1675	3	1	10	16643	319	44
1676	0	12	20	16652	1310	23
1677	0	12	15	16661	1817	46
1678	4	14	20	16670	6869	34
1679	4	14	10	16679	13911	34
1680	3	1	15	16688	20552	50
1681	0	12	15	16697	10409	46
1682	0	12	10	16706	1962	43
1683	4	14	15	16715	10542	36
1684	0	12	15	16724	4085	42
1685	3	1	30	16733	1450	22
1686	4	14	20	16742	4917	45
1687	0	12	20	16751	11435	36
1688	4	14	20	16760	1068	50
1689	0	12	20	16800	2237	33
1690	4	14	20	16810	8004	35
1691	0	12	10	16820	2086	20
1692	3	1	30	16830	12974	47
1693	0	12	30	16840	1245	23
1694	3	1	15	16850	3319	27
1695	4	14	30	16860	9136	45
1696	4	8	30	16870	6815	34
1697	0	12	15	16880	165	26
1698	4	14	15	16890	808	35
1699	3	1	10	16900	4026	48
1700	3	1	15	16910	5757	26
1701	4	8	20	16920	5378	38
1702	4	8	15	16930	3644	42
1703	3	1	20	16940	764	20
1704	4	8	15	16950	2589	39
1705	4	8	30	16960	3019	26
1706	4	8	30	16970	514	40
1707	4	14	30	16980	729	32
1708	0	12	15	16990	20508	40
1709	0	12	30	17000	17060	41
1710	4	8	20	17010	2248	47
1711	4	8	20	17020	896	45
1712	0	12	20	17030	1013	28
1713	0	12	15	17040	1881	24
1714	3	1	15	17050	1641	42
1715	0	12	20	17060	4980	36
1716	4	14	10	17070	8180	32
1717	4	14	10	17080	2696	27
1718	3	1	15	17090	5676	31
1719	4	8	15	17100	5854	43
1720	3	1	15	17110	1631	32
1721	4	14	10	17120	3783	30
1722	0	12	20	17130	683	40
1723	4	14	30	17140	77	50
1724	4	8	10	17150	12028	38
1725	4	8	20	17160	592	33
1726	3	1	15	17170	740	24
1727	0	12	10	17180	1533	43
1728	4	14	20	17200	706	42
1729	4	14	10	17210	8422	36
1730	0	12	15	17220	1197	30
1731	0	12	15	17230	1091	47
1732	4	8	30	17240	804	31
1733	0	12	15	17250	822	37
1734	0	12	20	17260	923	27
1735	4	8	30	17270	1176	31
1736	3	1	30	17280	1589	23
1737	3	1	15	17290	962	42
1738	4	8	30	17300	2404	48
1739	3	1	20	17310	465	35
1740	0	12	30	17320	810	33
1741	0	12	20	17330	3112	33
1742	4	14	10	17340	11872	47
1743	3	1	20	17350	1142	29
1744	4	14	30	17360	25712	37
1745	4	8	10	17370	4364	41
1746	0	12	20	17380	806	42
1747	4	8	15	17390	3524	43
1748	4	8	20	17400	10701	32
1749	3	1	20	17410	7637	42
1750	0	12	20	17420	111	33
1751	3	1	30	17430	1587	26
1752	4	8	30	17440	1327	46
1753	4	8	10	17450	2140	43
1754	0	12	20	17460	1424	35
1755	4	14	10	17470	656	46
1756	0	12	30	17480	3492	48
1757	4	8	15	17490	3458	43
1758	4	8	15	17500	1011	33
1759	4	14	30	17510	1655	26
1760	4	14	15	17520	1791	22
1761	0	12	20	17530	6482	47
1762	4	14	10	17540	19	40
1763	4	8	15	17550	492	23
1764	0	12	20	17560	5196	30
1765	0	12	15	17570	848	50
1766	0	12	20	17580	74	33
1767	4	14	10	17590	154	41
1768	4	14	20	17600	740	47
1769	4	8	15	17609	341	30
1770	3	1	30	17618	1938	32
1771	0	12	20	17627	4276	40
1772	4	8	15	17636	157	30
1773	0	12	30	17645	4178	46
1774	0	12	15	17654	3519	29
1775	4	8	30	17663	6323	50
1776	4	14	30	17672	4351	34
1777	3	1	10	17681	9570	31
1778	0	12	10	17690	83	33
1779	4	14	10	17699	1349	47
1780	0	12	10	17708	12411	41
1781	4	8	30	17717	3500	31
1782	4	14	20	17726	1959	31
1783	4	8	10	17735	1484	20
1784	3	1	15	17744	7607	23
1785	3	1	20	17753	10704	23
1786	4	14	20	17762	12543	21
1787	4	14	20	17771	5841	38
1788	0	12	30	17780	8698	22
1789	4	8	20	17789	226	32
1790	0	12	10	17798	4464	33
1791	0	12	15	17807	5531	31
1792	4	8	10	17816	18658	29
1793	3	1	10	17825	478	42
1794	4	14	10	17834	5527	33
1795	4	14	10	17843	1919	36
1796	0	12	15	17852	3070	43
1797	3	1	20	17861	7153	43
1798	3	1	10	17870	2946	49
1799	3	1	20	17879	6586	37
1800	4	8	15	17888	4149	27
1801	4	8	15	17897	625	21
1802	4	8	30	17906	2155	47
1803	0	12	10	17915	7571	21
1804	0	12	30	17924	2522	29
1805	4	14	30	17933	1853	43
1806	0	12	15	17942	1363	47
1807	4	8	10	17951	4022	20
1808	0	12	20	17960	7068	33
1809	3	1	30	17969	2816	36
1810	4	14	10	17978	2679	31
1811	3	1	20	18000	4479	37
1812	4	8	15	18008	3266	29
1813	4	8	15	18016	11052	36
1814	4	14	30	18024	1936	36
1815	4	8	20	18032	6017	41
1816	4	8	10	18040	2143	36
1817	3	1	10	18048	4747	40
1818	3	1	10	18056	1232	50
1819	3	1	10	18064	6359	26
1820	4	8	30	18072	1069	49
1821	4	8	30	18080	1154	46
1822	4	14	10	18088	657	39
1823	3	1	10	18096	484	34
1824	4	8	10	18104	2105	48
1825	4	8	15	18112	4031	21
1826	4	14	20	18120	4387	31
1827	4	14	10	18128	10405	39
1828	0	12	30	18136	9180	32
1829	4	8	15	18144	912	44
1830	4	8	15	18152	1195	26
1831	4	8	10	18160	7095	42
1832	0	12	30	18168	1959	32
1833	4	8	20	18176	960	46
1834	3	1	20	18184	4095	40
1835	4	14	20	18192	6650	40
1836	4	14	10	18200	728	35
1837	3	1	20	18208	3088	30
1838	4	8	10	18216	7390	41
1839	4	14	15	18224	2614	31
1840	4	8	10	18232	4111	27
1841	4	8	15	18240	1556	21
1842	3	1	10	18248	11165	25
1843	4	8	10	18256	1918	37
1844	4	8	15	18264	3345	21
1845	4	8	15	18272	26716	47
1846	4	14	10	18280	848	22
1847	4	14	20	18288	220	43
1848	3	1	15	18296	5223	25
1849	4	8	20	18304	14167	43
1850	4	8	10	18312	13555	50
1851	3	1	15	18320	7355	22
1852	0	12	20	18328	3353	43
1853	0	12	10	18336	5166	42
1854	0	12	30	18344	3401	39
1855	0	12	15	18352	2009	32
1856	4	8	10	18400	19982	32
1857	4	14	20	18408	1441	32
1858	3	1	30	18416	2319	24
1859	3	1	20	18424	7152	28
1860	4	14	15	18432	4878	32
1861	0	12	15	18440	1804	28
1862	0	12	15	18448	5311	38
1863	4	14	15	18456	3924	39
1864	4	8	15	18464	1134	29
1865	3	1	30	18472	4290	40
1866	4	8	30	18480	1349	24
1867	4	14	30	18488	1690	33
1868	4	14	20	18496	1404	47
1869	4	14	10	18504	3408	47
1870	3	1	15	18512	3779	26
1871	3	1	15	18520	8379	26
1872	4	8	10	18528	7654	49
1873	4	14	20	18536	6153	39
1874	0	12	30	18544	667	50
1875	4	14	15	18552	9732	48
1876	3	1	30	18560	1495	41
1877	3	1	10	18568	5888	22
1878	0	12	20	18576	3170	33
1879	4	14	20	18584	2114	20
1880	3	1	10	18592	2347	49
1881	0	12	30	18600	3791	38
1882	0	12	30	18608	876	33
1883	3	1	10	18616	10535	40
1884	4	14	10	18624	1086	44
1885	3	1	10	18632	2160	23
1886	4	8	20	18640	1219	49
1887	0	12	30	18648	4340	41
1888	4	8	30	18656	4093	27
1889	3	1	15	18664	1128	28
1890	3	1	15	18672	6795	27
1891	4	14	15	18680	7981	22
1892	0	12	20	18688	412	26
1893	3	1	20	18696	38	33
1894	4	14	10	18704	5970	49
1895	4	8	30	18712	1309	50
1896	4	8	10	18720	3540	33
1897	3	1	20	18728	1504	36
1898	4	14	20	18736	575	27
1899	4	14	15	18744	9582	31
1900	0	12	20	18752	4984	42
1901	4	14	15	18800	7494	39
1902	0	12	10	18810	5668	47
1903	4	14	10	18820	676	29
1904	3	1	10	18830	1783	36
1905	3	1	20	18840	374	44
1906	4	8	15	18850	17874	24
1907	4	8	10	18860	6099	23
1908	4	14	10	18870	3389	43
1909	0	12	20	18880	4321	42
1910	4	8	15	18890	346	42
1911	4	14	10	18900	1007	30
1912	3	1	30	18910	5628	49
1913	3	1	10	18920	119	23
1914	0	12	15	18930	1969	29
1915	4	14	15	18940	387	44
1916	4	14	15	18950	727	45
1917	4	8	10	18960	6575	49
1918	0	12	10	18970	1959	45
1919	3	1	15	18980	7080	25
1920	4	8	15	18990	2011	41
1921	4	8	30	19000	3914	34
1922	3	1	30	19010	4869	26
1923	4	8	10	19020	205	39
1924	4	8	20	19030	5648	39
1925	4	14	10	19040	5501	23
1926	3	1	30	19050	6038	50
1927	3	1	15	19060	7401	36
1928	4	14	15	19070	40	40
1929	3	1	10	19080	8304	20
1930	3	1	10	19090	1571	34
1931	4	14	15	19100	25944	25
1932	4	14	15	19110	4049	45
1933	4	8	15	19120	4069	21
1934	4	14	10	19130	4791	28
1935	3	1	30	19140	3639	30
1936	0	12	30	19150	7720	42
1937	4	8	30	19160	168	23
1938	0	12	10	19200	3361	23
1939	0	12	20	19207	642	20
1940	4	8	20	19214	2240	50
1941	4	14	20	19221	2618	45
1942	0	12	20	19228	380	48
1943	0	12	15	19235	15669	35
1944	0	12	30	19242	711	37
1945	4	14	10	19249	3609	47
1946	0	12	20	19256	461	23
1947	3	1	15	19263	283	22
1948	3	1	10	19270	3878	24
1949	0	12	30	19277	4595	25
1950	4	8	15	19284	479	24
1951	4	14	10	19291	6066	34
1952	3	1	15	19298	10426	41
1953	0	12	15	19305	1450	21
1954	4	8	10	19312	2884	41
1955	3	1	20	19319	369	28
1956	4	8	15	19326	614	32
1957	3	1	30	19333	4916	28
1958	4	8	15	19340	2038	40
1959	4	14	10	19347	3792	32
1960	0	12	20	19354	1486	44
1961	3	1	30	19361	630	38
1962	4	8	20	19368	5918	33
1963	0	12	30	19375	4774	43
1964	3	1	15	19382	1635	27
1965	3	1	10	19389	352	36
1966	4	14	30	19396	3527	35
1967	4	8	20	19403	496	48
1968	4	14	10	19410	1609	45
1969	4	8	20	19417	6269	49
1970	3	1	15	19424	1083	22
1971	3	1	20	19431	534	41
1972	4	8	30	19438	1088	45
1973	0	12	20	19445	1091	45
1974	4	8	20	19452	2049	26
1975	4	8	30	19459	9850	46
1976	0	12	10	19466	3049	36
1977	4	8	20	19473	5148	42
1978	0	12	15	19480	8727	21
1979	3	1	20	19487	706	42
1980	3	1	15	19494	4068	50
1981	0	12	20	19501	4959	47
1982	4	14	15	19508	1004	31
1983	4	14	20	19515	1584	35
1984	4	8	20	19522	5736	46
1985	3	1	30	19529	3144	20
1986	0	12	30	19536	300	34
1987	3	1	10	19543	1616	44
1988	4	14	10	19550	533	31
1989	0	12	15	19557	3766	20
1990	4	8	15	19564	2427	49
1991	4	8	10	19571	637	33
1992	4	14	15	19578	4109	33
1993	0	12	10	19585	12490	42
1994	4	14	30	19600	7282	26
1995	3	1	30	19666	1331	31
1996	3	1	10	19732	4924	32
1997	4	14	30	19798	2002	25
1998	3	1	30	19864	4136	28
1999	3	1	30	19930	327	20
