0	4	14	10	0	2632	70
1	0	12	10	10	641	80
2	0	12	15	20	2776	79
3	3	1	30	30	722	59
4	4	14	10	40	3154	77
5	4	14	15	50	7671	50
6	4	8	20	60	960	70
7	4	8	20	70	2788	58
8	4	14	20	80	4517	76
9	0	12	30	90	12324	60
10	4	8	30	100	4283	61
11	3	1	10	110	5556	50
12	3	1	15	120	7850	73
13	0	12	30	130	3923	53
14	4	14	20	140	1373	79
15	4	14	20	150	999	69
16	4	14	30	160	6548	57
17	4	14	30	170	5100	69
18	0	12	15	180	9037	68
19	0	12	30	190	2940	69
20	3	1	15	200	1034	56
21	4	8	30	210	416	62
22	4	14	30	220	3730	53
23	3	1	15	230	272	71
24	4	14	10	240	127	57
25	0	12	10	250	1503	76
26	3	1	15	260	2844	57
27	4	8	30	270	2491	67
28	4	8	20	280	4928	64
29	3	1	10	290	1394	71
30	3	1	20	300	1098	65
31	3	1	10	310	7382	57
32	4	8	30	320	5417	54
33	0	12	15	330	724	62
34	4	8	30	340	4643	61
35	3	1	20	350	2294	63
36	4	14	10	360	3142	58
37	3	1	15	400	2063	72
38	4	8	10	407	6345	54
39	0	12	15	414	4164	62
40	4	14	10	421	17422	66
41	0	12	30	428	3272	65
42	0	12	20	435	1573	70
43	4	8	10	442	2634	75
44	4	14	20	449	9223	50
45	4	14	20	456	3314	58
46	4	14	20	463	12737	72
47	4	8	15	470	1033	50
48	4	14	20	477	937	65
49	4	8	30	484	10643	73
50	0	12	15	491	6408	73
51	3	1	10	498	2805	54
52	0	12	20	505	1368	50
53	0	12	10	512	1571	68
54	4	14	30	519	6992	53
55	3	1	15	526	1933	58
56	4	8	15	533	3122	77
57	3	1	30	540	2281	58
58	3	1	20	547	574	51
59	4	14	10	554	1056	51
60	0	12	10	561	1687	73
61	0	12	20	568	5543	53
62	0	12	30	575	6312	74
63	0	12	15	582	1927	54
64	4	8	10	589	5006	76
65	4	14	20	596	6754	54
66	0	12	10	603	35	77
67	4	8	10	610	4733	60
68	4	14	10	617	11133	73
69	0	12	10	624	7697	66
70	4	14	20	631	4518	61
71	0	12	15	638	2059	66
72	3	1	20	645	10374	65
73	0	12	10	652	1143	55
74	0	12	20	659	3049	52
75	3	1	15	666	4424	71
76	4	8	15	673	5943	72
77	4	8	20	680	529	58
78	3	1	30	687	723	70
79	0	12	20	694	2523	79
80	0	12	20	701	1752	54
81	4	8	30	708	1320	57
82	4	8	15	715	1175	51
83	4	14	20	722	6024	71
84	3	1	30	729	2739	79
85	4	14	20	736	5328	61
86	3	1	20	743	3214	56
87	0	12	20	750	2158	67
88	4	8	15	757	1661	58
89	3	1	20	800	1447	52
90	4	8	15	812	9004	67
91	4	8	15	824	464	80
92	0	12	20	836	1254	70
93	3	1	10	848	3313	52
94	4	14	10	860	1442	70
95	4	14	15	872	1083	62
96	0	12	30	884	5794	72
97	4	14	15	896	11441	66
98	4	14	30	908	5851	80
99	0	12	30	920	355	77
100	3	1	15	932	3234	62
101	4	8	15	944	1230	61
102	3	1	15	956	1367	58
103	3	1	15	968	1753	79
104	3	1	15	980	1168	62
105	0	12	30	992	2017	57
106	0	12	15	1004	3458	69
107	4	14	20	1016	167	75
108	4	14	15	1028	6269	65
109	4	8	15	1040	681	63
110	4	8	30	1052	3761	67
111	4	14	20	1064	2163	68
112	4	14	30	1076	1254	68
113	3	1	10	1088	4385	52
114	3	1	15	1100	8393	78
115	4	14	15	1112	260	66
116	3	1	15	1124	2734	51
117	0	12	15	1136	62	52
118	4	8	20	1148	8708	56
119	3	1	20	1160	15247	64
120	4	8	10	1200	1220	78
121	0	12	15	1210	3583	59
122	0	12	20	1220	1747	51
123	0	12	20	1230	4026	70
124	4	14	30	1240	12809	80
125	4	8	15	1250	3350	61
126	4	14	30	1260	571	77
127	4	14	15	1270	1797	62
128	4	8	30	1280	11670	66
129	4	8	10	1290	1404	70
130	3	1	15	1300	9375	80
131	4	8	10	1310	7110	56
132	3	1	30	1320	1757	59
133	3	1	10	1330	335	73
134	4	8	10	1340	9784	67
135	3	1	15	1350	377	73
136	3	1	20	1360	19074	79
137	3	1	30	1370	9200	52
138	4	8	15	1380	2977	59
139	3	1	30	1390	419	71
140	3	1	10	1400	684	72
141	3	1	10	1410	2863	61
142	0	12	10	1420	3930	51
143	0	12	30	1430	809	76
144	4	8	20	1440	4737	66
145	4	8	30	1450	2592	79
146	3	1	15	1460	7341	61
147	4	8	20	1470	3698	67
148	4	14	30	1480	4631	55
149	4	14	30	1490	1095	53
150	4	8	10	1500	5420	61
151	4	14	20	1510	5540	69
152	4	8	20	1520	230	59
153	0	12	10	1530	6252	65
154	4	14	20	1540	6908	79
155	3	1	30	1550	13168	53
156	4	8	20	1560	9672	59
157	4	8	20	1570	4256	69
158	4	14	20	1580	2013	80
159	0	12	30	1590	4634	50
160	0	12	10	1600	1220	60
161	4	8	30	1608	977	57
162	3	1	20	1616	399	58
163	3	1	15	1624	2734	76
164	4	14	30	1632	1165	63
165	0	12	30	1640	6030	60
166	0	12	20	1648	256	59
167	0	12	20	1656	836	76
168	4	8	30	1664	5586	66
169	4	14	10	1672	6192	54
170	0	12	20	1680	297	68
171	4	14	15	1688	3619	79
172	3	1	10	1696	2697	74
173	4	14	20	1704	6185	65
174	4	14	15	1712	6872	72
175	3	1	30	1720	5571	67
176	4	14	10	1728	13529	58
177	0	12	20	1736	749	56
178	4	14	30	1744	11287	53
179	4	8	30	1752	2634	50
180	3	1	30	1760	5189	80
181	3	1	10	1768	3018	60
182	4	14	20	1776	4510	57
183	4	8	30	1784	4901	63
184	0	12	10	1792	3230	59
185	3	1	30	1800	670	61
186	4	14	15	1808	5963	77
187	4	8	20	1816	3330	75
188	3	1	20	1824	1194	74
189	4	14	10	1832	12026	64
190	4	8	20	1840	789	64
191	4	8	30	1848	1640	60
192	4	14	10	1856	2806	53
193	0	12	15	1864	7302	59
194	3	1	20	1872	7248	60
195	4	8	10	1880	11291	65
196	4	14	15	1888	2152	52
197	3	1	30	1896	559	56
198	0	12	10	1904	10663	63
199	0	12	30	1912	9884	56
200	0	12	10	1920	2143	70
201	4	8	30	1928	4219	66
202	0	12	20	1936	7608	50
203	0	12	20	1944	9150	50
204	3	1	15	1952	735	66
205	4	8	20	1960	634	62
206	0	12	15	1968	1200	75
207	3	1	30	1976	1254	75
208	0	12	30	1984	14015	73
209	0	12	20	2000	292	62
210	3	1	20	2008	22973	75
211	4	8	30	2016	5390	53
212	4	8	30	2024	5014	66
213	4	8	20	2032	9775	79
214	3	1	10	2040	12803	50
215	4	8	10	2048	5284	50
216	4	8	15	2056	3110	80
217	4	8	30	2064	1969	76
218	3	1	10	2072	11332	67
219	0	12	10	2080	414	51
220	4	8	15	2088	14	64
221	4	14	10	2096	2748	64
222	4	8	10	2104	10665	51
223	4	8	30	2112	6478	52
224	3	1	15	2120	3749	71
225	4	14	20	2128	5313	57
226	0	12	10	2136	382	76
227	3	1	30	2144	4217	65
228	4	8	10	2152	12004	54
229	3	1	10	2160	8482	57
230	4	14	20	2168	1635	64
231	4	8	15	2176	7221	51
232	4	14	20	2184	1099	73
233	3	1	10	2192	101	77
234	4	8	30	2200	279	61
235	0	12	10	2208	312	64
236	3	1	15	2216	4546	59
237	4	14	30	2224	6014	56
238	3	1	20	2232	3091	78
239	3	1	15	2240	2093	77
240	4	8	15	2248	9019	66
241	0	12	15	2256	2818	52
242	0	12	30	2264	3617	51
243	3	1	30	2272	831	62
244	4	8	15	2280	12294	69
245	4	14	30	2288	2311	61
246	4	14	10	2296	3891	75
247	4	8	20	2304	3576	54
248	3	1	10	2312	8468	58
249	0	12	20	2320	437	60
250	4	14	30	2328	2043	65
251	3	1	20	2336	110	57
252	4	14	30	2344	839	70
253	4	14	30	2352	7138	61
254	4	14	15	2400	9713	73
255	4	8	30	2409	9993	55
256	0	12	20	2418	5109	64
257	3	1	30	2427	199	78
258	4	8	15	2436	1370	60
259	4	14	20	2445	2268	58
260	4	8	15	2454	227	66
261	3	1	20	2463	3742	60
262	4	8	30	2472	1536	70
263	3	1	20	2481	376	66
264	4	8	10	2490	5311	79
265	4	8	15	2499	703	73
266	4	8	10	2508	2771	60
267	4	14	20	2517	4678	69
268	0	12	20	2526	7472	68
269	4	8	10	2535	8624	67
270	4	14	20	2544	222	72
271	3	1	15	2553	5756	74
272	3	1	10	2562	7600	78
273	4	14	20	2571	3052	70
274	4	14	20	2580	908	66
275	0	12	30	2589	2756	61
276	3	1	15	2598	9283	63
277	4	14	15	2607	5431	70
278	0	12	15	2616	7542	64
279	3	1	15	2625	742	60
280	4	14	20	2634	480	63
281	3	1	20	2643	2774	72
282	0	12	20	2652	5912	57
283	0	12	15	2661	7501	75
284	4	14	15	2670	2615	72
285	0	12	30	2679	1474	56
286	4	8	20	2688	4157	62
287	4	14	20	2697	2098	62
288	3	1	30	2706	480	54
289	4	14	10	2715	649	56
290	0	12	15	2724	1746	80
291	4	14	15	2733	3980	61
292	4	8	15	2742	2673	77
293	4	14	30	2751	445	70
294	4	8	10	2760	1735	61
295	4	14	30	2769	1355	55
296	4	14	20	2800	827	63
297	3	1	10	2808	2815	65
298	0	12	20	2816	2410	63
299	4	14	10	2824	6290	76
300	3	1	20	2832	11191	50
301	0	12	15	2840	10781	56
302	4	8	30	2848	5472	67
303	0	12	10	2856	21532	71
304	4	8	30	2864	203	68
305	4	8	15	2872	4054	72
306	0	12	15	2880	778	59
307	0	12	10	2888	4263	50
308	0	12	15	2896	3965	76
309	4	14	15	2904	2136	61
310	4	14	20	2912	64	72
311	0	12	15	2920	15341	75
312	4	8	20	2928	895	64
313	3	1	30	2936	514	80
314	4	14	10	2944	1541	75
315	3	1	20	2952	3240	75
316	4	8	10	2960	7224	53
317	4	8	20	2968	2555	75
318	4	14	15	2976	3764	75
319	4	8	15	2984	2225	72
320	4	14	30	2992	2893	61
321	4	8	15	3000	384	78
322	0	12	30	3008	3435	64
323	4	8	20	3016	4759	61
324	0	12	20	3024	3023	68
325	4	14	15	3032	2204	60
326	0	12	30	3040	1288	77
327	3	1	15	3048	5465	58
328	3	1	20	3056	802	59
329	4	14	30	3064	9897	60
330	4	8	15	3072	1491	79
331	4	14	10	3080	2020	79
332	3	1	30	3088	1370	56
333	0	12	10	3096	229	68
334	0	12	20	3104	1047	59
335	4	14	10	3112	796	57
336	4	8	30	3120	5622	55
337	4	14	15	3128	5993	66
338	3	1	15	3136	6382	56
339	4	8	30	3144	7403	80
340	4	14	15	3152	563	77
341	4	8	15	3200	18733	62
342	4	14	15	3209	6043	67
343	4	14	15	3218	4807	74
344	0	12	15	3227	574	64
345	0	12	30	3236	1882	54
346	4	8	20	3245	2247	78
347	4	14	20	3254	1827	77
348	4	14	30	3263	6162	75
349	3	1	15	3272	6375	66
350	3	1	20	3281	2403	52
351	4	8	10	3290	5016	68
352	4	14	30	3299	9032	70
353	4	14	10	3308	105	71
354	4	14	10	3317	1300	65
355	0	12	15	3326	7519	52
356	4	14	20	3335	1761	72
357	0	12	10	3344	203	55
358	0	12	15	3353	2501	52
359	3	1	20	3362	3931	58
360	0	12	20	3371	1795	76
361	4	8	10	3380	2261	51
362	4	8	20	3389	2568	71
363	0	12	20	3398	4995	66
364	4	8	30	3407	433	63
365	4	14	15	3416	3864	74
366	3	1	20	3425	4662	68
367	4	8	15	3434	625	76
368	3	1	10	3443	8842	71
369	0	12	10	3452	599	68
370	4	8	30	3461	6445	70
371	3	1	20	3470	244	67
372	3	1	10	3479	4495	69
373	4	8	15	3488	5826	76
374	4	8	30	3497	1399	75
375	3	1	15	3506	2970	79
376	3	1	10	3515	1498	61
377	4	8	15	3524	8381	71
378	4	8	15	3533	3301	78
379	0	12	20	3542	673	63
380	4	8	20	3551	20411	62
381	4	8	15	3560	9571	80
382	4	14	20	3569	12797	63
383	0	12	10	3578	1943	73
384	4	8	10	3587	2494	58
385	4	14	15	3600	3630	60
386	4	14	15	3610	2780	58
387	3	1	20	3620	1226	66
388	4	8	10	3630	6023	53
389	4	14	15	3640	1931	56
390	4	14	15	3650	6960	65
391	0	12	30	3660	4884	50
392	3	1	10	3670	1493	63
393	0	12	30	3680	752	79
394	0	12	15	3690	2624	53
395	4	8	15	3700	4810	76
396	4	14	30	3710	2910	71
397	3	1	20	3720	273	50
398	4	8	15	3730	3632	60
399	0	12	10	3740	2889	71
400	3	1	15	3750	4647	67
401	0	12	10	3760	1342	52
402	0	12	15	3770	2588	56
403	3	1	20	3780	4161	57
404	0	12	20	3790	22569	77
405	4	14	10	3800	1993	65
406	4	14	10	3810	162	80
407	3	1	15	3820	550	75
408	3	1	15	3830	5248	77
409	0	12	20	3840	5599	67
410	4	8	10	3850	3063	72
411	3	1	10	3860	2609	51
412	4	14	30	3870	2675	57
413	0	12	20	3880	1484	70
414	0	12	30	3890	3997	76
415	4	14	10	3900	2413	76
416	3	1	20	3910	2559	68
417	4	8	15	3920	372	79
418	4	14	15	3930	1145	57
419	4	8	20	3940	2821	52
420	0	12	10	3950	504	66
421	4	14	10	3960	2207	52
422	4	14	15	4000	1826	72
423	3	1	20	4010	2832	64
424	4	8	20	4020	1511	52
425	0	12	30	4030	400	70
426	4	14	20	4040	5508	54
427	4	8	10	4050	2800	71
428	0	12	10	4060	1346	72
429	4	14	20	4070	3621	79
430	4	14	20	4080	29	57
431	0	12	15	4090	1130	60
432	4	14	10	4100	1315	60
433	0	12	15	4110	194	57
434	3	1	15	4120	2523	77
435	0	12	15	4130	4935	60
436	0	12	10	4140	2264	74
437	0	12	30	4150	1499	56
438	4	14	15	4160	1966	76
439	4	8	10	4170	296	73
440	0	12	15	4180	3255	61
441	4	8	30	4190	1864	63
442	0	12	15	4200	3049	69
443	0	12	15	4210	100	67
444	3	1	15	4220	7534	65
445	0	12	15	4230	1694	63
446	4	8	10	4240	980	73
447	3	1	15	4250	6	74
448	4	14	30	4260	3102	52
449	4	8	10	4270	113	58
450	4	14	20	4280	1029	58
451	3	1	15	4290	2234	73
452	3	1	10	4300	6794	74
453	0	12	20	4310	379	57
454	0	12	30	4320	2016	54
455	3	1	15	4330	1220	65
456	0	12	30	4340	10026	60
457	3	1	20	4350	13894	72
458	4	8	30	4360	1613	55
459	4	14	20	4370	9256	57
460	0	12	20	4400	4140	61
461	4	8	30	4411	3072	59
462	3	1	10	4422	7399	52
463	3	1	20	4433	580	78
464	4	8	10	4444	5483	59
465	4	8	20	4455	1362	61
466	4	14	10	4466	887	72
467	3	1	20	4477	2321	50
468	3	1	15	4488	7384	73
469	0	12	15	4499	10254	66
470	4	14	10	4510	84	52
471	3	1	20	4521	697	61
472	4	8	30	4532	4822	52
473	3	1	15	4543	781	65
474	4	8	15	4554	11926	72
475	3	1	10	4565	5479	52
476	3	1	30	4576	8854	63
477	4	14	10	4587	1673	55
478	0	12	15	4598	4308	80
479	0	12	15	4609	13936	69
480	4	14	30	4620	8414	77
481	0	12	10	4631	5483	60
482	4	8	10	4642	13289	68
483	3	1	30	4653	1191	64
484	0	12	30	4664	1839	71
485	0	12	10	4675	3462	65
486	4	8	15	4686	2242	67
487	3	1	15	4697	841	52
488	0	12	15	4708	4216	52
489	4	14	30	4719	916	62
490	4	14	20	4730	6250	50
491	3	1	15	4741	2488	51
492	4	14	30	4752	15759	51
493	0	12	30	4763	2672	69
494	0	12	20	4774	2225	62
495	3	1	15	4800	83	52
496	4	14	20	4809	3018	60
497	4	8	20	4818	2032	72
498	3	1	15	4827	1306	57
499	0	12	20	4836	3276	54
500	0	12	15	4845	633	72
501	4	14	15	4854	6003	72
502	0	12	10	4863	694	51
503	4	14	15	4872	3834	66
504	3	1	10	4881	29	55
505	0	12	10	4890	276	77
506	4	8	15	4899	5201	70
507	0	12	30	4908	4081	58
508	3	1	15	4917	609	66
509	4	8	30	4926	4200	52
510	4	14	20	4935	1862	51
511	4	8	30	4944	3438	54
512	4	8	10	4953	1481	72
513	0	12	20	4962	1802	66
514	0	12	20	4971	93	60
515	0	12	15	4980	9158	51
516	4	14	20	4989	3396	71
517	4	14	10	4998	3518	69
518	3	1	30	5007	5816	57
519	4	8	30	5016	730	75
520	0	12	15	5025	7851	74
521	0	12	20	5034	37	69
522	4	8	10	5043	6218	78
523	3	1	15	5052	4056	61
524	0	12	30	5061	568	66
525	0	12	20	5070	3262	50
526	4	14	20	5079	791	60
527	4	8	10	5088	959	64
528	4	8	30	5097	5558	52
529	4	14	10	5106	10559	69
530	3	1	15	5115	973	72
531	4	8	10	5124	2711	71
532	4	8	20	5133	261	78
533	4	14	20	5142	422	76
534	0	12	30	5151	6925	78
535	4	14	15	5160	425	55
536	0	12	10	5169	3534	58
537	3	1	20	5200	1706	51
538	0	12	30	5209	1153	58
539	4	14	30	5218	1437	74
540	4	14	20	5227	7631	76
541	0	12	15	5236	6236	59
542	0	12	10	5245	198	67
543	4	14	20	5254	5	50
544	4	14	15	5263	7147	60
545	3	1	30	5272	961	76
546	0	12	15	5281	667	60
547	3	1	15	5290	3847	65
548	0	12	10	5299	2495	59
549	0	12	10	5308	3002	61
550	3	1	20	5317	2379	61
551	0	12	15	5326	11584	72
552	3	1	20	5335	3998	65
553	4	8	15	5344	473	63
554	0	12	15	5353	4811	60
555	4	14	20	5362	589	52
556	3	1	15	5371	17797	74
557	4	8	20	5380	2953	70
558	3	1	20	5389	2646	50
559	4	8	20	5398	2388	55
560	4	8	15	5407	8733	67
561	4	14	10	5416	2889	55
562	4	14	10	5425	8780	56
563	3	1	15	5434	956	77
564	3	1	15	5443	2276	60
565	3	1	15	5452	8481	60
566	4	14	10	5461	2881	57
567	4	8	15	5470	939	77
568	0	12	20	5479	3104	69
569	0	12	10	5488	10216	55
570	4	14	15	5497	1495	73
571	4	8	30	5506	1019	69
572	3	1	15	5515	1629	61
573	3	1	10	5524	2498	63
574	4	8	15	5533	1515	80
575	4	14	30	5542	289	65
576	0	12	20	5551	12976	52
577	3	1	20	5560	6191	78
578	4	14	10	5569	6534	50
579	4	8	30	5600	10045	71
580	4	14	10	5611	2069	71
581	0	12	15	5622	3299	75
582	0	12	10	5633	5530	55
583	0	12	20	5644	1008	72
584	4	8	15	5655	2617	58
585	3	1	30	5666	1266	50
586	3	1	15	5677	7874	56
587	0	12	15	5688	12104	65
588	4	14	15	5699	2047	65
589	0	12	10	5710	4631	75
590	4	8	10	5721	477	61
591	3	1	15	5732	267	69
592	4	14	10	5743	7960	51
593	3	1	10	5754	6453	53
594	3	1	15	5765	2140	56
595	4	14	15	5776	1645	70
596	4	8	15	5787	9251	53
597	3	1	30	5798	7221	70
598	0	12	10	5809	3351	70
599	4	8	10	5820	12188	50
600	3	1	30	5831	4819	68
601	3	1	30	5842	11555	63
602	3	1	20	5853	325	77
603	4	14	30	5864	3122	53
604	0	12	20	5875	973	69
605	0	12	30	5886	1011	73
606	4	8	10	5897	3768	60
607	4	14	20	5908	732	51
608	4	14	10	5919	6365	63
609	0	12	15	5930	3974	76
610	4	14	10	5941	774	50
611	4	14	20	5952	897	77
612	3	1	20	5963	5053	70
613	0	12	20	5974	3331	60
614	3	1	15	6000	187	65
615	0	12	30	6011	1576	72
616	3	1	10	6022	5797	50
617	3	1	15	6033	4384	64
618	4	8	30	6044	5274	69
619	0	12	15	6055	710	59
620	4	14	30	6066	79	54
621	4	14	20	6077	3301	72
622	3	1	10	6088	6616	61
623	4	14	20	6099	7693	75
624	3	1	30	6110	6635	75
625	4	8	10	6121	1136	54
626	3	1	30	6132	1795	68
627	0	12	15	6143	3052	58
628	0	12	20	6154	205	56
629	3	1	30	6165	15285	60
630	3	1	15	6176	739	62
631	4	8	30	6187	535	62
632	4	8	20	6198	993	57
633	4	8	10	6209	7649	50
634	4	14	10	6220	986	52
635	0	12	15	6231	2461	57
636	3	1	30	6242	2643	79
637	4	8	10	6253	928	51
638	4	14	10	6264	27	53
639	0	12	20	6275	1186	65
640	4	8	30	6286	4328	70
641	3	1	30	6297	4722	54
642	4	8	15	6308	674	51
643	4	14	30	6319	5892	70
644	0	12	10	6330	2851	74
645	4	8	20	6341	9704	65
646	4	14	20	6352	1707	80
647	3	1	20	6363	1415	71
648	0	12	20	6400	5627	68
649	4	8	15	6408	372	65
650	0	12	15	6416	3394	69
651	3	1	10	6424	1072	69
652	4	8	30	6432	435	51
653	0	12	20	6440	2074	60
654	4	8	10	6448	10803	76
655	4	14	10	6456	595	77
656	0	12	20	6464	583	52
657	3	1	10	6472	1015	51
658	0	12	30	6480	5270	59
659	4	14	20	6488	13868	64
660	3	1	30	6496	7920	54
661	4	8	20	6504	317	52
662	4	14	10	6512	499	75
663	4	8	15	6520	6820	53
664	3	1	10	6528	2471	64
665	4	8	15	6536	208	68
666	3	1	10	6544	15865	69
667	0	12	20	6552	8009	69
668	4	8	15	6560	1702	57
669	4	8	10	6568	3529	57
670	3	1	10	6576	7382	73
671	4	8	30	6584	3265	79
672	3	1	10	6592	4303	60
673	0	12	15	6600	2583	53
674	4	14	20	6608	2785	70
675	4	8	10	6616	1582	80
676	3	1	15	6624	2088	70
677	3	1	15	6632	154	71
678	4	14	15	6640	1687	50
679	4	8	15	6648	9131	60
680	4	8	15	6656	9203	54
681	4	14	15	6664	262	77
682	4	14	30	6672	6033	70
683	4	14	10	6680	13005	72
684	4	8	15	6688	2084	71
685	4	14	10	6696	10848	73
686	0	12	30	6704	90	61
687	4	8	30	6712	6756	77
688	0	12	30	6720	10074	55
689	0	12	10	6728	334	55
690	4	14	20	6736	1565	54
691	4	14	30	6744	1201	77
692	0	12	15	6752	2577	73
693	0	12	20	6760	155	69
694	3	1	20	6768	2008	61
695	4	14	15	6776	3515	67
696	4	14	20	6800	3428	60
697	4	14	10	6809	1643	78
698	4	8	30	6818	1483	56
699	3	1	20	6827	2458	56
700	4	14	20	6836	10669	76
701	3	1	10	6845	2634	60
702	0	12	10	6854	12104	63
703	4	14	15	6863	739	61
704	4	14	15	6872	1133	72
705	4	14	15	6881	56	70
706	4	14	30	6890	3434	58
707	0	12	20	6899	3947	78
708	4	8	10	6908	9334	71
709	0	12	10	6917	3726	76
710	0	12	20	6926	5259	56
711	3	1	15	6935	411	61
712	4	14	20	6944	8484	51
713	4	14	20	6953	7188	80
714	4	8	10	6962	285	59
715	4	14	20	6971	6407	57
716	3	1	30	6980	1413	63
717	0	12	30	6989	678	53
718	4	14	30	6998	2124	63
719	3	1	30	7007	2997	71
720	0	12	15	7016	115	56
721	0	12	10	7025	724	72
722	0	12	20	7034	11642	64
723	4	8	15	7043	1239	52
724	4	8	15	7052	1216	52
725	4	14	15	7061	3495	76
726	4	8	20	7070	346	56
727	3	1	20	7079	3880	72
728	4	8	20	7088	338	73
729	4	14	15	7097	9947	52
730	4	8	15	7106	5563	70
731	3	1	15	7115	289	73
732	4	8	20	7124	5208	65
733	0	12	20	7133	8650	75
734	4	8	30	7142	13698	64
735	3	1	10	7151	2160	75
736	3	1	10	7160	475	63
737	0	12	15	7169	3764	58
738	0	12	30	7200	5014	80
739	3	1	10	7213	1991	50
740	4	14	15	7226	1768	65
741	4	14	15	7239	2010	64
742	0	12	30	7252	9732	56
743	4	14	30	7265	1503	59
744	4	14	15	7278	1715	80
745	4	8	15	7291	1025	74
746	0	12	10	7304	1907	76
747	0	12	20	7317	4095	73
748	3	1	15	7330	13903	59
749	4	14	30	7343	3628	53
750	4	8	15	7356	1353	54
751	4	14	30	7369	2175	56
752	4	14	15	7382	10352	65
753	3	1	30	7395	6102	66
754	4	8	15	7408	2253	80
755	3	1	15	7421	5789	54
756	3	1	15	7434	3079	77
757	4	14	30	7447	4622	61
758	4	8	10	7460	9483	58
759	4	14	10	7473	4363	77
760	4	8	30	7486	10691	64
761	4	8	15	7499	12431	67
762	4	14	30	7512	3160	54
763	4	8	30	7525	17139	69
764	4	14	20	7538	7722	56
765	4	8	10	7551	4334	64
766	0	12	30	7564	1845	77
767	3	1	30	7600	21279	57
768	4	8	30	7609	8063	66
769	4	14	30	7618	4217	65
770	0	12	20	7627	4639	74
771	4	8	20	7636	4656	54
772	0	12	10	7645	2330	53
773	4	8	20	7654	80	62
774	3	1	20	7663	745	56
775	4	8	10	7672	4013	73
776	0	12	15	7681	1169	66
777	4	8	30	7690	4001	55
778	3	1	30	7699	9984	52
779	4	14	10	7708	146	59
780	3	1	10	7717	909	50
781	0	12	30	7726	2335	64
782	4	14	15	7735	4220	62
783	3	1	20	7744	2652	70
784	3	1	30	7753	3973	79
785	3	1	20	7762	1611	63
786	4	14	10	7771	626	57
787	3	1	20	7780	11641	80
788	4	14	15	7789	2422	75
789	4	14	15	7798	905	59
790	0	12	30	7807	8498	78
791	4	14	15	7816	2226	52
792	3	1	10	7825	4859	50
793	0	12	30	7834	207	53
794	0	12	10	7843	2473	67
795	3	1	30	7852	2057	78
796	0	12	15	7861	7556	59
797	4	14	10	7870	10416	68
798	0	12	15	7879	2452	53
799	4	8	10	7888	4648	65
800	4	8	20	7897	7766	77
801	4	8	10	7906	1939	69
802	4	14	30	7915	5949	57
803	4	14	15	7924	1527	75
804	3	1	15	7933	9623	59
805	4	14	30	7942	3658	80
806	4	14	30	7951	15268	53
807	4	8	20	7960	9412	53
808	0	12	15	8000	3792	59
809	0	12	10	8010	6385	57
810	3	1	30	8020	2863	69
811	4	8	20	8030	9401	72
812	0	12	10	8040	5835	59
813	4	8	30	8050	8176	80
814	4	8	30	8060	2469	77
815	4	8	30	8070	2683	50
816	3	1	10	8080	1446	54
817	0	12	10	8090	253	65
818	4	14	30	8100	1763	71
819	0	12	10	8110	2963	73
820	3	1	10	8120	2907	57
821	4	8	10	8130	2207	78
822	4	14	20	8140	3113	62
823	3	1	15	8150	4364	56
824	4	14	10	8160	5897	67
825	0	12	10	8170	1202	72
826	3	1	15	8180	16672	54
827	0	12	10	8190	1984	80
828	4	8	15	8200	3271	75
829	0	12	20	8210	5842	58
830	0	12	20	8220	6139	63
831	0	12	15	8230	1586	78
832	0	12	20	8240	763	51
833	0	12	20	8250	1047	67
834	3	1	20	8260	791	62
835	0	12	30	8270	6841	61
836	0	12	10	8280	4412	56
837	4	14	30	8290	1628	68
838	4	14	15	8300	3422	60
839	3	1	30	8310	123	79
840	4	14	30	8320	1745	60
841	4	8	20	8330	1098	54
842	3	1	10	8340	1620	70
843	3	1	15	8350	4278	67
844	0	12	15	8360	4702	71
845	4	14	15	8370	14895	56
846	3	1	10	8400	4307	73
847	4	8	15	8412	7153	51
848	4	14	30	8424	3564	57
849	3	1	15	8436	14375	67
850	4	14	30	8448	415	74
851	0	12	15	8460	6193	74
852	0	12	10	8472	3371	77
853	4	14	15	8484	10938	61
854	3	1	10	8496	748	58
855	4	14	15	8508	2265	80
856	3	1	20	8520	7414	56
857	0	12	20	8532	465	50
858	0	12	15	8544	3162	57
859	3	1	10	8556	4201	67
860	4	8	20	8568	3816	76
861	4	14	20	8580	3536	53
862	0	12	10	8592	1700	58
863	4	14	20	8604	7446	51
864	0	12	15	8616	51	75
865	4	8	20	8628	812	71
866	0	12	30	8640	5249	70
867	0	12	20	8652	3080	72
868	3	1	15	8664	4697	67
869	0	12	10	8676	4103	65
870	0	12	30	8688	6870	74
871	3	1	10	8700	13901	66
872	0	12	30	8712	2665	55
873	0	12	30	8724	1579	72
874	4	8	10	8736	743	62
875	4	8	20	8748	1294	52
876	3	1	30	8760	381	57
877	0	12	15	8800	8616	75
878	3	1	30	8811	14421	65
879	4	14	30	8822	6342	61
880	3	1	10	8833	3668	79
881	4	8	10	8844	658	52
882	0	12	15	8855	6462	73
883	3	1	10	8866	3529	58
884	0	12	30	8877	4426	64
885	4	14	15	8888	23431	69
886	0	12	10	8899	5675	51
887	4	8	15	8910	1091	71
888	4	8	15	8921	246	58
889	4	14	10	8932	5499	62
890	3	1	10	8943	14895	54
891	0	12	20	8954	3268	55
892	4	14	20	8965	6203	61
893	4	8	10	8976	10350	73
894	4	8	15	8987	2148	52
895	0	12	10	8998	5821	57
896	0	12	15	9009	8971	76
897	4	14	20	9020	2681	69
898	3	1	30	9031	4131	73
899	3	1	30	9042	2833	50
900	4	14	15	9053	1124	66
901	3	1	20	9064	521	51
902	3	1	30	9075	611	64
903	3	1	20	9086	11849	72
904	3	1	20	9097	659	74
905	4	8	20	9108	555	57
906	4	14	15	9119	1432	69
907	4	14	10	9130	1115	55
908	3	1	10	9141	5799	79
909	4	8	20	9152	8981	56
910	0	12	15	9163	1670	73
911	4	8	15	9200	12809	62
912	3	1	20	9209	589	65
913	0	12	20	9218	5565	77
914	0	12	10	9227	204	69
915	4	14	20	9236	2487	73
916	3	1	10	9245	6161	60
917	4	8	10	9254	5710	50
918	3	1	30	9263	770	67
919	0	12	10	9272	63	55
920	4	8	15	9281	2219	70
921	4	14	20	9290	2709	79
922	3	1	10	9299	2594	63
923	4	14	10	9308	11519	54
924	4	8	30	9317	4381	61
925	0	12	10	9326	1216	68
926	3	1	20	9335	799	55
927	3	1	30	9344	3298	62
928	4	14	20	9353	9662	69
929	4	8	10	9362	2063	55
930	4	8	10	9371	1929	56
931	4	14	15	9380	3691	69
932	3	1	15	9389	1097	52
933	4	14	30	9398	2504	65
934	0	12	15	9407	3195	75
935	4	14	15	9416	2600	78
936	3	1	10	9425	40	69
937	3	1	20	9434	7667	50
938	0	12	15	9443	2277	65
939	4	14	10	9452	3103	57
940	4	14	30	9461	4765	50
941	4	8	10	9470	2891	77
942	3	1	15	9479	2564	73
943	0	12	30	9488	724	52
944	3	1	30	9497	2081	70
945	0	12	30	9506	66	73
946	4	8	30	9515	2188	70
947	3	1	30	9524	149	65
948	4	8	30	9533	8314	54
949	4	8	30	9542	12182	60
950	3	1	30	9551	15842	77
951	3	1	15	9560	574	76
952	0	12	20	9569	1502	51
953	4	8	20	9600	3958	68
954	4	8	15	9613	341	60
955	0	12	20	9626	5592	67
956	4	14	15	9639	4143	68
957	4	14	20	9652	882	60
958	4	8	20	9665	1328	61
959	4	8	15	9678	8822	55
960	3	1	30	9691	11862	51
961	4	8	20	9704	5378	56
962	0	12	20	9717	1617	66
963	0	12	30	9730	1800	74
964	0	12	20	9743	2865	80
965	4	8	30	9756	5368	53
966	4	14	30	9769	5082	60
967	4	14	30	9782	4455	50
968	4	14	10	9795	898	51
969	0	12	20	9808	3393	71
970	0	12	15	9821	2413	54
971	0	12	20	9834	10799	60
972	4	8	20	9847	1577	65
973	3	1	20	9860	4037	59
974	0	12	15	9873	1539	55
975	0	12	15	9886	9681	74
976	0	12	15	9899	75	56
977	3	1	15	9912	1492	61
978	0	12	15	9925	3089	64
979	4	8	10	9938	4189	68
980	3	1	15	9951	7351	78
981	0	12	20	9964	624	71
982	4	8	30	9977	4642	58
983	4	8	30	10000	12705	59
984	4	14	10	10011	2193	58
985	3	1	20	10022	1144	61
986	3	1	30	10033	1367	67
987	0	12	20	10044	3783	64
988	3	1	20	10055	1935	55
989	0	12	20	10066	6382	57
990	0	12	30	10077	7156	60
991	4	14	15	10088	6686	58
992	0	12	30	10099	3378	69
993	3	1	10	10110	3144	59
994	4	8	15	10121	3578	55
995	3	1	10	10132	12572	74
996	0	12	20	10143	804	60
997	3	1	15	10154	470	79
998	0	12	10	10165	4248	53
999	4	8	30	10176	4399	67
1000	4	8	30	10187	1410	63
1001	3	1	10	10198	5538	70
1002	3	1	30	10209	7220	63
1003	4	8	10	10220	1444	63
1004	0	12	15	10231	2767	55
1005	4	8	15	10242	197	66
1006	4	8	30	10253	6597	60
1007	4	8	30	10264	4527	72
1008	4	8	15	10275	1477	62
1009	4	8	30	10286	748	67
1010	4	14	15	10297	5300	61
1011	4	8	10	10308	1623	56
1012	4	14	15	10319	4313	76
1013	4	14	20	10330	4015	73
1014	3	1	30	10341	200	58
1015	3	1	10	10352	6518	61
1016	0	12	20	10363	216	78
1017	3	1	20	10374	1875	56
1018	4	8	30	10385	11276	65
1019	4	8	10	10400	1218	69
1020	3	1	10	10410	2385	67
1021	3	1	10	10420	455	76
1022	0	12	10	10430	1359	75
1023	4	14	15	10440	2069	75
1024	0	12	20	10450	5372	61
1025	4	8	30	10460	4097	76
1026	4	14	20	10470	1800	71
1027	4	14	20	10480	6084	56
1028	4	8	15	10490	181	54
1029	4	8	10	10500	1801	61
1030	4	14	30	10510	5222	63
1031	4	8	10	10520	9535	58
1032	4	8	10	10530	4281	58
1033	3	1	15	10540	8192	78
1034	4	14	10	10550	1735	55
1035	0	12	15	10560	382	57
1036	4	8	30	10570	1477	58
1037	4	14	30	10580	1936	75
1038	0	12	15	10590	2456	53
1039	4	8	30	10600	1872	73
1040	4	8	20	10610	2326	50
1041	0	12	30	10620	3786	75
1042	4	14	15	10630	1443	52
1043	0	12	20	10640	957	68
1044	0	12	15	10650	260	77
1045	3	1	30	10660	2766	53
1046	4	14	10	10670	660	62
1047	4	8	15	10680	11037	76
1048	4	14	10	10690	2736	51
1049	4	14	10	10700	6190	75
1050	3	1	20	10710	9383	76
1051	4	8	30	10720	6596	54
1052	4	8	20	10730	748	64
1053	3	1	10	10740	1987	65
1054	3	1	20	10750	982	50
1055	4	14	20	10760	840	67
1056	4	8	30	10770	2475	76
1057	4	14	15	10780	2260	68
1058	4	8	15	10800	3320	52
1059	3	1	20	10810	7817	59
1060	3	1	30	10820	4628	76
1061	4	8	15	10830	106	54
1062	0	12	20	10840	4012	68
1063	4	14	15	10850	11683	50
1064	3	1	10	10860	2330	54
1065	3	1	15	10870	7004	52
1066	4	14	30	10880	4514	79
1067	4	8	30	10890	6219	79
1068	0	12	15	10900	1323	68
1069	3	1	20	10910	12649	50
1070	4	8	15	10920	2733	53
1071	0	12	30	10930	4421	53
1072	3	1	10	10940	9881	52
1073	4	14	10	10950	3342	73
1074	0	12	15	10960	6894	69
1075	3	1	15	10970	7263	72
1076	3	1	30	10980	6534	74
1077	4	14	20	10990	312	57
1078	3	1	10	11000	1667	79
1079	4	8	30	11010	1096	57
1080	3	1	20	11020	2683	63
1081	4	8	10	11030	2219	75
1082	4	14	20	11040	1348	55
1083	3	1	10	11050	1188	60
1084	3	1	15	11060	2453	66
1085	4	8	10	11070	10165	58
1086	0	12	15	11080	5345	74
1087	4	14	30	11090	1234	74
1088	4	14	30	11100	4235	78
1089	0	12	20	11110	709	68
1090	4	14	20	11120	3975	62
1091	4	8	15	11130	8389	70
1092	3	1	15	11140	6851	73
1093	4	8	30	11150	3670	75
1094	3	1	30	11160	4662	77
1095	4	14	15	11170	2143	76
1096	4	14	10	11180	15394	57
1097	4	14	30	11200	1765	51
1098	3	1	20	11208	5902	64
1099	3	1	30	11216	1079	74
1100	4	14	30	11224	6919	55
1101	3	1	10	11232	1806	64
1102	4	8	30	11240	4257	58
1103	4	8	15	11248	3086	51
1104	3	1	30	11256	1381	71
1105	3	1	20	11264	1073	73
1106	4	14	20	11272	8914	52
1107	4	8	20	11280	3707	72
1108	4	8	30	11288	3376	77
1109	0	12	15	11296	1915	58
1110	0	12	20	11304	1942	74
1111	4	8	15	11312	1952	68
1112	4	8	15	11320	380	70
1113	4	14	20	11328	1567	76
1114	0	12	30	11336	1845	76
1115	0	12	20	11344	1203	50
1116	3	1	20	11352	5390	80
1117	3	1	20	11360	1887	58
1118	4	8	30	11368	2675	65
1119	0	12	10	11376	2939	76
1120	4	8	30	11384	373	59
1121	0	12	10	11392	2117	55
1122	4	8	10	11400	582	51
1123	4	14	30	11408	507	80
1124	3	1	10	11416	1588	68
1125	4	14	30	11424	3848	63
1126	4	8	20	11432	7568	61
1127	0	12	15	11440	1512	58
1128	4	8	10	11448	8421	76
1129	4	8	30	11456	2088	73
1130	3	1	10	11464	7824	65
1131	4	14	10	11472	2376	73
1132	0	12	30	11480	1448	73
1133	4	14	10	11488	440	54
1134	3	1	30	11496	2158	52
1135	4	14	20	11504	535	80
1136	0	12	10	11512	5893	67
1137	4	8	10	11520	5519	54
1138	0	12	10	11528	13408	69
1139	0	12	20	11536	1009	73
1140	4	8	15	11544	117	56
1141	4	14	30	11552	571	52
1142	4	8	10	11560	4756	78
1143	3	1	15	11568	1273	69
1144	0	12	30	11600	6015	75
1145	4	8	10	11610	1117	74
1146	0	12	30	11620	6176	80
1147	4	14	20	11630	2735	77
1148	0	12	30	11640	1050	79
1149	4	8	15	11650	2237	77
1150	0	12	20	11660	4491	77
1151	4	8	20	11670	3690	79
1152	3	1	30	11680	8133	66
1153	3	1	20	11690	1155	69
1154	4	8	10	11700	637	65
1155	3	1	30	11710	2122	80
1156	0	12	10	11720	1034	62
1157	4	8	10	11730	3069	58
1158	3	1	15	11740	942	63
1159	3	1	10	11750	4486	58
1160	4	8	10	11760	1951	62
1161	3	1	10	11770	3445	74
1162	0	12	15	11780	5178	76
1163	0	12	30	11790	712	53
1164	3	1	10	11800	2952	74
1165	0	12	20	11810	11040	51
1166	0	12	15	11820	343	76
1167	4	8	15	11830	17201	66
1168	4	8	20	11840	9510	73
1169	0	12	15	11850	1120	77
1170	0	12	15	11860	2685	63
1171	0	12	20	11870	19171	76
1172	3	1	15	11880	2118	69
1173	0	12	10	11890	1229	72
1174	3	1	20	11900	2704	69
1175	4	8	30	11910	12509	56
1176	3	1	30	11920	5028	58
1177	3	1	20	11930	7950	63
1178	3	1	30	11940	1671	55
1179	4	8	30	11950	351	75
1180	4	14	30	11960	7121	63
1181	3	1	30	12000	1747	64
1182	4	14	15	12012	350	60
1183	4	14	30	12024	2389	79
1184	0	12	15	12036	5269	76
1185	0	12	20	12048	1183	66
1186	0	12	15	12060	3459	56
1187	3	1	15	12072	217	54
1188	3	1	10	12084	12580	70
1189	4	14	30	12096	21	52
1190	4	14	15	12108	9111	67
1191	4	14	10	12120	1071	58
1192	4	14	30	12132	3092	71
1193	4	8	10	12144	1374	60
1194	3	1	20	12156	7257	61
1195	3	1	10	12168	2402	62
1196	4	14	20	12180	2090	56
1197	0	12	10	12192	3039	74
1198	0	12	10	12204	5556	75
1199	4	14	10	12216	7355	73
1200	4	8	30	12228	703	79
1201	4	14	20	12240	6438	64
1202	4	8	30	12252	3548	53
1203	0	12	20	12264	17263	51
1204	4	8	30	12276	11219	64
1205	4	14	10	12288	4594	51
1206	4	14	10	12300	850	60
1207	4	8	20	12312	3710	75
1208	4	14	30	12324	5700	80
1209	4	14	10	12336	848	58
1210	0	12	30	12348	4765	72
1211	3	1	15	12360	1815	80
1212	3	1	10	12372	864	53
1213	4	8	15	12400	537	69
1214	4	14	10	12410	7401	75
1215	4	14	15	12420	130	79
1216	4	14	20	12430	2720	64
1217	0	12	20	12440	1293	78
1218	0	12	20	12450	2256	58
1219	4	8	20	12460	1236	58
1220	4	14	15	12470	1771	76
1221	4	8	30	12480	119	71
1222	3	1	15	12490	119	76
1223	3	1	30	12500	9287	71
1224	4	8	30	12510	1703	59
1225	0	12	15	12520	1171	54
1226	4	8	20	12530	2414	54
1227	0	12	15	12540	513	58
1228	3	1	20	12550	2231	60
1229	4	14	20	12560	163	56
1230	3	1	15	12570	3186	50
1231	3	1	30	12580	809	65
1232	4	8	15	12590	476	69
1233	3	1	30	12600	2776	62
1234	4	14	10	12610	10246	76
1235	4	14	15	12620	127	80
1236	0	12	30	12630	5805	60
1237	4	14	30	12640	409	58
1238	3	1	30	12650	2855	65
1239	0	12	10	12660	201	74
1240	4	8	20	12670	267	56
1241	4	14	20	12680	14656	62
1242	4	14	20	12690	1389	54
1243	4	14	30	12700	5805	62
1244	4	14	30	12710	1479	61
1245	4	8	30	12720	3042	67
1246	0	12	30	12730	166	55
1247	4	8	15	12740	2128	52
1248	3	1	30	12750	2376	66
1249	4	14	10	12760	6536	63
1250	4	14	15	12770	12681	78
1251	3	1	10	12780	560	59
1252	0	12	15	12800	426	65
1253	4	14	20	12809	2652	66
1254	0	12	30	12818	2640	78
1255	4	14	30	12827	565	57
1256	0	12	15	12836	5888	68
1257	4	14	10	12845	4636	63
1258	3	1	20	12854	4084	73
1259	0	12	20	12863	4627	59
1260	3	1	15	12872	1044	78
1261	4	14	20	12881	294	51
1262	4	14	30	12890	779	64
1263	4	14	15	12899	5084	73
1264	0	12	30	12908	4110	57
1265	4	8	10	12917	2877	57
1266	0	12	30	12926	1164	61
1267	0	12	15	12935	4734	71
1268	4	8	15	12944	907	73
1269	4	14	30	12953	6673	76
1270	3	1	20	12962	1239	68
1271	4	14	30	12971	2017	56
1272	3	1	20	12980	5809	62
1273	4	14	15	12989	1924	64
1274	0	12	30	12998	899	52
1275	0	12	30	13007	1934	63
1276	3	1	15	13016	5328	67
1277	4	14	15	13025	1224	64
1278	4	14	30	13034	3593	60
1279	0	12	30	13043	6731	72
1280	0	12	15	13052	959	80
1281	4	14	15	13061	165	52
1282	3	1	15	13070	4464	73
1283	4	14	15	13079	3898	78
1284	4	14	10	13088	342	58
1285	4	14	15	13097	2167	72
1286	4	8	15	13106	342	80
1287	3	1	20	13115	3949	52
1288	3	1	30	13124	69	65
1289	0	12	10	13133	6260	69
1290	4	14	30	13142	1208	61
1291	4	8	20	13151	331	77
1292	0	12	15	13160	2446	66
1293	4	8	15	13169	6965	56
1294	3	1	30	13200	6847	77
1295	3	1	30	13212	20155	54
1296	0	12	20	13224	6385	79
1297	4	14	10	13236	3412	61
1298	3	1	10	13248	527	54
1299	4	8	30	13260	6362	53
1300	0	12	10	13272	1314	56
1301	0	12	15	13284	1703	64
1302	0	12	30	13296	941	59
1303	4	14	10	13308	4047	70
1304	0	12	20	13320	3092	75
1305	0	12	20	13332	3300	72
1306	0	12	15	13344	1815	77
1307	0	12	10	13356	5081	50
1308	4	14	30	13368	1333	63
1309	4	14	10	13380	420	64
1310	0	12	20	13392	2015	71
1311	4	8	30	13404	2827	54
1312	4	14	15	13416	392	52
1313	3	1	20	13428	6987	50
1314	0	12	10	13440	2556	59
1315	3	1	30	13452	838	75
1316	0	12	10	13464	2034	58
1317	4	14	15	13476	3232	66
1318	4	14	10	13488	4059	64
1319	0	12	20	13500	1013	66
1320	4	14	30	13512	2254	58
1321	3	1	10	13524	3924	59
1322	4	8	15	13536	4515	55
1323	0	12	15	13548	2124	54
1324	4	14	30	13560	3199	65
1325	4	8	30	13572	827	71
1326	3	1	20	13600	11166	71
1327	0	12	10	13610	11338	56
1328	4	8	15	13620	3306	68
1329	4	8	30	13630	931	78
1330	0	12	10	13640	3528	65
1331	4	14	10	13650	707	55
1332	0	12	15	13660	603	60
1333	4	8	10	13670	6370	56
1334	4	14	30	13680	3055	66
1335	0	12	10	13690	8051	65
1336	4	14	15	13700	7106	73
1337	4	14	15	13710	146	52
1338	3	1	30	13720	352	52
1339	4	14	15	13730	2936	67
1340	4	14	30	13740	219	76
1341	4	8	10	13750	1803	79
1342	3	1	30	13760	1686	69
1343	4	14	30	13770	9979	51
1344	0	12	20	13780	2010	79
1345	3	1	30	13790	5610	56
1346	4	8	15	13800	17079	75
1347	3	1	20	13810	3996	66
1348	4	8	10	13820	1738	77
1349	4	14	30	13830	3979	51
1350	4	8	20	13840	3614	77
1351	0	12	10	13850	1113	62
1352	4	14	10	13860	11016	78
1353	4	8	20	13870	9203	68
1354	4	8	30	13880	1818	76
1355	3	1	30	13890	4256	78
1356	4	14	30	13900	4438	59
1357	4	14	20	13910	6392	54
1358	4	14	10	13920	359	55
1359	4	14	30	13930	1731	54
1360	4	8	10	13940	3904	51
1361	0	12	10	13950	2203	70
1362	4	14	20	13960	682	63
1363	4	8	30	13970	314	66
1364	4	14	30	14000	2883	79
1365	0	12	15	14010	1064	65
1366	0	12	20	14020	1826	74
1367	3	1	15	14030	1408	77
1368	3	1	30	14040	1378	64
1369	4	14	10	14050	3724	75
1370	3	1	20	14060	1775	52
1371	4	8	30	14070	1801	55
1372	4	8	20	14080	2539	64
1373	0	12	20	14090	499	78
1374	4	8	20	14100	746	71
1375	3	1	20	14110	281	59
1376	4	14	15	14120	1319	70
1377	3	1	20	14130	5692	54
1378	0	12	20	14140	68	56
1379	4	8	30	14150	6369	58
1380	4	14	15	14160	897	77
1381	0	12	30	14170	1466	55
1382	3	1	10	14180	3554	59
1383	4	8	20	14190	10763	66
1384	0	12	10	14200	3796	51
1385	0	12	30	14210	1680	53
1386	0	12	10	14220	1023	58
1387	3	1	30	14230	1099	72
1388	4	14	10	14240	2257	61
1389	0	12	10	14250	8453	69
1390	4	8	10	14260	873	56
1391	0	12	20	14270	134	68
1392	4	14	10	14280	11992	78
1393	4	14	30	14290	5279	78
1394	3	1	15	14300	9088	66
1395	4	14	20	14310	3975	55
1396	4	8	20	14320	923	65
1397	4	8	30	14330	1249	53
1398	4	14	30	14340	2068	52
1399	4	14	10	14350	704	63
1400	4	8	15	14360	1960	62
1401	4	14	10	14370	4673	78
1402	4	14	30	14400	1663	51
1403	4	8	10	14408	5490	52
1404	4	8	15	14416	1269	80
1405	4	14	30	14424	1056	71
1406	3	1	15	14432	5931	78
1407	4	14	15	14440	6835	80
1408	0	12	30	14448	5229	78
1409	4	14	10	14456	1411	66
1410	4	14	20	14464	1872	57
1411	4	8	15	14472	9686	54
1412	3	1	10	14480	6071	79
1413	4	8	15	14488	1365	78
1414	4	14	15	14496	652	57
1415	0	12	10	14504	1521	76
1416	4	8	10	14512	7201	60
1417	4	8	10	14520	1017	78
1418	4	8	30	14528	2485	65
1419	4	14	10	14536	748	76
1420	0	12	15	14544	31	57
1421	3	1	20	14552	540	52
1422	3	1	10	14560	8028	65
1423	4	8	20	14568	2126	76
1424	3	1	10	14576	2108	68
1425	3	1	30	14584	1574	64
1426	4	8	30	14592	2127	58
1427	4	8	30	14600	5345	66
1428	3	1	15	14608	996	61
1429	3	1	10	14616	3110	66
1430	0	12	10	14624	7919	75
1431	3	1	15	14632	51	67
1432	3	1	20	14640	1755	51
1433	4	8	15	14648	7735	74
1434	0	12	20	14656	2104	76
1435	0	12	15	14664	2868	79
1436	0	12	30	14672	13598	53
1437	4	8	30	14680	7386	57
1438	0	12	10	14688	4318	67
1439	0	12	15	14696	1916	60
1440	4	8	15	14704	3375	55
1441	4	8	30	14712	2089	58
1442	3	1	10	14720	2860	75
1443	0	12	10	14728	575	75
1444	4	8	20	14736	2814	61
1445	0	12	20	14744	1341	51
1446	4	8	20	14752	1162	70
1447	3	1	20	14760	4325	80
1448	0	12	20	14800	3492	71
1449	4	8	10	14810	3475	70
1450	4	8	15	14820	6341	75
1451	0	12	15	14830	15952	68
1452	4	14	10	14840	6552	69
1453	0	12	30	14850	1061	57
1454	3	1	30	14860	667	55
1455	4	14	20	14870	1210	60
1456	4	8	10	14880	6937	63
1457	4	8	10	14890	10518	56
1458	4	14	10	14900	1642	64
1459	3	1	20	14910	11714	65
1460	4	8	30	14920	6851	63
1461	4	8	20	14930	146	61
1462	0	12	30	14940	3649	69
1463	4	8	20	14950	838	62
1464	3	1	10	14960	2286	72
1465	4	8	10	14970	1792	71
1466	3	1	20	14980	3247	53
1467	4	8	20	14990	10382	55
1468	0	12	30	15000	8486	51
1469	4	14	30	15010	4071	58
1470	0	12	10	15020	1721	73
1471	0	12	15	15030	19598	53
1472	4	8	30	15040	3323	61
1473	0	12	15	15050	342	54
1474	4	8	20	15060	3673	70
1475	4	14	15	15070	3674	80
1476	4	14	20	15080	3822	58
1477	4	8	10	15090	5262	71
1478	0	12	10	15100	9505	64
1479	3	1	15	15110	533	66
1480	0	12	10	15120	303	75
1481	4	14	10	15130	5572	58
1482	4	8	10	15140	672	76
1483	0	12	15	15150	4085	72
1484	0	12	20	15160	5471	72
1485	0	12	20	15200	8496	57
1486	3	1	10	15211	927	78
1487	4	8	30	15222	521	74
1488	3	1	15	15233	4839	69
1489	4	8	30	15244	640	65
1490	4	14	15	15255	4662	66
1491	4	14	30	15266	157	78
1492	4	8	30	15277	2815	73
1493	4	8	20	15288	5004	51
1494	4	14	20	15299	3293	78
1495	0	12	30	15310	3054	75
1496	0	12	30	15321	6611	70
1497	0	12	15	15332	1553	63
1498	3	1	30	15343	4795	53
1499	4	14	15	15354	622	71
1500	4	8	10	15365	5221	79
1501	0	12	30	15376	1582	65
1502	3	1	30	15387	6068	79
1503	0	12	20	15398	11507	62
1504	4	8	30	15409	1050	78
1505	4	8	10	15420	6489	71
1506	4	14	15	15431	2159	56
1507	4	14	30	15442	5143	64
1508	3	1	15	15453	4001	68
1509	4	14	20	15464	3218	55
1510	4	14	10	15475	4150	52
1511	4	14	10	15486	385	73
1512	0	12	10	15497	84	73
1513	0	12	20	15508	952	78
1514	3	1	15	15519	8266	70
1515	3	1	20	15530	281	54
1516	4	14	15	15541	8515	66
1517	4	14	20	15552	12728	77
1518	0	12	10	15563	2345	70
1519	3	1	15	15574	3238	65
1520	4	14	10	15600	669	73
1521	4	8	30	15610	2274	59
1522	3	1	10	15620	1012	67
1523	3	1	30	15630	5270	66
1524	4	14	20	15640	12011	73
1525	0	12	15	15650	1489	76
1526	3	1	20	15660	2671	60
1527	4	14	15	15670	7601	59
1528	4	8	30	15680	2943	57
1529	4	8	30	15690	276	75
1530	4	14	15	15700	6288	60
1531	4	14	15	15710	1390	75
1532	4	14	10	15720	135	67
1533	4	8	20	15730	5759	74
1534	4	8	15	15740	2016	68
1535	0	12	10	15750	5486	60
1536	0	12	15	15760	14168	60
1537	0	12	20	15770	948	63
1538	4	14	15	15780	2103	74
1539	3	1	15	15790	11441	50
1540	0	12	10	15800	2489	50
1541	4	14	15	15810	2641	64
1542	3	1	20	15820	2693	55
1543	4	14	30	15830	645	63
1544	3	1	30	15840	2790	63
1545	4	14	15	15850	3630	74
1546	3	1	20	15860	72	54
1547	0	12	10	15870	1389	75
1548	4	14	15	15880	7340	61
1549	4	8	10	15890	2718	73
1550	0	12	15	15900	4234	58
1551	0	12	15	15910	7588	73
1552	4	14	10	15920	8419	73
1553	4	14	20	15930	619	68
1554	0	12	15	15940	18358	78
1555	4	14	10	15950	1399	69
1556	4	8	30	15960	435	79
1557	4	14	10	15970	198	62
1558	4	8	30	15980	20043	70
1559	0	12	15	16000	10098	52
1560	4	14	20	16010	1515	61
1561	4	14	10	16020	3345	78
1562	4	8	10	16030	905	57
1563	0	12	15	16040	3334	73
1564	4	14	10	16050	5715	76
1565	0	12	20	16060	1736	57
1566	0	12	30	16070	241	55
1567	4	14	15	16080	1192	79
1568	4	14	15	16090	6771	60
1569	3	1	10	16100	543	60
1570	4	8	15	16110	407	75
1571	3	1	30	16120	4433	52
1572	0	12	10	16130	3189	53
1573	3	1	20	16140	2780	70
1574	4	8	15	16150	384	65
1575	4	14	30	16160	4444	59
1576	3	1	15	16170	11505	54
1577	4	14	15	16180	310	53
1578	0	12	10	16190	1045	53
1579	4	14	15	16200	1746	79
1580	3	1	20	16210	1387	71
1581	4	8	15	16220	861	65
1582	0	12	10	16230	40	78
1583	0	12	20	16240	112	64
1584	4	8	15	16250	2135	67
1585	4	14	30	16260	11414	67
1586	4	14	10	16270	2147	52
1587	4	14	20	16280	8816	80
1588	0	12	15	16290	5935	77
1589	4	8	10	16300	424	80
1590	4	14	15	16310	4121	62
1591	0	12	10	16320	10233	79
1592	4	14	20	16330	982	74
1593	4	14	30	16340	2686	72
1594	4	14	30	16350	3948	70
1595	4	8	10	16360	9076	53
1596	4	8	10	16370	1318	56
1597	4	8	10	16400	10334	62
1598	4	14	20	16408	1967	67
1599	3	1	10	16416	650	55
1600	4	14	15	16424	3088	69
1601	3	1	15	16432	5712	56
1602	4	8	20	16440	2596	65
1603	4	8	15	16448	4997	51
1604	4	14	30	16456	2018	79
1605	4	8	15	16464	16326	55
1606	0	12	10	16472	1429	70
1607	4	8	15	16480	1894	52
1608	3	1	10	16488	213	53
1609	4	8	20	16496	1537	68
1610	0	12	30	16504	1732	65
1611	4	8	20	16512	115	75
1612	4	14	30	16520	6826	58
1613	4	8	20	16528	4080	71
1614	4	8	20	16536	3943	62
1615	3	1	10	16544	519	76
1616	4	14	30	16552	3252	80
1617	4	8	15	16560	768	73
1618	4	14	30	16568	658	56
1619	0	12	10	16576	6815	58
1620	0	12	15	16584	11036	54
1621	0	12	15	16592	740	56
1622	4	14	10	16600	2650	52
1623	3	1	10	16608	5025	60
1624	3	1	20	16616	2646	78
1625	0	12	10	16624	766	77
1626	3	1	15	16632	2406	59
1627	0	12	15	16640	249	61
1628	3	1	30	16648	8273	50
1629	0	12	10	16656	868	61
1630	4	8	20	16664	1977	52
1631	0	12	10	16672	77	72
1632	4	14	20	16680	4634	67
1633	4	8	30	16688	332	78
1634	0	12	30	16696	6769	60
1635	4	14	15	16704	3044	64
1636	0	12	20	16712	5038	50
1637	4	14	30	16720	1408	77
1638	0	12	30	16728	3993	66
1639	4	14	10	16736	2252	61
1640	3	1	30	16744	4107	78
1641	4	8	20	16752	156	80
1642	4	8	15	16760	7275	76
1643	4	14	20	16768	2421	58
1644	0	12	15	16776	5530	64
1645	4	8	30	16800	3814	68
1646	4	8	15	16812	439	70
1647	3	1	30	16824	3453	52
1648	4	8	10	16836	7929	60
1649	4	8	20	16848	2817	75
1650	3	1	10	16860	1662	53
1651	4	14	30	16872	447	64
1652	3	1	10	16884	5925	56
1653	4	14	15	16896	3380	58
1654	4	8	20	16908	960	50
1655	4	14	10	16920	1841	62
1656	4	14	15	16932	1290	53
1657	4	14	20	16944	5744	54
1658	3	1	20	16956	1042	54
1659	3	1	20	16968	1003	51
1660	4	14	10	16980	3028	77
1661	4	14	30	16992	1098	58
1662	3	1	20	17004	2801	52
1663	4	8	10	17016	7773	72
1664	4	14	10	17028	10579	65
1665	0	12	30	17040	1616	74
1666	4	8	30	17052	1676	57
1667	4	8	30	17064	5367	61
1668	0	12	20	17076	6939	61
1669	3	1	15	17088	395	78
1670	4	8	15	17100	2080	75
1671	4	14	10	17112	1203	53
1672	4	8	15	17124	3134	56
1673	0	12	30	17136	5109	76
1674	3	1	15	17148	775	61
1675	3	1	30	17160	9145	55
1676	3	1	30	17172	1608	60
1677	0	12	15	17200	123	75
1678	4	8	30	17211	13554	76
1679	4	8	20	17222	8139	60
1680	4	14	20	17233	291	57
1681	0	12	15	17244	8280	56
1682	3	1	10	17255	883	51
1683	4	8	10	17266	1835	55
1684	4	8	10	17277	7725	57
1685	3	1	30	17288	1337	69
1686	3	1	10	17299	1132	65
1687	0	12	10	17310	491	59
1688	0	12	15	17321	8051	77
1689	0	12	30	17332	2368	78
1690	0	12	10	17343	1188	61
1691	4	8	10	17354	12325	76
1692	4	8	10	17365	279	72
1693	3	1	10	17376	2107	65
1694	0	12	30	17387	9193	65
1695	3	1	30	17398	2054	69
1696	3	1	10	17409	3060	78
1697	4	14	15	17420	15855	53
1698	4	14	20	17431	2979	73
1699	0	12	15	17442	2155	71
1700	4	14	10	17453	1271	60
1701	4	14	15	17464	1819	59
1702	4	8	10	17475	5621	71
1703	4	14	30	17486	5847	63
1704	4	14	10	17497	421	80
1705	3	1	30	17508	334	50
1706	3	1	15	17519	3308	57
1707	3	1	10	17530	211	61
1708	4	8	10	17541	2005	77
1709	3	1	30	17552	1513	76
1710	4	8	10	17563	154	52
1711	4	14	30	17600	1126	59
1712	4	8	20	17612	6356	58
1713	4	8	30	17624	1785	74
1714	3	1	30	17636	658	75
1715	4	14	30	17648	4282	70
1716	4	8	30	17660	171	57
1717	0	12	15	17672	582	77
1718	0	12	10	17684	6	65
1719	4	8	10	17696	4140	77
1720	4	8	20	17708	359	58
1721	4	8	20	17720	1029	79
1722	4	8	20	17732	8231	64
1723	0	12	30	17744	1890	64
1724	4	8	15	17756	7254	67
1725	0	12	15	17768	2401	80
1726	3	1	30	17780	854	61
1727	3	1	10	17792	573	72
1728	4	14	10	17804	6896	60
1729	4	14	15	17816	5957	72
1730	4	14	20	17828	1808	57
1731	3	1	20	17840	1723	57
1732	0	12	30	17852	2814	51
1733	4	8	15	17864	3190	55
1734	4	8	20	17876	3635	80
1735	0	12	15	17888	4880	79
1736	3	1	10	17900	507	65
1737	4	14	10	17912	2248	68
1738	3	1	30	17924	1247	56
1739	3	1	10	17936	5962	57
1740	4	14	15	17948	5113	62
1741	4	14	30	17960	867	54
1742	4	14	10	17972	5108	62
1743	4	8	15	17984	3205	50
1744	4	14	30	18000	2103	76
1745	4	8	10	18009	47	51
1746	4	14	20	18018	688	67
1747	4	14	15	18027	4915	79
1748	4	14	15	18036	1192	70
1749	4	8	10	18045	1110	75
1750	4	8	10	18054	1783	62
1751	3	1	20	18063	2037	50
1752	4	14	10	18072	15504	69
1753	3	1	15	18081	8492	77
1754	3	1	30	18090	1606	63
1755	3	1	15	18099	185	62
1756	4	8	20	18108	2718	75
1757	4	8	15	18117	1899	57
1758	4	8	20	18126	10710	77
1759	3	1	30	18135	4184	50
1760	0	12	10	18144	8754	70
1761	0	12	10	18153	2241	65
1762	3	1	10	18162	1044	50
1763	4	8	20	18171	3869	55
1764	3	1	10	18180	12099	69
1765	3	1	15	18189	4656	75
1766	3	1	10	18198	5391	58
1767	0	12	10	18207	1131	53
1768	4	14	10	18216	5758	75
1769	3	1	20	18225	2368	77
1770	4	8	20	18234	3089	54
1771	4	8	20	18243	3787	69
1772	3	1	15	18252	8089	71
1773	4	8	30	18261	1029	58
1774	3	1	20	18270	10274	64
1775	3	1	30	18279	8861	53
1776	4	8	20	18288	2818	67
1777	0	12	10	18297	1548	63
1778	0	12	10	18306	13720	68
1779	0	12	10	18315	6975	65
1780	4	8	30	18324	1387	62
1781	3	1	20	18333	2654	63
1782	4	14	30	18342	8343	52
1783	3	1	30	18351	3463	66
1784	4	8	15	18360	2143	60
1785	4	8	10	18400	13349	56
1786	4	14	15	18409	1853	69
1787	4	8	15	18418	3921	55
1788	3	1	20	18427	988	72
1789	3	1	15	18436	3209	68
1790	3	1	20	18445	951	53
1791	0	12	30	18454	5403	58
1792	3	1	20	18463	2761	72
1793	0	12	10	18472	3861	56
1794	3	1	10	18481	8716	67
1795	4	14	15	18490	1384	78
1796	0	12	30	18499	13448	54
1797	4	8	15	18508	427	57
1798	3	1	10	18517	3663	62
1799	4	8	15	18526	5109	50
1800	3	1	10	18535	1267	74
1801	4	14	15	18544	9717	63
1802	0	12	10	18553	11554	54
1803	4	8	20	18562	6663	73
1804	4	14	15	18571	4874	71
1805	0	12	15	18580	5507	73
1806	4	14	10	18589	3033	60
1807	3	1	15	18598	5582	61
1808	0	12	20	18607	12584	63
1809	0	12	30	18616	2318	59
1810	4	8	30	18625	3103	75
1811	4	8	20	18634	755	61
1812	4	8	15	18643	2113	70
1813	0	12	15	18652	448	61
1814	4	8	10	18661	1757	68
1815	4	8	15	18670	2063	57
1816	0	12	10	18679	3222	62
1817	4	14	10	18688	4204	65
1818	0	12	10	18697	918	75
1819	0	12	10	18706	17359	62
1820	4	14	30	18715	1524	56
1821	4	8	30	18724	490	53
1822	4	8	20	18733	111	62
1823	0	12	30	18742	949	56
1824	4	14	30	18751	1072	74
1825	0	12	30	18760	6379	77
1826	4	14	30	18769	481	78
1827	3	1	15	18778	1142	65
1828	3	1	30	18800	1662	71
1829	3	1	15	18814	3986	66
1830	4	8	10	18828	10389	80
1831	4	14	10	18842	2072	60
1832	4	8	30	18856	5107	51
1833	4	14	20	18870	1131	67
1834	3	1	10	18884	3226	72
1835	4	8	15	18898	1920	79
1836	3	1	20	18912	3111	59
1837	3	1	15	18926	268	59
1838	3	1	20	18940	8315	75
1839	4	8	10	18954	4400	68
1840	3	1	30	18968	2269	76
1841	0	12	10	18982	3854	58
1842	0	12	20	18996	4408	72
1843	3	1	20	19010	6039	62
1844	4	8	15	19024	48	73
1845	4	8	10	19038	161	72
1846	3	1	20	19052	1605	69
1847	4	8	15	19066	1994	61
1848	3	1	30	19080	1224	68
1849	4	8	20	19094	2645	60
1850	3	1	10	19108	5377	65
1851	0	12	20	19122	1512	69
1852	4	8	10	19136	9061	62
1853	4	8	10	19150	3796	80
1854	4	8	20	19164	2072	75
1855	4	8	15	19178	679	70
1856	4	8	30	19200	8633	51
1857	4	14	10	19210	5283	78
1858	4	8	20	19220	3429	80
1859	4	14	20	19230	9512	75
1860	0	12	15	19240	4023	76
1861	4	8	20	19250	1331	76
1862	4	14	15	19260	2125	70
1863	4	8	15	19270	1578	77
1864	3	1	30	19280	2888	60
1865	4	8	20	19290	581	65
1866	4	14	20	19300	2399	59
1867	3	1	20	19310	717	52
1868	3	1	15	19320	3216	69
1869	4	14	20	19330	14639	70
1870	4	14	30	19340	7931	79
1871	3	1	30	19350	2680	53
1872	4	8	20	19360	5975	70
1873	3	1	10	19370	3088	56
1874	3	1	15	19380	3230	67
1875	3	1	20	19390	4794	78
1876	0	12	10	19400	2373	61
1877	3	1	30	19410	1141	80
1878	4	14	15	19420	888	63
1879	4	8	30	19430	870	51
1880	3	1	15	19440	2513	58
1881	4	8	20	19450	5103	66
1882	4	14	15	19460	16763	77
1883	4	8	10	19470	7757	60
1884	0	12	15	19480	8886	51
1885	0	12	15	19490	3773	60
1886	3	1	30	19500	2838	78
1887	0	12	30	19510	457	52
1888	4	8	30	19520	7380	73
1889	0	12	30	19530	2026	51
1890	4	14	20	19540	2747	78
1891	3	1	15	19550	6591	61
1892	0	12	20	19560	2685	59
1893	4	14	30	19570	13726	50
1894	0	12	20	19580	133	73
1895	4	8	10	19590	649	80
1896	4	8	20	19600	924	68
1897	3	1	15	19610	1672	76
1898	4	14	30	19620	1230	52
1899	0	12	30	19630	8376	58
1900	3	1	20	19640	3551	62
1901	0	12	30	19650	728	66
1902	4	14	30	19660	7332	73
1903	3	1	15	19670	1366	79
1904	4	8	20	19680	3886	62
1905	4	14	10	19690	1155	62
1906	4	14	30	19700	3100	80
1907	3	1	10	19710	1774	55
1908	4	14	20	19720	242	63
1909	4	14	30	19730	4895	77
1910	0	12	10	19740	4933	59
1911	4	14	30	19750	4044	51
1912	0	12	20	19760	3053	64
1913	4	14	30	19770	1912	79
1914	4	8	10	19780	2324	66
1915	4	14	20	19790	9787	59
1916	4	8	10	19800	1416	80
1917	4	8	10	19810	3247	60
1918	4	8	10	19820	2280	76
1919	3	1	20	19830	9358	80
1920	4	14	30	19840	3945	67
1921	4	14	20	19850	1679	57
1922	0	12	20	19860	1555	60
1923	4	8	15	19870	673	67
1924	4	14	30	19880	2596	73
1925	0	12	15	19890	225	67
1926	4	8	15	19900	29365	74
1927	4	8	20	19910	6597	69
1928	3	1	20	19920	2813	64
1929	4	8	10	19930	2071	67
1930	4	8	30	19940	2709	60
1931	4	8	30	19950	447	65
1932	4	14	10	19960	16430	77
1933	3	1	20	19970	1556	54
1934	4	14	15	19980	3738	69
1935	4	8	15	19990	1427	72
1936	3	1	20	20000	8505	74
1937	0	12	10	20009	4756	79
1938	4	14	20	20018	1069	79
1939	0	12	10	20027	4094	69
1940	0	12	15	20036	295	61
1941	4	14	30	20045	649	73
1942	0	12	10	20054	202	69
1943	4	8	30	20063	585	76
1944	0	12	20	20072	4668	73
1945	0	12	30	20081	7883	76
1946	3	1	30	20090	1278	77
1947	4	8	20	20099	461	61
1948	3	1	30	20108	2993	65
1949	4	8	30	20117	508	63
1950	4	14	30	20126	7633	50
1951	4	14	20	20135	4202	58
1952	4	8	15	20144	9508	50
1953	4	8	15	20153	1792	53
1954	4	8	10	20162	1149	72
1955	4	14	30	20171	1126	55
1956	4	14	10	20180	7439	56
1957	4	8	15	20189	4621	55
1958	4	14	15	20198	6682	56
1959	4	8	10	20207	3345	75
1960	3	1	20	20216	1158	68
1961	3	1	15	20225	5260	61
1962	0	12	15	20234	7672	72
1963	3	1	20	20243	4253	77
1964	3	1	10	20252	962	67
1965	4	14	10	20261	3694	75
1966	4	14	30	20270	4229	54
1967	4	8	30	20279	950	60
1968	4	14	20	20288	5929	59
1969	4	14	30	20297	606	75
1970	0	12	30	20306	132	65
1971	0	12	30	20315	3692	50
1972	3	1	20	20324	1550	61
1973	0	12	30	20333	6317	56
1974	3	1	10	20342	7144	69
1975	0	12	30	20351	2593	75
1976	3	1	20	20360	1390	68
1977	4	14	30	20369	823	64
1978	4	8	20	20378	2511	75
1979	4	14	10	20387	3836	77
1980	4	8	20	20400	6076	71
1981	0	12	30	20420	8844	63
1982	3	1	30	20440	1319	54
1983	4	8	20	20460	1948	50
1984	4	8	10	20480	3216	66
1985	4	8	15	20500	7374	52
1986	0	12	20	20520	885	64
1987	3	1	30	20540	3895	74
1988	4	8	20	20560	301	63
1989	0	12	15	20580	1795	64
1990	4	8	15	20600	2433	65
1991	0	12	10	20620	871	69
1992	4	8	30	20640	8603	73
1993	4	8	15	20660	4409	53
1994	3	1	20	20680	1971	50
1995	3	1	10	20700	1660	50
1996	3	1	20	20720	1408	50
1997	3	1	20	20740	2007	73
1998	4	14	30	20760	10216	58
1999	4	8	20	20780	359	78
