0	3	1	10	0	790	100
1	4	8	30	11	2035	80
2	0	12	30	22	4282	95
3	4	14	30	33	6201	83
4	4	8	30	44	845	96
5	4	14	15	55	1695	96
6	4	14	30	66	1030	85
7	3	1	30	77	10240	93
8	0	12	10	88	1443	91
9	4	14	20	99	1064	100
10	4	8	10	110	6608	89
11	4	14	20	121	653	85
12	0	12	10	132	4129	98
13	4	8	15	143	3798	97
14	4	14	20	154	6052	94
15	3	1	10	165	1755	91
16	4	14	10	176	201	91
17	0	12	10	187	172	96
18	3	1	15	198	742	84
19	0	12	20	209	3915	83
20	3	1	30	220	1647	98
21	4	14	20	231	14281	84
22	4	8	20	242	11837	95
23	4	8	20	253	6091	95
24	0	12	10	264	1512	100
25	4	14	30	275	759	86
26	4	8	30	286	2822	87
27	0	12	10	297	3069	80
28	3	1	15	308	6073	96
29	0	12	20	319	4712	89
30	4	14	20	330	4200	97
31	4	14	30	341	405	84
32	4	14	20	352	1565	98
33	0	12	30	363	2290	81
34	3	1	30	374	1164	84
35	4	14	15	400	11159	87
36	0	12	20	410	478	88
37	4	14	15	420	1612	82
38	3	1	15	430	1238	89
39	0	12	20	440	6372	94
40	0	12	10	450	4734	87
41	3	1	30	460	1510	94
42	4	8	10	470	2420	85
43	3	1	15	480	2322	90
44	0	12	10	490	12705	88
45	4	8	30	500	837	95
46	0	12	10	510	451	91
47	4	14	15	520	2195	96
48	4	8	20	530	561	82
49	4	14	15	540	4009	99
50	4	8	15	550	5157	84
51	4	8	15	560	7626	84
52	4	8	20	570	438	90
53	0	12	10	580	4666	98
54	3	1	15	590	1129	88
55	3	1	20	600	930	95
56	0	12	15	610	2396	86
57	4	14	10	620	8328	80
58	4	14	20	630	2561	84
59	3	1	10	640	71	90
60	3	1	20	650	7312	88
61	3	1	20	660	4701	84
62	0	12	15	670	611	97
63	0	12	20	680	3773	82
64	0	12	10	690	3503	82
65	4	8	15	700	4979	85
66	4	14	30	710	7013	87
67	0	12	15	720	932	97
68	4	14	15	730	1789	92
69	4	14	15	740	7360	87
70	4	8	20	750	1111	83
71	4	14	30	760	5054	88
72	3	1	20	770	5986	86
73	4	8	20	780	1864	91
74	4	14	15	800	10661	97
75	0	12	30	808	93	83
76	4	8	15	816	2918	100
77	4	14	15	824	2834	85
78	0	12	20	832	6941	86
79	4	14	15	840	538	84
80	4	14	20	848	273	95
81	4	8	15	856	350	92
82	4	14	15	864	2075	99
83	3	1	10	872	640	97
84	3	1	15	880	13721	84
85	4	8	10	888	6411	92
86	3	1	15	896	19621	95
87	4	14	15	904	4035	100
88	4	8	15	912	843	93
89	4	14	15	920	184	90
90	4	14	30	928	2676	81
91	4	8	15	936	1083	87
92	0	12	20	944	7831	99
93	4	14	10	952	1143	100
94	3	1	10	960	12625	86
95	4	8	15	968	10	83
96	4	8	20	976	758	98
97	4	8	20	984	7413	83
98	4	8	15	992	7777	87
99	4	14	30	1000	1130	83
100	4	8	30	1008	1798	87
101	4	14	20	1016	9164	95
102	0	12	10	1024	255	84
103	4	8	15	1032	1368	95
104	3	1	30	1040	1979	96
105	4	8	20	1048	28	96
106	4	14	20	1056	313	99
107	0	12	30	1064	5253	100
108	4	8	20	1072	5677	81
109	3	1	20	1080	1008	85
110	4	8	10	1088	4679	96
111	0	12	10	1096	11456	80
112	3	1	20	1104	212	94
113	0	12	15	1112	1704	80
114	3	1	15	1120	12104	95
115	4	8	10	1128	5633	97
116	4	14	15	1136	1350	85
117	3	1	10	1144	20393	100
118	4	8	15	1152	4120	98
119	4	14	30	1160	6144	90
120	4	14	30	1168	5083	90
121	0	12	15	1176	850	87
122	4	14	10	1200	72	83
123	0	12	10	1212	1516	82
124	4	14	15	1224	1743	86
125	0	12	10	1236	20	96
126	3	1	10	1248	7821	90
127	3	1	20	1260	2999	86
128	4	14	20	1272	2146	84
129	4	8	10	1284	10520	94
130	3	1	15	1296	7597	85
131	0	12	30	1308	4490	96
132	4	8	30	1320	4208	98
133	4	8	20	1332	3445	82
134	4	8	15	1344	5772	98
135	0	12	10	1356	732	80
136	4	8	15	1368	89	88
137	4	8	10	1380	489	83
138	4	14	15	1392	5666	80
139	4	8	20	1404	12916	89
140	3	1	20	1416	5140	94
141	3	1	15	1428	1212	96
142	3	1	30	1440	8389	99
143	4	14	30	1452	13664	88
144	3	1	10	1464	1756	94
145	3	1	30	1476	3148	80
146	3	1	30	1488	821	93
147	0	12	15	1500	2868	98
148	0	12	20	1512	1410	84
149	4	8	30	1524	902	90
150	3	1	10	1536	5035	98
151	4	14	15	1548	787	98
152	4	14	10	1560	893	86
153	3	1	20	1600	299	97
154	0	12	10	1610	2992	93
155	4	8	15	1620	748	100
156	4	14	20	1630	8514	91
157	4	14	30	1640	5485	81
158	3	1	30	1650	11015	89
159	3	1	20	1660	1945	80
160	4	14	15	1670	644	86
161	0	12	10	1680	3174	92
162	0	12	15	1690	1518	95
163	4	14	20	1700	7092	88
164	0	12	10	1710	1864	80
165	0	12	10	1720	60	80
166	4	14	10	1730	1382	82
167	4	8	30	1740	2571	92
168	3	1	30	1750	3500	82
169	3	1	15	1760	6134	95
170	0	12	30	1770	5288	88
171	3	1	10	1780	751	81
172	3	1	30	1790	1078	99
173	0	12	20	1800	4591	88
174	0	12	10	1810	253	96
175	0	12	15	1820	2449	95
176	4	8	20	1830	1509	89
177	0	12	10	1840	208	96
178	4	8	10	1850	12887	89
179	4	8	15	1860	6610	86
180	4	8	15	1870	6848	82
181	3	1	30	1880	1702	92
182	4	8	30	1890	1047	81
183	3	1	20	1900	959	95
184	4	14	30	1910	952	96
185	3	1	30	1920	4453	87
186	0	12	20	1930	2572	89
187	4	14	15	1940	3457	81
188	0	12	20	1950	207	90
189	4	14	10	1960	3596	98
190	0	12	15	1970	1348	89
191	4	8	15	2000	1290	86
192	4	14	10	2010	788	95
193	4	8	20	2020	1862	80
194	4	8	15	2030	6678	83
195	3	1	20	2040	772	82
196	4	8	30	2050	11644	81
197	3	1	10	2060	192	91
198	4	14	20	2070	3611	88
199	4	8	30	2080	1664	93
200	4	14	20	2090	1165	98
201	0	12	30	2100	4971	81
202	4	8	15	2110	10561	96
203	3	1	15	2120	2876	90
204	0	12	10	2130	2528	81
205	0	12	30	2140	3146	96
206	4	8	15	2150	11415	100
207	4	14	20	2160	2915	99
208	4	8	20	2170	43	80
209	4	14	20	2180	285	99
210	0	12	20	2190	7762	91
211	4	14	15	2200	7095	95
212	4	8	30	2210	6168	93
213	0	12	20	2220	547	82
214	0	12	15	2230	3335	99
215	0	12	15	2240	6479	94
216	3	1	10	2250	1526	90
217	3	1	30	2260	433	100
218	0	12	20	2270	3852	92
219	4	8	15	2280	4829	93
220	4	14	20	2290	3112	92
221	4	14	30	2300	4999	81
222	0	12	10	2310	2203	81
223	4	14	30	2320	18448	85
224	3	1	30	2330	2756	86
225	3	1	15	2340	2447	81
226	4	14	10	2350	19566	87
227	0	12	15	2360	7984	99
228	3	1	10	2370	8191	85
229	3	1	15	2400	8677	94
230	4	14	15	2409	2872	94
231	3	1	20	2418	1243	98
232	4	8	20	2427	2435	88
233	0	12	10	2436	3867	96
234	3	1	20	2445	3245	89
235	0	12	15	2454	457	80
236	4	8	20	2463	2165	97
237	4	14	20	2472	5057	92
238	4	8	15	2481	5461	94
239	4	14	10	2490	4401	80
240	4	8	15	2499	5225	88
241	4	8	10	2508	12564	91
242	4	8	20	2517	3357	80
243	4	8	10	2526	16035	91
244	4	14	15	2535	5338	86
245	0	12	30	2544	2434	95
246	4	14	20	2553	2691	93
247	3	1	20	2562	209	92
248	0	12	15	2571	6572	82
249	4	8	10	2580	38	89
250	0	12	15	2589	7816	92
251	3	1	10	2598	7404	81
252	3	1	15	2607	2239	100
253	4	8	10	2616	8962	95
254	3	1	15	2625	6431	81
255	4	14	30	2634	3099	96
256	4	14	20	2643	1358	100
257	4	8	20	2652	11160	90
258	4	14	15	2661	59	84
259	3	1	30	2670	43	100
260	4	8	20	2679	3213	89
261	0	12	10	2688	325	80
262	0	12	15	2697	4160	93
263	4	14	10	2706	533	87
264	0	12	10	2715	3251	85
265	4	8	10	2724	3558	93
266	3	1	30	2733	1875	86
267	4	8	20	2742	727	98
268	3	1	30	2751	3395	94
269	4	14	30	2760	2447	98
270	4	14	30	2769	1938	98
271	3	1	20	2778	3662	99
272	4	8	15	2800	1772	86
273	4	8	20	2809	12066	91
274	4	14	30	2818	14277	84
275	4	8	15	2827	3507	81
276	3	1	10	2836	628	80
277	4	14	10	2845	2331	91
278	4	14	15	2854	1168	100
279	4	8	10	2863	172	91
280	4	14	20	2872	13754	89
281	0	12	20	2881	11355	95
282	4	14	10	2890	236	96
283	4	8	10	2899	7903	96
284	4	8	30	2908	111	81
285	0	12	15	2917	4427	92
286	0	12	10	2926	7293	99
287	4	14	15	2935	3306	94
288	4	8	30	2944	6859	95
289	3	1	30	2953	66	93
290	4	8	20	2962	6862	80
291	4	14	10	2971	2611	87
292	4	14	10	2980	4853	88
293	4	14	20	2989	5294	94
294	4	8	15	2998	488	91
295	0	12	15	3007	4209	87
296	4	8	20	3016	1485	98
297	4	8	20	3025	2341	94
298	4	8	30	3034	2216	86
299	3	1	15	3043	638	94
300	3	1	10	3052	340	88
301	4	8	30	3061	1562	96
302	4	14	30	3070	2606	99
303	4	8	15	3079	1717	84
304	3	1	15	3088	3928	92
305	4	8	30	3097	1196	94
306	4	8	20	3106	2654	96
307	4	8	30	3115	2598	88
308	3	1	15	3124	10193	90
309	0	12	30	3133	972	100
310	0	12	20	3142	2002	96
311	0	12	20	3151	7487	89
312	4	8	10	3160	4623	91
313	3	1	15	3200	14396	93
314	3	1	10	3208	175	91
315	0	12	10	3216	3773	94
316	0	12	10	3224	83	84
317	4	14	15	3232	6152	98
318	4	8	10	3240	410	85
319	4	14	30	3248	8722	93
320	0	12	10	3256	5555	94
321	3	1	20	3264	6681	93
322	4	14	30	3272	1700	83
323	0	12	30	3280	3245	81
324	3	1	15	3288	4058	97
325	4	14	30	3296	9403	90
326	3	1	15	3304	9089	90
327	3	1	30	3312	3913	92
328	4	14	10	3320	7230	80
329	3	1	20	3328	1547	97
330	0	12	30	3336	1279	84
331	4	8	15	3344	4847	87
332	3	1	10	3352	65	84
333	4	8	10	3360	447	85
334	4	14	10	3368	12925	83
335	4	8	30	3376	4137	93
336	4	8	20	3384	2484	97
337	3	1	20	3392	4930	91
338	3	1	20	3400	1076	83
339	4	14	10	3408	5858	88
340	3	1	20	3416	815	96
341	4	14	10	3424	1790	91
342	4	8	30	3432	4093	83
343	4	8	30	3440	3708	95
344	3	1	15	3448	3897	98
345	4	8	10	3456	14602	92
346	4	8	30	3464	6322	96
347	4	8	30	3472	5239	96
348	0	12	20	3480	4695	83
349	4	8	10	3488	2807	98
350	0	12	10	3496	3979	83
351	3	1	10	3504	2977	100
352	4	14	20	3512	1695	88
353	4	8	10	3520	3092	94
354	4	8	10	3528	2022	100
355	4	14	15	3536	1257	95
356	4	8	10	3544	15090	93
357	4	14	30	3552	10261	98
358	3	1	30	3560	4973	88
359	3	1	20	3568	5103	81
360	4	14	15	3600	1795	83
361	4	14	30	3609	7893	84
362	4	8	30	3618	4105	88
363	4	14	20	3627	3674	94
364	0	12	10	3636	11387	96
365	4	14	10	3645	4703	88
366	4	8	15	3654	7083	84
367	0	12	10	3663	3464	85
368	3	1	15	3672	48	89
369	0	12	15	3681	2033	98
370	3	1	20	3690	640	98
371	4	8	15	3699	1497	93
372	0	12	30	3708	3188	95
373	4	8	30	3717	1594	98
374	4	8	10	3726	4851	97
375	4	8	30	3735	1976	83
376	4	8	20	3744	750	90
377	3	1	30	3753	5420	88
378	3	1	20	3762	10821	84
379	4	8	15	3771	4355	85
380	4	8	30	3780	468	95
381	0	12	20	3789	729	95
382	4	8	15	3798	10827	88
383	4	8	30	3807	1611	82
384	3	1	15	3816	4693	94
385	4	8	20	3825	5526	84
386	4	8	30	3834	1765	99
387	4	8	30	3843	2599	91
388	0	12	30	3852	4935	86
389	4	14	20	3861	4693	89
390	0	12	20	3870	4404	80
391	4	8	30	3879	3102	99
392	0	12	20	3888	23166	83
393	4	14	10	3897	2895	81
394	0	12	30	3906	2091	84
395	3	1	30	3915	1562	92
396	4	8	15	3924	5078	83
397	3	1	15	3933	162	89
398	4	8	20	3942	4342	99
399	3	1	10	3951	10700	89
400	4	14	20	3960	622	87
401	4	8	30	4000	966	91
402	3	1	20	4008	5063	87
403	4	14	15	4016	1383	85
404	3	1	20	4024	1762	100
405	3	1	30	4032	1530	90
406	3	1	15	4040	14854	85
407	4	8	20	4048	67	91
408	0	12	10	4056	7225	97
409	0	12	15	4064	28	96
410	3	1	30	4072	415	84
411	4	14	15	4080	1071	84
412	4	8	15	4088	18402	94
413	0	12	20	4096	197	82
414	4	8	20	4104	3768	87
415	3	1	20	4112	867	89
416	3	1	15	4120	10509	96
417	0	12	30	4128	1485	85
418	0	12	15	4136	9641	100
419	3	1	20	4144	858	92
420	3	1	10	4152	1629	90
421	0	12	20	4160	1734	94
422	0	12	10	4168	8180	99
423	4	14	20	4176	1551	100
424	0	12	20	4184	5251	97
425	0	12	20	4192	3750	99
426	4	8	20	4200	1514	90
427	0	12	20	4208	139	93
428	4	8	30	4216	10179	94
429	3	1	10	4224	1907	84
430	4	14	20	4232	4443	80
431	4	14	15	4240	563	81
432	4	8	10	4248	332	90
433	4	14	20	4256	8	95
434	3	1	30	4264	2929	99
435	0	12	10	4272	9048	83
436	4	8	10	4280	2382	88
437	4	8	30	4288	4097	82
438	3	1	15	4296	14788	83
439	0	12	20	4304	1865	84
440	4	14	10	4312	5934	100
441	4	14	10	4320	1662	87
442	0	12	30	4328	4111	94
443	4	14	20	4336	4839	90
444	4	8	30	4344	3585	85
445	0	12	15	4352	2266	96
446	0	12	20	4360	3190	85
447	4	14	10	4368	11888	81
448	3	1	15	4376	9409	94
449	4	8	15	4400	954	95
450	0	12	15	4412	2014	96
451	4	8	15	4424	2103	98
452	3	1	30	4436	554	90
453	3	1	10	4448	2533	87
454	0	12	30	4460	3630	99
455	4	14	10	4472	6287	93
456	4	8	20	4484	1686	92
457	4	14	30	4496	2020	87
458	4	14	20	4508	3296	88
459	4	8	30	4520	5512	80
460	0	12	10	4532	10	80
461	4	8	20	4544	11345	92
462	0	12	30	4556	400	98
463	3	1	10	4568	2438	92
464	0	12	20	4580	1639	96
465	3	1	15	4592	13682	83
466	3	1	10	4604	674	95
467	4	8	20	4616	17658	99
468	3	1	30	4628	3010	84
469	0	12	15	4640	5011	84
470	0	12	20	4652	5484	80
471	0	12	20	4664	1351	93
472	4	8	20	4676	1631	81
473	4	14	30	4688	3084	96
474	3	1	15	4700	2178	93
475	3	1	10	4712	20894	82
476	4	14	30	4724	4947	100
477	0	12	20	4736	740	88
478	4	8	30	4748	5230	95
479	4	14	15	4760	1417	81
480	0	12	10	4800	242	94
481	4	8	20	4809	1825	88
482	4	8	10	4818	554	100
483	4	14	20	4827	4941	99
484	4	8	20	4836	16458	89
485	3	1	10	4845	1214	82
486	4	8	15	4854	7	91
487	3	1	10	4863	3772	83
488	4	14	20	4872	2080	96
489	4	14	30	4881	5191	85
490	4	14	20	4890	3210	92
491	3	1	10	4899	214	80
492	3	1	15	4908	331	95
493	0	12	15	4917	1031	83
494	0	12	20	4926	1848	84
495	4	8	20	4935	7131	87
496	4	14	15	4944	1122	90
497	3	1	20	4953	822	81
498	3	1	30	4962	1819	94
499	3	1	15	4971	3919	82
500	3	1	15	4980	1299	81
501	3	1	30	4989	3299	87
502	4	8	10	4998	2178	97
503	3	1	10	5007	845	90
504	0	12	20	5016	2510	95
505	0	12	30	5025	460	83
506	4	14	30	5034	307	97
507	3	1	10	5043	3586	94
508	0	12	30	5052	201	94
509	3	1	30	5061	3684	97
510	4	14	10	5070	345	93
511	0	12	10	5079	770	83
512	3	1	10	5088	4397	93
513	4	14	10	5097	1220	87
514	4	8	20	5106	4672	87
515	3	1	15	5115	4045	92
516	0	12	20	5124	6684	93
517	0	12	10	5133	1951	99
518	0	12	20	5142	2560	83
519	3	1	20	5151	309	94
520	4	8	10	5160	13462	92
521	0	12	30	5169	3145	92
522	3	1	10	5200	3492	82
523	4	14	10	5209	6478	99
524	4	8	30	5218	709	93
525	3	1	20	5227	4735	100
526	3	1	10	5236	928	99
527	0	12	10	5245	455	99
528	4	14	15	5254	733	92
529	0	12	30	5263	3547	86
530	3	1	20	5272	5544	93
531	0	12	10	5281	2968	99
532	4	8	20	5290	6508	94
533	3	1	15	5299	443	93
534	0	12	10	5308	84	100
535	4	8	15	5317	2749	86
536	0	12	20	5326	11719	92
537	4	14	10	5335	11180	89
538	3	1	10	5344	1114	84
539	4	8	20	5353	8312	85
540	3	1	15	5362	832	85
541	3	1	15	5371	2109	97
542	4	8	15	5380	3297	89
543	0	12	30	5389	6511	100
544	4	14	20	5398	4133	92
545	3	1	15	5407	1890	88
546	4	14	30	5416	1946	88
547	3	1	10	5425	6783	87
548	4	14	20	5434	3090	97
549	4	8	10	5443	5293	92
550	4	8	30	5452	80	94
551	3	1	10	5461	7824	91
552	3	1	10	5470	4993	98
553	4	14	15	5479	1375	80
554	4	8	15	5488	4305	90
555	3	1	15	5497	5279	89
556	0	12	30	5506	15520	85
557	3	1	10	5515	3847	98
558	4	8	10	5524	113	98
559	3	1	10	5533	5917	95
560	3	1	30	5542	9275	84
561	3	1	20	5551	13564	99
562	3	1	30	5560	2210	82
563	4	14	30	5569	2472	88
564	4	14	10	5578	7640	84
565	4	14	10	5600	3272	95
566	3	1	15	5614	1858	89
567	4	14	20	5628	3302	80
568	4	14	10	5642	1108	88
569	4	14	15	5656	852	80
570	3	1	30	5670	4680	80
571	4	8	15	5684	8256	84
572	3	1	10	5698	616	95
573	4	14	30	5712	3644	98
574	0	12	10	5726	8708	88
575	3	1	20	5740	3244	95
576	3	1	20	5754	16324	83
577	4	8	10	5768	6032	82
578	4	14	15	5782	687	87
579	3	1	15	5796	6163	84
580	4	14	20	5810	1476	92
581	4	14	10	5824	1981	92
582	4	8	20	5838	3370	81
583	3	1	10	5852	2274	100
584	3	1	30	5866	3359	92
585	0	12	20	5880	8878	81
586	3	1	30	5894	6662	80
587	3	1	15	5908	2874	94
588	4	8	30	5922	2360	82
589	3	1	30	5936	1359	90
590	4	8	20	5950	2917	81
591	3	1	15	5964	1594	94
592	4	8	30	5978	9671	91
593	0	12	10	6000	2546	89
594	3	1	30	6010	14480	81
595	4	14	30	6020	1001	87
596	4	14	15	6030	16874	95
597	3	1	15	6040	423	80
598	4	8	30	6050	12125	96
599	0	12	15	6060	357	97
600	4	14	10	6070	20	99
601	0	12	10	6080	6931	88
602	4	14	10	6090	3418	100
603	4	14	15	6100	1700	96
604	3	1	15	6110	180	92
605	0	12	20	6120	635	90
606	0	12	10	6130	5030	96
607	3	1	15	6140	488	100
608	4	14	10	6150	2071	92
609	3	1	20	6160	437	96
610	4	14	20	6170	5540	86
611	3	1	20	6180	896	82
612	3	1	20	6190	2464	91
613	3	1	20	6200	1109	93
614	3	1	15	6210	2491	83
615	3	1	30	6220	2861	93
616	4	8	30	6230	2022	97
617	0	12	30	6240	18741	83
618	0	12	30	6250	8934	96
619	3	1	15	6260	12933	82
620	0	12	10	6270	5510	94
621	0	12	10	6280	7837	96
622	4	8	30	6290	494	98
623	0	12	15	6300	12311	98
624	3	1	20	6310	4484	100
625	0	12	15	6320	1790	86
626	4	14	15	6330	13100	93
627	4	8	10	6340	4458	86
628	0	12	10	6350	3920	97
629	4	8	15	6360	4375	81
630	3	1	15	6370	3379	80
631	0	12	10	6380	8573	82
632	4	14	15	6390	7016	86
633	4	14	10	6400	300	90
634	3	1	15	6410	6070	86
635	4	14	15	6420	2657	83
636	0	12	10	6430	6773	93
637	3	1	15	6440	1010	86
638	4	14	20	6450	1974	87
639	3	1	15	6460	2188	82
640	4	14	20	6470	772	85
641	4	14	20	6480	4760	80
642	4	14	10	6490	458	82
643	4	14	10	6500	1675	87
644	3	1	10	6510	3091	83
645	3	1	10	6520	1525	99
646	4	14	20	6530	8122	82
647	4	14	15	6540	4419	99
648	4	8	20	6550	29	86
649	0	12	10	6560	2481	89
650	3	1	30	6570	6963	91
651	4	14	20	6580	20818	91
652	4	8	15	6590	930	85
653	3	1	15	6600	18919	94
654	4	14	10	6610	1647	82
655	4	14	30	6620	631	83
656	3	1	15	6630	4908	90
657	3	1	20	6640	3876	81
658	0	12	20	6650	4461	97
659	4	8	30	6660	4598	85
660	0	12	10	6670	816	97
661	3	1	30	6680	178	90
662	3	1	10	6690	2696	83
663	4	8	30	6700	5375	90
664	4	14	15	6710	3047	95
665	4	14	15	6720	8069	84
666	3	1	15	6730	1872	96
667	3	1	20	6740	1962	80
668	0	12	15	6750	2474	87
669	4	14	10	6760	15312	100
670	4	8	30	6770	4747	100
671	3	1	20	6780	763	91
672	0	12	10	6790	3676	97
673	3	1	20	6800	2550	94
674	3	1	30	6809	6146	98
675	4	8	20	6818	213	94
676	4	8	10	6827	5557	93
677	3	1	20	6836	5952	91
678	4	8	10	6845	2148	94
679	4	14	20	6854	1766	80
680	4	8	30	6863	2710	84
681	0	12	10	6872	1389	94
682	0	12	20	6881	4369	100
683	4	14	10	6890	709	87
684	4	14	20	6899	7342	91
685	4	14	20	6908	3430	89
686	3	1	30	6917	4498	98
687	4	8	30	6926	7225	93
688	0	12	30	6935	5307	87
689	4	14	20	6944	4029	83
690	0	12	30	6953	6029	94
691	4	8	15	6962	870	91
692	4	8	30	6971	3202	89
693	4	8	30	6980	4902	81
694	4	8	15	6989	1080	86
695	4	8	20	6998	565	95
696	0	12	15	7007	920	98
697	4	8	10	7016	1843	92
698	0	12	30	7025	6621	92
699	4	14	30	7034	4451	100
700	0	12	20	7043	11483	83
701	0	12	10	7052	2623	81
702	3	1	10	7061	929	92
703	4	8	15	7070	118	87
704	3	1	10	7079	5833	89
705	4	14	15	7088	4209	80
706	3	1	20	7097	1999	95
707	4	14	30	7106	5328	92
708	4	14	15	7115	924	96
709	4	8	20	7124	1345	89
710	4	8	20	7133	2011	90
711	4	14	30	7142	10792	99
712	4	8	20	7151	917	88
713	4	8	30	7160	1514	97
714	0	12	10	7200	848	81
715	0	12	30	7208	8871	82
716	3	1	15	7216	1906	91
717	3	1	10	7224	1589	96
718	3	1	15	7232	9156	100
719	4	14	20	7240	12614	85
720	4	8	20	7248	851	87
721	4	8	15	7256	3088	83
722	3	1	30	7264	4233	94
723	0	12	20	7272	7007	83
724	3	1	15	7280	891	86
725	0	12	15	7288	2767	89
726	4	8	30	7296	3899	81
727	3	1	10	7304	9002	95
728	0	12	10	7312	1069	87
729	4	8	15	7320	4233	82
730	0	12	10	7328	7496	96
731	0	12	30	7336	1922	81
732	3	1	30	7344	13432	100
733	3	1	15	7352	5453	95
734	4	14	30	7360	2135	98
735	0	12	30	7368	44	82
736	4	8	10	7376	360	82
737	3	1	15	7384	4037	93
738	4	8	30	7392	2010	99
739	4	14	15	7400	840	90
740	0	12	10	7408	805	95
741	4	14	30	7416	11197	86
742	4	8	15	7424	3971	98
743	3	1	10	7432	2384	98
744	3	1	30	7440	1095	93
745	4	8	10	7448	7478	95
746	0	12	30	7456	18631	83
747	0	12	10	7464	1075	92
748	4	8	30	7472	2897	80
749	4	8	15	7480	1696	83
750	3	1	10	7488	5590	84
751	3	1	15	7496	8402	81
752	4	14	30	7504	2543	92
753	0	12	10	7512	7633	86
754	3	1	10	7520	2612	92
755	3	1	15	7528	2079	100
756	4	8	10	7536	7042	88
757	3	1	15	7544	1917	88
758	4	14	10	7552	7072	80
759	3	1	30	7600	1248	80
760	3	1	15	7610	114	99
761	4	14	15	7620	2762	100
762	4	14	20	7630	2784	84
763	3	1	10	7640	3223	93
764	4	8	20	7650	2313	94
765	4	8	30	7660	55	89
766	4	8	30	7670	13702	100
767	3	1	10	7680	2470	94
768	3	1	30	7690	9272	100
769	0	12	15	7700	793	99
770	3	1	30	7710	6540	80
771	0	12	10	7720	5444	98
772	4	8	15	7730	10802	98
773	3	1	10	7740	4938	89
774	3	1	20	7750	5963	91
775	4	8	20	7760	1164	81
776	0	12	30	7770	9566	85
777	0	12	20	7780	912	96
778	3	1	30	7790	3536	90
779	4	8	10	7800	1747	91
780	0	12	20	7810	2843	86
781	0	12	20	7820	1957	89
782	4	8	15	7830	1907	95
783	4	14	30	7840	8793	84
784	3	1	15	7850	9217	99
785	3	1	20	7860	13880	94
786	0	12	10	7870	9676	89
787	4	8	30	7880	481	94
788	0	12	10	7890	1229	82
789	0	12	20	7900	33	98
790	3	1	20	7910	808	95
791	4	14	30	7920	4887	94
792	4	14	15	7930	6563	92
793	4	14	10	7940	543	98
794	4	8	30	7950	704	92
795	4	8	20	7960	4604	95
796	4	14	15	7970	2303	82
797	4	14	15	7980	316	84
798	4	8	20	7990	39	84
799	0	12	10	8000	1024	84
800	4	14	10	8011	8426	96
801	4	8	20	8022	3017	90
802	3	1	10	8033	1627	93
803	0	12	20	8044	1633	81
804	3	1	20	8055	3111	83
805	3	1	10	8066	36	86
806	4	8	10	8077	11584	84
807	0	12	20	8088	5733	82
808	3	1	15	8099	319	96
809	0	12	20	8110	1029	91
810	3	1	15	8121	2747	94
811	4	8	20	8132	3913	93
812	4	14	15	8143	6316	98
813	4	8	30	8154	2580	89
814	3	1	10	8165	5696	95
815	4	8	30	8176	4099	89
816	4	8	30	8187	508	85
817	4	14	30	8198	3791	100
818	4	14	30	8209	4235	95
819	3	1	30	8220	2541	100
820	0	12	20	8231	433	80
821	4	14	10	8242	7695	85
822	4	8	30	8253	873	91
823	4	8	10	8264	8948	82
824	4	8	20	8275	23214	84
825	4	14	10	8286	420	86
826	4	8	30	8297	11085	86
827	4	8	15	8308	6557	100
828	4	8	15	8319	3173	98
829	4	8	30	8330	381	96
830	4	8	10	8341	6747	100
831	0	12	15	8352	7143	81
832	4	14	30	8363	863	91
833	4	8	30	8374	1791	86
834	4	8	10	8400	2581	96
835	3	1	10	8409	15475	97
836	3	1	20	8418	216	97
837	4	8	30	8427	179	93
838	0	12	10	8436	1713	81
839	0	12	10	8445	8864	93
840	0	12	20	8454	97	90
841	4	14	15	8463	647	86
842	4	14	15	8472	149	98
843	0	12	20	8481	153	92
844	4	8	10	8490	2865	83
845	4	8	30	8499	3274	82
846	4	14	15	8508	9695	96
847	4	8	15	8517	1606	83
848	4	8	30	8526	1833	82
849	4	14	10	8535	2938	83
850	4	14	20	8544	3323	89
851	4	14	20	8553	6979	82
852	4	14	20	8562	2200	90
853	3	1	30	8571	3102	85
854	4	14	15	8580	526	84
855	0	12	10	8589	98	90
856	4	14	20	8598	1622	99
857	0	12	30	8607	2326	91
858	4	14	30	8616	1652	97
859	3	1	20	8625	2325	97
860	4	8	10	8634	297	80
861	4	14	20	8643	598	84
862	4	14	15	8652	962	85
863	0	12	15	8661	17011	100
864	3	1	15	8670	2124	91
865	4	8	10	8679	4368	93
866	4	8	20	8688	2247	81
867	3	1	20	8697	2268	92
868	4	14	20	8706	36532	94
869	4	14	10	8715	6059	99
870	4	14	10	8724	3550	93
871	0	12	10	8733	313	92
872	4	14	20	8742	1225	98
873	4	14	20	8751	5744	81
874	3	1	10	8760	2363	89
875	0	12	10	8769	12241	94
876	0	12	20	8800	6800	87
877	4	8	15	8808	691	99
878	4	14	10	8816	1923	99
879	4	14	20	8824	2305	82
880	0	12	20	8832	834	90
881	4	14	15	8840	3732	82
882	0	12	15	8848	2306	98
883	4	8	15	8856	110	95
884	3	1	10	8864	2992	86
885	3	1	20	8872	18253	97
886	4	8	30	8880	2105	92
887	0	12	10	8888	4251	86
888	3	1	15	8896	1085	82
889	4	8	10	8904	2399	85
890	3	1	15	8912	4150	98
891	4	8	20	8920	3784	85
892	4	8	30	8928	4891	97
893	3	1	20	8936	9528	84
894	4	14	10	8944	6841	93
895	4	8	30	8952	8659	86
896	0	12	30	8960	10976	81
897	3	1	30	8968	208	99
898	3	1	15	8976	3927	80
899	0	12	10	8984	7509	91
900	4	14	15	8992	552	80
901	4	8	20	9000	2604	84
902	4	8	30	9008	1606	89
903	4	8	30	9016	3541	84
904	0	12	30	9024	10744	90
905	3	1	20	9032	2685	98
906	0	12	10	9040	3296	84
907	0	12	10	9048	4326	88
908	0	12	20	9056	392	97
909	4	14	10	9064	746	90
910	0	12	15	9072	928	82
911	3	1	15	9080	768	100
912	4	8	30	9088	244	92
913	4	14	10	9096	9224	94
914	3	1	30	9104	1163	87
915	4	8	20	9112	2502	98
916	3	1	15	9120	4824	87
917	3	1	10	9128	825	91
918	3	1	15	9136	2457	93
919	0	12	20	9144	2196	94
920	0	12	10	9152	1178	80
921	0	12	15	9200	5973	96
922	4	14	15	9213	868	90
923	3	1	20	9226	3182	88
924	4	8	20	9239	577	81
925	3	1	20	9252	15030	87
926	3	1	10	9265	1846	96
927	0	12	30	9278	1762	94
928	0	12	15	9291	11454	89
929	0	12	10	9304	3292	82
930	0	12	15	9317	70	92
931	4	8	20	9330	5817	89
932	3	1	30	9343	3047	98
933	4	14	30	9356	3060	88
934	0	12	15	9369	1478	81
935	4	14	10	9382	4948	85
936	3	1	20	9395	1291	93
937	4	14	15	9408	7608	93
938	4	8	20	9421	401	84
939	0	12	20	9434	153	89
940	4	8	15	9447	2235	93
941	0	12	30	9460	5518	83
942	0	12	20	9473	3294	89
943	3	1	10	9486	279	92
944	4	8	30	9499	1119	83
945	4	14	10	9512	2546	98
946	4	14	20	9525	3216	93
947	3	1	30	9538	6544	82
948	0	12	30	9551	4258	98
949	4	8	15	9564	1748	95
950	3	1	20	9577	816	100
951	4	8	30	9600	5532	91
952	0	12	20	9617	3584	86
953	3	1	20	9634	906	87
954	4	14	30	9651	3584	90
955	3	1	30	9668	1745	85
956	4	8	15	9685	1333	95
957	3	1	10	9702	6095	81
958	4	14	15	9719	2413	83
959	3	1	10	9736	12422	83
960	4	14	15	9753	507	82
961	4	14	15	9770	917	91
962	0	12	20	9787	5063	99
963	4	14	15	9804	3041	94
964	3	1	30	9821	662	99
965	3	1	20	9838	2323	94
966	4	14	20	9855	4102	82
967	3	1	30	9872	2973	84
968	3	1	20	9889	3579	92
969	3	1	30	9906	3129	81
970	4	14	10	9923	839	84
971	4	14	30	9940	7585	94
972	0	12	20	9957	381	86
973	3	1	20	9974	2187	83
974	3	1	15	10000	20699	81
975	0	12	15	10011	2827	98
976	0	12	30	10022	964	86
977	0	12	10	10033	545	98
978	4	8	30	10044	1453	84
979	4	8	20	10055	4356	83
980	3	1	30	10066	2207	94
981	0	12	15	10077	3325	93
982	0	12	30	10088	4830	97
983	3	1	10	10099	3554	95
984	3	1	20	10110	1888	83
985	3	1	15	10121	1249	81
986	0	12	10	10132	767	83
987	0	12	10	10143	1604	91
988	4	14	10	10154	11451	99
989	4	8	20	10165	12434	97
990	3	1	20	10176	2222	91
991	4	14	15	10187	2722	92
992	4	14	10	10198	2028	90
993	4	14	15	10209	604	81
994	0	12	15	10220	10033	87
995	4	8	10	10231	1010	81
996	4	14	10	10242	123	85
997	4	8	10	10253	116	96
998	0	12	10	10264	9855	94
999	3	1	10	10275	6508	90
1000	4	14	15	10286	7075	96
1001	4	8	30	10297	113	89
1002	4	14	10	10308	962	90
1003	4	8	10	10319	477	96
1004	3	1	10	10330	720	91
1005	3	1	20	10341	1630	85
1006	4	8	15	10352	4294	84
1007	3	1	10	10363	747	82
1008	4	14	15	10374	935	85
1009	4	14	15	10385	355	92
1010	3	1	10	10400	600	100
1011	0	12	15	10409	677	97
1012	4	8	15	10418	2596	97
1013	3	1	30	10427	6232	100
1014	4	14	10	10436	3028	89
1015	4	14	30	10445	3235	89
1016	4	14	15	10454	2804	95
1017	4	8	15	10463	553	84
1018	0	12	30	10472	679	90
1019	4	14	20	10481	8632	97
1020	3	1	20	10490	1236	91
1021	4	14	15	10499	1490	91
1022	3	1	30	10508	3485	85
1023	4	8	10	10517	4042	96
1024	0	12	10	10526	494	91
1025	0	12	20	10535	4756	93
1026	0	12	30	10544	2406	84
1027	4	8	10	10553	12039	85
1028	4	8	15	10562	2794	96
1029	4	8	10	10571	5899	80
1030	0	12	15	10580	2588	92
1031	4	14	20	10589	821	90
1032	0	12	30	10598	956	84
1033	4	14	20	10607	2781	95
1034	4	8	10	10616	7184	88
1035	0	12	10	10625	2017	84
1036	0	12	15	10634	1727	82
1037	4	14	30	10643	3553	80
1038	0	12	30	10652	2205	83
1039	0	12	30	10661	169	99
1040	4	8	30	10670	3766	98
1041	3	1	10	10679	16	80
1042	0	12	30	10688	519	86
1043	0	12	20	10697	7805	86
1044	4	14	20	10706	6770	97
1045	4	8	15	10715	1261	95
1046	3	1	10	10724	65	95
1047	0	12	15	10733	3749	90
1048	4	14	15	10742	3758	92
1049	4	8	15	10751	1810	99
1050	3	1	30	10760	5080	87
1051	3	1	20	10800	9257	80
1052	0	12	10	10809	8234	85
1053	0	12	20	10818	123	98
1054	4	14	20	10827	3084	100
1055	0	12	10	10836	2922	85
1056	3	1	10	10845	2364	84
1057	3	1	10	10854	3450	95
1058	4	8	30	10863	22200	84
1059	3	1	20	10872	2535	98
1060	4	8	30	10881	8568	81
1061	4	14	15	10890	4917	99
1062	0	12	20	10899	4408	86
1063	3	1	15	10908	2300	85
1064	3	1	10	10917	3750	100
1065	4	14	15	10926	12293	89
1066	4	14	15	10935	11472	92
1067	4	8	20	10944	14970	82
1068	0	12	20	10953	12441	92
1069	4	14	30	10962	579	84
1070	4	14	20	10971	912	87
1071	4	14	15	10980	9875	94
1072	4	8	20	10989	4886	80
1073	0	12	10	10998	486	92
1074	3	1	20	11007	1283	99
1075	0	12	15	11016	1214	90
1076	3	1	15	11025	839	85
1077	3	1	10	11034	5145	99
1078	3	1	20	11043	6860	99
1079	3	1	20	11052	7480	97
1080	3	1	15	11061	4547	99
1081	4	14	20	11070	7426	94
1082	4	8	30	11079	1670	93
1083	0	12	30	11088	597	98
1084	3	1	15	11097	213	93
1085	3	1	20	11106	3425	92
1086	4	14	20	11115	1503	84
1087	0	12	10	11124	804	87
1088	4	14	10	11133	13256	96
1089	4	8	30	11142	1517	83
1090	4	8	10	11151	11968	80
1091	4	8	15	11160	5926	87
1092	3	1	30	11169	3591	96
1093	3	1	15	11200	12357	86
1094	3	1	10	11209	692	98
1095	4	8	20	11218	9312	99
1096	4	8	15	11227	1640	94
1097	3	1	20	11236	4614	80
1098	4	8	15	11245	1147	86
1099	0	12	10	11254	7928	88
1100	3	1	30	11263	1585	82
1101	0	12	20	11272	163	92
1102	0	12	20	11281	4232	99
1103	0	12	15	11290	2572	87
1104	3	1	30	11299	697	91
1105	3	1	15	11308	6516	93
1106	0	12	10	11317	872	100
1107	4	14	10	11326	5671	94
1108	3	1	10	11335	5642	99
1109	4	14	10	11344	1290	89
1110	4	8	20	11353	1597	100
1111	0	12	30	11362	5130	85
1112	0	12	15	11371	5672	96
1113	3	1	10	11380	651	88
1114	0	12	10	11389	6246	100
1115	3	1	10	11398	158	87
1116	3	1	20	11407	1823	86
1117	0	12	30	11416	3012	89
1118	4	14	10	11425	1946	92
1119	0	12	20	11434	134	88
1120	4	14	30	11443	4091	84
1121	4	14	10	11452	5724	84
1122	3	1	20	11461	51	87
1123	3	1	30	11470	4084	88
1124	4	8	30	11479	818	84
1125	4	8	15	11488	2257	100
1126	4	8	20	11497	1559	98
1127	4	14	10	11506	5558	95
1128	3	1	10	11515	12458	95
1129	0	12	30	11524	1860	80
1130	3	1	10	11533	10384	96
1131	0	12	30	11542	2810	84
1132	0	12	30	11551	2571	93
1133	3	1	15	11560	12665	91
1134	0	12	30	11569	2924	94
1135	4	8	30	11578	4078	86
1136	4	14	30	11587	847	96
1137	4	8	15	11600	8071	85
1138	4	8	30	11611	15390	86
1139	0	12	30	11622	1140	80
1140	4	8	15	11633	1908	92
1141	4	14	15	11644	3243	91
1142	3	1	10	11655	2222	89
1143	0	12	30	11666	4657	86
1144	0	12	10	11677	17205	83
1145	4	8	15	11688	1030	95
1146	4	8	30	11699	59	92
1147	4	14	20	11710	2335	88
1148	3	1	15	11721	717	86
1149	4	14	30	11732	512	90
1150	4	14	10	11743	3075	93
1151	0	12	20	11754	6585	85
1152	3	1	20	11765	1421	89
1153	4	8	20	11776	974	99
1154	0	12	15	11787	1002	83
1155	3	1	20	11798	3341	98
1156	3	1	30	11809	110	85
1157	4	8	30	11820	52	90
1158	3	1	20	11831	1366	83
1159	0	12	20	11842	5219	92
1160	0	12	30	11853	2624	96
1161	4	8	10	11864	2355	85
1162	0	12	10	11875	6481	100
1163	4	8	10	11886	1938	99
1164	0	12	10	11897	1724	93
1165	0	12	20	11908	6959	96
1166	0	12	30	11919	1142	93
1167	3	1	30	11930	6437	85
1168	3	1	15	11941	3994	94
1169	3	1	10	11952	654	94
1170	4	14	10	11963	7531	92
1171	0	12	10	11974	2764	80
1172	3	1	30	11985	3197	82
1173	4	14	10	12000	590	92
1174	3	1	15	12010	4242	96
1175	0	12	15	12020	355	94
1176	4	8	10	12030	1630	96
1177	3	1	20	12040	1570	81
1178	3	1	20	12050	4237	85
1179	0	12	20	12060	12670	90
1180	0	12	15	12070	2153	88
1181	3	1	30	12080	8497	90
1182	4	8	30	12090	3532	89
1183	4	14	10	12100	7216	84
1184	4	8	30	12110	7218	87
1185	3	1	20	12120	503	91
1186	3	1	15	12130	920	96
1187	4	14	10	12140	1193	95
1188	4	8	10	12150	5328	87
1189	4	8	10	12160	12172	97
1190	4	14	10	12170	3786	80
1191	4	8	10	12180	783	85
1192	3	1	30	12190	3448	82
1193	4	8	15	12200	1150	95
1194	4	14	10	12210	5827	85
1195	0	12	15	12220	10891	87
1196	4	14	15	12230	5598	92
1197	0	12	10	12240	172	91
1198	4	14	30	12250	1647	93
1199	4	14	20	12260	706	88
1200	0	12	15	12270	15402	81
1201	3	1	30	12280	967	86
1202	0	12	10	12290	6657	94
1203	4	14	10	12300	53	92
1204	0	12	20	12310	1271	99
1205	3	1	10	12320	152	93
1206	3	1	30	12330	1187	83
1207	4	14	15	12340	706	97
1208	3	1	15	12350	3306	82
1209	0	12	30	12360	588	90
1210	4	8	20	12370	1053	82
1211	0	12	10	12380	4849	84
1212	3	1	10	12390	1783	85
1213	3	1	30	12400	1610	93
1214	0	12	10	12408	1498	84
1215	3	1	30	12416	3671	85
1216	0	12	15	12424	7822	96
1217	4	8	30	12432	13620	95
1218	4	14	15	12440	3182	91
1219	3	1	20	12448	1056	82
1220	3	1	10	12456	3859	100
1221	0	12	30	12464	18600	99
1222	0	12	30	12472	264	98
1223	4	8	15	12480	4548	98
1224	3	1	10	12488	3097	93
1225	4	8	10	12496	4435	86
1226	4	8	10	12504	10167	98
1227	4	8	15	12512	1429	87
1228	0	12	30	12520	1849	87
1229	3	1	10	12528	5084	89
1230	0	12	10	12536	1611	81
1231	0	12	30	12544	1384	85
1232	3	1	30	12552	17412	88
1233	4	14	10	12560	2703	98
1234	4	14	10	12568	15484	88
1235	4	8	20	12576	900	81
1236	4	8	20	12584	289	96
1237	4	8	20	12592	3406	98
1238	3	1	20	12600	3311	85
1239	3	1	20	12608	6397	95
1240	0	12	20	12616	7903	88
1241	4	14	10	12624	178	99
1242	4	8	20	12632	4755	92
1243	4	8	10	12640	3658	97
1244	4	14	15	12648	5102	95
1245	4	14	30	12656	9606	97
1246	3	1	30	12664	6816	80
1247	0	12	30	12672	1131	90
1248	0	12	10	12680	11089	90
1249	0	12	10	12688	728	100
1250	4	14	30	12696	315	91
1251	3	1	15	12704	6177	97
1252	4	8	20	12712	2720	100
1253	0	12	10	12720	446	90
1254	0	12	15	12728	3132	88
1255	0	12	15	12736	17791	83
1256	3	1	10	12744	654	88
1257	4	14	30	12752	563	97
1258	0	12	10	12800	2571	99
1259	3	1	20	12810	3688	92
1260	4	8	30	12820	493	96
1261	0	12	15	12830	12520	96
1262	3	1	15	12840	6276	90
1263	4	14	15	12850	7407	93
1264	4	14	30	12860	6542	88
1265	0	12	20	12870	11187	97
1266	4	8	10	12880	5026	96
1267	4	14	10	12890	8112	87
1268	3	1	30	12900	1737	85
1269	4	14	20	12910	470	83
1270	4	8	15	12920	3026	90
1271	4	14	20	12930	1343	99
1272	3	1	15	12940	2068	90
1273	4	8	20	12950	5555	97
1274	3	1	30	12960	1852	95
1275	4	14	10	12970	3425	80
1276	4	14	15	12980	1398	86
1277	3	1	20	12990	2498	81
1278	4	8	10	13000	12735	82
1279	4	14	10	13010	3972	96
1280	4	14	10	13020	7642	86
1281	0	12	10	13030	4495	88
1282	4	8	10	13040	1804	98
1283	4	14	30	13050	911	88
1284	3	1	10	13060	4127	98
1285	4	8	20	13070	3150	85
1286	4	14	15	13080	6419	85
1287	4	8	20	13090	8534	98
1288	3	1	30	13100	11847	89
1289	4	14	30	13110	18785	85
1290	3	1	15	13120	207	93
1291	4	8	30	13130	11147	99
1292	0	12	20	13140	417	99
1293	0	12	30	13150	12942	94
1294	4	8	30	13160	4580	99
1295	4	14	15	13170	9417	92
1296	0	12	20	13180	1160	89
1297	4	8	10	13200	7653	100
1298	3	1	15	13210	6322	88
1299	3	1	20	13220	6088	98
1300	4	8	20	13230	862	81
1301	4	14	20	13240	11953	93
1302	3	1	10	13250	8978	84
1303	4	8	20	13260	7008	87
1304	3	1	30	13270	4038	89
1305	0	12	15	13280	6252	93
1306	4	14	10	13290	1929	87
1307	0	12	10	13300	5431	82
1308	3	1	15	13310	5308	96
1309	4	8	10	13320	13734	87
1310	4	8	10	13330	4727	97
1311	4	14	20	13340	4638	87
1312	3	1	20	13350	759	95
1313	4	8	30	13360	7448	82
1314	3	1	15	13370	5550	86
1315	0	12	20	13380	2327	87
1316	4	14	10	13390	3598	99
1317	4	14	20	13400	3547	81
1318	0	12	15	13410	889	95
1319	4	8	10	13420	1204	83
1320	4	8	15	13430	602	92
1321	4	14	20	13440	7177	98
1322	0	12	15	13450	10109	98
1323	4	14	10	13460	1793	100
1324	0	12	10	13470	249	91
1325	0	12	15	13480	3590	91
1326	3	1	10	13490	824	80
1327	3	1	15	13500	2341	96
1328	0	12	30	13510	285	98
1329	4	14	15	13520	2507	82
1330	4	14	20	13530	1563	91
1331	4	8	10	13540	2337	87
1332	0	12	10	13550	4440	93
1333	3	1	15	13560	778	85
1334	4	8	20	13570	2287	95
1335	0	12	15	13600	9306	93
1336	3	1	10	13610	6074	83
1337	0	12	20	13620	3075	90
1338	0	12	30	13630	3358	99
1339	3	1	20	13640	7674	85
1340	3	1	20	13650	708	99
1341	4	14	10	13660	231	82
1342	4	14	15	13670	635	82
1343	4	8	20	13680	15760	82
1344	4	8	20	13690	1412	88
1345	4	14	30	13700	1811	85
1346	4	14	15	13710	5802	84
1347	4	14	20	13720	1174	96
1348	4	8	15	13730	944	87
1349	0	12	10	13740	1101	92
1350	0	12	15	13750	1494	94
1351	0	12	30	13760	4360	88
1352	0	12	30	13770	4234	84
1353	0	12	10	13780	3054	85
1354	4	8	10	13790	4107	86
1355	3	1	10	13800	1786	83
1356	3	1	15	13810	119	96
1357	4	14	10	13820	3042	85
1358	0	12	15	13830	5813	97
1359	3	1	20	13840	176	98
1360	4	8	10	13850	3708	92
1361	4	8	20	13860	11226	91
1362	4	14	10	13870	4483	85
1363	4	14	10	13880	1253	94
1364	4	8	15	13890	4133	96
1365	4	14	10	13900	1154	90
1366	4	14	15	13910	64	95
1367	4	14	10	13920	22076	89
1368	4	14	15	13930	2104	88
1369	3	1	10	13940	7534	94
1370	3	1	20	13950	4317	84
1371	4	14	20	13960	233	88
1372	3	1	30	13970	80	83
1373	3	1	20	13980	1699	89
1374	4	14	20	13990	411	85
1375	3	1	10	14000	349	89
1376	0	12	10	14008	4645	96
1377	3	1	20	14016	11225	96
1378	4	8	15	14024	263	91
1379	4	8	10	14032	4765	85
1380	0	12	10	14040	7014	87
1381	4	14	15	14048	10744	84
1382	4	8	30	14056	1060	89
1383	0	12	30	14064	7044	86
1384	3	1	10	14072	668	88
1385	3	1	30	14080	4312	83
1386	0	12	15	14088	6232	82
1387	4	14	10	14096	586	87
1388	4	8	15	14104	3062	100
1389	4	14	15	14112	313	92
1390	4	8	10	14120	8250	98
1391	3	1	30	14128	1141	98
1392	4	14	10	14136	5882	93
1393	4	8	15	14144	2977	80
1394	0	12	15	14152	1144	93
1395	0	12	30	14160	1008	88
1396	4	14	10	14168	1926	98
1397	0	12	15	14176	8407	89
1398	0	12	15	14184	1640	86
1399	3	1	20	14192	191	99
1400	4	14	20	14200	1712	90
1401	4	14	10	14208	5871	95
1402	4	14	15	14216	7465	88
1403	3	1	15	14224	1799	93
1404	4	8	20	14232	3474	87
1405	4	8	30	14240	1177	86
1406	3	1	10	14248	4130	85
1407	3	1	10	14256	1466	95
1408	0	12	15	14264	2293	80
1409	3	1	30	14272	3267	97
1410	3	1	30	14280	4474	88
1411	0	12	20	14288	376	100
1412	4	8	20	14296	2530	94
1413	4	14	15	14304	290	92
1414	3	1	15	14312	975	91
1415	3	1	30	14320	4464	88
1416	0	12	30	14328	4907	81
1417	4	14	15	14336	7479	99
1418	0	12	30	14344	489	85
1419	3	1	20	14352	16658	93
1420	3	1	30	14360	2474	87
1421	4	14	15	14400	8465	87
1422	3	1	30	14409	2472	90
1423	4	14	30	14418	1624	96
1424	4	8	10	14427	14768	97
1425	4	14	20	14436	2123	86
1426	4	14	15	14445	1350	95
1427	0	12	15	14454	2732	82
1428	3	1	10	14463	409	97
1429	4	14	30	14472	8315	97
1430	4	14	10	14481	4833	92
1431	4	14	30	14490	6625	86
1432	3	1	15	14499	3697	90
1433	3	1	20	14508	68	93
1434	4	8	15	14517	1710	95
1435	4	8	30	14526	236	92
1436	4	14	10	14535	362	97
1437	3	1	20	14544	8174	96
1438	3	1	10	14553	1138	100
1439	4	8	15	14562	9165	82
1440	0	12	30	14571	63	99
1441	3	1	10	14580	2635	87
1442	3	1	20	14589	4816	87
1443	4	14	15	14598	15048	82
1444	4	8	20	14607	2056	83
1445	4	8	15	14616	6110	98
1446	4	8	15	14625	6048	84
1447	0	12	30	14634	4818	81
1448	4	14	30	14643	1476	90
1449	4	8	20	14652	3436	85
1450	0	12	10	14661	2902	86
1451	4	14	20	14670	3075	99
1452	0	12	15	14679	5751	83
1453	4	8	30	14688	1734	94
1454	4	14	30	14697	3522	92
1455	4	14	15	14706	2529	83
1456	0	12	15	14715	1475	84
1457	0	12	20	14724	2866	92
1458	4	8	10	14733	1959	97
1459	3	1	30	14742	738	80
1460	4	8	15	14751	13821	91
1461	4	8	20	14760	645	82
1462	4	14	30	14800	940	99
1463	4	8	20	14810	3296	83
1464	3	1	20	14820	7777	85
1465	3	1	30	14830	7983	81
1466	4	8	15	14840	2667	90
1467	4	14	30	14850	2403	81
1468	4	8	30	14860	5122	97
1469	0	12	20	14870	692	100
1470	3	1	20	14880	3526	91
1471	4	8	10	14890	7239	85
1472	4	8	10	14900	3646	100
1473	3	1	20	14910	974	82
1474	3	1	20	14920	13847	94
1475	4	14	20	14930	15390	100
1476	0	12	20	14940	791	80
1477	4	14	15	14950	2648	88
1478	3	1	10	14960	10734	92
1479	4	14	20	14970	853	99
1480	3	1	15	14980	4002	82
1481	4	14	20	14990	3531	93
1482	4	8	20	15000	825	92
1483	0	12	20	15010	2942	91
1484	3	1	30	15020	1778	91
1485	4	14	20	15030	720	94
1486	4	14	20	15040	190	83
1487	4	8	20	15050	1157	96
1488	4	14	30	15060	2259	81
1489	4	8	10	15070	8454	92
1490	0	12	20	15080	5525	87
1491	4	14	20	15090	3422	84
1492	4	8	15	15100	2640	99
1493	0	12	15	15110	329	99
1494	4	14	10	15120	10662	91
1495	4	14	15	15130	8066	96
1496	4	14	10	15140	1275	89
1497	4	8	10	15150	596	83
1498	0	12	20	15160	510	98
1499	3	1	20	15170	3088	82
1500	4	14	10	15180	1405	87
1501	3	1	15	15190	1589	82
1502	3	1	30	15200	15274	85
1503	4	14	15	15210	648	91
1504	3	1	30	15220	18667	94
1505	3	1	30	15230	4553	80
1506	3	1	15	15240	11140	99
1507	4	8	30	15250	3160	80
1508	3	1	10	15260	1933	100
1509	4	14	15	15270	3733	92
1510	4	14	20	15280	1365	82
1511	4	8	30	15290	6957	97
1512	4	8	15	15300	3468	100
1513	4	8	15	15310	868	98
1514	4	14	20	15320	3073	99
1515	3	1	20	15330	1925	98
1516	4	14	30	15340	13139	90
1517	3	1	15	15350	4668	87
1518	4	14	30	15360	905	92
1519	4	14	10	15370	4710	91
1520	4	14	10	15380	6803	99
1521	0	12	30	15390	1073	94
1522	0	12	10	15400	81	80
1523	4	14	20	15410	7404	84
1524	4	14	30	15420	2112	92
1525	4	14	10	15430	43	87
1526	0	12	30	15440	1742	87
1527	4	8	30	15450	2927	81
1528	3	1	20	15460	1346	92
1529	3	1	15	15470	429	98
1530	0	12	15	15480	4891	91
1531	4	14	20	15490	167	97
1532	4	14	20	15500	1812	90
1533	4	14	20	15510	2001	90
1534	4	14	20	15520	9046	91
1535	0	12	10	15530	1452	100
1536	0	12	20	15540	3749	88
1537	3	1	15	15550	150	81
1538	4	8	20	15560	3021	98
1539	0	12	30	15570	4548	91
1540	4	8	10	15600	1027	95
1541	4	8	30	15610	2775	82
1542	3	1	15	15620	8102	97
1543	4	14	20	15630	6967	89
1544	3	1	15	15640	3566	89
1545	4	14	20	15650	10328	90
1546	4	8	15	15660	21254	84
1547	4	14	30	15670	1358	80
1548	0	12	20	15680	3131	80
1549	0	12	15	15690	3180	94
1550	4	14	15	15700	9388	85
1551	0	12	30	15710	3510	81
1552	4	8	15	15720	11002	91
1553	4	8	20	15730	2233	86
1554	4	14	15	15740	5098	84
1555	4	14	10	15750	251	93
1556	3	1	10	15760	1471	82
1557	4	14	10	15770	580	80
1558	4	14	15	15780	5377	99
1559	4	14	30	15790	15585	87
1560	4	8	10	15800	1581	94
1561	0	12	20	15810	2173	98
1562	3	1	15	15820	1206	89
1563	4	14	20	15830	1322	81
1564	4	14	30	15840	9257	80
1565	4	14	10	15850	1141	86
1566	3	1	10	15860	2464	86
1567	3	1	30	15870	823	90
1568	4	8	30	15880	1423	87
1569	4	14	20	15890	1054	100
1570	3	1	30	15900	5942	90
1571	4	8	20	15910	10401	89
1572	0	12	20	15920	690	90
1573	4	14	30	15930	2962	81
1574	4	8	30	15940	2505	97
1575	4	8	15	15950	1525	97
1576	3	1	15	15960	1830	98
1577	0	12	20	15970	869	91
1578	4	8	15	15980	1166	96
1579	0	12	15	15990	2661	81
1580	4	8	30	16000	63	82
1581	4	8	30	16010	269	86
1582	0	12	10	16020	14932	81
1583	4	8	10	16030	5348	99
1584	4	14	30	16040	879	93
1585	0	12	15	16050	517	90
1586	4	8	15	16060	442	85
1587	3	1	10	16070	11029	84
1588	4	14	10	16080	4474	85
1589	0	12	15	16090	7203	99
1590	3	1	30	16100	22955	97
1591	0	12	20	16110	2564	87
1592	3	1	30	16120	1412	83
1593	4	8	30	16130	3198	91
1594	3	1	20	16140	1740	97
1595	0	12	20	16150	6587	97
1596	4	14	15	16160	1097	93
1597	3	1	20	16170	3532	95
1598	4	14	20	16180	10288	89
1599	3	1	15	16190	1672	83
1600	0	12	15	16200	2497	84
1601	4	14	20	16210	6620	95
1602	4	8	10	16220	17896	94
1603	4	8	10	16230	1491	80
1604	3	1	15	16240	5963	83
1605	4	8	30	16250	15376	97
1606	4	14	15	16260	2218	92
1607	3	1	15	16270	2130	90
1608	4	14	20	16280	13124	89
1609	3	1	10	16290	2065	88
1610	0	12	30	16300	4732	95
1611	4	8	20	16310	477	92
1612	3	1	30	16320	8554	85
1613	3	1	10	16330	1168	97
1614	3	1	30	16340	13280	84
1615	0	12	10	16350	1211	88
1616	0	12	15	16360	2342	97
1617	0	12	10	16370	2960	91
1618	0	12	20	16380	351	89
1619	4	14	15	16400	6052	91
1620	3	1	20	16413	619	80
1621	0	12	10	16426	2964	82
1622	3	1	20	16439	2877	84
1623	4	8	15	16452	2498	88
1624	0	12	20	16465	1071	82
1625	4	8	15	16478	1428	83
1626	4	14	20	16491	3958	85
1627	3	1	20	16504	3746	100
1628	0	12	10	16517	747	85
1629	0	12	15	16530	4292	100
1630	4	8	10	16543	321	84
1631	0	12	20	16556	6069	83
1632	4	8	30	16569	1268	81
1633	3	1	30	16582	9685	92
1634	4	14	30	16595	86	98
1635	4	8	15	16608	927	88
1636	0	12	30	16621	318	92
1637	3	1	10	16634	4372	80
1638	4	14	30	16647	13143	95
1639	3	1	10	16660	987	96
1640	0	12	10	16673	4758	98
1641	3	1	10	16686	4709	96
1642	3	1	20	16699	14618	95
1643	4	8	10	16712	1258	98
1644	0	12	20	16725	608	83
1645	4	8	10	16738	8629	85
1646	3	1	20	16751	3576	81
1647	4	14	20	16764	180	86
1648	4	14	30	16800	3534	86
1649	4	8	15	16809	383	89
1650	0	12	15	16818	1811	80
1651	3	1	15	16827	5048	81
1652	4	8	10	16836	2791	85
1653	0	12	15	16845	621	99
1654	0	12	20	16854	884	82
1655	0	12	15	16863	11319	81
1656	4	8	30	16872	1403	90
1657	0	12	30	16881	2970	85
1658	0	12	15	16890	317	99
1659	0	12	30	16899	2573	100
1660	3	1	10	16908	1725	92
1661	0	12	20	16917	6807	93
1662	4	8	10	16926	1110	84
1663	4	14	10	16935	1451	90
1664	0	12	10	16944	1579	84
1665	0	12	10	16953	9767	92
1666	0	12	30	16962	7348	90
1667	4	14	30	16971	14161	94
1668	4	14	15	16980	1055	100
1669	4	8	20	16989	5657	97
1670	0	12	15	16998	816	97
1671	4	8	10	17007	6026	97
1672	0	12	15	17016	3287	96
1673	3	1	20	17025	8020	93
1674	3	1	15	17034	351	93
1675	4	14	20	17043	2402	85
1676	4	8	20	17052	3187	88
1677	0	12	20	17061	1113	87
1678	4	8	20	17070	1562	85
1679	4	14	20	17079	1726	97
1680	3	1	30	17088	4942	82
1681	4	14	10	17097	3509	99
1682	4	14	30	17106	86	93
1683	4	14	20	17115	329	96
1684	0	12	10	17124	1392	100
1685	3	1	20	17133	1786	82
1686	3	1	20	17142	1304	98
1687	0	12	15	17151	547	83
1688	4	8	15	17160	4991	89
1689	4	14	20	17169	335	96
1690	4	14	15	17178	9672	98
1691	4	14	10	17187	3216	86
1692	4	8	30	17200	3552	81
1693	4	14	10	17210	2678	96
1694	4	14	10	17220	8112	84
1695	4	14	20	17230	8415	85
1696	0	12	30	17240	2388	91
1697	4	14	15	17250	4432	85
1698	0	12	10	17260	11505	94
1699	4	14	20	17270	1035	91
1700	4	8	15	17280	178	96
1701	4	14	20	17290	3871	88
1702	0	12	15	17300	6688	87
1703	3	1	15	17310	7081	89
1704	4	8	10	17320	9488	93
1705	3	1	10	17330	3525	84
1706	4	8	10	17340	681	85
1707	4	14	15	17350	4053	93
1708	4	8	10	17360	246	86
1709	4	8	30	17370	5494	98
1710	3	1	20	17380	1988	94
1711	4	8	10	17390	217	82
1712	4	14	10	17400	896	80
1713	4	8	30	17410	5174	81
1714	4	8	10	17420	5794	98
1715	3	1	10	17430	5813	93
1716	4	8	30	17440	6364	100
1717	3	1	15	17450	713	88
1718	3	1	10	17460	41	90
1719	4	8	15	17470	13527	81
1720	3	1	15	17480	4028	94
1721	4	14	15	17490	4991	86
1722	3	1	20	17500	1194	84
1723	0	12	30	17510	656	83
1724	4	8	10	17520	7483	100
1725	0	12	15	17530	4000	90
1726	4	14	15	17540	841	95
1727	4	8	10	17550	299	80
1728	3	1	20	17560	23134	88
1729	4	14	30	17570	923	87
1730	3	1	20	17600	7	94
1731	3	1	15	17608	8465	82
1732	4	14	20	17616	1423	94
1733	4	8	10	17624	400	95
1734	3	1	10	17632	1466	81
1735	4	14	10	17640	373	95
1736	3	1	20	17648	5912	92
1737	4	8	15	17656	850	84
1738	3	1	20	17664	756	83
1739	4	8	10	17672	4925	96
1740	0	12	20	17680	910	98
1741	3	1	15	17688	4100	85
1742	3	1	15	17696	282	98
1743	0	12	15	17704	13539	92
1744	0	12	30	17712	4669	82
1745	3	1	15	17720	7806	96
1746	0	12	30	17728	1734	86
1747	0	12	30	17736	7945	80
1748	4	8	10	17744	5135	98
1749	0	12	30	17752	431	92
1750	3	1	20	17760	340	86
1751	3	1	20	17768	1348	82
1752	0	12	10	17776	4307	95
1753	4	14	20	17784	15202	92
1754	0	12	10	17792	3600	97
1755	4	8	30	17800	1606	89
1756	0	12	30	17808	1797	83
1757	0	12	20	17816	4323	84
1758	0	12	10	17824	16473	90
1759	0	12	20	17832	1283	82
1760	3	1	20	17840	2016	89
1761	4	14	30	17848	352	84
1762	4	8	30	17856	4088	84
1763	3	1	10	17864	7685	99
1764	3	1	15	17872	5463	83
1765	0	12	15	17880	2871	91
1766	4	8	20	17888	5603	89
1767	4	8	10	17896	446	85
1768	4	14	20	17904	2170	100
1769	4	8	30	17912	4506	83
1770	0	12	15	17920	20646	81
1771	4	14	15	17928	3712	95
1772	0	12	20	17936	18847	85
1773	0	12	10	17944	1439	95
1774	0	12	20	17952	5748	84
1775	4	14	10	17960	20109	89
1776	0	12	10	17968	4139	89
1777	4	8	15	18000	1381	92
1778	4	14	10	18010	2484	81
1779	3	1	30	18020	17714	84
1780	0	12	20	18030	1316	84
1781	4	14	15	18040	1583	95
1782	0	12	10	18050	1718	83
1783	4	8	20	18060	9004	97
1784	0	12	10	18070	531	80
1785	0	12	10	18080	5031	92
1786	4	8	10	18090	994	88
1787	0	12	30	18100	1552	82
1788	0	12	30	18110	2786	98
1789	0	12	15	18120	14943	93
1790	3	1	10	18130	5197	91
1791	4	8	10	18140	471	88
1792	0	12	10	18150	932	95
1793	3	1	30	18160	9124	81
1794	4	14	15	18170	1496	86
1795	0	12	30	18180	508	93
1796	4	8	15	18190	4	80
1797	0	12	10	18200	966	99
1798	4	8	30	18210	1000	89
1799	4	14	15	18220	777	91
1800	4	8	20	18230	440	86
1801	4	14	20	18240	1130	80
1802	4	8	10	18250	2348	80
1803	4	14	10	18260	193	95
1804	0	12	15	18270	456	91
1805	3	1	15	18280	2592	92
1806	3	1	30	18290	1399	98
1807	4	14	10	18300	1766	100
1808	3	1	10	18310	969	87
1809	4	8	30	18320	3665	88
1810	0	12	30	18330	4634	100
1811	3	1	15	18340	290	92
1812	0	12	15	18350	883	82
1813	3	1	15	18360	21757	85
1814	0	12	10	18400	20511	98
1815	4	14	10	18410	286	94
1816	4	14	20	18420	5313	81
1817	4	14	10	18430	5472	87
1818	3	1	10	18440	5224	98
1819	3	1	10	18450	118	91
1820	3	1	10	18460	1381	83
1821	0	12	30	18470	2261	86
1822	0	12	10	18480	3703	88
1823	3	1	15	18490	2338	87
1824	3	1	20	18500	11872	93
1825	3	1	15	18510	8583	94
1826	4	14	10	18520	2022	80
1827	3	1	20	18530	391	83
1828	4	8	20	18540	18494	88
1829	4	14	30	18550	4120	92
1830	3	1	30	18560	19477	89
1831	0	12	30	18570	2249	90
1832	0	12	15	18580	293	83
1833	4	14	20	18590	1347	90
1834	4	8	10	18600	8606	98
1835	4	8	30	18610	139	84
1836	4	8	10	18620	8580	95
1837	4	8	10	18630	1438	88
1838	0	12	10	18640	6181	86
1839	4	8	20	18650	4169	89
1840	3	1	10	18660	2182	95
1841	3	1	10	18670	7953	89
1842	3	1	30	18680	450	95
1843	4	14	10	18690	9278	90
1844	4	14	15	18700	1370	94
1845	0	12	30	18710	4282	99
1846	4	8	20	18720	9771	85
1847	3	1	30	18730	954	89
1848	3	1	30	18740	9363	84
1849	4	14	10	18750	1113	93
1850	4	8	10	18760	1939	91
1851	4	8	10	18800	1181	93
1852	3	1	10	18811	2657	80
1853	4	14	30	18822	853	98
1854	4	8	15	18833	8638	88
1855	0	12	30	18844	4464	80
1856	3	1	20	18855	4113	92
1857	3	1	30	18866	5	94
1858	0	12	20	18877	415	82
1859	3	1	10	18888	1019	98
1860	4	14	15	18899	334	91
1861	0	12	10	18910	902	95
1862	3	1	15	18921	1828	91
1863	3	1	10	18932	3396	96
1864	4	14	10	18943	3742	99
1865	0	12	10	18954	1182	89
1866	3	1	10	18965	29242	89
1867	0	12	30	18976	9728	93
1868	0	12	10	18987	474	88
1869	3	1	15	18998	12861	94
1870	4	8	30	19009	823	100
1871	3	1	20	19020	2269	94
1872	3	1	30	19031	12741	81
1873	0	12	20	19042	341	89
1874	0	12	10	19053	3752	97
1875	0	12	30	19064	2241	94
1876	3	1	10	19075	1574	92
1877	4	8	10	19086	4844	99
1878	3	1	30	19097	662	94
1879	3	1	30	19108	1377	94
1880	4	8	20	19119	14019	88
1881	4	8	10	19130	816	91
1882	4	14	30	19141	840	99
1883	3	1	20	19152	5499	96
1884	3	1	20	19163	1197	80
1885	0	12	20	19174	5336	96
1886	3	1	30	19200	11576	90
1887	4	8	20	19211	8433	85
1888	3	1	10	19222	2052	82
1889	0	12	15	19233	949	98
1890	3	1	10	19244	1989	92
1891	4	14	15	19255	8534	81
1892	0	12	15	19266	910	86
1893	3	1	10	19277	3301	89
1894	3	1	15	19288	3349	98
1895	3	1	30	19299	986	80
1896	4	14	30	19310	2742	98
1897	0	12	20	19321	3056	99
1898	0	12	30	19332	1392	91
1899	4	14	15	19343	138	84
1900	4	8	20	19354	4290	90
1901	0	12	20	19365	3	93
1902	4	8	20	19376	422	80
1903	4	14	15	19387	11522	91
1904	4	8	10	19398	234	93
1905	4	14	20	19409	12081	98
1906	3	1	10	19420	1409	91
1907	4	8	20	19431	2067	92
1908	4	14	30	19442	3503	80
1909	0	12	20	19453	2433	94
1910	3	1	30	19464	1705	88
1911	0	12	20	19475	11270	94
1912	0	12	10	19486	7555	80
1913	4	8	30	19497	6584	89
1914	0	12	15	19508	1177	89
1915	4	8	10	19519	9039	80
1916	0	12	10	19530	50	96
1917	0	12	20	19541	3867	96
1918	4	14	15	19552	1504	96
1919	3	1	20	19563	8194	83
1920	3	1	10	19574	1492	100
1921	4	8	15	19600	514	83
1922	3	1	30	19609	2860	91
1923	0	12	30	19618	9239	91
1924	4	14	10	19627	3357	81
1925	3	1	20	19636	1452	99
1926	3	1	10	19645	1043	87
1927	0	12	30	19654	2021	93
1928	4	8	10	19663	2890	91
1929	3	1	10	19672	1977	97
1930	0	12	30	19681	10798	97
1931	3	1	15	19690	6265	94
1932	4	8	10	19699	2098	87
1933	4	14	15	19708	504	89
1934	4	8	10	19717	4014	83
1935	4	8	10	19726	13895	96
1936	0	12	20	19735	352	91
1937	0	12	15	19744	1126	88
1938	0	12	15	19753	4687	82
1939	4	14	10	19762	1470	82
1940	4	8	15	19771	2316	84
1941	0	12	15	19780	3114	98
1942	4	8	30	19789	1398	84
1943	4	8	20	19798	11646	88
1944	4	8	15	19807	7984	89
1945	3	1	20	19816	2402	98
1946	4	14	15	19825	133	80
1947	3	1	20	19834	2018	97
1948	4	8	30	19843	1466	80
1949	0	12	15	19852	4453	98
1950	4	8	20	19861	922	84
1951	4	14	10	19870	8363	82
1952	0	12	10	19879	997	82
1953	4	8	15	19888	2198	88
1954	4	8	10	19897	5130	85
1955	4	14	15	19906	3081	86
1956	4	8	30	19915	2694	81
1957	0	12	30	19924	890	90
1958	4	14	15	19933	1885	89
1959	4	14	20	19942	5584	95
1960	4	8	15	19951	5115	90
1961	3	1	15	19960	9222	99
1962	0	12	15	19969	8797	81
1963	0	12	20	19978	859	84
1964	0	12	20	19987	2960	97
1965	0	12	15	20000	3246	95
1966	4	14	15	20011	3037	87
1967	0	12	20	20022	5240	91
1968	0	12	20	20033	763	85
1969	4	14	15	20044	1347	93
1970	4	8	20	20055	6671	90
1971	4	14	20	20066	5827	87
1972	0	12	15	20077	10611	93
1973	0	12	10	20088	23	94
1974	4	8	10	20099	2259	99
1975	4	8	30	20110	5885	82
1976	4	14	20	20121	6988	100
1977	0	12	10	20132	3331	82
1978	3	1	15	20143	149	81
1979	4	8	15	20154	495	84
1980	4	14	15	20165	1267	98
1981	4	14	20	20176	7165	91
1982	3	1	10	20187	376	93
1983	0	12	30	20198	7405	94
1984	0	12	15	20209	814	92
1985	4	8	30	20220	231	95
1986	4	8	15	20231	3379	91
1987	4	14	20	20242	16873	100
1988	3	1	10	20253	2015	84
1989	4	8	30	20264	405	97
1990	4	14	10	20275	2607	94
1991	4	14	20	20286	8641	80
1992	4	8	10	20297	8151	99
1993	0	12	20	20308	11107	88
1994	3	1	30	20319	3526	92
1995	3	1	10	20330	3099	85
1996	0	12	30	20341	4220	97
1997	4	8	10	20352	428	80
1998	4	8	10	20363	2197	91
1999	4	8	10	20374	1474	95
