0	0	12	20	0	2147483647	90
1	0	12	30	5	2147483647	92
2	4	14	15	10	2147483647	75
3	0	12	15	15	2147483647	63
4	4	14	15	20	2147483647	76
5	0	12	15	25	2147483647	88
6	3	1	10	30	2147483647	78
7	4	14	10	35	2147483647	68
8	0	12	10	40	2147483647	92
9	4	14	15	45	2147483647	63
10	0	12	15	50	2147483647	70
11	0	12	20	55	2147483647	80
12	0	12	10	60	2147483647	71
13	4	14	20	65	2147483647	79
14	4	14	20	70	2147483647	72
15	4	14	10	75	2147483647	76
16	3	1	20	80	2147483647	81
17	3	1	20	85	2147483647	73
18	0	12	20	90	2147483647	93
19	4	14	30	95	2147483647	65
20	4	14	20	100	2147483647	95
21	3	1	10	105	2147483647	66
22	0	12	10	110	2147483647	81
23	3	1	15	115	2147483647	81
24	4	14	30	120	2147483647	86
25	0	12	15	125	2147483647	87
26	3	1	10	130	2147483647	83
27	0	12	20	135	2147483647	80
28	0	12	10	140	2147483647	65
29	4	8	30	145	2147483647	76
30	4	8	10	150	2147483647	60
31	4	8	30	155	2147483647	85
32	4	8	15	160	2147483647	77
33	3	1	20	165	2147483647	87
34	3	1	20	170	2147483647	86
35	3	1	30	175	2147483647	67
36	0	12	30	180	2147483647	96
37	4	8	30	185	2147483647	75
38	3	1	15	190	2147483647	84
39	4	8	30	195	2147483647	93
40	4	8	10	200	2147483647	86
41	4	14	30	205	2147483647	65
42	0	12	20	210	2147483647	64
43	0	12	15	215	2147483647	95
44	4	8	20	220	2147483647	61
45	0	12	10	225	2147483647	93
46	0	12	10	230	2147483647	78
47	4	8	30	235	2147483647	61
48	4	8	20	240	2147483647	75
49	3	1	10	245	2147483647	88
50	4	8	15	250	2147483647	74
51	4	14	10	255	2147483647	80
52	3	1	20	260	2147483647	89
53	4	8	30	265	2147483647	80
54	4	14	20	270	2147483647	62
55	4	8	15	275	2147483647	84
56	0	12	20	280	2147483647	70
57	4	8	30	285	2147483647	95
58	0	12	20	290	2147483647	78
59	4	14	30	295	2147483647	89
60	3	1	10	300	2147483647	65
61	4	8	20	305	2147483647	99
62	3	1	30	310	2147483647	62
63	3	1	10	315	2147483647	75
64	4	8	10	320	2147483647	62
65	4	14	15	325	2147483647	85
66	3	1	10	330	2147483647	62
67	4	8	20	335	2147483647	85
68	4	8	10	340	2147483647	94
69	4	8	30	345	2147483647	65
70	4	14	15	350	2147483647	80
71	4	8	20	355	2147483647	65
72	4	14	10	360	2147483647	89
73	3	1	20	365	2147483647	100
74	3	1	30	370	2147483647	80
75	4	14	30	375	2147483647	90
76	3	1	20	380	2147483647	61
77	4	14	30	385	2147483647	87
78	0	12	20	390	2147483647	80
79	3	1	20	395	2147483647	93
80	4	14	15	400	2147483647	69
81	4	8	15	405	2147483647	81
82	4	14	10	410	2147483647	65
83	3	1	10	415	2147483647	78
84	0	12	15	420	2147483647	61
85	3	1	30	425	2147483647	80
86	4	14	10	430	2147483647	96
87	0	12	20	435	2147483647	98
88	4	14	30	440	2147483647	84
89	4	8	10	445	2147483647	62
90	3	1	10	450	2147483647	97
91	4	14	30	455	2147483647	61
92	0	12	15	460	2147483647	98
93	4	14	20	465	2147483647	95
94	4	14	30	470	2147483647	88
95	0	12	20	475	2147483647	88
96	0	12	30	480	2147483647	62
97	3	1	15	485	2147483647	89
98	4	14	10	490	2147483647	92
99	3	1	15	495	2147483647	77
100	4	8	10	500	2147483647	91
101	3	1	15	505	2147483647	93
102	4	14	30	510	2147483647	68
103	4	14	20	515	2147483647	70
104	4	14	20	520	2147483647	68
105	4	14	30	525	2147483647	69
106	0	12	30	530	2147483647	92
107	4	14	10	535	2147483647	90
108	3	1	10	540	2147483647	60
109	0	12	30	545	2147483647	73
110	3	1	30	550	2147483647	82
111	0	12	30	555	2147483647	84
112	0	12	15	560	2147483647	75
113	4	8	30	565	2147483647	86
114	4	14	15	570	2147483647	80
115	4	8	30	575	2147483647	84
116	4	8	15	580	2147483647	94
117	0	12	30	585	2147483647	85
118	4	8	20	590	2147483647	74
119	4	14	10	595	2147483647	82
120	4	14	15	600	2147483647	89
121	4	8	20	605	2147483647	65
122	3	1	30	610	2147483647	60
123	0	12	10	615	2147483647	91
124	4	14	20	620	2147483647	68
125	4	14	15	625	2147483647	79
126	0	12	15	630	2147483647	68
127	0	12	20	635	2147483647	94
128	4	14	30	640	2147483647	71
129	4	8	15	645	2147483647	92
130	4	14	30	650	2147483647	87
131	4	14	10	655	2147483647	73
132	0	12	20	660	2147483647	96
133	4	8	15	665	2147483647	63
134	4	8	20	670	2147483647	62
135	4	8	30	675	2147483647	76
136	4	8	15	680	2147483647	73
137	4	14	15	685	2147483647	95
138	4	14	15	690	2147483647	69
139	0	12	20	695	2147483647	93
140	3	1	10	700	2147483647	89
141	4	14	10	705	2147483647	66
142	4	8	20	710	2147483647	97
143	3	1	30	715	2147483647	71
144	3	1	15	720	2147483647	80
145	4	8	10	725	2147483647	72
146	3	1	20	730	2147483647	87
147	3	1	20	735	2147483647	72
148	4	14	10	740	2147483647	74
149	4	8	30	745	2147483647	64
150	3	1	10	750	2147483647	95
151	0	12	10	755	2147483647	78
152	0	12	30	760	2147483647	75
153	4	14	30	765	2147483647	69
154	3	1	30	770	2147483647	88
155	0	12	20	775	2147483647	86
156	4	14	20	780	2147483647	92
157	4	14	30	785	2147483647	77
158	0	12	10	790	2147483647	61
159	4	14	15	795	2147483647	89
160	4	14	20	800	2147483647	60
161	4	14	15	805	2147483647	98
162	4	14	10	810	2147483647	78
163	4	8	30	815	2147483647	69
164	4	8	30	820	2147483647	86
165	4	14	20	825	2147483647	69
166	4	14	15	830	2147483647	89
167	3	1	10	835	2147483647	72
168	0	12	10	840	2147483647	84
169	3	1	20	845	2147483647	64
170	0	12	20	850	2147483647	70
171	3	1	10	855	2147483647	99
172	0	12	15	860	2147483647	75
173	0	12	30	865	2147483647	81
174	0	12	10	870	2147483647	94
175	0	12	10	875	2147483647	83
176	4	14	30	880	2147483647	68
177	4	14	30	885	2147483647	90
178	3	1	20	890	2147483647	71
179	4	8	15	895	2147483647	97
180	0	12	30	900	2147483647	93
181	3	1	20	905	2147483647	97
182	0	12	20	910	2147483647	80
183	4	8	10	915	2147483647	67
184	4	14	10	920	2147483647	97
185	3	1	30	925	2147483647	69
186	4	14	10	930	2147483647	98
187	0	12	20	935	2147483647	86
188	3	1	15	940	2147483647	75
189	0	12	10	945	2147483647	77
190	4	8	15	950	2147483647	84
191	4	8	20	955	2147483647	97
192	4	14	15	960	2147483647	94
193	4	14	10	965	2147483647	81
194	4	8	10	970	2147483647	92
195	3	1	30	975	2147483647	92
196	4	14	10	980	2147483647	88
197	0	12	30	985	2147483647	88
198	4	8	10	990	2147483647	85
199	4	14	20	995	2147483647	71
200	4	8	30	1000	2147483647	83
201	4	14	15	1005	2147483647	74
202	4	8	15	1010	2147483647	88
203	0	12	20	1015	2147483647	70
204	4	8	15	1020	2147483647	94
205	0	12	30	1025	2147483647	97
206	4	14	30	1030	2147483647	62
207	4	14	30	1035	2147483647	94
208	3	1	30	1040	2147483647	75
209	3	1	30	1045	2147483647	65
210	4	8	20	1050	2147483647	77
211	4	14	30	1055	2147483647	62
212	4	8	10	1060	2147483647	66
213	3	1	20	1065	2147483647	65
214	3	1	15	1070	2147483647	97
215	0	12	30	1075	2147483647	64
216	3	1	20	1080	2147483647	78
217	4	8	10	1085	2147483647	71
218	4	8	20	1090	2147483647	72
219	3	1	10	1095	2147483647	76
220	4	14	15	1100	2147483647	71
221	4	14	20	1105	2147483647	62
222	0	12	20	1110	2147483647	97
223	0	12	10	1115	2147483647	67
224	0	12	10	1120	2147483647	80
225	3	1	30	1125	2147483647	74
226	3	1	30	1130	2147483647	65
227	4	8	15	1135	2147483647	95
228	4	14	30	1140	2147483647	90
229	3	1	15	1145	2147483647	62
230	4	8	10	1150	2147483647	95
231	3	1	10	1155	2147483647	80
232	3	1	30	1160	2147483647	64
233	3	1	10	1165	2147483647	100
234	0	12	15	1170	2147483647	73
235	4	8	15	1175	2147483647	78
236	0	12	15	1180	2147483647	68
237	4	14	10	1185	2147483647	69
238	0	12	20	1190	2147483647	74
239	4	14	10	1195	2147483647	60
240	4	14	10	1200	2147483647	67
241	4	14	15	1205	2147483647	64
242	4	8	30	1210	2147483647	70
243	0	12	15	1215	2147483647	70
244	4	14	15	1220	2147483647	100
245	4	8	15	1225	2147483647	82
246	0	12	20	1230	2147483647	90
247	0	12	20	1235	2147483647	88
248	4	8	20	1240	2147483647	84
249	0	12	15	1245	2147483647	87
250	4	14	10	1250	2147483647	73
251	4	8	30	1255	2147483647	76
252	3	1	10	1260	2147483647	76
253	4	14	30	1265	2147483647	69
254	4	14	10	1270	2147483647	60
255	3	1	15	1275	2147483647	81
256	4	14	20	1280	2147483647	77
257	0	12	15	1285	2147483647	81
258	0	12	15	1290	2147483647	91
259	3	1	15	1295	2147483647	79
260	4	8	30	1300	2147483647	91
261	3	1	15	1305	2147483647	67
262	0	12	10	1310	2147483647	63
263	0	12	20	1315	2147483647	73
264	4	8	30	1320	2147483647	70
265	3	1	20	1325	2147483647	97
266	4	8	10	1330	2147483647	98
267	3	1	30	1335	2147483647	66
268	3	1	10	1340	2147483647	93
269	4	8	10	1345	2147483647	78
270	4	14	20	1350	2147483647	97
271	3	1	20	1355	2147483647	68
272	4	8	15	1360	2147483647	98
273	3	1	15	1365	2147483647	71
274	4	14	10	1370	2147483647	68
275	0	12	10	1375	2147483647	67
276	4	8	20	1380	2147483647	92
277	4	14	15	1385	2147483647	87
278	4	8	20	1390	2147483647	67
279	3	1	30	1395	2147483647	98
280	3	1	10	1400	2147483647	84
281	3	1	15	1405	2147483647	77
282	0	12	30	1410	2147483647	70
283	3	1	20	1415	2147483647	62
284	4	14	10	1420	2147483647	89
285	4	14	10	1425	2147483647	79
286	4	14	30	1430	2147483647	64
287	3	1	30	1435	2147483647	96
288	4	14	10	1440	2147483647	100
289	4	8	10	1445	2147483647	93
290	4	8	20	1450	2147483647	60
291	0	12	30	1455	2147483647	87
292	4	14	30	1460	2147483647	79
293	3	1	15	1465	2147483647	95
294	3	1	10	1470	2147483647	70
295	4	8	20	1475	2147483647	100
296	3	1	10	1480	2147483647	60
297	4	8	15	1485	2147483647	98
298	3	1	20	1490	2147483647	60
299	4	8	30	1495	2147483647	62
300	0	12	15	1500	2147483647	85
301	4	8	20	1505	2147483647	84
302	4	8	15	1510	2147483647	96
303	4	14	20	1515	2147483647	66
304	0	12	30	1520	2147483647	91
305	0	12	15	1525	2147483647	65
306	0	12	15	1530	2147483647	79
307	0	12	30	1535	2147483647	65
308	0	12	30	1540	2147483647	60
309	3	1	30	1545	2147483647	94
310	4	8	20	1550	2147483647	89
311	4	14	15	1555	2147483647	91
312	4	14	30	1560	2147483647	74
313	4	8	20	1565	2147483647	93
314	4	14	15	1570	2147483647	95
315	3	1	20	1575	2147483647	74
316	4	8	20	1580	2147483647	98
317	3	1	20	1585	2147483647	60
318	4	8	15	1590	2147483647	85
319	4	8	20	1595	2147483647	92
320	3	1	30	1600	2147483647	93
321	3	1	10	1605	2147483647	61
322	3	1	30	1610	2147483647	67
323	4	8	10	1615	2147483647	100
324	4	14	15	1620	2147483647	78
325	4	14	20	1625	2147483647	69
326	4	14	30	1630	2147483647	90
327	4	14	10	1635	2147483647	62
328	0	12	10	1640	2147483647	61
329	3	1	15	1645	2147483647	69
330	3	1	30	1650	2147483647	66
331	4	14	15	1655	2147483647	95
332	4	8	20	1660	2147483647	86
333	0	12	20	1665	2147483647	64
334	3	1	15	1670	2147483647	73
335	4	8	15	1675	2147483647	60
336	0	12	10	1680	2147483647	81
337	0	12	15	1685	2147483647	64
338	4	8	30	1690	2147483647	72
339	3	1	30	1695	2147483647	83
340	4	14	30	1700	2147483647	100
341	4	14	30	1705	2147483647	99
342	3	1	10	1710	2147483647	95
343	4	8	10	1715	2147483647	66
344	4	14	15	1720	2147483647	63
345	3	1	15	1725	2147483647	69
346	0	12	10	1730	2147483647	73
347	4	8	10	1735	2147483647	87
348	3	1	10	1740	2147483647	60
349	4	14	20	1745	2147483647	96
350	4	14	10	1750	2147483647	61
351	0	12	20	1755	2147483647	100
352	0	12	10	1760	2147483647	72
353	4	8	10	1765	2147483647	69
354	3	1	10	1770	2147483647	70
355	4	8	10	1775	2147483647	83
356	3	1	30	1780	2147483647	77
357	0	12	10	1785	2147483647	97
358	0	12	10	1790	2147483647	88
359	4	8	10	1795	2147483647	81
360	4	8	20	1800	2147483647	76
361	0	12	15	1805	2147483647	77
362	4	14	20	1810	2147483647	64
363	3	1	15	1815	2147483647	92
364	0	12	30	1820	2147483647	87
365	4	8	15	1825	2147483647	94
366	3	1	30	1830	2147483647	64
367	4	14	10	1835	2147483647	69
368	4	14	10	1840	2147483647	79
369	3	1	30	1845	2147483647	95
370	3	1	20	1850	2147483647	94
371	4	8	15	1855	2147483647	94
372	0	12	30	1860	2147483647	89
373	3	1	20	1865	2147483647	61
374	3	1	30	1870	2147483647	92
375	3	1	30	1875	2147483647	94
376	0	12	10	1880	2147483647	67
377	4	8	20	1885	2147483647	60
378	4	8	30	1890	2147483647	97
379	4	8	10	1895	2147483647	68
380	4	14	15	1900	2147483647	97
381	4	8	20	1905	2147483647	62
382	4	8	10	1910	2147483647	61
383	4	8	20	1915	2147483647	65
384	3	1	15	1920	2147483647	67
385	4	8	15	1925	2147483647	66
386	4	14	10	1930	2147483647	83
387	4	14	20	1935	2147483647	77
388	4	8	20	1940	2147483647	95
389	0	12	15	1945	2147483647	90
390	3	1	20	1950	2147483647	84
391	4	14	30	1955	2147483647	85
392	0	12	10	1960	2147483647	76
393	0	12	20	1965	2147483647	91
394	4	8	10	1970	2147483647	67
395	3	1	15	1975	2147483647	82
396	0	12	10	1980	2147483647	95
397	0	12	20	1985	2147483647	63
398	0	12	15	1990	2147483647	79
399	4	8	30	1995	2147483647	70
400	4	14	15	2000	2147483647	65
401	0	12	30	2005	2147483647	63
402	3	1	10	2010	2147483647	67
403	4	14	10	2015	2147483647	66
404	0	12	10	2020	2147483647	62
405	4	8	30	2025	2147483647	68
406	4	14	30	2030	2147483647	70
407	4	8	20	2035	2147483647	70
408	3	1	10	2040	2147483647	77
409	0	12	10	2045	2147483647	76
410	0	12	10	2050	2147483647	76
411	0	12	15	2055	2147483647	76
412	4	14	15	2060	2147483647	100
413	3	1	10	2065	2147483647	80
414	4	8	20	2070	2147483647	85
415	0	12	30	2075	2147483647	73
416	4	14	10	2080	2147483647	75
417	3	1	10	2085	2147483647	99
418	4	14	30	2090	2147483647	84
419	3	1	20	2095	2147483647	81
420	3	1	15	2100	2147483647	71
421	3	1	10	2105	2147483647	88
422	3	1	20	2110	2147483647	75
423	3	1	30	2115	2147483647	90
424	0	12	15	2120	2147483647	70
425	3	1	30	2125	2147483647	68
426	0	12	10	2130	2147483647	78
427	0	12	10	2135	2147483647	99
428	4	8	15	2140	2147483647	95
429	4	14	15	2145	2147483647	70
430	3	1	20	2150	2147483647	99
431	0	12	15	2155	2147483647	63
432	4	8	15	2160	2147483647	81
433	4	14	30	2165	2147483647	86
434	4	8	20	2170	2147483647	63
435	3	1	20	2175	2147483647	93
436	3	1	20	2180	2147483647	96
437	4	8	30	2185	2147483647	96
438	0	12	20	2190	2147483647	63
439	4	8	20	2195	2147483647	99
440	3	1	20	2200	2147483647	96
441	4	8	20	2205	2147483647	72
442	4	8	15	2210	2147483647	60
443	4	8	15	2215	2147483647	78
444	0	12	10	2220	2147483647	74
445	4	8	10	2225	2147483647	67
446	0	12	15	2230	2147483647	85
447	4	8	30	2235	2147483647	96
448	3	1	30	2240	2147483647	66
449	0	12	15	2245	2147483647	95
450	4	14	10	2250	2147483647	66
451	4	8	30	2255	2147483647	97
452	4	8	30	2260	2147483647	80
453	4	8	20	2265	2147483647	99
454	4	14	20	2270	2147483647	99
455	0	12	15	2275	2147483647	77
456	3	1	15	2280	2147483647	89
457	0	12	15	2285	2147483647	78
458	4	14	30	2290	2147483647	96
459	3	1	10	2295	2147483647	94
460	0	12	20	2300	2147483647	91
461	4	14	20	2305	2147483647	72
462	4	14	15	2310	2147483647	76
463	4	14	30	2315	2147483647	67
464	4	8	20	2320	2147483647	78
465	0	12	20	2325	2147483647	73
466	4	14	10	2330	2147483647	95
467	4	14	15	2335	2147483647	73
468	0	12	20	2340	2147483647	77
469	3	1	10	2345	2147483647	92
470	4	8	15	2350	2147483647	78
471	4	8	15	2355	2147483647	80
472	4	8	20	2360	2147483647	96
473	4	8	15	2365	2147483647	85
474	0	12	10	2370	2147483647	85
475	0	12	20	2375	2147483647	99
476	4	8	30	2380	2147483647	88
477	4	8	10	2385	2147483647	97
478	3	1	20	2390	2147483647	75
479	3	1	10	2395	2147483647	62
480	4	8	15	2400	2147483647	84
481	4	14	10	2405	2147483647	82
482	4	8	15	2410	2147483647	93
483	0	12	30	2415	2147483647	60
484	0	12	10	2420	2147483647	63
485	0	12	20	2425	2147483647	61
486	3	1	20	2430	2147483647	83
487	4	14	20	2435	2147483647	83
488	0	12	10	2440	2147483647	88
489	4	8	15	2445	2147483647	86
490	0	12	10	2450	2147483647	64
491	3	1	10	2455	2147483647	77
492	3	1	30	2460	2147483647	100
493	3	1	15	2465	2147483647	69
494	0	12	10	2470	2147483647	68
495	4	14	30	2475	2147483647	83
496	3	1	10	2480	2147483647	97
497	4	8	20	2485	2147483647	93
498	4	14	30	2490	2147483647	60
499	4	14	20	2495	2147483647	60
