0	0	12	30	0	6630	64
1	4	8	15	13	383	61
2	4	14	15	26	9452	61
3	4	14	20	39	1220	44
4	4	8	10	52	1803	54
5	0	12	20	65	277	18
6	4	8	15	78	6132	44
7	3	1	10	91	5043	19
8	4	14	15	104	4344	61
9	4	14	15	117	4738	32
10	0	12	10	130	785	51
11	3	1	20	143	8766	64
12	0	12	30	156	9887	67
13	3	1	20	169	4964	34
14	4	8	15	182	9731	41
15	0	12	30	195	2265	59
16	4	8	10	208	55	49
17	4	14	15	221	2253	67
18	3	1	15	234	1648	27
19	3	1	10	247	124	21
20	3	1	30	260	5896	66
21	3	1	20	273	8561	63
22	3	1	10	286	2931	13
23	3	1	10	299	515	29
24	4	14	10	312	4686	32
25	3	1	30	325	6230	27
26	3	1	10	338	5818	63
27	3	1	20	351	2258	31
28	0	12	30	364	676	60
29	0	12	20	377	1666	47
30	4	14	30	400	4307	16
31	4	8	30	407	513	15
32	4	8	30	414	1558	37
33	4	14	15	421	1414	60
34	0	12	30	428	10637	39
35	0	12	30	435	1078	15
36	3	1	10	442	1900	40
37	0	12	15	449	2690	28
38	4	14	30	456	6593	24
39	3	1	15	463	5205	66
40	4	14	30	470	2898	19
41	4	14	20	477	3217	37
42	3	1	10	484	5727	32
43	4	14	15	491	2671	38
44	4	8	15	498	7949	69
45	4	14	10	505	2058	30
46	0	12	10	512	1478	67
47	4	14	10	519	3756	61
48	4	8	30	526	11402	33
49	0	12	15	533	5206	38
50	4	14	30	540	6682	42
51	0	12	15	547	343	29
52	3	1	15	554	8191	49
53	4	14	30	561	333	44
54	4	8	15	568	1564	48
55	3	1	10	575	10471	14
56	3	1	10	582	3393	60
57	4	8	10	589	6149	45
58	0	12	20	596	3402	25
59	4	14	10	603	3408	39
60	4	8	15	610	1429	25
61	3	1	30	617	1739	26
62	4	8	15	624	3293	30
63	4	14	30	631	1553	27
64	0	12	20	638	141	28
65	4	14	15	645	237	48
66	0	12	20	652	3335	40
67	0	12	20	659	3847	19
68	4	8	20	666	6073	66
69	4	8	15	673	4505	38
70	3	1	20	680	223	31
71	4	8	30	687	2969	33
72	4	14	15	694	3902	55
73	0	12	30	701	3765	32
74	3	1	15	708	2896	14
75	4	14	15	715	985	41
76	4	14	20	722	517	43
77	4	14	30	729	131	46
78	0	12	30	736	1193	31
79	4	14	10	743	1357	15
80	3	1	30	750	2618	31
81	4	14	10	800	685	15
82	4	8	30	808	2687	68
83	4	14	15	816	2231	34
84	0	12	30	824	3009	17
85	3	1	20	832	3442	58
86	4	14	15	840	1148	37
87	3	1	10	848	1112	63
88	3	1	10	856	14601	24
89	3	1	30	864	11	37
90	4	8	20	872	4368	25
91	4	8	10	880	3597	66
92	0	12	30	888	9948	15
93	0	12	20	896	1067	55
94	0	12	10	904	2230	54
95	4	8	10	912	710	64
96	4	8	15	920	19069	20
97	4	14	10	928	2314	17
98	4	14	30	936	2408	22
99	3	1	10	944	6542	33
100	4	14	15	952	7248	60
101	4	14	20	960	4701	60
102	4	8	20	968	7044	66
103	0	12	15	976	1239	66
104	3	1	20	984	4478	19
105	3	1	10	992	1357	21
106	0	12	30	1000	2458	44
107	4	8	15	1008	1210	29
108	4	8	15	1016	3326	43
109	4	8	30	1024	445	19
110	4	14	20	1032	6555	41
111	4	14	15	1040	3102	27
112	0	12	15	1048	2995	27
113	0	12	15	1056	1341	23
114	0	12	15	1064	391	21
115	3	1	15	1072	617	23
116	4	8	30	1080	7965	28
117	4	8	30	1088	573	66
118	3	1	10	1096	6301	23
119	4	8	30	1104	2448	40
120	4	14	30	1112	6606	24
121	3	1	15	1120	1559	47
122	4	8	20	1128	4128	65
123	4	14	30	1136	6019	41
124	4	14	20	1144	45	25
125	4	8	20	1152	2473	36
126	0	12	30	1160	3737	30
127	4	14	20	1200	1969	13
128	4	14	30	1209	806	48
129	0	12	15	1218	1738	21
130	4	8	10	1227	1029	34
131	4	14	15	1236	4582	39
132	0	12	10	1245	3469	36
133	3	1	30	1254	2411	69
134	0	12	30	1263	2399	25
135	3	1	10	1272	6224	41
136	4	8	15	1281	1597	19
137	0	12	15	1290	1008	15
138	4	8	20	1299	5609	27
139	4	8	30	1308	1102	66
140	3	1	20	1317	501	27
141	4	8	10	1326	17838	20
142	0	12	30	1335	4533	33
143	4	8	10	1344	8121	17
144	4	14	10	1353	878	67
145	4	8	15	1362	533	69
146	0	12	20	1371	273	51
147	0	12	15	1380	3997	63
148	0	12	15	1389	608	47
149	3	1	30	1398	1338	44
150	4	14	10	1407	1422	48
151	4	14	15	1416	7808	24
152	0	12	10	1425	4156	65
153	4	8	30	1434	20894	52
154	3	1	15	1443	23148	21
155	4	8	30	1452	2884	25
156	3	1	10	1461	194	65
157	3	1	30	1470	205	38
158	0	12	20	1479	1177	53
159	4	8	10	1488	955	54
160	3	1	10	1497	4566	62
161	4	8	10	1506	291	43
162	3	1	20	1515	327	52
163	0	12	10	1524	953	35
164	0	12	30	1533	8427	56
165	4	14	15	1542	528	15
166	4	14	15	1551	12842	62
167	3	1	15	1560	309	29
168	4	14	20	1569	7178	68
169	4	8	10	1578	1450	50
170	0	12	30	1587	6720	16
171	0	12	20	1600	4093	26
172	4	14	10	1608	1908	51
173	0	12	15	1616	3212	27
174	4	14	15	1624	1660	26
175	3	1	20	1632	6855	17
176	4	8	20	1640	4139	27
177	0	12	15	1648	5967	60
178	0	12	20	1656	3477	45
179	4	8	15	1664	8702	27
180	0	12	30	1672	2011	55
181	0	12	20	1680	14798	37
182	3	1	15	1688	1139	37
183	0	12	30	1696	9136	17
184	0	12	15	1704	218	43
185	4	8	30	1712	1841	22
186	3	1	10	1720	145	44
187	3	1	10	1728	3521	54
188	4	14	20	1736	2433	60
189	4	14	30	1744	11076	70
190	0	12	10	1752	5411	47
191	4	14	20	1760	1309	52
192	0	12	20	1768	13737	32
193	0	12	15	1776	3119	44
194	4	14	20	1784	3286	17
195	0	12	15	1792	195	54
196	3	1	15	1800	9628	38
197	4	14	30	1808	2508	69
198	0	12	15	1816	18555	32
199	4	14	30	1824	304	64
200	3	1	10	1832	722	20
201	3	1	15	1840	19100	35
202	0	12	20	1848	6399	65
203	3	1	10	1856	7254	67
204	4	8	30	1864	2545	40
205	3	1	20	1872	4298	35
206	0	12	10	1880	2604	43
207	0	12	30	1888	395	51
208	3	1	15	1896	4254	39
209	0	12	20	1904	779	16
210	4	14	15	1912	8132	69
211	4	8	20	1920	1272	17
212	4	8	10	1928	2535	63
213	3	1	15	1936	1839	39
214	0	12	15	1944	6800	69
215	4	8	15	1952	4888	37
216	4	14	30	2000	6914	19
217	4	8	20	2009	795	47
218	0	12	20	2018	692	62
219	3	1	10	2027	2848	46
220	0	12	15	2036	368	41
221	0	12	10	2045	1875	20
222	3	1	30	2054	3856	39
223	0	12	30	2063	9074	69
224	4	8	10	2072	3307	16
225	4	8	10	2081	3058	35
226	0	12	30	2090	4470	64
227	4	14	20	2099	7280	19
228	4	8	20	2108	19238	23
229	3	1	30	2117	1382	43
230	4	14	10	2126	9627	49
231	4	8	30	2135	788	29
232	4	14	10	2144	6143	41
233	0	12	30	2153	2832	51
234	4	14	10	2162	5110	20
235	4	8	20	2171	2067	33
236	0	12	30	2180	780	43
237	4	14	15	2189	2116	40
238	4	14	10	2198	2230	48
239	4	8	30	2207	2007	20
240	4	8	20	2216	8844	50
241	3	1	10	2225	11361	64
242	0	12	20	2234	10668	28
243	3	1	10	2243	1306	56
244	4	14	15	2252	282	14
245	3	1	20	2261	2532	42
246	4	8	15	2270	6636	59
247	4	8	15	2279	3656	63
248	4	14	10	2288	5152	46
249	4	8	15	2297	7719	51
250	4	8	20	2306	1020	47
251	4	8	30	2315	5230	62
252	4	14	10	2324	1466	19
253	4	8	10	2333	2622	56
254	4	14	20	2342	16873	36
255	4	8	10	2351	6259	70
256	0	12	15	2360	1866	66
257	4	14	30	2400	9271	67
258	4	8	30	2411	1282	64
259	0	12	20	2422	11011	17
260	3	1	20	2433	16990	41
261	0	12	15	2444	4092	36
262	3	1	15	2455	431	41
263	4	14	20	2466	1801	66
264	4	8	15	2477	1243	38
265	3	1	20	2488	4687	52
266	3	1	15	2499	2675	47
267	4	8	15	2510	13083	25
268	4	14	15	2521	4168	32
269	4	14	30	2532	2136	49
270	4	8	20	2543	3005	65
271	4	14	15	2554	2121	49
272	3	1	20	2565	5593	70
273	3	1	30	2576	5782	54
274	4	8	15	2587	3859	67
275	4	8	10	2598	633	48
276	0	12	15	2609	2346	62
277	4	14	30	2620	1662	54
278	4	8	15	2631	7049	68
279	3	1	20	2642	392	45
280	4	14	30	2653	5160	47
281	4	14	20	2664	306	14
282	4	14	20	2675	483	44
283	4	14	10	2686	589	42
284	4	8	15	2697	277	66
285	4	8	15	2708	795	58
286	4	8	20	2719	8221	23
287	3	1	30	2730	1448	55
288	0	12	15	2741	2953	28
289	3	1	10	2752	10660	20
290	4	8	10	2763	124	37
291	0	12	10	2774	1290	46
292	4	8	15	2785	587	47
293	4	14	15	2800	2702	43
294	4	14	10	2809	2103	50
295	0	12	10	2818	1150	26
296	0	12	30	2827	7313	36
297	4	8	10	2836	3356	33
298	4	8	20	2845	46	31
299	0	12	30	2854	1899	32
300	0	12	10	2863	15942	65
301	0	12	10	2872	7527	46
302	3	1	10	2881	12132	44
303	0	12	15	2890	1486	67
304	0	12	30	2899	1581	57
305	3	1	10	2908	6719	68
306	3	1	10	2917	15002	62
307	4	8	15	2926	3128	35
308	0	12	30	2935	7918	60
309	3	1	15	2944	7300	58
310	4	8	20	2953	1705	21
311	0	12	20	2962	133	25
312	4	8	15	2971	303	70
313	4	14	15	2980	798	32
314	0	12	30	2989	950	41
315	3	1	10	2998	9719	40
316	4	8	30	3007	2992	63
317	4	14	10	3016	13438	69
318	3	1	10	3025	1401	70
319	4	14	10	3034	363	50
320	0	12	30	3043	6820	42
321	0	12	15	3052	812	63
322	0	12	30	3061	2318	68
323	0	12	10	3070	5047	25
324	4	8	20	3079	1932	25
325	0	12	20	3088	1164	31
326	4	8	30	3097	1286	15
327	4	14	10	3106	1214	39
328	3	1	30	3115	1757	17
329	0	12	10	3124	1842	54
330	4	8	10	3133	1467	24
331	4	14	10	3142	8344	42
332	3	1	10	3151	1593	35
333	0	12	20	3160	2394	49
334	3	1	15	3169	475	50
335	3	1	20	3200	8385	13
336	4	8	20	3211	520	40
337	3	1	15	3222	6505	47
338	3	1	15	3233	6652	56
339	4	14	10	3244	1168	69
340	3	1	10	3255	912	66
341	4	14	15	3266	1598	58
342	4	8	10	3277	2333	65
343	3	1	30	3288	4599	40
344	0	12	20	3299	3501	69
345	0	12	15	3310	24509	24
346	3	1	20	3321	905	47
347	3	1	10	3332	12464	28
348	3	1	15	3343	1311	15
349	4	8	10	3354	2748	22
350	4	14	15	3365	5136	34
351	0	12	30	3376	8287	38
352	4	14	10	3387	1271	33
353	4	8	20	3398	10341	51
354	0	12	30	3409	3281	61
355	0	12	20	3420	6389	15
356	0	12	10	3431	2095	49
357	4	8	30	3442	1071	32
358	3	1	20	3453	10488	55
359	4	14	15	3464	307	38
360	0	12	10	3475	3094	65
361	4	14	30	3486	5015	36
362	4	14	15	3497	828	31
363	4	14	20	3508	2715	19
364	4	8	15	3519	3033	47
365	3	1	15	3530	2548	49
366	3	1	15	3541	4873	61
367	4	8	30	3552	3900	34
368	0	12	10	3563	285	52
369	4	8	10	3574	1628	41
370	4	8	20	3600	6243	13
371	3	1	15	3613	5140	28
372	0	12	20	3626	672	26
373	3	1	30	3639	172	14
374	0	12	30	3652	8580	54
375	0	12	20	3665	2684	54
376	3	1	15	3678	5417	68
377	4	8	10	3691	5651	40
378	0	12	20	3704	573	26
379	0	12	15	3717	1946	14
380	3	1	30	3730	205	55
381	4	14	30	3743	1538	58
382	0	12	20	3756	16134	37
383	4	8	30	3769	7823	65
384	0	12	20	3782	4153	32
385	0	12	15	3795	2270	57
386	0	12	10	3808	3700	21
387	0	12	20	3821	2069	54
388	0	12	20	3834	8852	58
389	3	1	20	3847	1510	48
390	3	1	20	3860	2534	34
391	4	14	20	3873	8720	21
392	4	14	30	3886	8350	63
393	4	14	10	3899	5333	30
394	3	1	10	3912	5017	16
395	4	14	10	3925	2688	43
396	0	12	30	3938	614	40
397	4	8	15	3951	11917	59
398	4	8	20	3964	658	64
399	3	1	10	3977	475	32
400	3	1	10	4000	1389	33
401	4	8	20	4011	3466	26
402	4	8	10	4022	8715	46
403	0	12	15	4033	11620	45
404	4	14	15	4044	4909	22
405	4	8	30	4055	33312	19
406	0	12	10	4066	5081	24
407	0	12	10	4077	1045	32
408	0	12	20	4088	170	67
409	4	14	15	4099	294	19
410	4	8	10	4110	229	17
411	4	14	10	4121	4213	22
412	4	8	15	4132	427	18
413	3	1	15	4143	3124	54
414	4	8	15	4154	96	54
415	4	8	10	4165	990	20
416	4	14	10	4176	5271	70
417	3	1	20	4187	1592	36
418	4	14	30	4198	7503	57
419	0	12	30	4209	414	60
420	3	1	10	4220	8090	41
421	4	8	20	4231	1428	19
422	0	12	15	4242	5269	46
423	3	1	15	4253	5615	17
424	4	14	20	4264	8012	20
425	4	8	30	4275	9334	62
426	3	1	20	4286	7518	35
427	4	8	20	4297	2167	66
428	0	12	30	4308	1586	68
429	4	8	20	4319	2000	24
430	0	12	20	4330	1700	26
431	0	12	30	4341	6294	22
432	0	12	20	4352	3714	47
433	4	8	15	4363	86	64
434	4	8	10	4374	384	51
435	0	12	15	4385	2542	41
436	4	8	30	4400	2266	24
437	4	14	15	4411	150	62
438	4	8	15	4422	657	55
439	4	14	20	4433	4156	26
440	0	12	15	4444	5004	45
441	0	12	10	4455	1870	60
442	0	12	30	4466	1799	57
443	0	12	15	4477	6853	52
444	0	12	20	4488	1197	43
445	4	14	15	4499	6816	24
446	3	1	15	4510	6160	15
447	4	8	20	4521	1625	21
448	4	8	30	4532	4985	46
449	4	8	30	4543	2736	66
450	0	12	30	4554	5659	44
451	3	1	10	4565	6728	17
452	3	1	15	4576	432	14
453	0	12	20	4587	218	17
454	0	12	30	4598	1120	62
455	4	8	15	4609	19931	27
456	0	12	15	4620	7522	51
457	4	14	30	4631	568	42
458	4	8	20	4642	334	38
459	3	1	20	4653	6515	30
460	4	14	15	4664	661	54
461	3	1	15	4675	1431	29
462	4	14	10	4686	9316	34
463	4	14	10	4697	4177	56
464	4	14	20	4708	5157	64
465	0	12	10	4719	1220	66
466	3	1	15	4730	189	46
467	0	12	30	4741	332	25
468	0	12	10	4752	2393	16
469	0	12	30	4763	3225	26
470	0	12	15	4774	6181	66
471	4	14	30	4800	4753	20
472	0	12	15	4812	778	51
473	0	12	10	4824	895	44
474	0	12	20	4836	1942	27
475	3	1	10	4848	2726	51
476	0	12	30	4860	11130	32
477	0	12	10	4872	9741	64
478	4	8	30	4884	2737	44
479	0	12	15	4896	192	66
480	3	1	20	4908	499	60
481	0	12	10	4920	2881	26
482	4	14	20	4932	4895	33
483	4	14	10	4944	7134	15
484	4	8	20	4956	4048	51
485	4	8	20	4968	3040	22
486	3	1	20	4980	4689	20
487	4	14	10	4992	3209	42
488	0	12	20	5004	6004	14
489	0	12	30	5016	415	36
490	0	12	10	5028	3900	61
491	3	1	10	5040	1426	53
492	3	1	30	5052	12572	37
493	3	1	30	5064	1709	37
494	4	14	15	5076	2723	43
495	4	8	30	5088	2130	29
496	0	12	30	5100	2545	39
497	4	8	30	5112	5009	14
498	4	8	20	5124	400	59
499	0	12	15	5136	21961	47
500	0	12	10	5148	5908	49
501	3	1	15	5160	4893	60
502	4	8	15	5172	8602	18
503	4	8	30	5200	692	32
504	4	8	20	5210	4933	13
505	0	12	10	5220	255	36
506	4	8	30	5230	4055	36
507	3	1	10	5240	9283	41
508	0	12	30	5250	4416	60
509	3	1	20	5260	5547	24
510	0	12	20	5270	226	65
511	0	12	15	5280	10938	57
512	4	8	10	5290	4052	68
513	0	12	15	5300	134	43
514	0	12	30	5310	4639	41
515	4	14	10	5320	4075	40
516	4	14	30	5330	3615	66
517	0	12	10	5340	293	32
518	4	8	15	5350	46	17
519	4	8	10	5360	853	54
520	4	8	20	5370	3400	58
521	4	14	15	5380	2730	16
522	4	14	10	5390	1442	24
523	4	14	10	5400	1733	50
524	4	14	30	5410	10673	36
525	3	1	10	5420	2668	26
526	0	12	30	5430	5363	53
527	3	1	20	5440	7064	26
528	0	12	30	5450	4906	13
529	3	1	30	5460	14259	68
530	4	8	10	5470	94	25
531	4	14	30	5480	1014	30
532	3	1	15	5490	6797	18
533	4	8	15	5500	2769	68
534	0	12	10	5510	1288	29
535	4	14	15	5520	2121	13
536	3	1	20	5530	3975	21
537	4	8	20	5540	3167	13
538	4	8	20	5550	526	14
539	0	12	15	5560	3420	27
540	4	14	30	5570	9021	56
541	0	12	15	5600	6214	50
542	4	14	10	5609	8588	53
543	3	1	30	5618	109	61
544	4	14	15	5627	178	41
545	0	12	30	5636	4656	16
546	0	12	10	5645	4351	55
547	4	8	20	5654	10291	65
548	3	1	30	5663	4331	67
549	0	12	15	5672	7719	15
550	4	8	10	5681	6815	34
551	4	14	30	5690	2044	19
552	4	14	15	5699	4851	67
553	4	14	20	5708	9335	17
554	3	1	20	5717	2201	60
555	0	12	20	5726	1297	45
556	4	14	10	5735	2063	49
557	4	8	15	5744	3035	38
558	4	8	10	5753	1036	67
559	4	14	15	5762	1003	58
560	0	12	15	5771	1562	54
561	4	14	10	5780	6605	22
562	4	8	15	5789	868	40
563	4	8	10	5798	4773	62
564	0	12	20	5807	5188	69
565	0	12	20	5816	7112	47
566	4	8	10	5825	501	51
567	0	12	20	5834	590	13
568	0	12	10	5843	5673	26
569	0	12	20	5852	1285	41
570	0	12	15	5861	36	32
571	4	8	10	5870	196	66
572	3	1	20	5879	11777	30
573	4	8	30	5888	2295	61
574	4	8	10	5897	1409	68
575	4	8	15	5906	6130	21
576	0	12	10	5915	3781	34
577	4	8	15	5924	1290	33
578	0	12	30	5933	1473	22
579	4	14	30	5942	1112	32
580	4	8	10	5951	6941	41
581	4	14	10	5960	6743	58
582	0	12	20	6000	734	30
583	0	12	15	6014	7639	69
584	0	12	20	6028	667	47
585	3	1	15	6042	3904	18
586	0	12	20	6056	2946	34
587	4	14	20	6070	9819	14
588	3	1	30	6084	317	20
589	4	14	20	6098	25457	54
590	0	12	10	6112	34	34
591	4	8	15	6126	412	53
592	4	14	20	6140	1534	16
593	3	1	10	6154	9264	27
594	0	12	10	6168	1158	44
595	0	12	20	6182	363	47
596	3	1	30	6196	3600	22
597	4	8	10	6210	825	61
598	4	8	15	6224	1428	62
599	3	1	30	6238	955	64
600	3	1	30	6252	3375	35
601	4	14	20	6266	2984	55
602	0	12	20	6280	725	52
603	3	1	15	6294	1954	39
604	0	12	30	6308	7474	54
605	0	12	30	6322	5878	39
606	0	12	10	6336	2412	60
607	3	1	15	6350	1236	19
608	4	8	20	6364	3726	19
609	4	8	10	6400	4078	51
610	0	12	20	6410	4380	24
611	4	8	30	6420	544	28
612	4	8	20	6430	1012	29
613	3	1	10	6440	16932	48
614	4	8	15	6450	2031	29
615	4	8	10	6460	2842	66
616	3	1	15	6470	4092	63
617	4	8	10	6480	1681	42
618	0	12	15	6490	3133	28
619	3	1	10	6500	437	63
620	0	12	10	6510	1482	26
621	3	1	15	6520	911	50
622	3	1	20	6530	251	63
623	4	8	15	6540	5701	42
624	4	14	15	6550	1237	19
625	3	1	10	6560	9684	49
626	4	8	20	6570	5227	62
627	0	12	15	6580	188	15
628	0	12	20	6590	819	29
629	4	8	20	6600	943	34
630	3	1	20	6610	845	69
631	3	1	10	6620	2214	44
632	4	14	30	6630	14829	42
633	4	8	10	6640	402	28
634	0	12	10	6650	4469	67
635	4	8	15	6660	1414	56
636	3	1	20	6670	4186	19
637	3	1	15	6680	6076	62
638	4	14	20	6690	24	27
639	0	12	20	6700	1935	21
640	4	8	10	6710	747	29
641	3	1	10	6720	1179	27
642	3	1	10	6730	1472	65
643	4	8	30	6740	2299	40
644	3	1	10	6750	1618	43
645	3	1	15	6760	8525	18
646	4	14	30	6770	8295	37
647	4	8	15	6780	1620	39
648	4	8	30	6800	2797	68
649	4	14	10	6809	5430	49
650	3	1	10	6818	2365	55
651	4	8	30	6827	1152	50
652	4	8	20	6836	4123	45
653	4	14	10	6845	876	69
654	3	1	20	6854	9322	50
655	0	12	15	6863	1824	55
656	4	8	10	6872	2501	62
657	4	14	10	6881	2084	22
658	3	1	30	6890	513	32
659	4	8	30	6899	10902	17
660	3	1	15	6908	165	47
661	0	12	20	6917	2089	57
662	4	8	30	6926	336	61
663	0	12	30	6935	2017	56
664	3	1	20	6944	2381	52
665	3	1	15	6953	1100	50
666	3	1	30	6962	658	57
667	0	12	20	6971	548	14
668	3	1	30	6980	1499	51
669	4	14	30	6989	423	44
670	3	1	20	6998	7857	59
671	0	12	10	7007	7848	14
672	4	8	15	7016	1643	27
673	4	14	20	7025	694	19
674	0	12	10	7034	10820	47
675	3	1	10	7043	223	70
676	4	14	15	7052	9042	56
677	0	12	30	7061	3909	36
678	4	14	15	7070	2226	70
679	4	8	10	7079	1943	14
680	3	1	15	7088	150	25
681	0	12	10	7097	2018	35
682	3	1	20	7106	3132	18
683	4	8	20	7115	2337	50
684	3	1	15	7124	5769	49
685	4	8	30	7133	11275	32
686	4	8	15	7142	6089	69
687	0	12	30	7151	6032	43
688	3	1	15	7160	857	48
689	4	14	30	7169	1465	24
690	0	12	15	7178	7154	64
691	4	14	15	7200	1111	67
692	4	14	15	7209	4323	42
693	3	1	30	7218	297	23
694	3	1	10	7227	1680	44
695	0	12	15	7236	5768	42
696	0	12	15	7245	767	36
697	4	8	10	7254	9720	21
698	3	1	15	7263	17871	58
699	0	12	20	7272	387	63
700	0	12	15	7281	5229	32
701	4	14	15	7290	5485	36
702	4	14	15	7299	82	59
703	4	8	10	7308	2060	37
704	0	12	20	7317	8581	61
705	4	8	10	7326	3536	54
706	4	14	15	7335	9783	36
707	4	8	10	7344	2645	39
708	3	1	10	7353	1224	35
709	0	12	20	7362	7544	51
710	0	12	30	7371	2543	70
711	0	12	15	7380	7362	39
712	4	14	30	7389	15521	23
713	4	8	20	7398	5320	31
714	3	1	15	7407	9115	62
715	4	8	15	7416	4136	25
716	4	8	10	7425	7975	52
717	0	12	10	7434	4065	24
718	4	8	20	7443	4003	19
719	4	8	30	7452	2839	33
720	0	12	10	7461	2454	52
721	4	8	30	7470	1868	27
722	4	8	10	7479	10944	36
723	3	1	10	7488	23	39
724	4	14	20	7497	1246	50
725	4	14	10	7506	3839	62
726	0	12	20	7515	886	42
727	4	14	20	7524	1232	17
728	4	8	15	7533	6780	46
729	4	14	20	7542	743	17
730	3	1	20	7551	8474	46
731	3	1	15	7560	16475	48
732	3	1	20	7569	4033	48
733	3	1	30	7578	1629	19
734	0	12	20	7587	4260	52
735	4	14	10	7600	1373	60
736	4	8	20	7614	1884	46
737	4	8	20	7628	605	51
738	0	12	10	7642	3280	60
739	4	8	10	7656	777	66
740	4	8	15	7670	109	66
741	0	12	10	7684	1415	43
742	3	1	30	7698	2894	20
743	3	1	20	7712	1689	68
744	3	1	10	7726	7236	25
745	4	14	10	7740	19071	37
746	4	14	20	7754	1222	57
747	3	1	20	7768	10371	24
748	4	14	15	7782	765	31
749	0	12	30	7796	4797	32
750	4	14	15	7810	9198	61
751	4	14	10	7824	3075	25
752	0	12	15	7838	1311	14
753	0	12	15	7852	2617	38
754	0	12	15	7866	4017	24
755	4	14	20	7880	1762	18
756	3	1	10	7894	6665	70
757	0	12	15	7908	58	33
758	4	8	15	7922	579	58
759	4	8	15	7936	1236	69
760	0	12	15	7950	1965	24
761	4	14	20	7964	4178	32
762	4	14	20	7978	4403	64
763	3	1	20	8000	394	31
764	3	1	30	8011	13836	17
765	3	1	15	8022	2667	34
766	3	1	30	8033	923	62
767	4	8	30	8044	4140	16
768	0	12	10	8055	334	49
769	4	14	15	8066	3735	15
770	0	12	20	8077	1251	49
771	0	12	20	8088	5141	14
772	0	12	30	8099	327	34
773	4	14	15	8110	2432	24
774	0	12	15	8121	2625	37
775	0	12	30	8132	700	21
776	3	1	10	8143	7810	19
777	3	1	20	8154	3572	39
778	4	14	10	8165	744	26
779	0	12	15	8176	1292	25
780	4	14	15	8187	1746	18
781	3	1	30	8198	1278	31
782	0	12	15	8209	381	56
783	4	8	20	8220	501	26
784	0	12	15	8231	1258	27
785	3	1	20	8242	1681	34
786	3	1	10	8253	4871	46
787	3	1	10	8264	673	22
788	3	1	15	8275	4827	66
789	4	8	10	8286	1420	47
790	0	12	30	8297	2612	61
791	0	12	15	8308	1792	26
792	4	14	10	8319	22	64
793	3	1	20	8330	1390	62
794	4	8	20	8341	6214	54
795	4	8	20	8352	1904	47
796	4	8	20	8363	3983	50
797	0	12	10	8374	2186	60
798	0	12	20	8400	1886	63
799	0	12	20	8409	1719	61
800	4	8	10	8418	6155	46
801	3	1	20	8427	3855	53
802	4	8	20	8436	7457	45
803	4	14	30	8445	3349	29
804	0	12	10	8454	2247	53
805	3	1	20	8463	775	60
806	4	14	10	8472	2449	61
807	0	12	30	8481	6946	61
808	0	12	10	8490	27212	13
809	4	14	20	8499	2562	15
810	0	12	15	8508	2758	69
811	4	14	20	8517	995	44
812	0	12	10	8526	7452	20
813	4	8	10	8535	7827	45
814	3	1	10	8544	9729	63
815	3	1	20	8553	487	64
816	4	14	15	8562	3257	47
817	3	1	10	8571	3190	50
818	4	8	15	8580	6952	16
819	4	14	15	8589	3926	54
820	0	12	10	8598	6103	59
821	0	12	20	8607	210	53
822	3	1	20	8616	11524	21
823	4	14	30	8625	6078	14
824	3	1	15	8634	545	25
825	4	14	15	8643	9528	36
826	4	8	20	8652	5062	20
827	4	8	15	8661	6144	43
828	3	1	30	8670	4400	40
829	3	1	20	8679	432	60
830	3	1	15	8688	3020	41
831	3	1	30	8697	2298	29
832	3	1	30	8706	966	46
833	4	14	15	8715	6866	35
834	4	14	10	8724	2699	50
835	4	8	20	8733	5314	35
836	0	12	10	8742	2238	56
837	0	12	20	8751	2968	39
838	0	12	15	8760	4658	44
839	4	8	20	8769	393	38
840	3	1	15	8778	8660	43
841	4	8	15	8787	8490	55
842	4	8	10	8800	678	21
843	3	1	20	8812	1034	63
844	0	12	30	8824	6452	48
845	4	8	15	8836	1199	29
846	0	12	10	8848	2905	18
847	4	8	10	8860	635	31
848	0	12	20	8872	1921	69
849	3	1	10	8884	4481	61
850	3	1	15	8896	6898	13
851	3	1	15	8908	337	13
852	3	1	30	8920	3634	56
853	0	12	10	8932	5556	21
854	4	14	15	8944	3346	15
855	4	8	15	8956	5300	64
856	4	14	30	8968	4490	45
857	4	8	30	8980	263	43
858	4	8	15	8992	2317	17
859	4	8	30	9004	2954	29
860	4	8	10	9016	2452	52
861	3	1	30	9028	4473	31
862	4	8	10	9040	681	34
863	3	1	15	9052	9069	24
864	4	8	10	9064	11462	44
865	3	1	15	9076	252	53
866	0	12	20	9088	22	68
867	0	12	30	9100	99	55
868	3	1	30	9112	1834	66
869	0	12	15	9124	779	41
870	4	8	15	9136	4635	21
871	3	1	30	9148	134	20
872	4	8	20	9160	7911	18
873	4	14	20	9200	5244	49
874	4	8	10	9210	5388	24
875	3	1	30	9220	9302	16
876	3	1	20	9230	9019	44
877	0	12	10	9240	5036	28
878	4	14	10	9250	15738	37
879	4	8	10	9260	8106	66
880	3	1	10	9270	1986	30
881	4	14	15	9280	3385	60
882	0	12	30	9290	2065	45
883	4	14	20	9300	20043	49
884	4	14	15	9310	1317	60
885	4	14	30	9320	2384	41
886	4	14	10	9330	7334	43
887	3	1	20	9340	2494	38
888	0	12	30	9350	1169	33
889	4	8	30	9360	5652	56
890	3	1	30	9370	249	60
891	4	14	15	9380	1814	25
892	4	14	10	9390	351	34
893	4	14	15	9400	724	27
894	0	12	15	9410	4034	56
895	0	12	15	9420	953	25
896	0	12	10	9430	5143	34
897	4	14	20	9440	1202	68
898	4	8	20	9450	1340	32
899	4	8	15	9460	5381	66
900	0	12	30	9470	1169	32
901	4	14	15	9480	2707	34
902	3	1	15	9490	6037	35
903	0	12	10	9500	915	40
904	4	8	20	9510	17593	52
905	4	14	20	9520	6216	63
906	4	8	20	9530	990	65
907	3	1	10	9540	8051	20
908	3	1	10	9550	43	68
909	0	12	20	9560	4369	69
910	3	1	30	9570	7307	32
911	3	1	30	9580	12726	30
912	3	1	20	9600	348	19
913	4	14	15	9612	3390	22
914	3	1	30	9624	560	69
915	4	8	20	9636	8731	62
916	4	8	10	9648	1258	56
917	4	8	15	9660	713	55
918	3	1	10	9672	3825	34
919	4	8	10	9684	2725	16
920	4	14	15	9696	999	23
921	3	1	30	9708	3121	43
922	0	12	30	9720	5896	34
923	0	12	10	9732	3779	22
924	4	8	20	9744	495	51
925	4	8	10	9756	1550	66
926	4	14	20	9768	11907	57
927	4	8	15	9780	4761	62
928	4	14	15	9792	400	63
929	4	8	30	9804	3002	70
930	3	1	20	9816	787	52
931	4	14	10	9828	4036	46
932	3	1	20	9840	2258	67
933	3	1	30	9852	1102	42
934	4	8	10	9864	3815	46
935	4	14	30	9876	9193	67
936	0	12	10	9888	6282	37
937	0	12	20	9900	886	17
938	3	1	30	9912	22	67
939	0	12	20	9924	2709	67
940	3	1	15	9936	1043	47
941	0	12	30	9948	14562	36
942	4	14	20	9960	2414	40
943	4	14	15	9972	3555	34
944	4	14	30	10000	9980	36
945	4	14	30	10009	430	43
946	4	8	20	10018	1321	18
947	0	12	30	10027	2874	24
948	4	8	20	10036	142	28
949	3	1	20	10045	5512	65
950	3	1	15	10054	11402	39
951	3	1	30	10063	3285	49
952	0	12	20	10072	4130	46
953	0	12	15	10081	6256	28
954	3	1	10	10090	2923	56
955	4	8	30	10099	4974	60
956	3	1	15	10108	5102	70
957	3	1	15	10117	734	25
958	3	1	20	10126	368	60
959	0	12	20	10135	4390	57
960	0	12	10	10144	7319	19
961	4	14	15	10153	2965	16
962	4	14	30	10162	5898	27
963	4	8	15	10171	2637	69
964	3	1	30	10180	2661	30
965	4	14	30	10189	910	57
966	4	14	15	10198	2995	34
967	4	14	30	10207	7392	48
968	4	8	10	10216	12563	47
969	3	1	10	10225	1051	15
970	4	8	20	10234	400	37
971	4	8	15	10243	295	51
972	4	14	15	10252	686	58
973	3	1	15	10261	527	38
974	3	1	30	10270	1228	39
975	3	1	20	10279	1136	57
976	4	14	10	10288	370	15
977	4	8	20	10297	804	13
978	4	8	10	10306	4733	57
979	4	8	30	10315	57	21
980	0	12	15	10324	163	60
981	4	14	30	10333	2294	45
982	0	12	20	10342	4326	46
983	0	12	20	10351	1706	69
984	4	14	15	10360	3524	43
985	0	12	30	10400	3854	16
986	3	1	15	10409	19069	70
987	3	1	10	10418	4093	51
988	4	14	20	10427	5126	57
989	0	12	10	10436	9337	57
990	0	12	15	10445	787	67
991	3	1	30	10454	3917	25
992	3	1	10	10463	469	28
993	4	8	10	10472	1658	23
994	0	12	20	10481	4228	61
995	3	1	30	10490	4898	44
996	0	12	30	10499	905	22
997	4	8	15	10508	14079	41
998	4	8	20	10517	434	17
999	4	14	10	10526	5005	50
1000	0	12	15	10535	3422	21
1001	4	8	30	10544	2311	41
1002	3	1	20	10553	3246	48
1003	3	1	20	10562	6511	25
1004	4	8	10	10571	4231	40
1005	0	12	30	10580	8193	59
1006	3	1	15	10589	2059	62
1007	3	1	10	10598	2938	21
1008	4	8	15	10607	2989	59
1009	4	14	15	10616	1265	69
1010	3	1	30	10625	3903	57
1011	0	12	30	10634	3094	70
1012	0	12	15	10643	2569	39
1013	0	12	30	10652	306	51
1014	4	14	15	10661	3936	67
1015	0	12	10	10670	2063	44
1016	3	1	30	10679	7938	40
1017	4	14	10	10688	2205	28
1018	3	1	30	10697	9096	39
1019	4	8	30	10706	8081	26
1020	0	12	15	10715	953	57
1021	4	8	10	10724	8702	53
1022	0	12	10	10733	511	62
1023	4	8	30	10742	220	60
1024	3	1	20	10751	215	19
1025	3	1	20	10760	2545	25
1026	4	14	15	10769	12922	35
1027	4	8	10	10778	6823	47
1028	3	1	30	10787	2547	47
1029	4	14	10	10800	3267	66
1030	3	1	20	10809	182	48
1031	4	8	20	10818	502	44
1032	0	12	30	10827	329	66
1033	3	1	30	10836	15620	19
1034	4	8	15	10845	2314	70
1035	4	14	20	10854	3676	32
1036	0	12	15	10863	8503	67
1037	3	1	10	10872	7787	33
1038	3	1	20	10881	4742	42
1039	3	1	20	10890	5016	55
1040	4	8	20	10899	973	24
1041	0	12	10	10908	2548	62
1042	0	12	30	10917	485	62
1043	0	12	15	10926	2399	58
1044	3	1	15	10935	1313	70
1045	4	14	15	10944	4088	67
1046	3	1	20	10953	652	56
1047	4	8	15	10962	150	48
1048	3	1	30	10971	4994	27
1049	4	14	15	10980	1147	30
1050	0	12	10	10989	7421	16
1051	4	8	30	10998	6033	65
1052	4	14	20	11007	304	15
1053	4	14	20	11016	1074	61
1054	3	1	30	11025	2786	64
1055	4	14	15	11034	4665	38
1056	4	8	20	11043	1535	50
1057	4	8	20	11052	2790	58
1058	0	12	30	11061	5564	19
1059	4	14	15	11070	803	27
1060	4	8	20	11079	9657	36
1061	0	12	10	11088	3509	27
1062	0	12	10	11097	202	45
1063	3	1	15	11106	13781	64
1064	4	8	30	11115	1027	34
1065	0	12	10	11124	2812	25
1066	0	12	30	11133	2461	16
1067	4	8	15	11142	2725	33
1068	3	1	15	11151	4024	52
1069	0	12	30	11160	101	48
1070	0	12	30	11200	2955	47
1071	0	12	30	11213	21	19
1072	0	12	20	11226	5228	56
1073	0	12	15	11239	805	54
1074	4	14	15	11252	4215	15
1075	0	12	15	11265	5403	66
1076	0	12	15	11278	5915	62
1077	4	14	30	11291	4421	16
1078	3	1	20	11304	5942	61
1079	3	1	10	11317	2126	23
1080	0	12	10	11330	1544	39
1081	4	8	10	11343	10283	58
1082	4	14	15	11356	445	33
1083	3	1	20	11369	1001	30
1084	4	14	30	11382	5015	62
1085	4	8	30	11395	1236	54
1086	3	1	10	11408	183	41
1087	0	12	10	11421	7417	18
1088	4	14	10	11434	2601	25
1089	3	1	30	11447	5558	44
1090	3	1	30	11460	1326	53
1091	3	1	20	11473	1902	22
1092	3	1	10	11486	448	27
1093	4	14	10	11499	2873	28
1094	4	8	30	11512	6520	32
1095	0	12	15	11525	3997	68
1096	0	12	30	11538	2191	29
1097	3	1	15	11551	632	68
1098	4	14	15	11564	1017	37
1099	3	1	15	11600	5966	57
1100	4	14	20	11612	796	63
1101	0	12	10	11624	4273	36
1102	3	1	30	11636	2060	67
1103	3	1	30	11648	4657	49
1104	4	14	15	11660	5194	53
1105	4	14	15	11672	7288	68
1106	0	12	10	11684	202	21
1107	3	1	15	11696	8858	32
1108	4	14	15	11708	3510	59
1109	3	1	20	11720	5721	69
1110	3	1	30	11732	9926	47
1111	4	8	30	11744	4198	46
1112	3	1	10	11756	5215	68
1113	3	1	20	11768	1655	67
1114	3	1	10	11780	7914	58
1115	4	14	20	11792	17387	48
1116	4	8	20	11804	2606	64
1117	4	8	20	11816	7034	28
1118	3	1	15	11828	1169	14
1119	0	12	10	11840	12938	50
1120	4	8	30	11852	2465	55
1121	4	14	30	11864	3829	69
1122	3	1	15	11876	64	20
1123	0	12	20	11888	8600	20
1124	4	8	10	11900	5432	66
1125	4	8	15	11912	621	38
1126	3	1	20	11924	9178	62
1127	4	8	15	11936	978	41
1128	3	1	15	11948	1901	35
1129	3	1	30	11960	78	17
1130	0	12	15	12000	1537	49
1131	3	1	30	12009	3933	64
1132	0	12	15	12018	2350	50
1133	0	12	15	12027	26418	16
1134	3	1	20	12036	1054	30
1135	4	14	10	12045	4360	16
1136	3	1	10	12054	2944	62
1137	0	12	15	12063	2161	54
1138	4	14	15	12072	2728	47
1139	4	14	20	12081	8359	64
1140	0	12	20	12090	976	45
1141	4	14	30	12099	669	22
1142	0	12	30	12108	1200	29
1143	0	12	20	12117	5054	27
1144	4	14	30	12126	7194	68
1145	0	12	10	12135	4002	19
1146	0	12	20	12144	4198	24
1147	4	14	20	12153	5829	31
1148	0	12	10	12162	4207	40
1149	3	1	15	12171	6793	54
1150	4	14	20	12180	664	16
1151	3	1	15	12189	3606	14
1152	4	14	10	12198	8930	67
1153	3	1	15	12207	1225	57
1154	0	12	15	12216	1512	15
1155	4	14	20	12225	3324	65
1156	4	8	20	12234	4091	29
1157	3	1	15	12243	2927	59
1158	0	12	30	12252	11603	54
1159	3	1	10	12261	3500	28
1160	4	8	20	12270	11195	19
1161	3	1	20	12279	7143	51
1162	0	12	30	12288	2873	67
1163	4	8	15	12297	3327	54
1164	3	1	10	12306	2330	32
1165	0	12	10	12315	1372	53
1166	0	12	15	12324	920	66
1167	3	1	30	12333	5235	64
1168	4	14	30	12342	453	49
1169	3	1	10	12351	882	55
1170	0	12	15	12360	2509	57
1171	0	12	15	12369	253	22
1172	4	8	15	12378	1621	51
1173	3	1	30	12387	1893	20
1174	4	14	15	12400	5450	18
1175	4	8	10	12410	1461	45
1176	3	1	30	12420	1765	52
1177	4	8	30	12430	1418	63
1178	0	12	20	12440	201	22
1179	0	12	30	12450	468	59
1180	4	8	20	12460	2724	26
1181	3	1	10	12470	566	43
1182	0	12	15	12480	3341	14
1183	0	12	30	12490	3296	52
1184	4	14	10	12500	8050	13
1185	4	8	30	12510	5164	47
1186	3	1	30	12520	5284	68
1187	4	8	10	12530	795	63
1188	0	12	30	12540	4605	14
1189	3	1	10	12550	4402	35
1190	4	8	20	12560	94	58
1191	0	12	30	12570	7	15
1192	0	12	15	12580	2557	13
1193	4	8	10	12590	9691	31
1194	3	1	30	12600	11070	58
1195	3	1	10	12610	1939	65
1196	4	14	30	12620	4104	25
1197	4	14	15	12630	4742	45
1198	3	1	15	12640	1290	66
1199	3	1	30	12650	3140	27
1200	0	12	30	12660	2225	24
1201	4	8	30	12670	10105	31
1202	0	12	20	12680	4315	52
1203	4	8	10	12690	2411	55
1204	4	8	10	12700	1728	68
1205	3	1	15	12710	385	64
1206	0	12	10	12720	1209	33
1207	0	12	15	12730	2899	59
1208	4	14	10	12740	2935	52
1209	3	1	10	12750	35	40
1210	0	12	30	12760	930	25
1211	0	12	20	12770	1673	36
1212	4	8	30	12780	2539	50
1213	4	14	10	12800	7194	66
1214	0	12	15	12809	373	15
1215	3	1	20	12818	6581	46
1216	3	1	10	12827	1237	50
1217	4	14	30	12836	12069	28
1218	4	8	15	12845	4794	54
1219	4	8	15	12854	5042	55
1220	4	8	15	12863	3259	56
1221	3	1	15	12872	102	16
1222	3	1	30	12881	188	62
1223	0	12	30	12890	2317	27
1224	0	12	15	12899	767	68
1225	4	14	15	12908	2495	54
1226	0	12	30	12917	3556	22
1227	0	12	10	12926	2191	33
1228	0	12	30	12935	2319	33
1229	4	8	10	12944	1783	23
1230	4	8	10	12953	4367	32
1231	4	14	20	12962	4344	20
1232	3	1	20	12971	92	68
1233	3	1	20	12980	2813	65
1234	0	12	10	12989	4606	48
1235	4	14	30	12998	3412	66
1236	3	1	15	13007	2554	61
1237	3	1	15	13016	481	29
1238	3	1	30	13025	944	55
1239	4	8	30	13034	5958	19
1240	0	12	20	13043	2495	27
1241	3	1	20	13052	981	22
1242	3	1	30	13061	4319	23
1243	4	8	30	13070	4495	44
1244	4	8	10	13079	2463	23
1245	4	8	30	13088	4577	34
1246	4	14	10	13097	3037	36
1247	0	12	15	13106	4063	17
1248	0	12	20	13115	6907	29
1249	0	12	15	13124	557	24
1250	4	14	30	13133	503	28
1251	0	12	10	13142	4691	67
1252	3	1	10	13151	22172	62
1253	4	8	30	13160	3276	23
1254	4	8	20	13200	17274	42
1255	4	8	20	13209	2052	20
1256	4	14	30	13218	8283	39
1257	4	14	30	13227	995	38
1258	0	12	20	13236	1304	57
1259	3	1	30	13245	8715	26
1260	4	8	20	13254	2795	55
1261	0	12	30	13263	7304	13
1262	0	12	15	13272	314	39
1263	3	1	30	13281	698	42
1264	4	8	30	13290	1688	20
1265	4	8	10	13299	3150	18
1266	4	8	30	13308	1536	38
1267	4	14	10	13317	13396	55
1268	3	1	30	13326	652	31
1269	4	8	20	13335	2896	19
1270	0	12	15	13344	1632	56
1271	4	14	30	13353	662	33
1272	0	12	10	13362	5398	44
1273	0	12	15	13371	10300	47
1274	4	8	20	13380	1163	41
1275	4	14	20	13389	1660	47
1276	0	12	15	13398	1815	63
1277	4	8	30	13407	1855	31
1278	3	1	20	13416	15637	17
1279	4	14	15	13425	2716	46
1280	0	12	10	13434	10761	31
1281	4	14	15	13443	12066	17
1282	0	12	15	13452	3662	17
1283	0	12	20	13461	1483	21
1284	4	8	15	13470	1105	66
1285	4	8	10	13479	14583	36
1286	0	12	15	13488	4390	28
1287	4	8	20	13497	2492	58
1288	0	12	10	13506	2922	36
1289	4	14	20	13515	1327	40
1290	4	14	10	13524	4815	40
1291	4	14	20	13533	1160	35
1292	3	1	30	13542	7210	42
1293	0	12	10	13551	1563	41
1294	4	14	15	13560	1268	35
1295	4	14	20	13569	3925	26
1296	3	1	10	13578	612	53
1297	0	12	10	13587	2773	52
1298	4	14	30	13600	1605	36
1299	0	12	10	13611	9851	17
1300	0	12	30	13622	1801	66
1301	4	14	10	13633	3349	52
1302	4	8	20	13644	2672	57
1303	4	14	10	13655	1466	22
1304	4	14	30	13666	6339	39
1305	0	12	10	13677	13469	65
1306	4	14	30	13688	11973	35
1307	4	8	20	13699	299	28
1308	0	12	15	13710	1466	52
1309	4	8	30	13721	4165	66
1310	4	8	15	13732	148	27
1311	3	1	30	13743	2794	20
1312	0	12	10	13754	1099	34
1313	4	8	10	13765	6155	24
1314	4	8	20	13776	12376	65
1315	3	1	10	13787	3210	50
1316	0	12	15	13798	1093	66
1317	0	12	30	13809	5804	30
1318	0	12	15	13820	10039	47
1319	4	14	20	13831	1851	55
1320	0	12	20	13842	8436	60
1321	4	14	15	13853	7731	51
1322	3	1	10	13864	2365	31
1323	4	14	15	13875	8103	61
1324	4	8	20	13886	6756	50
1325	4	8	30	13897	348	33
1326	4	8	30	13908	1528	62
1327	0	12	30	13919	2158	15
1328	4	8	10	13930	4224	25
1329	4	8	30	13941	3945	27
1330	4	8	20	13952	880	64
1331	0	12	10	13963	8003	24
1332	4	8	10	13974	165	65
1333	3	1	20	13985	269	70
1334	4	14	20	14000	558	50
1335	4	8	10	14009	1816	50
1336	4	8	30	14018	2492	30
1337	0	12	15	14027	1386	66
1338	0	12	20	14036	2893	52
1339	4	8	15	14045	1291	13
1340	4	8	15	14054	97	13
1341	4	14	30	14063	3606	13
1342	4	8	15	14072	682	18
1343	4	14	10	14081	8204	41
1344	4	8	15	14090	1129	25
1345	4	8	10	14099	878	32
1346	3	1	15	14108	46	14
1347	0	12	30	14117	204	31
1348	4	14	20	14126	1841	47
1349	4	8	10	14135	5090	55
1350	4	14	15	14144	1950	31
1351	3	1	10	14153	1888	35
1352	4	14	20	14162	3483	18
1353	0	12	10	14171	12888	52
1354	4	14	15	14180	147	28
1355	0	12	20	14189	2831	28
1356	0	12	30	14198	514	33
1357	3	1	10	14207	3862	67
1358	4	8	20	14216	2705	42
1359	3	1	10	14225	4974	18
1360	3	1	10	14234	4176	16
1361	4	14	30	14243	3043	33
1362	0	12	15	14252	2179	16
1363	3	1	15	14261	4554	38
1364	0	12	15	14270	2386	14
1365	4	8	10	14279	753	16
1366	4	8	30	14288	2481	26
1367	4	8	20	14297	770	35
1368	3	1	20	14306	4258	44
1369	0	12	15	14315	3563	28
1370	0	12	10	14324	368	33
1371	4	14	10	14333	11703	13
1372	4	14	15	14342	1155	49
1373	4	14	10	14351	4116	46
1374	4	8	15	14360	1701	55
1375	4	8	30	14400	1339	60
1376	3	1	30	14409	4795	46
1377	4	14	30	14418	3423	61
1378	4	8	10	14427	3892	48
1379	0	12	15	14436	3850	31
1380	3	1	20	14445	298	32
1381	0	12	10	14454	1246	43
1382	4	8	15	14463	197	39
1383	0	12	30	14472	10769	40
1384	4	8	20	14481	1103	67
1385	4	14	15	14490	6888	41
1386	0	12	20	14499	1332	18
1387	0	12	30	14508	335	26
1388	4	14	15	14517	117	54
1389	3	1	30	14526	3901	35
1390	0	12	10	14535	1121	29
1391	4	14	30	14544	7443	34
1392	4	14	20	14553	6463	36
1393	3	1	20	14562	6502	46
1394	3	1	10	14571	3955	68
1395	3	1	15	14580	2703	51
1396	3	1	15	14589	764	68
1397	3	1	30	14598	2592	51
1398	4	14	30	14607	2193	39
1399	0	12	10	14616	308	21
1400	4	14	10	14625	5312	19
1401	4	8	30	14634	7238	49
1402	3	1	10	14643	2007	58
1403	3	1	10	14652	6042	31
1404	0	12	30	14661	3996	35
1405	4	14	10	14670	2316	30
1406	3	1	30	14679	536	57
1407	0	12	15	14688	11168	42
1408	3	1	30	14697	3804	67
1409	4	8	15	14706	5570	39
1410	3	1	30	14715	6619	52
1411	4	8	10	14724	3154	43
1412	0	12	30	14733	23356	31
1413	4	8	10	14742	8269	24
1414	4	14	20	14751	4083	57
1415	4	8	10	14760	1913	43
1416	3	1	20	14800	2651	64
1417	0	12	20	14811	2676	46
1418	0	12	30	14822	2309	41
1419	0	12	30	14833	3955	44
1420	0	12	15	14844	8767	69
1421	0	12	10	14855	1923	70
1422	4	8	10	14866	631	51
1423	4	14	20	14877	130	21
1424	4	14	10	14888	1693	69
1425	0	12	15	14899	1117	69
1426	0	12	15	14910	627	48
1427	4	8	20	14921	2373	15
1428	0	12	10	14932	59	49
1429	4	14	10	14943	7730	16
1430	4	14	20	14954	468	62
1431	4	14	10	14965	1001	66
1432	4	14	10	14976	664	34
1433	0	12	30	14987	3175	40
1434	0	12	15	14998	8584	25
1435	4	8	30	15009	1074	53
1436	3	1	30	15020	8257	56
1437	3	1	15	15031	1253	20
1438	4	14	10	15042	1429	18
1439	4	8	20	15053	6468	50
1440	0	12	15	15064	4759	55
1441	4	14	10	15075	1690	46
1442	3	1	30	15086	2515	29
1443	3	1	10	15097	1299	28
1444	0	12	10	15108	6728	53
1445	3	1	10	15119	4800	57
1446	4	14	30	15130	7519	15
1447	4	8	20	15141	10513	25
1448	3	1	10	15152	713	60
1449	4	8	10	15163	1138	37
1450	0	12	20	15200	26	57
1451	3	1	30	15206	4636	34
1452	4	8	30	15212	156	22
1453	3	1	30	15218	6319	66
1454	0	12	20	15224	822	23
1455	3	1	10	15230	1743	19
1456	4	14	20	15236	4686	68
1457	3	1	20	15242	1800	49
1458	3	1	30	15248	2276	33
1459	0	12	15	15254	1964	36
1460	4	14	20	15260	1395	53
1461	4	8	10	15266	4532	55
1462	0	12	15	15272	10309	64
1463	3	1	20	15278	5682	63
1464	3	1	30	15284	4098	47
1465	3	1	20	15290	3541	57
1466	3	1	10	15296	1993	21
1467	4	14	30	15302	2385	62
1468	0	12	30	15308	18589	69
1469	3	1	20	15314	2070	16
1470	3	1	10	15320	2830	58
1471	4	14	10	15326	971	56
1472	0	12	15	15332	829	41
1473	3	1	15	15338	4054	62
1474	4	14	20	15344	10770	60
1475	0	12	15	15350	3137	35
1476	3	1	10	15356	9860	53
1477	4	14	10	15362	8122	36
1478	3	1	20	15368	984	38
1479	4	8	10	15374	4158	25
1480	0	12	20	15380	2018	67
1481	3	1	30	15386	979	36
1482	3	1	20	15392	1336	26
1483	3	1	10	15398	5825	25
1484	4	14	15	15404	7551	30
1485	0	12	30	15410	2208	41
1486	3	1	10	15416	808	56
1487	0	12	10	15422	1778	39
1488	0	12	10	15428	1797	29
1489	4	8	10	15434	3018	19
1490	4	8	10	15440	3154	56
1491	4	14	15	15446	2858	19
1492	4	14	15	15452	7206	58
1493	3	1	20	15458	9741	52
1494	3	1	30	15464	2828	68
1495	4	14	10	15470	71	13
1496	4	14	30	15476	2183	53
1497	4	14	15	15482	4927	36
1498	4	14	15	15488	4045	51
1499	3	1	15	15494	1027	66
1500	0	12	10	15500	1462	49
1501	0	12	30	15506	2031	24
1502	0	12	20	15512	11083	26
1503	4	14	15	15518	5697	57
1504	3	1	30	15524	5397	49
1505	0	12	15	15530	6261	14
1506	4	8	15	15536	2764	64
1507	3	1	20	15542	2051	31
1508	4	14	15	15548	7914	19
1509	4	14	15	15600	4112	59
1510	0	12	30	15608	2306	36
1511	4	14	15	15616	6890	45
1512	4	14	30	15624	623	24
1513	4	8	20	15632	6197	20
1514	0	12	30	15640	19224	40
1515	4	8	20	15648	321	30
1516	3	1	20	15656	2002	42
1517	4	8	15	15664	683	52
1518	4	14	10	15672	9626	46
1519	4	8	30	15680	977	19
1520	0	12	20	15688	2072	14
1521	4	8	30	15696	136	52
1522	3	1	20	15704	365	46
1523	4	14	20	15712	2469	63
1524	0	12	15	15720	7824	31
1525	4	14	30	15728	22642	51
1526	0	12	30	15736	1916	69
1527	3	1	30	15744	1285	60
1528	0	12	15	15752	557	65
1529	0	12	15	15760	9837	60
1530	4	8	15	15768	524	53
1531	4	14	30	15776	926	30
1532	0	12	30	15784	1058	55
1533	0	12	15	15792	19115	42
1534	4	8	10	15800	1662	47
1535	0	12	20	15808	25088	55
1536	4	8	15	15816	1313	22
1537	4	14	10	15824	2975	39
1538	0	12	10	15832	106	46
1539	4	14	10	15840	237	28
1540	3	1	15	15848	10372	47
1541	4	14	15	15856	6090	38
1542	4	8	30	15864	2750	33
1543	4	8	30	15872	5085	40
1544	4	8	15	15880	384	53
1545	3	1	30	15888	5151	23
1546	0	12	15	15896	1824	66
1547	3	1	20	15904	194	50
1548	3	1	20	15912	10133	24
1549	4	8	10	15920	2246	50
1550	4	8	20	15928	3912	41
1551	4	8	15	15936	1223	13
1552	4	14	10	15944	6406	61
1553	4	8	15	15952	2174	45
1554	3	1	20	15960	6908	65
1555	3	1	10	15968	1273	67
1556	4	8	10	16000	1489	48
1557	4	8	30	16009	2591	33
1558	4	14	30	16018	9240	38
1559	4	14	10	16027	5451	69
1560	4	14	20	16036	2112	16
1561	4	14	15	16045	1015	16
1562	3	1	10	16054	1264	36
1563	3	1	10	16063	11766	30
1564	3	1	30	16072	2931	19
1565	4	8	10	16081	1053	19
1566	4	14	15	16090	3556	60
1567	4	14	20	16099	662	52
1568	4	14	20	16108	2373	44
1569	4	14	15	16117	20274	55
1570	4	14	15	16126	6384	20
1571	4	14	15	16135	8132	15
1572	4	8	10	16144	560	18
1573	0	12	10	16153	7649	30
1574	4	14	20	16162	1379	42
1575	0	12	10	16171	3897	47
1576	4	14	10	16180	3074	31
1577	4	8	30	16189	1833	18
1578	4	8	15	16198	1841	23
1579	3	1	20	16207	577	20
1580	4	14	15	16216	3978	55
1581	3	1	10	16225	1621	31
1582	4	14	15	16234	1749	48
1583	4	14	15	16243	4820	27
1584	4	14	30	16252	1373	31
1585	4	14	10	16261	7846	52
1586	4	14	20	16270	2099	39
1587	3	1	20	16279	6706	23
1588	4	8	20	16288	742	48
1589	3	1	30	16297	278	50
1590	4	14	20	16306	4649	20
1591	4	14	15	16315	6500	59
1592	0	12	15	16324	3912	14
1593	0	12	30	16333	1326	47
1594	4	14	15	16342	4168	25
1595	4	14	30	16351	4829	43
1596	4	8	15	16360	2859	14
1597	3	1	30	16400	3194	16
1598	3	1	30	16411	893	34
1599	0	12	10	16422	7866	47
1600	4	14	15	16433	580	34
1601	0	12	30	16444	961	27
1602	3	1	10	16455	3663	19
1603	3	1	15	16466	10463	40
1604	4	8	20	16477	4003	43
1605	3	1	10	16488	5623	39
1606	0	12	10	16499	569	65
1607	4	14	10	16510	11686	43
1608	3	1	20	16521	546	15
1609	4	8	15	16532	890	31
1610	3	1	10	16543	5333	49
1611	4	14	15	16554	11469	43
1612	0	12	20	16565	456	23
1613	0	12	15	16576	5814	31
1614	0	12	20	16587	483	26
1615	4	8	20	16598	320	55
1616	0	12	10	16609	8160	39
1617	3	1	30	16620	3382	22
1618	4	14	10	16631	4275	69
1619	3	1	30	16642	4315	38
1620	3	1	20	16653	6931	50
1621	0	12	30	16664	5983	49
1622	4	8	10	16675	16373	17
1623	4	8	30	16686	1913	65
1624	0	12	30	16697	1463	48
1625	4	14	10	16708	20622	31
1626	4	14	10	16719	1124	13
1627	0	12	15	16730	7552	42
1628	4	8	30	16741	917	17
1629	0	12	20	16752	3572	69
1630	4	14	30	16763	474	45
1631	4	8	15	16774	17154	28
1632	3	1	30	16800	733	55
1633	4	8	10	16809	2844	46
1634	4	14	10	16818	29338	57
1635	3	1	20	16827	2155	41
1636	4	14	10	16836	5289	25
1637	0	12	30	16845	2229	20
1638	4	8	20	16854	281	55
1639	0	12	20	16863	3068	62
1640	4	14	30	16872	5188	57
1641	4	14	15	16881	2480	67
1642	4	14	30	16890	4624	21
1643	4	14	10	16899	13986	29
1644	0	12	20	16908	1607	14
1645	4	14	10	16917	5451	47
1646	4	14	20	16926	4753	49
1647	4	14	10	16935	7800	53
1648	0	12	10	16944	737	33
1649	4	8	20	16953	3378	41
1650	3	1	20	16962	7112	17
1651	3	1	20	16971	11253	63
1652	3	1	20	16980	8954	17
1653	0	12	10	16989	3106	67
1654	4	8	20	16998	150	68
1655	3	1	20	17007	1780	55
1656	3	1	20	17016	1047	23
1657	4	8	10	17025	992	24
1658	3	1	20	17034	3874	63
1659	3	1	20	17043	4066	24
1660	4	14	10	17052	2851	39
1661	4	14	30	17061	1336	36
1662	3	1	15	17070	5406	38
1663	3	1	10	17079	3080	16
1664	3	1	15	17088	367	56
1665	4	8	30	17097	5547	33
1666	0	12	15	17106	5976	59
1667	3	1	20	17115	3653	47
1668	4	8	10	17124	5825	45
1669	4	8	10	17133	4780	56
1670	4	8	20	17142	1683	43
1671	4	14	15	17151	2338	31
1672	4	8	10	17160	2795	38
1673	3	1	20	17200	515	20
1674	3	1	10	17211	10835	52
1675	3	1	10	17222	1791	53
1676	4	8	30	17233	380	41
1677	3	1	30	17244	54	58
1678	4	8	10	17255	202	64
1679	4	8	20	17266	3305	13
1680	4	14	20	17277	1420	53
1681	4	14	10	17288	1959	30
1682	4	14	10	17299	4561	21
1683	4	14	10	17310	4027	47
1684	4	8	30	17321	5702	65
1685	0	12	15	17332	753	53
1686	3	1	20	17343	389	23
1687	3	1	30	17354	3950	59
1688	4	14	20	17365	2555	49
1689	0	12	15	17376	4088	14
1690	0	12	30	17387	824	31
1691	3	1	30	17398	2884	13
1692	3	1	15	17409	6577	28
1693	4	14	10	17420	2246	43
1694	4	8	20	17431	105	36
1695	4	14	30	17442	2337	33
1696	4	8	10	17453	5105	42
1697	4	8	30	17464	641	17
1698	4	8	20	17475	8541	43
1699	3	1	20	17486	3476	51
1700	3	1	30	17497	13831	59
1701	4	8	10	17508	405	14
1702	4	8	30	17519	380	21
1703	3	1	10	17530	2546	48
1704	4	14	10	17541	1028	68
1705	4	14	15	17552	1966	56
1706	4	8	15	17563	2299	37
1707	4	14	30	17574	5921	67
1708	4	8	30	17585	3732	27
1709	4	14	15	17600	4504	27
1710	4	8	30	17612	1250	27
1711	0	12	30	17624	976	35
1712	4	14	30	17636	746	31
1713	0	12	10	17648	239	62
1714	3	1	10	17660	1657	42
1715	4	14	10	17672	522	21
1716	4	14	30	17684	3702	28
1717	3	1	10	17696	450	61
1718	4	8	10	17708	6009	21
1719	3	1	10	17720	9912	15
1720	4	14	10	17732	4283	23
1721	3	1	15	17744	640	70
1722	3	1	30	17756	542	69
1723	4	8	20	17768	542	43
1724	4	8	10	17780	2862	38
1725	3	1	20	17792	7080	42
1726	0	12	10	17804	4040	16
1727	4	8	10	17816	303	66
1728	4	8	10	17828	399	55
1729	3	1	15	17840	2699	31
1730	0	12	30	17852	4088	24
1731	0	12	10	17864	11418	36
1732	4	8	15	17876	565	27
1733	3	1	20	17888	2528	25
1734	3	1	20	17900	3604	24
1735	3	1	15	17912	905	51
1736	3	1	10	17924	1406	22
1737	0	12	30	17936	939	44
1738	0	12	30	17948	2096	49
1739	4	8	15	17960	1856	22
1740	4	14	10	17972	5305	29
1741	3	1	30	18000	1545	26
1742	0	12	10	18008	84	44
1743	0	12	10	18016	6366	35
1744	4	14	20	18024	1858	57
1745	4	14	10	18032	13962	66
1746	4	14	30	18040	1683	53
1747	4	8	10	18048	5526	37
1748	4	8	30	18056	379	13
1749	3	1	20	18064	9349	27
1750	0	12	30	18072	7300	18
1751	4	14	30	18080	3812	51
1752	4	14	20	18088	1853	67
1753	3	1	20	18096	13490	41
1754	4	14	20	18104	10279	41
1755	0	12	20	18112	6868	60
1756	3	1	10	18120	13989	16
1757	0	12	10	18128	13307	48
1758	4	8	30	18136	12853	22
1759	0	12	15	18144	2023	39
1760	3	1	15	18152	5586	52
1761	4	14	10	18160	1811	42
1762	3	1	30	18168	4525	25
1763	3	1	15	18176	492	67
1764	3	1	15	18184	145	15
1765	4	8	30	18192	1578	62
1766	4	14	15	18200	354	20
1767	4	8	15	18208	4839	18
1768	3	1	15	18216	2495	51
1769	4	14	20	18224	588	62
1770	0	12	30	18232	6995	70
1771	4	14	30	18240	2005	54
1772	3	1	15	18248	4797	25
1773	4	14	30	18256	2084	70
1774	3	1	30	18264	801	57
1775	0	12	15	18272	1643	67
1776	4	8	10	18280	544	39
1777	3	1	20	18288	1603	46
1778	4	8	10	18296	5628	57
1779	3	1	30	18304	3120	42
1780	4	14	30	18312	2663	60
1781	4	14	30	18320	8719	50
1782	0	12	10	18328	16206	65
1783	3	1	20	18336	850	40
1784	3	1	15	18344	4222	26
1785	4	8	30	18352	104	44
1786	0	12	15	18360	3390	40
1787	3	1	20	18368	726	57
1788	4	14	10	18400	3150	55
1789	3	1	30	18409	5939	35
1790	4	14	15	18418	1059	47
1791	3	1	10	18427	1615	44
1792	4	14	10	18436	1148	34
1793	4	14	15	18445	43	23
1794	3	1	10	18454	3857	40
1795	0	12	30	18463	1851	57
1796	4	14	30	18472	4119	14
1797	4	8	20	18481	9413	47
1798	4	8	30	18490	5721	33
1799	3	1	30	18499	186	66
1800	0	12	20	18508	8638	59
1801	4	8	15	18517	4105	47
1802	4	14	20	18526	1340	56
1803	4	8	15	18535	12288	21
1804	4	8	20	18544	322	28
1805	0	12	30	18553	2351	34
1806	0	12	20	18562	9897	38
1807	4	14	30	18571	13378	67
1808	0	12	20	18580	6133	54
1809	3	1	10	18589	3533	44
1810	3	1	15	18598	4726	33
1811	0	12	15	18607	4079	41
1812	3	1	10	18616	937	62
1813	4	14	30	18625	2166	50
1814	0	12	20	18634	9669	49
1815	4	14	20	18643	8027	15
1816	3	1	30	18652	1921	47
1817	0	12	15	18661	2660	55
1818	0	12	10	18670	2493	53
1819	0	12	15	18679	39	41
1820	0	12	15	18688	5618	35
1821	4	8	30	18697	10042	33
1822	4	8	15	18706	681	34
1823	4	14	15	18715	4693	28
1824	4	14	15	18724	9374	27
1825	3	1	30	18733	2722	38
1826	4	14	30	18742	625	33
1827	3	1	30	18751	4656	14
1828	0	12	20	18760	6192	43
1829	3	1	30	18800	6664	13
1830	0	12	20	18809	4734	66
1831	4	14	20	18818	1005	62
1832	0	12	30	18827	3371	26
1833	4	14	10	18836	4946	62
1834	4	8	15	18845	4280	54
1835	3	1	20	18854	7444	25
1836	0	12	10	18863	3687	64
1837	3	1	30	18872	117	56
1838	0	12	30	18881	485	24
1839	4	8	20	18890	930	63
1840	4	8	15	18899	465	18
1841	0	12	20	18908	3734	43
1842	4	8	10	18917	1924	16
1843	0	12	30	18926	12728	24
1844	4	14	20	18935	334	15
1845	4	14	30	18944	3599	19
1846	4	14	30	18953	526	52
1847	0	12	10	18962	7123	55
1848	3	1	30	18971	421	44
1849	4	14	20	18980	5595	37
1850	4	8	10	18989	18019	22
1851	4	14	20	18998	683	29
1852	4	8	20	19007	2327	64
1853	4	8	15	19016	5559	62
1854	4	8	20	19025	1375	43
1855	4	14	30	19034	13505	38
1856	0	12	30	19043	2654	26
1857	4	14	10	19052	3606	41
1858	4	8	30	19061	203	65
1859	4	14	30	19070	3505	60
1860	4	8	10	19079	1425	14
1861	4	8	30	19088	1034	36
1862	3	1	10	19097	780	37
1863	4	8	20	19106	14469	54
1864	3	1	20	19115	8929	48
1865	4	14	30	19124	2546	41
1866	4	14	20	19133	289	27
1867	4	14	30	19142	2767	13
1868	4	8	20	19151	5727	67
1869	3	1	10	19160	274	37
1870	4	14	15	19200	1222	22
1871	4	14	10	19211	1739	61
1872	4	14	20	19222	1858	44
1873	3	1	20	19233	1184	61
1874	4	14	10	19244	9208	36
1875	4	14	30	19255	639	62
1876	4	14	30	19266	3079	30
1877	4	8	20	19277	883	22
1878	4	14	30	19288	3770	26
1879	0	12	20	19299	1487	21
1880	4	14	30	19310	1850	57
1881	3	1	30	19321	1502	48
1882	0	12	30	19332	3545	41
1883	4	8	10	19343	139	18
1884	4	8	30	19354	6906	61
1885	0	12	10	19365	3077	50
1886	4	8	30	19376	6078	68
1887	4	14	20	19387	6829	34
1888	4	8	20	19398	2169	31
1889	3	1	15	19409	4700	29
1890	4	8	20	19420	1781	70
1891	0	12	30	19431	32	36
1892	0	12	30	19442	15502	62
1893	4	8	30	19453	3024	34
1894	0	12	15	19464	9533	62
1895	4	14	15	19475	8548	52
1896	3	1	15	19486	2244	19
1897	4	14	15	19497	2102	32
1898	3	1	15	19508	272	46
1899	0	12	30	19519	3760	44
1900	4	14	10	19530	2965	62
1901	0	12	10	19541	3913	52
1902	4	14	15	19552	291	59
1903	0	12	30	19563	136	20
1904	0	12	10	19574	2691	28
1905	4	8	30	19600	4046	32
1906	0	12	30	19614	6158	56
1907	4	14	10	19628	817	16
1908	4	8	10	19642	7613	39
1909	4	8	20	19656	618	51
1910	4	14	10	19670	2241	20
1911	3	1	15	19684	1352	16
1912	4	14	15	19698	16467	27
1913	4	8	15	19712	5373	56
1914	4	14	10	19726	959	16
1915	3	1	10	19740	17243	36
1916	4	8	30	19754	4087	66
1917	4	8	10	19768	617	31
1918	0	12	30	19782	655	64
1919	4	8	20	19796	1760	69
1920	4	8	30	19810	4680	43
1921	0	12	10	19824	1156	64
1922	4	8	15	19838	336	52
1923	3	1	15	19852	290	50
1924	0	12	15	19866	4908	37
1925	3	1	15	19880	1178	57
1926	3	1	10	19894	1869	69
1927	4	8	20	19908	7356	22
1928	3	1	10	19922	1714	70
1929	0	12	20	19936	72	54
1930	4	8	15	19950	5065	56
1931	4	14	15	19964	548	68
1932	3	1	10	20000	568	47
1933	4	14	10	20008	3	53
1934	4	8	15	20016	6186	30
1935	3	1	30	20024	5485	17
1936	4	14	20	20032	1112	60
1937	0	12	10	20040	3231	34
1938	0	12	30	20048	3145	61
1939	4	14	30	20056	821	41
1940	0	12	10	20064	5564	65
1941	4	8	30	20072	3628	65
1942	4	8	15	20080	13734	66
1943	4	14	30	20088	1288	51
1944	3	1	15	20096	1216	21
1945	3	1	15	20104	301	66
1946	0	12	20	20112	98	21
1947	4	14	20	20120	1098	19
1948	4	8	30	20128	1526	31
1949	4	8	10	20136	10162	38
1950	4	8	20	20144	1107	57
1951	0	12	15	20152	1349	58
1952	4	14	20	20160	1192	39
1953	4	8	30	20168	4948	47
1954	3	1	10	20176	10088	13
1955	3	1	10	20184	1272	69
1956	3	1	20	20192	3135	13
1957	0	12	30	20200	1	21
1958	4	14	20	20208	1582	53
1959	4	8	20	20216	1068	42
1960	3	1	30	20224	1220	33
1961	4	14	15	20232	11565	46
1962	4	8	10	20240	7238	16
1963	4	8	15	20248	7158	55
1964	0	12	15	20256	2214	66
1965	0	12	20	20264	1431	22
1966	0	12	10	20272	671	39
1967	0	12	15	20280	16234	45
1968	0	12	10	20288	12144	39
1969	4	8	10	20296	2517	70
1970	3	1	20	20304	5446	46
1971	4	8	30	20312	358	45
1972	4	8	10	20320	3652	41
1973	0	12	30	20328	13443	35
1974	4	8	20	20336	3713	17
1975	4	14	30	20344	391	49
1976	4	14	20	20352	1332	68
1977	4	8	15	20360	6546	14
1978	4	14	10	20368	6595	42
1979	4	8	10	20376	4023	42
1980	3	1	30	20384	1049	48
1981	4	14	20	20400	571	63
1982	4	14	20	20421	2967	62
1983	0	12	30	20442	2229	45
1984	3	1	10	20463	5985	68
1985	4	8	10	20484	2261	68
1986	4	14	30	20505	8173	42
1987	4	8	15	20526	2197	13
1988	0	12	30	20547	339	52
1989	3	1	10	20568	2891	32
1990	0	12	10	20589	907	17
1991	4	14	20	20610	1110	52
1992	0	12	20	20631	1032	52
1993	3	1	10	20652	1484	32
1994	4	8	10	20673	10242	21
1995	0	12	20	20694	6573	31
1996	0	12	30	20715	5709	62
1997	4	14	30	20736	578	23
1998	4	14	20	20757	7592	56
1999	3	1	20	20778	13018	69
