0	0	12	10	0	697	50
1	0	12	15	9	2599	67
2	4	14	30	18	495	57
3	4	14	15	27	2514	57
4	4	14	10	36	1163	64
5	4	8	15	45	1339	80
6	3	1	20	54	4034	79
7	0	12	15	63	1	68
8	4	14	15	72	11149	68
9	4	14	15	81	3072	64
10	4	14	20	90	3657	50
11	0	12	20	99	1765	61
12	0	12	30	108	5966	66
13	3	1	10	117	14317	61
14	0	12	20	126	352	85
15	3	1	10	135	1429	54
16	4	14	20	144	3059	78
17	4	14	30	153	4877	77
18	4	8	15	162	2904	88
19	4	8	10	171	6984	82
20	4	8	20	180	9397	72
21	3	1	30	189	8585	80
22	4	14	15	198	1485	51
23	4	8	10	207	4784	58
24	4	8	20	216	1236	84
25	0	12	10	225	2122	73
26	4	8	10	234	2243	66
27	0	12	30	243	6940	56
28	4	8	15	252	706	70
29	4	8	20	261	557	62
30	0	12	30	270	4770	70
31	0	12	15	279	5244	81
32	3	1	15	288	4357	74
33	3	1	20	297	3193	83
34	0	12	10	306	12355	59
35	3	1	10	315	2072	67
36	4	14	30	324	2094	75
37	0	12	20	333	3844	56
38	4	14	15	342	5452	70
39	0	12	20	351	2838	77
40	4	8	15	360	2270	68
41	4	14	10	400	5199	79
42	4	14	20	408	804	89
43	3	1	30	416	1119	52
44	4	14	10	424	3566	57
45	4	8	20	432	9341	63
46	4	8	15	440	144	60
47	3	1	20	448	4013	77
48	4	14	30	456	2327	84
49	4	8	20	464	2515	51
50	3	1	10	472	27	84
51	4	8	10	480	4078	51
52	3	1	15	488	1147	58
53	0	12	10	496	2286	64
54	4	8	20	504	3927	59
55	3	1	10	512	1296	60
56	4	8	10	520	734	65
57	3	1	30	528	2171	90
58	4	8	30	536	896	63
59	3	1	10	544	7345	82
60	4	14	10	552	7730	64
61	3	1	20	560	6677	73
62	4	14	10	568	7291	88
63	3	1	20	576	6606	55
64	3	1	20	584	7318	85
65	3	1	10	592	8121	60
66	4	8	10	600	4727	78
67	3	1	10	608	1019	73
68	4	8	10	616	71	52
69	4	8	15	624	4558	67
70	4	14	10	632	8935	69
71	3	1	30	640	9958	72
72	0	12	15	648	12926	56
73	4	8	20	656	32	61
74	4	14	20	664	1993	63
75	3	1	15	672	779	84
76	3	1	15	680	4827	82
77	0	12	15	688	273	90
78	4	8	30	696	455	51
79	4	14	10	704	1802	70
80	3	1	20	712	1888	63
81	3	1	20	720	6357	79
82	0	12	10	728	1927	62
83	4	14	30	736	4750	68
84	3	1	20	744	526	69
85	3	1	20	752	236	68
86	4	8	30	800	2624	73
87	3	1	10	814	1035	59
88	4	8	30	828	10336	74
89	3	1	10	842	4527	89
90	4	8	10	856	1079	51
91	0	12	10	870	17963	76
92	3	1	30	884	2156	83
93	0	12	15	898	9353	79
94	4	8	20	912	4232	63
95	4	14	20	926	3885	86
96	0	12	10	940	8793	81
97	4	8	30	954	1873	83
98	4	14	15	968	2074	58
99	4	8	30	982	5110	87
100	0	12	15	996	942	76
101	4	14	15	1010	6650	77
102	4	8	20	1024	3824	74
103	3	1	15	1038	5727	67
104	3	1	15	1052	3412	72
105	4	14	10	1066	376	61
106	4	8	30	1080	4542	86
107	4	8	20	1094	1104	87
108	0	12	20	1108	175	51
109	3	1	10	1122	2379	66
110	4	14	30	1136	3431	69
111	0	12	30	1150	429	66
112	0	12	30	1164	1491	89
113	3	1	20	1200	7278	83
114	0	12	20	1212	2496	68
115	0	12	15	1224	244	75
116	4	8	20	1236	2242	60
117	4	14	15	1248	618	69
118	4	14	10	1260	4620	77
119	0	12	30	1272	6096	66
120	0	12	15	1284	1961	78
121	3	1	10	1296	2502	68
122	4	8	15	1308	1429	90
123	4	14	10	1320	1662	54
124	4	14	15	1332	2344	66
125	3	1	30	1344	9377	84
126	0	12	10	1356	2774	80
127	4	14	10	1368	234	67
128	0	12	10	1380	1755	89
129	4	14	10	1392	5896	67
130	4	8	15	1404	1359	53
131	4	8	20	1416	1583	90
132	4	8	30	1428	4331	82
133	0	12	30	1440	1953	54
134	3	1	20	1452	663	85
135	4	14	15	1464	3338	76
136	4	8	10	1476	795	54
137	3	1	20	1488	3883	86
138	4	8	15	1500	516	87
139	4	14	15	1512	136	57
140	0	12	30	1524	1902	73
141	0	12	15	1536	1097	76
142	4	8	20	1548	819	57
143	3	1	20	1560	2586	58
144	3	1	15	1572	428	69
145	4	8	10	1600	579	76
146	0	12	15	1609	4526	78
147	0	12	10	1618	3459	90
148	0	12	30	1627	2313	60
149	0	12	10	1636	3601	78
150	3	1	10	1645	853	76
151	4	8	30	1654	5476	61
152	4	8	20	1663	4671	55
153	4	14	20	1672	3896	82
154	0	12	20	1681	1624	59
155	4	8	15	1690	5463	57
156	3	1	10	1699	2852	78
157	3	1	15	1708	1289	70
158	3	1	10	1717	1529	51
159	4	14	20	1726	4433	79
160	4	14	10	1735	3562	72
161	4	8	20	1744	3888	68
162	4	8	20	1753	8689	89
163	4	8	15	1762	1269	75
164	4	8	30	1771	698	62
165	3	1	10	1780	1145	70
166	4	14	30	1789	2321	74
167	0	12	10	1798	10357	84
168	4	14	10	1807	4622	89
169	0	12	15	1816	9140	83
170	4	14	15	1825	8448	71
171	3	1	30	1834	6600	65
172	3	1	30	1843	89	73
173	0	12	30	1852	4216	70
174	4	14	10	1861	2067	84
175	4	14	30	1870	639	52
176	0	12	15	1879	1313	61
177	3	1	20	1888	6954	82
178	0	12	30	1897	1089	75
179	3	1	15	1906	1476	80
180	3	1	20	1915	1027	55
181	4	14	30	1924	10171	80
182	4	14	15	1933	3846	56
183	4	14	10	1942	5734	60
184	0	12	30	1951	3458	81
185	0	12	20	1960	3127	82
186	4	14	30	1969	4064	84
187	4	8	15	2000	158	50
188	4	14	10	2012	216	86
189	0	12	10	2024	2096	77
190	0	12	15	2036	231	89
191	3	1	20	2048	9403	75
192	4	14	20	2060	1447	85
193	4	8	20	2072	2400	57
194	4	14	15	2084	2347	75
195	4	14	15	2096	5655	54
196	4	14	20	2108	1746	77
197	0	12	10	2120	9782	73
198	0	12	30	2132	1519	86
199	4	14	10	2144	7657	90
200	3	1	10	2156	4742	51
201	4	14	10	2168	5586	84
202	0	12	30	2180	8969	50
203	4	14	20	2192	3114	68
204	0	12	20	2204	5015	56
205	0	12	10	2216	1939	61
206	3	1	30	2228	5140	78
207	4	8	30	2240	152	75
208	0	12	20	2252	987	88
209	4	8	20	2264	823	56
210	4	8	10	2276	2501	87
211	4	14	15	2288	4628	87
212	4	8	20	2300	151	86
213	0	12	20	2312	36	61
214	0	12	30	2324	2343	73
215	4	14	10	2336	4412	83
216	3	1	15	2348	16	61
217	4	8	20	2360	531	78
218	0	12	15	2372	4724	84
219	4	8	15	2384	3846	71
220	4	14	15	2400	3776	76
221	4	8	20	2411	2053	74
222	4	8	30	2422	8232	88
223	3	1	10	2433	1298	62
224	0	12	10	2444	7383	85
225	0	12	20	2455	14645	87
226	3	1	10	2466	2807	70
227	0	12	10	2477	3385	66
228	0	12	15	2488	930	86
229	4	14	20	2499	4163	79
230	0	12	15	2510	6318	65
231	4	14	15	2521	1826	78
232	3	1	30	2532	2839	86
233	0	12	20	2543	1950	76
234	0	12	10	2554	3809	79
235	4	14	15	2565	2569	62
236	4	14	10	2576	111	79
237	4	14	30	2587	319	79
238	4	14	15	2598	192	54
239	0	12	30	2609	865	70
240	4	8	20	2620	6838	54
241	3	1	10	2631	3670	58
242	0	12	30	2642	6860	52
243	3	1	20	2653	8058	79
244	4	14	10	2664	11461	81
245	4	8	30	2675	1851	51
246	0	12	30	2686	8089	80
247	4	14	30	2697	1395	73
248	4	8	30	2708	31	74
249	4	14	10	2719	5979	83
250	0	12	10	2730	5589	83
251	3	1	10	2741	1041	89
252	0	12	20	2752	995	80
253	4	14	15	2763	4793	64
254	0	12	20	2800	1105	63
255	0	12	20	2809	1386	67
256	4	8	15	2818	8490	86
257	3	1	30	2827	3835	79
258	4	14	20	2836	4801	73
259	4	14	30	2845	5392	60
260	4	8	10	2854	8476	81
261	3	1	20	2863	661	62
262	0	12	15	2872	7085	80
263	0	12	30	2881	3394	59
264	0	12	15	2890	1990	82
265	4	8	20	2899	414	59
266	4	8	20	2908	780	50
267	4	8	30	2917	4211	59
268	0	12	20	2926	2009	73
269	4	8	20	2935	13941	61
270	0	12	10	2944	4093	53
271	3	1	15	2953	10485	73
272	4	8	15	2962	322	74
273	4	14	20	2971	2760	63
274	4	14	20	2980	6411	67
275	0	12	15	2989	42	68
276	0	12	20	2998	3483	72
277	4	14	15	3007	22	59
278	3	1	10	3016	1626	72
279	4	14	10	3025	2551	83
280	0	12	30	3034	451	57
281	3	1	10	3043	942	87
282	4	14	15	3052	3312	82
283	0	12	10	3061	2261	53
284	4	14	20	3070	8978	87
285	3	1	15	3079	3326	66
286	4	14	20	3088	632	88
287	3	1	15	3097	6641	71
288	0	12	30	3106	623	62
289	4	14	20	3115	1549	61
290	4	8	30	3124	3602	66
291	4	8	10	3133	2116	50
292	0	12	15	3142	1898	55
293	4	14	15	3151	1464	84
294	4	14	20	3160	1511	80
295	4	14	10	3169	4394	82
296	4	8	20	3178	5889	69
297	0	12	10	3200	1140	83
298	4	8	10	3209	2574	88
299	3	1	15	3218	7448	71
300	4	14	10	3227	858	51
301	4	14	30	3236	976	70
302	4	14	15	3245	9193	50
303	4	14	15	3254	157	63
304	4	14	10	3263	580	79
305	3	1	20	3272	6983	60
306	0	12	30	3281	657	64
307	0	12	30	3290	5117	67
308	0	12	20	3299	9193	88
309	4	14	15	3308	1050	86
310	4	14	30	3317	4973	85
311	3	1	10	3326	8305	77
312	4	14	20	3335	1328	57
313	0	12	15	3344	1031	81
314	4	14	10	3353	4016	53
315	3	1	30	3362	4433	84
316	3	1	10	3371	3559	71
317	4	14	10	3380	2030	77
318	4	8	10	3389	4532	62
319	3	1	10	3398	7026	65
320	4	8	10	3407	12154	61
321	3	1	15	3416	1831	69
322	0	12	30	3425	2826	87
323	0	12	10	3434	306	61
324	4	14	20	3443	1884	85
325	4	14	30	3452	1044	53
326	3	1	10	3461	3189	67
327	3	1	30	3470	5894	81
328	0	12	10	3479	812	74
329	0	12	20	3488	566	75
330	3	1	20	3497	1096	89
331	0	12	20	3506	1621	79
332	4	8	10	3515	3029	61
333	0	12	20	3524	2688	50
334	4	14	10	3533	1304	82
335	0	12	30	3542	8830	77
336	4	14	20	3551	1486	87
337	4	14	10	3560	2973	68
338	4	8	10	3600	1408	64
339	4	8	10	3614	284	76
340	3	1	15	3628	2131	51
341	4	14	20	3642	2210	71
342	3	1	20	3656	9647	74
343	0	12	20	3670	9784	67
344	0	12	30	3684	3762	66
345	4	14	30	3698	5078	80
346	4	8	15	3712	549	83
347	4	14	10	3726	652	65
348	4	14	10	3740	4471	81
349	0	12	30	3754	4139	86
350	0	12	30	3768	321	61
351	3	1	15	3782	1864	82
352	3	1	30	3796	3376	71
353	4	14	10	3810	4167	73
354	0	12	10	3824	8923	59
355	4	8	30	3838	6989	72
356	4	14	30	3852	4950	73
357	4	14	15	3866	6992	80
358	0	12	20	3880	4349	68
359	0	12	15	3894	9431	76
360	4	14	20	3908	1291	83
361	4	8	30	3922	1917	74
362	4	14	30	3936	3088	83
363	4	14	10	3950	5836	63
364	4	8	30	3964	18943	87
365	3	1	10	3978	1900	56
366	0	12	10	4000	1683	65
367	3	1	10	4008	6303	57
368	4	8	15	4016	11905	89
369	4	14	15	4024	5444	66
370	4	14	10	4032	1782	88
371	4	14	30	4040	267	52
372	3	1	10	4048	427	63
373	0	12	10	4056	3760	77
374	4	14	20	4064	2140	63
375	3	1	15	4072	2999	81
376	0	12	20	4080	2442	86
377	0	12	15	4088	3598	70
378	0	12	15	4096	2495	85
379	0	12	30	4104	4275	55
380	4	8	15	4112	427	60
381	3	1	10	4120	2036	51
382	3	1	30	4128	412	50
383	4	14	15	4136	3097	78
384	4	14	30	4144	225	63
385	0	12	10	4152	8077	56
386	3	1	20	4160	5763	58
387	3	1	10	4168	8615	79
388	0	12	15	4176	3633	81
389	3	1	10	4184	2409	60
390	4	8	30	4192	794	54
391	0	12	15	4200	2650	56
392	4	14	15	4208	7912	50
393	4	8	20	4216	1986	78
394	4	8	20	4224	6291	83
395	0	12	20	4232	131	68
396	4	14	30	4240	8703	78
397	3	1	20	4248	616	60
398	4	14	30	4256	10212	70
399	4	8	20	4264	1052	60
400	4	14	20	4272	1883	64
401	4	14	15	4280	1632	76
402	3	1	30	4288	899	67
403	0	12	30	4296	10602	64
404	4	8	20	4304	1342	88
405	4	8	30	4312	50	58
406	4	14	15	4320	1265	69
407	4	8	30	4328	12937	84
408	4	14	15	4336	1060	59
409	3	1	30	4344	1816	69
410	0	12	10	4352	1840	76
411	3	1	20	4360	496	52
412	3	1	10	4368	1796	86
413	4	14	30	4376	25	62
414	3	1	10	4400	6517	66
415	0	12	15	4409	8382	81
416	3	1	10	4418	1329	74
417	4	14	20	4427	27654	55
418	4	14	15	4436	4990	90
419	0	12	20	4445	529	80
420	0	12	20	4454	3817	88
421	4	8	10	4463	2461	76
422	3	1	20	4472	874	66
423	3	1	10	4481	2744	79
424	3	1	20	4490	3316	61
425	4	14	30	4499	8323	82
426	4	14	20	4508	908	52
427	4	8	15	4517	4950	75
428	4	14	15	4526	6791	84
429	3	1	10	4535	1925	85
430	3	1	20	4544	4099	53
431	4	8	30	4553	1508	76
432	0	12	20	4562	4447	90
433	4	14	20	4571	1059	75
434	4	8	10	4580	1319	82
435	4	8	30	4589	5814	74
436	4	14	15	4598	880	75
437	3	1	30	4607	738	76
438	3	1	20	4616	1171	80
439	3	1	30	4625	172	54
440	0	12	30	4634	3625	78
441	0	12	20	4643	6491	64
442	3	1	20	4652	4212	70
443	4	8	20	4661	1055	62
444	4	8	10	4670	350	74
445	3	1	15	4679	261	51
446	4	8	10	4688	523	61
447	4	14	20	4697	7735	78
448	3	1	20	4706	3541	61
449	0	12	10	4715	9885	51
450	4	8	15	4724	5535	85
451	4	14	10	4733	8738	72
452	4	14	15	4742	2248	60
453	4	14	10	4751	6401	80
454	0	12	30	4760	3832	62
455	4	8	20	4769	9910	78
456	4	8	30	4800	597	59
457	0	12	20	4809	4882	78
458	3	1	10	4818	1821	52
459	3	1	20	4827	2110	56
460	3	1	15	4836	6631	56
461	3	1	30	4845	3295	84
462	3	1	20	4854	620	50
463	0	12	15	4863	7607	64
464	0	12	10	4872	5147	65
465	4	14	15	4881	224	50
466	4	8	30	4890	2359	52
467	4	14	15	4899	552	60
468	3	1	30	4908	5167	71
469	4	8	10	4917	153	83
470	0	12	10	4926	4550	56
471	0	12	10	4935	485	88
472	4	8	30	4944	5468	65
473	4	8	15	4953	4442	85
474	4	14	30	4962	3002	52
475	4	14	30	4971	6691	73
476	3	1	15	4980	6609	56
477	0	12	30	4989	13342	54
478	4	8	30	4998	2128	54
479	4	14	15	5007	2773	59
480	4	8	20	5016	5585	70
481	4	14	30	5025	1709	65
482	4	14	30	5034	522	63
483	3	1	15	5043	9266	82
484	0	12	20	5052	4006	50
485	3	1	15	5061	5603	71
486	3	1	20	5070	8623	65
487	4	8	15	5079	8251	60
488	3	1	30	5088	3831	62
489	4	14	15	5097	1816	53
490	0	12	30	5106	3949	64
491	4	14	20	5115	2714	88
492	4	14	20	5124	6491	73
493	0	12	10	5133	7428	74
494	0	12	15	5142	1059	89
495	3	1	30	5151	141	84
496	4	8	10	5160	4303	64
497	4	8	10	5169	6446	55
498	4	8	15	5178	2837	88
499	4	8	30	5187	119	73
500	0	12	15	5200	3847	90
501	4	8	30	5214	20199	50
502	4	8	20	5228	557	56
503	0	12	15	5242	3191	69
504	4	14	10	5256	1077	86
505	4	8	15	5270	4032	88
506	3	1	10	5284	614	57
507	4	8	10	5298	5698	65
508	4	14	15	5312	1260	77
509	4	8	30	5326	6520	79
510	3	1	15	5340	455	72
511	0	12	30	5354	766	55
512	3	1	20	5368	1383	73
513	3	1	30	5382	8032	84
514	0	12	10	5396	4285	77
515	3	1	15	5410	2477	82
516	3	1	30	5424	2310	70
517	0	12	10	5438	1109	59
518	4	14	30	5452	983	64
519	4	8	30	5466	14052	84
520	4	8	30	5480	746	76
521	4	14	20	5494	3400	83
522	4	8	20	5508	2875	89
523	4	14	15	5522	1786	68
524	0	12	10	5536	2112	68
525	4	8	20	5550	826	59
526	0	12	15	5564	1493	64
527	0	12	30	5600	9262	82
528	0	12	30	5609	2304	87
529	0	12	30	5618	2719	59
530	4	8	30	5627	665	59
531	4	8	10	5636	31	50
532	3	1	20	5645	2437	57
533	4	14	10	5654	1933	71
534	3	1	30	5663	8559	60
535	0	12	30	5672	5690	70
536	3	1	15	5681	981	58
537	3	1	15	5690	3401	85
538	3	1	10	5699	4377	86
539	4	14	10	5708	24082	53
540	4	14	15	5717	3779	64
541	0	12	15	5726	533	90
542	3	1	10	5735	3692	73
543	0	12	30	5744	6689	73
544	4	8	10	5753	1189	71
545	4	14	10	5762	2413	59
546	4	8	30	5771	894	64
547	0	12	30	5780	11052	80
548	0	12	30	5789	825	87
549	4	8	10	5798	5895	57
550	4	14	30	5807	3623	63
551	4	8	30	5816	2156	55
552	3	1	15	5825	3492	82
553	4	14	20	5834	3087	53
554	4	14	30	5843	7836	88
555	4	8	30	5852	184	56
556	0	12	10	5861	2622	52
557	4	8	10	5870	5876	79
558	0	12	10	5879	600	50
559	3	1	20	5888	202	77
560	0	12	30	5897	1562	73
561	3	1	15	5906	1103	66
562	0	12	10	5915	1551	69
563	4	14	15	5924	6000	68
564	4	14	10	5933	4208	70
565	4	8	10	5942	420	71
566	3	1	15	5951	5064	88
567	3	1	15	5960	9587	52
568	0	12	10	5969	16398	73
569	0	12	10	6000	9151	56
570	0	12	10	6012	1119	73
571	0	12	20	6024	8040	76
572	4	8	10	6036	3442	63
573	4	14	20	6048	996	60
574	3	1	15	6060	1778	70
575	4	8	15	6072	186	76
576	4	8	15	6084	14024	60
577	0	12	20	6096	4822	65
578	3	1	15	6108	434	87
579	4	8	10	6120	12607	59
580	4	14	20	6132	17203	85
581	0	12	20	6144	1878	74
582	0	12	30	6156	5019	85
583	4	14	30	6168	4397	79
584	0	12	30	6180	9109	87
585	0	12	30	6192	5336	54
586	4	14	30	6204	2217	59
587	4	14	30	6216	10026	53
588	0	12	15	6228	2971	74
589	4	8	10	6240	7261	54
590	4	14	20	6252	1303	67
591	0	12	10	6264	2374	69
592	3	1	15	6276	2271	84
593	4	14	20	6288	3827	58
594	4	14	10	6300	4485	70
595	4	8	10	6312	1849	88
596	4	14	15	6324	6503	70
597	4	14	20	6336	6989	54
598	4	8	30	6348	704	53
599	4	14	10	6360	685	50
600	4	8	20	6372	5311	61
601	3	1	15	6400	1377	61
602	0	12	30	6409	12272	57
603	0	12	20	6418	1358	80
604	4	8	10	6427	2992	75
605	4	14	15	6436	5234	77
606	4	14	30	6445	7320	82
607	3	1	20	6454	1797	71
608	4	8	10	6463	788	74
609	3	1	20	6472	6717	62
610	4	14	15	6481	312	86
611	4	14	20	6490	6062	77
612	4	14	30	6499	4397	83
613	3	1	30	6508	804	81
614	3	1	30	6517	259	82
615	0	12	15	6526	11878	90
616	4	8	15	6535	2987	72
617	4	8	15	6544	4252	81
618	3	1	15	6553	8463	71
619	3	1	10	6562	9821	65
620	3	1	10	6571	4484	61
621	3	1	15	6580	6430	85
622	3	1	10	6589	1942	69
623	4	14	30	6598	632	69
624	0	12	20	6607	3875	80
625	4	14	30	6616	6369	53
626	3	1	10	6625	2267	82
627	3	1	15	6634	12995	54
628	0	12	15	6643	3161	81
629	4	8	15	6652	17902	72
630	4	8	30	6661	1109	55
631	3	1	20	6670	622	55
632	3	1	30	6679	3098	61
633	3	1	15	6688	11630	87
634	0	12	20	6697	1005	89
635	4	8	15	6706	4751	73
636	4	14	30	6715	2187	67
637	4	14	15	6724	2227	54
638	4	8	30	6733	603	54
639	4	8	20	6742	733	59
640	0	12	10	6751	9092	62
641	0	12	15	6760	263	79
642	4	8	20	6769	5380	70
643	4	8	20	6778	4961	61
644	4	8	20	6800	5743	58
645	4	14	30	6807	2754	80
646	4	8	15	6814	6070	77
647	4	14	15	6821	1156	52
648	0	12	30	6828	3220	66
649	4	14	30	6835	5170	71
650	4	14	20	6842	7434	66
651	3	1	30	6849	643	80
652	0	12	10	6856	11698	73
653	3	1	30	6863	1136	79
654	4	8	30	6870	2642	79
655	3	1	10	6877	10951	67
656	4	14	10	6884	9482	83
657	4	8	30	6891	6586	78
658	4	14	10	6898	4403	50
659	3	1	10	6905	5240	71
660	4	8	10	6912	1410	86
661	4	8	20	6919	8429	78
662	4	8	10	6926	6761	81
663	0	12	20	6933	844	51
664	0	12	30	6940	3388	56
665	4	8	20	6947	10689	81
666	0	12	30	6954	1104	66
667	4	8	20	6961	5113	86
668	3	1	15	6968	12871	83
669	4	8	15	6975	1834	58
670	0	12	15	6982	2998	73
671	4	8	10	6989	417	68
672	4	14	20	6996	2889	77
673	4	8	30	7003	4977	62
674	4	8	30	7010	69	53
675	4	8	30	7017	3770	73
676	4	8	20	7024	248	64
677	4	8	20	7031	4483	57
678	4	8	10	7038	1938	61
679	0	12	20	7045	523	90
680	3	1	20	7052	63	67
681	3	1	30	7059	801	79
682	4	8	15	7066	2098	78
683	0	12	20	7073	6878	60
684	4	8	20	7080	624	56
685	4	14	30	7087	392	66
686	4	8	20	7094	882	72
687	0	12	30	7101	1380	73
688	4	8	15	7108	2478	57
689	4	8	15	7115	1353	72
690	4	8	15	7122	6214	81
691	3	1	30	7129	3807	79
692	0	12	10	7136	5701	53
693	4	14	20	7143	2109	73
694	0	12	15	7150	8176	64
695	4	14	20	7200	75	75
696	4	14	10	7209	1140	89
697	4	8	10	7218	3185	69
698	0	12	30	7227	600	55
699	0	12	10	7236	7115	68
700	3	1	10	7245	1185	64
701	4	14	20	7254	244	81
702	0	12	10	7263	1376	60
703	4	14	15	7272	818	58
704	4	14	15	7281	882	88
705	4	8	20	7290	5465	89
706	3	1	15	7299	4023	52
707	4	14	15	7308	1068	61
708	0	12	30	7317	1046	75
709	4	14	10	7326	8255	55
710	4	8	15	7335	8321	52
711	3	1	15	7344	1059	76
712	4	14	30	7353	2200	67
713	4	14	15	7362	3147	51
714	4	14	15	7371	5013	54
715	3	1	15	7380	490	56
716	0	12	10	7389	2541	90
717	4	8	20	7398	20945	70
718	3	1	10	7407	187	86
719	4	8	30	7416	2598	80
720	4	14	10	7425	5282	58
721	0	12	30	7434	11932	83
722	0	12	15	7443	1202	79
723	0	12	30	7452	4470	60
724	0	12	10	7461	3462	68
725	3	1	15	7470	9786	85
726	4	8	30	7479	1659	64
727	0	12	30	7488	441	53
728	0	12	20	7497	7364	88
729	3	1	15	7506	26171	68
730	3	1	20	7515	1799	75
731	4	14	20	7524	2862	86
732	0	12	30	7533	3058	51
733	4	8	10	7542	3220	84
734	4	8	20	7551	8044	76
735	3	1	10	7560	12538	76
736	3	1	30	7569	8850	69
737	3	1	10	7600	1009	70
738	4	8	10	7611	3900	62
739	0	12	10	7622	2040	58
740	4	8	20	7633	2459	64
741	3	1	10	7644	13233	61
742	4	14	10	7655	254	88
743	4	8	10	7666	3555	52
744	0	12	10	7677	2123	69
745	3	1	30	7688	3247	54
746	3	1	10	7699	846	61
747	4	8	30	7710	967	52
748	4	14	15	7721	4755	69
749	3	1	30	7732	5626	58
750	3	1	15	7743	3179	76
751	4	8	20	7754	1169	68
752	3	1	10	7765	2798	74
753	4	14	30	7776	4334	66
754	4	8	30	7787	413	59
755	3	1	10	7798	1467	71
756	4	14	15	7809	6431	52
757	0	12	10	7820	3850	90
758	3	1	10	7831	3724	80
759	0	12	30	7842	1339	53
760	4	14	30	7853	2079	74
761	3	1	15	7864	3017	90
762	3	1	30	7875	1997	63
763	4	8	15	7886	1053	57
764	4	8	20	7897	2859	71
765	4	8	20	7908	1810	57
766	3	1	15	7919	4790	75
767	3	1	20	7930	8167	74
768	4	8	30	7941	4539	66
769	4	8	15	7952	5675	68
770	0	12	20	7963	1018	77
771	3	1	10	7974	1135	69
772	0	12	15	8000	1859	58
773	3	1	30	8010	4157	77
774	0	12	10	8020	74	66
775	0	12	30	8030	5871	87
776	0	12	30	8040	8743	86
777	4	14	10	8050	4443	76
778	4	14	20	8060	1210	81
779	4	8	15	8070	94	64
780	0	12	15	8080	5129	74
781	0	12	30	8090	533	62
782	0	12	15	8100	2104	75
783	3	1	20	8110	361	80
784	4	14	10	8120	2392	83
785	0	12	30	8130	461	56
786	0	12	20	8140	31	61
787	4	8	30	8150	8249	76
788	4	14	10	8160	2426	74
789	4	14	15	8170	3274	54
790	4	14	20	8180	682	73
791	4	8	20	8190	1272	69
792	4	14	30	8200	3840	81
793	0	12	10	8210	1651	59
794	0	12	10	8220	20589	74
795	4	14	10	8230	10614	64
796	4	14	15	8240	3379	88
797	4	8	30	8250	7092	81
798	4	14	20	8260	325	71
799	4	14	15	8270	196	62
800	0	12	15	8280	7803	70
801	4	14	15	8290	1546	77
802	4	14	30	8300	3073	76
803	3	1	10	8310	11085	50
804	3	1	15	8320	3021	71
805	0	12	15	8330	1433	56
806	4	8	15	8340	8534	60
807	0	12	10	8350	7776	87
808	3	1	30	8360	4122	90
809	0	12	10	8370	1593	63
810	4	8	15	8380	2175	76
811	0	12	10	8400	552	66
812	0	12	15	8411	1766	59
813	4	8	30	8422	3494	65
814	0	12	20	8433	3302	70
815	3	1	30	8444	1317	62
816	4	8	10	8455	513	65
817	0	12	10	8466	1465	74
818	3	1	10	8477	6081	65
819	0	12	20	8488	2055	64
820	0	12	30	8499	1761	86
821	0	12	15	8510	6977	89
822	3	1	20	8521	2147	50
823	4	8	20	8532	509	61
824	4	8	20	8543	3677	86
825	3	1	30	8554	12178	57
826	4	14	10	8565	3976	79
827	4	14	10	8576	136	89
828	4	8	30	8587	4223	53
829	4	8	10	8598	372	51
830	4	8	20	8609	888	89
831	4	14	10	8620	236	54
832	4	14	20	8631	3591	55
833	0	12	15	8642	959	69
834	0	12	30	8653	723	85
835	0	12	30	8664	2056	87
836	4	8	10	8675	3552	76
837	4	8	15	8686	2552	74
838	0	12	10	8697	3248	58
839	3	1	30	8708	644	76
840	4	14	20	8719	1031	87
841	0	12	20	8730	654	65
842	4	14	10	8741	1043	76
843	4	14	10	8752	539	61
844	3	1	30	8763	600	68
845	3	1	15	8774	112	57
846	4	8	15	8800	9878	60
847	4	8	10	8812	141	65
848	4	14	20	8824	5987	80
849	4	8	15	8836	5001	62
850	4	8	10	8848	6622	90
851	4	14	15	8860	1223	64
852	4	14	20	8872	200	65
853	3	1	30	8884	4512	56
854	3	1	15	8896	4706	66
855	0	12	30	8908	132	71
856	0	12	30	8920	9424	77
857	4	8	15	8932	2156	65
858	0	12	15	8944	1639	55
859	4	14	20	8956	3449	64
860	4	8	10	8968	4451	67
861	4	8	10	8980	7535	61
862	3	1	10	8992	916	84
863	0	12	30	9004	3232	89
864	4	14	20	9016	553	64
865	3	1	15	9028	1798	71
866	0	12	20	9040	3075	61
867	4	14	10	9052	621	80
868	4	8	30	9064	2158	71
869	4	14	30	9076	697	74
870	4	8	30	9088	4710	76
871	4	14	20	9100	4186	81
872	4	14	30	9112	5555	66
873	4	14	15	9124	4003	79
874	4	8	10	9136	767	68
875	0	12	15	9148	918	71
876	4	8	15	9160	3620	63
877	4	14	20	9200	1365	80
878	4	14	20	9208	15662	84
879	4	14	15	9216	3407	79
880	0	12	20	9224	150	88
881	4	8	10	9232	3618	63
882	4	14	20	9240	1190	59
883	4	14	20	9248	11156	81
884	0	12	30	9256	1313	51
885	4	8	15	9264	10976	75
886	4	14	15	9272	34	80
887	0	12	20	9280	9916	89
888	3	1	30	9288	2948	52
889	0	12	10	9296	570	64
890	0	12	30	9304	2746	59
891	4	14	20	9312	754	61
892	0	12	30	9320	582	69
893	0	12	20	9328	15320	85
894	4	8	20	9336	2597	59
895	3	1	15	9344	1907	75
896	4	8	20	9352	11693	72
897	3	1	15	9360	4500	77
898	4	14	15	9368	23272	87
899	4	14	15	9376	6009	87
900	4	8	30	9384	2703	86
901	4	8	10	9392	5904	70
902	0	12	15	9400	3845	85
903	0	12	20	9408	3829	55
904	0	12	15	9416	87	76
905	4	8	15	9424	698	58
906	4	14	15	9432	2877	89
907	4	14	10	9440	2153	77
908	4	8	30	9448	2786	79
909	4	8	10	9456	2666	86
910	3	1	20	9464	2298	58
911	4	8	10	9472	3829	88
912	4	8	20	9480	2295	71
913	4	8	10	9488	5754	67
914	3	1	30	9496	3113	66
915	0	12	10	9504	316	53
916	4	8	20	9512	3571	51
917	3	1	20	9520	1238	52
918	0	12	30	9528	1283	87
919	3	1	10	9536	860	79
920	3	1	30	9544	1744	82
921	0	12	30	9552	3873	62
922	4	8	15	9560	3895	78
923	4	8	30	9568	1337	57
924	4	14	30	9600	4354	64
925	3	1	15	9608	2936	65
926	4	14	30	9616	2880	62
927	4	14	10	9624	5920	71
928	3	1	20	9632	673	70
929	4	14	20	9640	6343	83
930	4	14	20	9648	1198	89
931	4	14	10	9656	10112	76
932	4	14	10	9664	1381	83
933	4	14	15	9672	905	87
934	4	8	15	9680	342	83
935	4	14	15	9688	1234	67
936	4	8	20	9696	15209	69
937	4	14	30	9704	4100	53
938	4	14	10	9712	9950	55
939	3	1	20	9720	509	83
940	4	8	30	9728	2198	77
941	0	12	15	9736	3588	52
942	4	14	30	9744	2140	59
943	0	12	20	9752	142	56
944	4	8	15	9760	4760	55
945	4	14	30	9768	8504	61
946	4	8	30	9776	5316	80
947	4	14	20	9784	1865	51
948	4	8	30	9792	2301	68
949	0	12	20	9800	2053	55
950	0	12	20	9808	6218	74
951	3	1	30	9816	4558	69
952	4	8	15	9824	2049	81
953	4	8	10	9832	6507	58
954	4	8	15	9840	2206	54
955	4	8	30	9848	8192	73
956	4	14	30	9856	645	83
957	4	14	15	9864	1622	78
958	0	12	30	9872	12219	82
959	3	1	10	9880	2784	60
960	3	1	20	9888	4163	87
961	0	12	10	9896	5396	67
962	4	8	20	9904	1212	57
963	3	1	10	9912	4904	86
964	4	8	20	9920	1032	87
965	4	14	15	9928	2909	72
966	4	8	30	9936	1566	55
967	4	8	15	9944	1066	75
968	0	12	30	9952	4565	74
969	4	14	15	10000	1287	90
970	3	1	15	10010	414	75
971	4	8	30	10020	11928	89
972	4	14	15	10030	1718	88
973	3	1	15	10040	672	53
974	0	12	15	10050	5892	52
975	3	1	20	10060	5727	80
976	4	8	10	10070	922	53
977	4	8	30	10080	3541	71
978	0	12	15	10090	3550	51
979	0	12	10	10100	6103	53
980	0	12	15	10110	6145	75
981	0	12	10	10120	606	60
982	4	8	15	10130	1631	53
983	4	8	30	10140	5600	64
984	3	1	30	10150	26	59
985	4	8	20	10160	3459	70
986	4	8	30	10170	2930	86
987	4	8	30	10180	2682	74
988	3	1	30	10190	6032	82
989	4	14	15	10200	948	59
990	4	14	20	10210	495	74
991	3	1	10	10220	4134	81
992	4	14	10	10230	4664	62
993	4	8	10	10240	2147	85
994	4	14	10	10250	2561	87
995	0	12	30	10260	4585	60
996	3	1	20	10270	1606	85
997	0	12	20	10280	4921	64
998	3	1	10	10290	6587	59
999	4	8	10	10300	788	74
1000	4	8	30	10310	3254	56
1001	4	14	20	10320	2783	55
1002	3	1	30	10330	4711	67
1003	3	1	15	10340	707	68
1004	4	8	10	10350	1444	70
1005	3	1	30	10360	7315	75
1006	4	14	20	10370	1606	72
1007	4	14	10	10400	1129	77
1008	4	8	30	10408	132	56
1009	4	14	30	10416	4348	65
1010	0	12	30	10424	4376	70
1011	3	1	10	10432	3298	61
1012	3	1	10	10440	5467	77
1013	0	12	30	10448	746	79
1014	4	8	30	10456	5044	76
1015	3	1	15	10464	2822	76
1016	4	14	20	10472	2081	63
1017	0	12	20	10480	2837	83
1018	4	14	15	10488	4816	77
1019	0	12	30	10496	4184	67
1020	3	1	20	10504	24041	77
1021	0	12	30	10512	7215	71
1022	4	14	20	10520	2429	83
1023	0	12	15	10528	2536	65
1024	4	14	30	10536	691	65
1025	0	12	10	10544	2421	84
1026	3	1	30	10552	1209	76
1027	3	1	15	10560	10867	53
1028	3	1	15	10568	4582	57
1029	4	14	15	10576	370	82
1030	4	14	30	10584	2250	85
1031	0	12	15	10592	2757	79
1032	3	1	20	10600	6059	61
1033	3	1	10	10608	2106	67
1034	4	14	10	10616	1024	88
1035	0	12	30	10624	1333	70
1036	4	8	10	10632	2380	83
1037	4	14	10	10640	758	75
1038	4	14	30	10648	2393	85
1039	4	14	10	10656	731	74
1040	3	1	10	10664	1140	88
1041	3	1	20	10672	1276	59
1042	4	14	30	10680	2434	68
1043	3	1	30	10688	492	66
1044	4	14	20	10696	3158	80
1045	4	8	20	10704	3237	63
1046	4	14	10	10712	9177	54
1047	4	14	10	10720	2920	74
1048	4	14	15	10728	4798	59
1049	4	8	20	10736	13604	60
1050	4	8	15	10744	1294	87
1051	3	1	10	10752	6920	52
1052	4	8	15	10760	31	77
1053	3	1	15	10768	690	83
1054	4	14	15	10776	800	88
1055	4	8	30	10800	5111	75
1056	4	14	30	10808	188	63
1057	3	1	20	10816	1006	52
1058	3	1	20	10824	13	53
1059	4	8	10	10832	7560	76
1060	0	12	10	10840	3455	90
1061	4	8	15	10848	2022	69
1062	0	12	20	10856	3321	69
1063	3	1	20	10864	11540	64
1064	0	12	30	10872	1058	71
1065	0	12	15	10880	731	81
1066	0	12	15	10888	6082	90
1067	0	12	30	10896	1636	59
1068	0	12	20	10904	11557	81
1069	4	8	30	10912	2270	55
1070	4	8	15	10920	237	84
1071	0	12	15	10928	1060	79
1072	0	12	30	10936	237	89
1073	0	12	10	10944	3045	52
1074	3	1	20	10952	2046	69
1075	4	14	30	10960	5154	67
1076	0	12	30	10968	1908	53
1077	4	8	20	10976	1658	66
1078	0	12	30	10984	10287	76
1079	3	1	10	10992	3704	52
1080	4	8	10	11000	3238	79
1081	3	1	20	11008	5431	52
1082	3	1	10	11016	1072	84
1083	4	8	20	11024	5024	87
1084	3	1	10	11032	6684	86
1085	4	8	20	11040	3741	83
1086	4	14	10	11048	2695	52
1087	4	14	15	11056	3886	69
1088	4	14	30	11064	1034	70
1089	4	8	10	11072	2809	63
1090	0	12	30	11080	1084	56
1091	3	1	20	11088	1024	80
1092	0	12	20	11096	741	72
1093	3	1	20	11104	3678	58
1094	3	1	10	11112	3552	75
1095	4	8	30	11120	7624	69
1096	3	1	10	11128	4938	80
1097	4	8	15	11136	2868	53
1098	3	1	10	11144	8593	86
1099	4	14	10	11152	1905	89
1100	0	12	15	11160	5939	63
1101	4	14	10	11200	3315	86
1102	3	1	15	11211	3410	83
1103	3	1	15	11222	1234	53
1104	4	14	15	11233	9588	67
1105	4	8	30	11244	178	58
1106	4	8	15	11255	5792	53
1107	4	8	10	11266	2576	74
1108	0	12	20	11277	5677	63
1109	4	14	20	11288	2443	70
1110	0	12	30	11299	1673	71
1111	3	1	15	11310	4904	88
1112	4	8	30	11321	1420	67
1113	4	14	15	11332	2039	50
1114	0	12	30	11343	1392	87
1115	3	1	15	11354	7224	88
1116	3	1	15	11365	705	75
1117	4	14	30	11376	7558	72
1118	4	14	15	11387	567	69
1119	3	1	15	11398	3922	79
1120	0	12	15	11409	4518	79
1121	0	12	30	11420	697	71
1122	0	12	10	11431	456	80
1123	3	1	20	11442	2318	68
1124	0	12	10	11453	871	90
1125	4	14	20	11464	7125	53
1126	4	14	30	11475	263	56
1127	3	1	10	11486	2438	81
1128	4	8	10	11497	11552	68
1129	4	8	30	11508	3186	50
1130	4	8	30	11519	61	78
1131	3	1	20	11530	8088	90
1132	4	14	20	11541	2436	70
1133	4	8	20	11552	3147	77
1134	3	1	20	11563	7098	80
1135	3	1	10	11574	19067	84
1136	0	12	10	11585	740	59
1137	0	12	20	11600	13980	81
1138	4	8	15	11610	6564	70
1139	4	8	15	11620	5850	78
1140	0	12	15	11630	7394	79
1141	3	1	10	11640	61	68
1142	4	14	30	11650	7962	56
1143	4	14	10	11660	5892	90
1144	4	8	10	11670	709	82
1145	3	1	20	11680	3027	59
1146	0	12	20	11690	10477	63
1147	4	8	10	11700	5875	71
1148	3	1	30	11710	1468	61
1149	0	12	20	11720	5591	77
1150	3	1	15	11730	4680	85
1151	4	14	10	11740	7869	57
1152	4	8	10	11750	1909	75
1153	4	14	20	11760	1195	57
1154	3	1	20	11770	4843	59
1155	4	14	20	11780	3802	83
1156	3	1	30	11790	2432	55
1157	4	14	30	11800	575	64
1158	4	8	10	11810	289	54
1159	0	12	20	11820	322	64
1160	4	8	10	11830	15631	51
1161	3	1	15	11840	1476	63
1162	4	14	30	11850	3025	56
1163	4	14	20	11860	937	63
1164	3	1	20	11870	2332	83
1165	3	1	15	11880	2572	71
1166	3	1	20	11890	1153	67
1167	0	12	10	11900	5612	81
1168	4	8	20	11910	3366	61
1169	4	8	30	11920	1441	53
1170	3	1	10	11930	4394	78
1171	3	1	20	11940	852	84
1172	4	8	20	11950	174	52
1173	3	1	10	11960	1808	81
1174	3	1	30	11970	6099	90
1175	3	1	15	11980	4332	61
1176	4	8	30	12000	1407	64
1177	4	8	30	12008	1644	80
1178	4	8	15	12016	1298	77
1179	3	1	15	12024	4373	80
1180	3	1	10	12032	9391	80
1181	4	8	20	12040	1391	76
1182	0	12	10	12048	645	70
1183	0	12	20	12056	849	81
1184	3	1	20	12064	7850	56
1185	4	8	30	12072	674	70
1186	0	12	15	12080	2677	65
1187	0	12	30	12088	881	63
1188	4	14	30	12096	7396	67
1189	3	1	10	12104	977	87
1190	0	12	10	12112	3070	78
1191	0	12	15	12120	143	85
1192	3	1	15	12128	9204	77
1193	0	12	20	12136	5219	56
1194	4	14	15	12144	6213	77
1195	4	8	30	12152	3053	66
1196	3	1	10	12160	2652	62
1197	0	12	15	12168	4250	84
1198	0	12	20	12176	1595	57
1199	3	1	20	12184	4663	60
1200	4	14	10	12192	1315	83
1201	0	12	20	12200	759	73
1202	0	12	15	12208	896	60
1203	0	12	10	12216	19	58
1204	3	1	15	12224	360	89
1205	0	12	30	12232	2754	50
1206	4	8	15	12240	6804	55
1207	3	1	10	12248	63	85
1208	4	8	30	12256	2585	58
1209	0	12	15	12264	165	89
1210	4	8	20	12272	1525	68
1211	0	12	10	12280	505	66
1212	4	8	15	12288	7771	78
1213	4	14	30	12296	2076	64
1214	3	1	20	12304	759	74
1215	4	14	15	12312	4634	66
1216	3	1	10	12320	695	84
1217	4	14	15	12328	1657	65
1218	0	12	10	12336	1719	57
1219	0	12	30	12344	1351	62
1220	4	8	10	12352	17162	56
1221	3	1	20	12360	216	54
1222	4	8	10	12368	9701	63
1223	3	1	20	12376	1736	64
1224	4	8	20	12384	5820	65
1225	4	8	30	12400	3993	84
1226	4	14	10	12411	1381	57
1227	4	8	30	12422	1506	87
1228	4	14	20	12433	3425	54
1229	0	12	30	12444	1142	74
1230	4	14	10	12455	777	89
1231	4	8	20	12466	4109	71
1232	4	8	15	12477	32	72
1233	3	1	30	12488	3555	66
1234	4	14	15	12499	1941	87
1235	3	1	15	12510	5259	57
1236	4	8	10	12521	390	65
1237	0	12	10	12532	622	61
1238	3	1	15	12543	444	83
1239	3	1	20	12554	1796	56
1240	0	12	15	12565	1647	65
1241	4	8	15	12576	2555	71
1242	3	1	10	12587	5116	54
1243	3	1	20	12598	6479	68
1244	0	12	15	12609	9205	69
1245	4	14	10	12620	2160	62
1246	3	1	30	12631	786	57
1247	4	14	20	12642	2732	62
1248	3	1	10	12653	3245	72
1249	4	14	30	12664	432	61
1250	4	14	30	12675	1875	73
1251	4	14	30	12686	629	87
1252	4	14	10	12697	1455	77
1253	4	14	20	12708	172	86
1254	4	8	20	12719	4842	54
1255	0	12	15	12730	1032	79
1256	4	14	20	12741	1211	59
1257	3	1	30	12752	7553	86
1258	3	1	15	12763	1088	83
1259	0	12	15	12774	2426	55
1260	4	8	20	12785	920	83
1261	0	12	20	12800	2802	58
1262	4	14	15	12808	2323	80
1263	0	12	30	12816	1033	75
1264	0	12	15	12824	7975	90
1265	0	12	10	12832	4494	88
1266	4	14	20	12840	468	84
1267	3	1	20	12848	1246	61
1268	4	14	20	12856	82	67
1269	0	12	10	12864	2330	66
1270	3	1	10	12872	3596	50
1271	4	8	30	12880	62	72
1272	0	12	30	12888	1066	73
1273	3	1	15	12896	17567	51
1274	0	12	20	12904	11912	87
1275	4	14	30	12912	2887	76
1276	4	14	20	12920	1608	90
1277	3	1	20	12928	463	85
1278	4	8	10	12936	2407	86
1279	4	8	20	12944	1719	52
1280	3	1	30	12952	2413	76
1281	4	14	15	12960	6381	85
1282	3	1	20	12968	5676	64
1283	0	12	30	12976	2561	83
1284	4	8	10	12984	8288	50
1285	0	12	10	12992	126	52
1286	4	8	15	13000	1643	84
1287	4	8	30	13008	13492	77
1288	4	8	10	13016	8716	62
1289	3	1	30	13024	682	58
1290	3	1	30	13032	2540	88
1291	3	1	15	13040	1120	70
1292	4	8	30	13048	9458	69
1293	4	8	30	13056	4204	77
1294	0	12	30	13064	679	63
1295	0	12	20	13072	7180	57
1296	3	1	30	13080	128	81
1297	3	1	15	13088	2725	70
1298	3	1	10	13096	11137	68
1299	0	12	15	13104	1019	71
1300	0	12	20	13112	1465	68
1301	4	14	15	13120	9661	87
1302	4	14	10	13128	2574	85
1303	4	8	10	13136	485	55
1304	0	12	20	13144	2847	61
1305	4	8	10	13152	1778	51
1306	3	1	30	13160	9703	64
1307	4	8	20	13200	1527	76
1308	4	14	30	13213	391	90
1309	4	8	30	13226	832	68
1310	0	12	20	13239	9074	79
1311	4	8	30	13252	659	65
1312	0	12	20	13265	2019	50
1313	4	8	30	13278	8785	81
1314	4	8	20	13291	6	70
1315	4	8	15	13304	2099	88
1316	4	8	30	13317	5475	84
1317	4	14	20	13330	13720	87
1318	3	1	20	13343	1744	74
1319	4	14	10	13356	7151	88
1320	3	1	20	13369	1649	53
1321	4	8	30	13382	625	57
1322	4	8	15	13395	1918	90
1323	4	8	20	13408	7962	58
1324	4	8	10	13421	14223	69
1325	4	14	30	13434	1715	71
1326	0	12	10	13447	463	52
1327	4	14	10	13460	3504	86
1328	4	8	20	13473	7122	78
1329	4	14	30	13486	489	80
1330	4	8	30	13499	2635	86
1331	4	8	15	13512	7254	69
1332	4	14	15	13525	751	66
1333	4	8	30	13538	1031	64
1334	0	12	30	13551	174	74
1335	3	1	20	13564	3126	80
1336	4	14	15	13577	1557	50
1337	0	12	20	13600	4129	59
1338	4	14	10	13610	13252	72
1339	4	14	10	13620	2895	90
1340	4	8	10	13630	509	78
1341	0	12	30	13640	78	58
1342	3	1	30	13650	8239	77
1343	0	12	15	13660	4802	84
1344	3	1	15	13670	1206	70
1345	4	8	10	13680	1531	73
1346	3	1	20	13690	7534	69
1347	0	12	30	13700	69	78
1348	4	14	15	13710	4184	57
1349	3	1	20	13720	5509	65
1350	4	14	30	13730	369	63
1351	3	1	15	13740	264	84
1352	0	12	20	13750	605	87
1353	3	1	30	13760	446	71
1354	4	8	20	13770	8721	68
1355	4	14	20	13780	706	61
1356	3	1	10	13790	3017	87
1357	3	1	20	13800	3778	76
1358	0	12	30	13810	616	77
1359	0	12	30	13820	700	80
1360	4	8	10	13830	1148	89
1361	4	14	30	13840	1590	68
1362	4	14	10	13850	2662	88
1363	4	14	10	13860	15264	60
1364	4	14	10	13870	4887	73
1365	4	14	15	13880	245	59
1366	4	8	15	13890	15785	89
1367	4	14	30	13900	740	77
1368	0	12	30	13910	7485	56
1369	3	1	10	13920	2459	80
1370	3	1	30	13930	359	88
1371	0	12	10	13940	429	75
1372	4	14	15	13950	16	64
1373	3	1	20	13960	7290	75
1374	3	1	10	13970	4994	59
1375	3	1	30	14000	1533	86
1376	3	1	10	14011	1271	70
1377	4	8	30	14022	4582	55
1378	3	1	15	14033	3694	79
1379	0	12	10	14044	4236	87
1380	4	8	15	14055	2778	51
1381	4	14	10	14066	386	65
1382	0	12	30	14077	10923	79
1383	3	1	30	14088	349	62
1384	0	12	10	14099	109	66
1385	3	1	15	14110	2168	52
1386	0	12	20	14121	4768	73
1387	4	8	20	14132	271	86
1388	0	12	10	14143	1663	87
1389	4	8	15	14154	8511	63
1390	0	12	15	14165	50	83
1391	0	12	20	14176	4970	64
1392	0	12	30	14187	2780	72
1393	3	1	15	14198	6498	82
1394	3	1	10	14209	1234	50
1395	3	1	15	14220	6271	60
1396	0	12	20	14231	3050	60
1397	4	14	20	14242	8997	67
1398	0	12	15	14253	20231	61
1399	4	14	30	14264	896	60
1400	0	12	20	14275	1646	74
1401	4	14	30	14286	4543	83
1402	0	12	10	14297	750	72
1403	0	12	15	14308	839	67
1404	0	12	20	14319	4337	68
1405	3	1	20	14330	17197	78
1406	3	1	10	14341	247	69
1407	4	8	30	14352	1439	62
1408	0	12	30	14363	1993	61
1409	3	1	30	14374	3362	73
1410	0	12	20	14400	8809	81
1411	4	8	10	14410	7529	82
1412	0	12	15	14420	33	88
1413	0	12	20	14430	2689	81
1414	4	14	15	14440	4313	79
1415	4	8	10	14450	685	74
1416	3	1	30	14460	1998	79
1417	0	12	15	14470	2058	76
1418	3	1	10	14480	12067	84
1419	4	8	30	14490	1352	71
1420	3	1	20	14500	1805	77
1421	0	12	30	14510	9859	53
1422	4	14	20	14520	7059	80
1423	3	1	20	14530	13429	84
1424	3	1	20	14540	2367	88
1425	4	8	10	14550	1876	74
1426	0	12	15	14560	3673	53
1427	4	8	10	14570	897	72
1428	4	14	20	14580	3402	74
1429	4	14	20	14590	10184	90
1430	3	1	15	14600	6146	75
1431	4	14	15	14610	1898	53
1432	0	12	20	14620	4662	84
1433	4	14	15	14630	2057	69
1434	0	12	20	14640	1517	62
1435	3	1	15	14650	6901	59
1436	4	14	30	14660	10154	83
1437	4	14	20	14670	5473	62
1438	3	1	10	14680	2191	85
1439	4	8	15	14690	165	79
1440	0	12	15	14700	1776	73
1441	3	1	30	14710	2005	61
1442	0	12	30	14720	4474	74
1443	4	8	15	14730	5908	64
1444	4	8	20	14740	19046	72
1445	3	1	10	14750	720	50
1446	0	12	15	14760	4857	67
1447	0	12	10	14770	46	82
1448	4	14	30	14780	618	53
1449	0	12	10	14800	457	67
1450	4	14	20	14809	2032	72
1451	4	14	10	14818	562	75
1452	0	12	20	14827	11493	73
1453	4	14	20	14836	4907	81
1454	0	12	10	14845	7271	73
1455	4	14	30	14854	2196	70
1456	4	14	10	14863	7590	52
1457	4	8	20	14872	922	79
1458	4	8	20	14881	5429	69
1459	4	14	20	14890	1355	85
1460	3	1	15	14899	1948	74
1461	4	8	30	14908	7834	87
1462	4	8	15	14917	5226	78
1463	4	8	15	14926	2545	62
1464	0	12	20	14935	6124	88
1465	0	12	15	14944	2866	77
1466	0	12	20	14953	694	89
1467	0	12	30	14962	3726	68
1468	0	12	10	14971	763	68
1469	0	12	10	14980	7278	69
1470	3	1	10	14989	1078	81
1471	4	14	10	14998	4173	66
1472	3	1	15	15007	15753	82
1473	0	12	20	15016	9655	55
1474	0	12	15	15025	10540	88
1475	4	14	30	15034	13889	66
1476	4	14	10	15043	1106	69
1477	4	8	15	15052	235	66
1478	0	12	30	15061	14556	61
1479	4	14	15	15070	1324	87
1480	0	12	30	15079	4451	56
1481	4	14	15	15088	3560	62
1482	4	8	15	15097	238	69
1483	3	1	20	15106	2500	56
1484	4	14	30	15115	2963	68
1485	3	1	10	15124	4241	90
1486	4	14	20	15133	2278	71
1487	4	8	10	15142	15958	52
1488	4	14	10	15151	3324	86
1489	0	12	30	15160	8949	83
1490	3	1	15	15169	14278	57
1491	4	8	15	15178	5021	54
1492	4	8	30	15200	11	83
1493	4	14	20	15211	577	90
1494	4	14	10	15222	4256	54
1495	3	1	15	15233	2769	77
1496	0	12	20	15244	4374	73
1497	4	14	15	15255	905	62
1498	0	12	30	15266	17699	66
1499	0	12	15	15277	2614	85
1500	3	1	20	15288	21	52
1501	0	12	15	15299	408	89
1502	0	12	10	15310	7272	63
1503	4	14	30	15321	1456	75
1504	3	1	30	15332	8213	77
1505	0	12	15	15343	5554	55
1506	4	8	30	15354	653	84
1507	4	14	10	15365	134	68
1508	3	1	10	15376	6029	84
1509	0	12	15	15387	8120	57
1510	4	14	20	15398	797	50
1511	4	8	30	15409	6300	76
1512	0	12	20	15420	1057	67
1513	3	1	10	15431	2470	73
1514	3	1	30	15442	3829	78
1515	3	1	10	15453	6361	62
1516	0	12	20	15464	6459	68
1517	3	1	20	15475	1228	72
1518	3	1	15	15486	11786	85
1519	4	8	15	15497	557	89
1520	0	12	20	15508	321	56
1521	3	1	20	15519	783	86
1522	4	8	20	15530	170	73
1523	4	14	15	15541	1316	76
1524	3	1	20	15552	8042	62
1525	0	12	20	15563	2947	76
1526	4	8	10	15574	4141	73
1527	3	1	30	15585	7487	82
1528	4	8	20	15600	1180	50
1529	3	1	30	15610	2239	61
1530	4	14	15	15620	1449	83
1531	0	12	20	15630	160	57
1532	4	8	15	15640	286	50
1533	0	12	20	15650	2724	67
1534	4	8	30	15660	1294	85
1535	0	12	15	15670	3416	58
1536	4	14	15	15680	5573	89
1537	3	1	15	15690	5587	84
1538	0	12	20	15700	3596	70
1539	3	1	20	15710	5926	62
1540	4	8	15	15720	2796	56
1541	0	12	20	15730	2052	52
1542	4	14	30	15740	907	59
1543	3	1	30	15750	4760	78
1544	0	12	10	15760	4985	82
1545	0	12	15	15770	788	71
1546	0	12	30	15780	2637	78
1547	4	14	30	15790	3123	60
1548	0	12	30	15800	2921	61
1549	0	12	10	15810	7830	82
1550	3	1	30	15820	4796	58
1551	4	8	30	15830	2046	51
1552	4	8	10	15840	1177	68
1553	3	1	15	15850	7808	68
1554	0	12	30	15860	2059	78
1555	4	14	30	15870	7027	56
1556	3	1	30	15880	227	65
1557	0	12	20	15890	3258	78
1558	4	8	10	15900	2313	63
1559	4	8	15	15910	1725	50
1560	4	14	10	15920	446	72
1561	3	1	10	15930	1452	51
1562	4	8	15	15940	6009	68
1563	4	14	10	15950	1722	72
1564	4	8	10	15960	3326	65
1565	3	1	10	15970	610	84
1566	0	12	15	15980	5148	75
1567	0	12	10	15990	5362	50
1568	0	12	15	16000	815	78
1569	3	1	15	16010	170	70
1570	4	14	30	16020	181	64
1571	4	8	10	16030	198	74
1572	3	1	10	16040	4451	51
1573	4	14	30	16050	768	72
1574	0	12	10	16060	3944	82
1575	0	12	30	16070	4507	54
1576	4	14	30	16080	14757	77
1577	3	1	30	16090	1697	86
1578	3	1	10	16100	3357	84
1579	4	8	10	16110	4649	81
1580	0	12	30	16120	157	89
1581	4	8	15	16130	434	63
1582	3	1	30	16140	1589	70
1583	4	8	15	16150	2021	58
1584	0	12	10	16160	5240	52
1585	4	8	15	16170	9351	82
1586	4	14	20	16180	6133	80
1587	3	1	10	16190	948	73
1588	4	14	20	16200	383	79
1589	3	1	30	16210	2384	79
1590	4	8	20	16220	2927	83
1591	4	14	20	16230	865	60
1592	4	8	15	16240	1504	71
1593	3	1	15	16250	1112	70
1594	4	14	15	16260	4398	81
1595	3	1	10	16270	884	54
1596	3	1	10	16280	3912	75
1597	4	14	20	16290	7673	78
1598	4	8	30	16300	562	63
1599	3	1	10	16310	3384	89
1600	4	14	10	16320	2426	86
1601	4	14	20	16330	5458	77
1602	4	14	20	16340	1769	73
1603	3	1	15	16350	2589	82
1604	4	8	15	16360	6737	68
1605	0	12	30	16370	4199	75
1606	4	14	20	16380	5225	50
1607	4	8	15	16400	334	86
1608	3	1	15	16411	1050	76
1609	4	14	30	16422	5185	74
1610	4	14	10	16433	7652	70
1611	0	12	30	16444	4945	70
1612	4	8	15	16455	18104	84
1613	4	14	30	16466	5575	73
1614	4	8	15	16477	1494	51
1615	4	8	20	16488	10	58
1616	0	12	10	16499	15037	72
1617	0	12	30	16510	1916	59
1618	4	14	10	16521	3866	69
1619	4	14	20	16532	4329	74
1620	4	14	20	16543	1768	53
1621	3	1	15	16554	2877	52
1622	0	12	15	16565	4163	62
1623	3	1	15	16576	5317	90
1624	4	8	30	16587	2959	77
1625	0	12	10	16598	7584	53
1626	0	12	20	16609	5311	53
1627	0	12	30	16620	2238	71
1628	0	12	15	16631	2835	81
1629	3	1	30	16642	2238	78
1630	4	8	30	16653	213	69
1631	0	12	10	16664	519	89
1632	4	8	30	16675	966	72
1633	0	12	10	16686	23434	86
1634	4	8	10	16697	1057	85
1635	4	8	10	16708	1392	61
1636	3	1	30	16719	5471	80
1637	4	14	20	16730	7622	79
1638	0	12	10	16741	3492	81
1639	4	14	15	16752	334	68
1640	3	1	30	16763	766	81
1641	4	8	10	16774	4869	84
1642	0	12	20	16800	15645	87
1643	0	12	30	16809	1816	54
1644	3	1	30	16818	3631	58
1645	0	12	20	16827	6629	63
1646	4	8	10	16836	919	67
1647	4	8	20	16845	3298	89
1648	4	8	30	16854	10690	69
1649	3	1	20	16863	4365	72
1650	3	1	10	16872	1002	73
1651	3	1	10	16881	1115	65
1652	4	14	20	16890	1063	58
1653	4	8	15	16899	2538	80
1654	3	1	15	16908	960	85
1655	0	12	30	16917	11384	84
1656	3	1	15	16926	410	65
1657	0	12	10	16935	3893	73
1658	0	12	15	16944	12297	55
1659	0	12	10	16953	13361	64
1660	4	14	10	16962	9864	71
1661	3	1	30	16971	1429	69
1662	4	8	30	16980	3398	55
1663	4	14	15	16989	6488	88
1664	3	1	30	16998	4489	55
1665	4	14	10	17007	5245	71
1666	3	1	10	17016	2731	89
1667	4	8	15	17025	19328	89
1668	4	8	30	17034	2931	78
1669	0	12	10	17043	71	80
1670	3	1	30	17052	1190	69
1671	0	12	15	17061	536	84
1672	0	12	30	17070	6404	69
1673	4	14	20	17079	3101	51
1674	4	8	30	17088	2669	83
1675	4	8	15	17097	4238	60
1676	3	1	20	17106	3045	55
1677	0	12	15	17115	1324	57
1678	0	12	20	17124	597	81
1679	0	12	15	17133	4999	63
1680	3	1	10	17142	4136	77
1681	4	14	10	17151	761	54
1682	4	14	30	17160	2753	52
1683	3	1	20	17169	7418	58
1684	4	14	30	17200	926	55
1685	3	1	20	17210	6616	53
1686	0	12	15	17220	8770	81
1687	4	14	20	17230	5464	83
1688	4	8	30	17240	6123	50
1689	0	12	15	17250	1372	51
1690	3	1	30	17260	874	86
1691	3	1	20	17270	525	57
1692	4	14	15	17280	9110	73
1693	4	14	30	17290	3846	66
1694	0	12	10	17300	721	87
1695	4	14	30	17310	8277	62
1696	0	12	15	17320	563	79
1697	0	12	15	17330	781	89
1698	3	1	10	17340	4691	90
1699	3	1	20	17350	8043	78
1700	3	1	20	17360	1510	65
1701	4	14	30	17370	959	68
1702	4	14	20	17380	172	60
1703	0	12	20	17390	9774	79
1704	4	14	30	17400	2089	53
1705	4	8	20	17410	405	80
1706	3	1	15	17420	2354	87
1707	0	12	10	17430	4736	57
1708	4	14	20	17440	16270	88
1709	4	8	10	17450	3284	75
1710	3	1	15	17460	2103	78
1711	4	8	30	17470	6765	58
1712	0	12	20	17480	2642	83
1713	0	12	10	17490	1099	82
1714	4	8	10	17500	1543	77
1715	0	12	30	17510	5415	67
1716	4	14	10	17520	6496	66
1717	4	14	10	17530	5222	87
1718	0	12	15	17540	3622	83
1719	4	14	15	17550	8031	51
1720	4	14	30	17560	7384	80
1721	3	1	15	17600	5544	55
1722	4	14	15	17610	934	88
1723	4	8	20	17620	1040	77
1724	4	8	15	17630	6890	84
1725	0	12	10	17640	576	62
1726	0	12	10	17650	1034	60
1727	0	12	30	17660	796	53
1728	4	14	15	17670	1876	54
1729	3	1	30	17680	3799	70
1730	4	8	30	17690	2951	72
1731	3	1	10	17700	1757	57
1732	3	1	15	17710	3579	58
1733	3	1	30	17720	1273	53
1734	3	1	30	17730	2036	89
1735	4	14	15	17740	2256	58
1736	4	14	15	17750	562	84
1737	3	1	10	17760	3513	64
1738	3	1	30	17770	2294	55
1739	4	8	15	17780	468	66
1740	0	12	10	17790	1808	57
1741	0	12	15	17800	864	74
1742	0	12	10	17810	5742	86
1743	0	12	20	17820	1012	65
1744	3	1	10	17830	8531	63
1745	0	12	30	17840	1916	78
1746	4	8	10	17850	4083	64
1747	4	14	15	17860	4281	81
1748	4	8	30	17870	1413	79
1749	0	12	10	17880	2201	70
1750	4	14	30	17890	293	86
1751	0	12	15	17900	2059	82
1752	0	12	30	17910	3486	56
1753	4	14	20	17920	6967	88
1754	3	1	30	17930	97	88
1755	4	14	10	17940	3325	59
1756	0	12	15	17950	19	70
1757	3	1	10	17960	6709	73
1758	4	14	15	17970	384	85
1759	3	1	20	17980	1273	82
1760	4	8	15	17990	8110	69
1761	4	8	15	18000	1228	84
1762	0	12	20	18009	1540	52
1763	4	8	20	18018	1845	67
1764	0	12	10	18027	155	53
1765	4	14	10	18036	219	71
1766	4	14	20	18045	1016	90
1767	3	1	20	18054	947	79
1768	4	8	10	18063	7366	84
1769	3	1	30	18072	8791	69
1770	0	12	15	18081	3771	73
1771	4	8	30	18090	985	52
1772	0	12	10	18099	1383	82
1773	3	1	30	18108	2656	67
1774	3	1	10	18117	2788	84
1775	4	14	20	18126	4173	56
1776	3	1	10	18135	17666	60
1777	4	14	30	18144	16750	73
1778	3	1	15	18153	1707	64
1779	4	8	15	18162	2324	55
1780	3	1	30	18171	2728	88
1781	4	8	30	18180	3383	69
1782	4	14	10	18189	8579	64
1783	4	14	10	18198	12074	75
1784	4	14	10	18207	3127	75
1785	0	12	20	18216	508	80
1786	3	1	15	18225	5944	51
1787	4	14	20	18234	5819	61
1788	4	14	10	18243	1143	55
1789	4	14	20	18252	7191	80
1790	3	1	30	18261	2221	78
1791	4	8	10	18270	1531	61
1792	4	14	30	18279	2715	69
1793	0	12	10	18288	715	63
1794	0	12	30	18297	1108	87
1795	3	1	20	18306	418	64
1796	4	14	30	18315	8312	72
1797	4	14	20	18324	1992	68
1798	4	14	20	18333	820	61
1799	3	1	30	18342	7041	83
1800	4	8	15	18351	679	79
1801	4	14	20	18360	2240	76
1802	4	8	10	18400	6764	88
1803	3	1	10	18410	2101	60
1804	4	14	30	18420	6702	88
1805	4	8	10	18430	7653	83
1806	4	14	10	18440	466	90
1807	4	8	30	18450	405	79
1808	0	12	15	18460	1559	53
1809	4	14	15	18470	1887	82
1810	0	12	30	18480	3438	89
1811	4	8	20	18490	81	88
1812	4	14	20	18500	2506	59
1813	3	1	30	18510	4210	79
1814	4	14	30	18520	6025	85
1815	4	14	20	18530	1412	90
1816	3	1	15	18540	1921	69
1817	4	8	15	18550	1838	68
1818	4	8	20	18560	7023	83
1819	4	14	15	18570	10043	64
1820	4	8	30	18580	1312	70
1821	0	12	30	18590	2448	79
1822	3	1	15	18600	13099	73
1823	3	1	20	18610	28	54
1824	0	12	30	18620	2485	81
1825	4	14	15	18630	1383	62
1826	3	1	30	18640	5172	74
1827	0	12	10	18650	550	69
1828	4	8	10	18660	1114	70
1829	0	12	15	18670	2060	70
1830	0	12	30	18680	5929	74
1831	4	14	20	18690	3620	82
1832	4	14	10	18700	6426	61
1833	0	12	20	18710	2931	71
1834	4	14	10	18720	1339	67
1835	4	14	15	18730	271	62
1836	4	14	30	18740	5628	72
1837	4	8	30	18750	2571	53
1838	4	14	15	18760	595	77
1839	4	8	30	18770	4684	82
1840	0	12	20	18780	37	80
1841	0	12	15	18800	4525	62
1842	3	1	10	18809	2346	57
1843	0	12	30	18818	8236	64
1844	3	1	20	18827	1191	81
1845	0	12	15	18836	2083	81
1846	4	8	20	18845	7655	51
1847	4	8	10	18854	7375	80
1848	0	12	15	18863	1948	69
1849	4	8	15	18872	11570	88
1850	0	12	10	18881	5061	85
1851	4	8	15	18890	2824	53
1852	4	8	30	18899	3330	76
1853	0	12	10	18908	1240	88
1854	0	12	10	18917	3179	63
1855	4	8	15	18926	4795	50
1856	0	12	10	18935	2514	52
1857	4	14	20	18944	6613	84
1858	4	8	10	18953	11665	70
1859	0	12	15	18962	2939	75
1860	4	14	15	18971	542	59
1861	4	14	10	18980	15940	71
1862	0	12	30	18989	7672	58
1863	0	12	10	18998	10114	74
1864	3	1	15	19007	3698	57
1865	4	8	15	19016	15874	56
1866	3	1	15	19025	997	76
1867	4	14	10	19034	11684	79
1868	3	1	20	19043	1825	62
1869	0	12	15	19052	4989	73
1870	4	14	30	19061	3126	68
1871	0	12	20	19070	9511	66
1872	3	1	30	19079	1045	81
1873	0	12	20	19088	590	50
1874	3	1	30	19097	9607	74
1875	4	8	15	19106	3688	57
1876	4	8	20	19115	56	71
1877	3	1	15	19124	376	59
1878	0	12	30	19133	5536	63
1879	4	14	20	19142	233	90
1880	3	1	30	19151	2318	61
1881	4	8	20	19160	8610	84
1882	4	14	20	19200	5436	50
1883	0	12	20	19209	1419	73
1884	4	14	10	19218	4617	75
1885	3	1	15	19227	1239	71
1886	3	1	20	19236	123	56
1887	3	1	10	19245	3044	64
1888	4	14	15	19254	14186	57
1889	3	1	30	19263	3527	66
1890	3	1	10	19272	3653	59
1891	0	12	10	19281	11715	78
1892	4	14	20	19290	3006	74
1893	3	1	10	19299	3848	52
1894	3	1	20	19308	3313	72
1895	4	8	20	19317	113	59
1896	0	12	15	19326	6955	53
1897	3	1	10	19335	2965	74
1898	4	8	15	19344	1254	56
1899	0	12	15	19353	1295	74
1900	3	1	30	19362	819	54
1901	4	8	15	19371	9473	62
1902	3	1	15	19380	2579	68
1903	0	12	30	19389	4469	86
1904	4	8	20	19398	2058	69
1905	0	12	20	19407	6655	69
1906	3	1	20	19416	1293	63
1907	0	12	15	19425	2233	75
1908	4	8	15	19434	1767	64
1909	4	14	20	19443	11674	55
1910	0	12	20	19452	4613	69
1911	3	1	20	19461	1892	84
1912	4	14	30	19470	243	70
1913	3	1	20	19479	8795	70
1914	4	8	20	19488	335	64
1915	3	1	20	19497	1113	66
1916	4	14	15	19506	1088	71
1917	4	14	15	19515	3233	76
1918	0	12	30	19524	1074	90
1919	0	12	10	19533	1642	77
1920	4	14	20	19542	12037	50
1921	4	14	15	19551	4656	62
1922	0	12	30	19560	14747	71
1923	4	14	30	19569	6064	86
1924	4	8	10	19600	483	63
1925	4	14	20	19608	3623	80
1926	0	12	30	19616	1905	83
1927	4	14	30	19624	3788	79
1928	3	1	10	19632	3413	69
1929	0	12	15	19640	8531	65
1930	0	12	10	19648	6021	53
1931	3	1	20	19656	2697	88
1932	0	12	30	19664	6872	52
1933	4	14	15	19672	2561	80
1934	0	12	20	19680	8206	86
1935	4	8	15	19688	3050	89
1936	3	1	15	19696	2100	65
1937	4	14	20	19704	291	54
1938	3	1	10	19712	9071	53
1939	4	14	15	19720	8289	55
1940	4	14	20	19728	18502	58
1941	4	8	15	19736	3690	71
1942	4	8	30	19744	773	90
1943	4	14	20	19752	102	52
1944	3	1	10	19760	9274	88
1945	0	12	15	19768	1003	66
1946	4	8	15	19776	8734	58
1947	4	8	10	19784	4078	53
1948	0	12	15	19792	3084	78
1949	4	14	10	19800	1543	55
1950	3	1	10	19808	6235	78
1951	0	12	10	19816	1257	68
1952	4	8	15	19824	1358	74
1953	4	8	10	19832	10775	70
1954	4	8	20	19840	1577	73
1955	4	14	20	19848	2752	82
1956	0	12	15	19856	10718	81
1957	4	14	20	19864	4748	73
1958	3	1	20	19872	3274	73
1959	3	1	30	19880	6567	80
1960	4	14	30	19888	2260	77
1961	4	14	30	19896	4364	74
1962	3	1	15	19904	7692	55
1963	0	12	30	19912	2582	89
1964	3	1	20	19920	735	51
1965	4	8	10	19928	862	72
1966	4	8	30	19936	3251	81
1967	4	14	15	19944	3530	80
1968	4	8	10	19952	71	75
1969	0	12	10	19960	3166	66
1970	4	14	15	20000	7194	51
1971	4	14	20	20013	736	67
1972	4	8	15	20026	4291	72
1973	4	8	15	20039	1793	84
1974	0	12	20	20052	1702	69
1975	4	8	15	20065	1711	69
1976	3	1	15	20078	2869	62
1977	4	8	15	20091	11964	69
1978	4	8	20	20104	8443	89
1979	4	8	30	20117	8901	87
1980	4	8	15	20130	4930	72
1981	4	14	20	20143	5382	79
1982	3	1	20	20156	310	50
1983	3	1	30	20169	1171	63
1984	4	8	10	20182	385	77
1985	0	12	10	20195	2839	76
1986	0	12	15	20208	904	63
1987	4	14	20	20221	8764	72
1988	4	8	20	20234	635	57
1989	4	8	30	20247	1873	53
1990	0	12	10	20260	3686	57
1991	4	14	20	20273	5002	83
1992	0	12	30	20286	2863	72
1993	0	12	10	20299	377	64
1994	0	12	20	20312	2336	68
1995	0	12	20	20325	1578	74
1996	4	14	10	20338	5523	66
1997	0	12	30	20351	4818	50
1998	0	12	30	20364	7786	50
1999	0	12	10	20377	4919	65
