0	4	8	30	0	19282	75
1	3	1	15	7	6772	74
2	0	12	10	14	781	71
3	3	1	30	21	3264	66
4	0	12	30	28	19133	64
5	0	12	30	35	83	86
6	4	8	10	42	3183	76
7	4	14	20	49	8380	76
8	4	8	10	56	5549	57
9	4	8	20	63	7410	81
10	4	14	30	70	3148	86
11	3	1	10	77	5791	79
12	4	14	20	84	50	85
13	4	8	10	91	5444	79
14	4	8	20	98	3390	63
15	4	14	30	105	3205	67
16	0	12	20	112	4903	53
17	3	1	30	119	3236	56
18	0	12	20	126	3617	57
19	0	12	10	133	1433	54
20	4	14	10	140	19162	66
21	0	12	15	147	5898	84
22	3	1	20	154	7986	64
23	4	8	15	161	2444	71
24	3	1	20	168	7546	88
25	4	14	10	175	2039	58
26	4	8	20	182	936	83
27	3	1	20	189	3428	65
28	4	14	15	196	5989	88
29	4	14	15	203	3294	70
30	0	12	30	210	2281	81
31	4	14	10	217	9525	78
32	4	14	15	224	3176	81
33	4	14	15	231	175	65
34	4	8	20	238	8127	87
35	0	12	20	245	1394	76
36	3	1	20	252	2150	63
37	4	14	10	259	844	75
38	4	14	15	266	7703	63
39	4	14	30	273	1087	67
40	4	8	15	280	1733	69
41	4	14	20	287	2290	64
42	3	1	30	294	784	86
43	0	12	30	301	315	64
44	4	8	30	308	2139	53
45	4	8	30	315	509	65
46	0	12	20	322	8515	56
47	0	12	10	329	9253	88
48	0	12	10	336	2036	54
49	4	8	20	343	7786	54
50	4	14	20	350	17722	84
51	4	8	15	357	2157	86
52	4	14	30	400	90	73
53	4	14	30	409	4354	62
54	4	8	30	418	4176	65
55	4	8	20	427	997	79
56	4	14	20	436	12131	62
57	3	1	20	445	5093	53
58	4	14	10	454	4943	66
59	4	8	20	463	3588	59
60	3	1	10	472	6683	55
61	3	1	20	481	14477	63
62	0	12	10	490	424	76
63	3	1	30	499	838	75
64	0	12	20	508	2100	88
65	4	14	20	517	4056	61
66	4	14	30	526	978	87
67	4	14	15	535	13982	72
68	4	14	15	544	8308	81
69	4	8	30	553	1298	76
70	0	12	10	562	582	57
71	0	12	20	571	2904	66
72	3	1	20	580	4823	82
73	0	12	30	589	1768	78
74	4	14	30	598	11936	73
75	0	12	15	607	3245	54
76	4	8	15	616	3597	87
77	4	8	30	625	6210	53
78	4	14	20	634	175	71
79	4	8	20	643	5218	75
80	3	1	20	652	2922	55
81	4	8	20	661	1471	84
82	3	1	15	670	777	63
83	4	8	30	679	10055	87
84	4	14	30	688	3404	75
85	3	1	15	697	72	84
86	0	12	15	706	8657	57
87	4	14	20	715	8641	71
88	3	1	15	724	2009	53
89	0	12	10	733	4177	60
90	0	12	30	742	1677	67
91	0	12	30	751	4759	63
92	4	14	30	760	2621	61
93	3	1	20	769	1215	56
94	4	8	20	778	2220	64
95	3	1	30	787	1902	58
96	4	14	20	800	1633	76
97	4	14	10	810	18001	63
98	4	14	10	820	4403	65
99	3	1	10	830	6002	81
100	4	8	10	840	9321	66
101	4	8	15	850	9693	72
102	0	12	20	860	106	59
103	4	14	10	870	519	67
104	4	8	15	880	5118	86
105	3	1	10	890	2553	70
106	4	14	30	900	5039	56
107	3	1	10	910	4376	83
108	4	14	30	920	5005	78
109	4	8	20	930	386	64
110	4	14	15	940	3951	81
111	3	1	30	950	714	61
112	4	14	10	960	4521	71
113	4	8	20	970	15789	80
114	3	1	10	980	306	57
115	4	8	20	990	2806	60
116	0	12	10	1000	6371	53
117	3	1	10	1010	801	78
118	4	14	30	1020	3828	53
119	3	1	15	1030	1981	56
120	3	1	15	1040	5579	56
121	4	14	10	1050	1615	69
122	4	8	30	1060	3420	72
123	4	14	15	1070	1027	74
124	0	12	10	1080	10910	62
125	0	12	15	1090	2317	82
126	0	12	20	1100	144	58
127	0	12	30	1110	2308	78
128	4	14	10	1120	10708	66
129	0	12	10	1130	3384	68
130	0	12	20	1140	996	67
131	3	1	10	1150	3707	76
132	4	8	20	1160	515	77
133	4	8	15	1170	1236	78
134	4	14	15	1180	6995	62
135	4	8	10	1200	3735	71
136	0	12	30	1209	1321	78
137	3	1	15	1218	225	84
138	0	12	20	1227	878	53
139	0	12	30	1236	426	58
140	4	14	15	1245	1435	81
141	4	8	10	1254	993	63
142	0	12	20	1263	749	82
143	0	12	30	1272	1442	77
144	4	8	30	1281	82	67
145	3	1	10	1290	789	58
146	4	8	20	1299	75	81
147	4	8	15	1308	2773	70
148	4	14	20	1317	834	88
149	0	12	10	1326	10195	57
150	3	1	20	1335	3488	57
151	4	8	20	1344	667	86
152	0	12	15	1353	1866	63
153	4	8	20	1362	1296	61
154	4	14	20	1371	100	77
155	3	1	10	1380	3380	85
156	0	12	20	1389	1641	53
157	4	8	10	1398	6433	74
158	3	1	10	1407	829	58
159	0	12	30	1416	1325	56
160	4	8	15	1425	2293	65
161	3	1	10	1434	1301	66
162	3	1	30	1443	5295	69
163	3	1	30	1452	617	62
164	0	12	30	1461	8212	86
165	4	8	10	1470	94	57
166	0	12	10	1479	174	73
167	4	8	30	1488	2118	81
168	3	1	10	1497	672	70
169	4	8	30	1506	2515	74
170	0	12	30	1515	1008	71
171	4	8	30	1524	5418	57
172	4	8	20	1533	16644	78
173	3	1	10	1542	2892	84
174	3	1	30	1551	373	64
175	4	8	10	1560	3038	82
176	4	14	20	1600	703	76
177	0	12	30	1608	1270	83
178	3	1	20	1616	923	59
179	3	1	30	1624	5635	56
180	4	14	20	1632	2186	54
181	4	14	10	1640	3065	76
182	0	12	15	1648	1152	78
183	4	14	10	1656	37	61
184	3	1	15	1664	18037	63
185	4	14	10	1672	277	69
186	4	8	30	1680	1052	66
187	4	14	10	1688	7434	68
188	3	1	20	1696	1103	53
189	4	8	15	1704	1180	65
190	4	8	20	1712	1261	71
191	4	14	20	1720	2628	56
192	4	14	10	1728	8084	79
193	0	12	20	1736	9863	85
194	3	1	15	1744	4371	82
195	0	12	15	1752	95	67
196	3	1	10	1760	2663	82
197	4	8	30	1768	113	72
198	4	14	10	1776	2255	80
199	4	14	20	1784	23261	62
200	4	8	10	1792	586	73
201	4	14	30	1800	3740	53
202	4	14	10	1808	1695	88
203	3	1	20	1816	5111	66
204	4	14	10	1824	4802	75
205	0	12	30	1832	7329	53
206	0	12	30	1840	741	61
207	3	1	10	1848	7808	68
208	4	14	20	1856	831	86
209	3	1	20	1864	2715	84
210	3	1	15	1872	2104	62
211	4	14	20	1880	266	58
212	4	14	20	1888	3601	67
213	0	12	15	1896	2259	54
214	4	8	10	1904	7894	55
215	3	1	10	1912	9256	77
216	3	1	20	1920	111	77
217	4	14	30	1928	5156	61
218	0	12	20	1936	668	87
219	4	8	30	1944	6533	69
220	4	14	15	1952	6281	80
221	0	12	10	1960	885	58
222	4	14	10	1968	745	80
223	0	12	20	2000	9177	58
224	4	14	15	2011	874	56
225	0	12	10	2022	5406	67
226	3	1	30	2033	8300	67
227	4	8	10	2044	287	81
228	4	14	20	2055	7589	55
229	3	1	20	2066	270	85
230	3	1	30	2077	188	53
231	3	1	20	2088	573	56
232	0	12	30	2099	7357	55
233	3	1	10	2110	938	86
234	4	8	30	2121	3861	72
235	4	14	30	2132	6719	54
236	4	14	10	2143	842	76
237	3	1	30	2154	3010	65
238	4	14	30	2165	1486	75
239	3	1	15	2176	645	63
240	4	14	10	2187	9119	60
241	3	1	20	2198	1869	87
242	0	12	15	2209	4273	71
243	4	14	10	2220	5518	57
244	3	1	30	2231	7491	55
245	4	8	30	2242	922	66
246	0	12	10	2253	8756	78
247	4	14	30	2264	2289	77
248	3	1	15	2275	222	83
249	0	12	10	2286	5769	57
250	3	1	30	2297	22218	79
251	4	14	15	2308	5736	74
252	4	8	10	2319	8282	74
253	3	1	15	2330	3937	63
254	0	12	10	2341	917	71
255	0	12	10	2352	11117	68
256	0	12	20	2363	2301	61
257	4	14	15	2374	2364	83
258	3	1	10	2385	2977	63
259	4	14	10	2400	12663	61
260	3	1	10	2408	13466	74
261	4	14	30	2416	420	69
262	3	1	20	2424	32	66
263	4	8	10	2432	521	53
264	4	14	20	2440	2368	84
265	0	12	30	2448	1290	58
266	4	14	20	2456	1011	55
267	0	12	15	2464	1941	70
268	3	1	20	2472	6694	71
269	4	8	15	2480	194	54
270	4	14	10	2488	4969	53
271	4	14	30	2496	2762	64
272	4	14	10	2504	2138	74
273	3	1	10	2512	19	77
274	3	1	20	2520	9502	62
275	0	12	30	2528	2170	82
276	0	12	30	2536	3124	76
277	4	14	10	2544	2190	75
278	4	8	30	2552	217	55
279	4	8	15	2560	18618	79
280	0	12	10	2568	7674	77
281	3	1	10	2576	2309	79
282	3	1	20	2584	61	87
283	4	14	20	2592	361	86
284	4	14	30	2600	287	59
285	4	14	20	2608	1338	67
286	4	8	15	2616	1202	71
287	4	8	20	2624	967	80
288	3	1	30	2632	16	68
289	0	12	20	2640	4573	57
290	4	14	15	2648	1887	81
291	0	12	20	2656	5443	82
292	4	14	20	2664	15	54
293	0	12	20	2672	1739	67
294	0	12	15	2680	811	77
295	0	12	15	2688	6394	80
296	0	12	10	2696	1818	74
297	4	14	10	2704	3055	70
298	0	12	20	2712	1435	62
299	3	1	10	2720	3381	85
300	3	1	10	2728	16183	63
301	4	14	20	2736	2800	61
302	0	12	10	2744	3906	58
303	4	8	10	2752	26	81
304	0	12	10	2760	214	56
305	3	1	30	2800	2751	67
306	4	14	10	2812	1708	88
307	3	1	10	2824	8128	85
308	0	12	20	2836	5081	54
309	4	14	10	2848	6172	77
310	0	12	10	2860	2015	81
311	0	12	20	2872	63	74
312	4	8	20	2884	1999	80
313	0	12	30	2896	3058	73
314	4	14	10	2908	441	72
315	4	14	10	2920	2993	84
316	0	12	15	2932	353	70
317	3	1	10	2944	10182	68
318	4	8	15	2956	218	82
319	0	12	30	2968	709	69
320	4	14	15	2980	64	76
321	4	8	10	2992	34	63
322	3	1	15	3004	1914	54
323	3	1	30	3016	562	67
324	3	1	30	3028	4450	62
325	3	1	20	3040	13736	60
326	4	14	10	3052	2731	63
327	4	14	15	3064	253	60
328	3	1	30	3076	6890	88
329	4	8	15	3088	462	71
330	0	12	30	3100	219	61
331	0	12	20	3112	32	58
332	3	1	20	3124	512	66
333	4	14	20	3136	2632	58
334	3	1	10	3148	32	68
335	0	12	15	3160	1721	69
336	3	1	30	3172	6753	74
337	0	12	20	3184	35	59
338	3	1	15	3200	138	83
339	0	12	30	3209	3393	81
340	4	14	15	3218	11042	68
341	3	1	15	3227	1981	74
342	4	8	30	3236	2737	79
343	4	14	30	3245	983	79
344	0	12	15	3254	1344	65
345	3	1	30	3263	1787	59
346	3	1	30	3272	1723	54
347	4	14	30	3281	2534	70
348	4	8	20	3290	1139	83
349	0	12	10	3299	4275	82
350	4	14	30	3308	4997	62
351	4	8	10	3317	2346	58
352	4	8	30	3326	2623	77
353	4	14	20	3335	598	81
354	3	1	30	3344	3234	62
355	4	8	10	3353	14579	88
356	4	8	10	3362	525	59
357	3	1	15	3371	2710	80
358	4	14	10	3380	1633	72
359	3	1	15	3389	353	85
360	3	1	20	3398	10	57
361	0	12	30	3407	1348	80
362	0	12	10	3416	194	86
363	3	1	15	3425	3766	71
364	3	1	15	3434	5280	69
365	4	14	20	3443	1963	76
366	4	8	30	3452	9037	61
367	4	8	10	3461	9687	74
368	4	8	20	3470	2990	57
369	3	1	20	3479	5624	56
370	0	12	15	3488	4975	63
371	0	12	20	3497	315	64
372	0	12	20	3506	8738	74
373	0	12	15	3515	2625	54
374	4	8	15	3524	1023	54
375	4	8	30	3533	3928	54
376	4	14	10	3542	2878	72
377	4	14	20	3551	709	64
378	4	8	15	3560	7477	55
379	4	14	10	3569	1489	55
380	4	14	20	3578	3845	58
381	0	12	15	3587	103	81
382	4	8	20	3600	6717	66
383	4	8	20	3609	720	58
384	3	1	15	3618	2015	62
385	4	14	30	3627	3762	55
386	4	14	30	3636	2993	69
387	4	14	30	3645	15875	73
388	4	8	30	3654	10505	85
389	4	8	10	3663	138	68
390	4	14	10	3672	1027	62
391	4	14	15	3681	1560	83
392	4	8	15	3690	4477	76
393	0	12	10	3699	11945	87
394	4	8	10	3708	3369	77
395	3	1	20	3717	4206	77
396	4	8	10	3726	1680	77
397	3	1	20	3735	8668	60
398	0	12	15	3744	2654	62
399	4	8	30	3753	9113	78
400	0	12	30	3762	2500	86
401	0	12	30	3771	2311	68
402	4	8	15	3780	11447	66
403	3	1	30	3789	2717	80
404	4	14	30	3798	11596	72
405	3	1	10	3807	4059	86
406	4	8	20	3816	3250	72
407	0	12	15	3825	35173	76
408	3	1	10	3834	9782	80
409	4	8	30	3843	10585	60
410	4	8	30	3852	2470	68
411	4	8	15	3861	12950	84
412	4	8	10	3870	4158	77
413	4	14	30	3879	98	69
414	3	1	30	3888	2516	79
415	4	8	15	3897	15103	64
416	4	14	10	3906	2559	67
417	4	14	15	3915	8575	80
418	0	12	30	3924	964	62
419	4	14	20	3933	526	66
420	0	12	20	3942	7891	59
421	3	1	10	3951	9836	76
422	0	12	15	3960	16438	78
423	0	12	20	3969	2712	77
424	4	14	15	3978	3006	82
425	4	8	30	4000	1968	68
426	4	14	15	4008	2058	77
427	4	14	20	4016	11119	76
428	3	1	15	4024	9718	65
429	3	1	30	4032	3423	65
430	4	14	20	4040	1327	66
431	4	8	20	4048	3951	65
432	4	14	10	4056	4525	54
433	0	12	15	4064	11845	66
434	3	1	15	4072	7484	57
435	3	1	20	4080	787	79
436	4	14	10	4088	345	67
437	3	1	30	4096	1545	74
438	4	8	30	4104	992	75
439	4	14	10	4112	5680	65
440	4	8	15	4120	219	71
441	3	1	20	4128	2995	82
442	0	12	30	4136	280	82
443	4	14	30	4144	26222	77
444	4	14	10	4152	3406	88
445	4	8	20	4160	1235	67
446	3	1	10	4168	4514	58
447	4	8	15	4176	4189	59
448	3	1	10	4184	2635	60
449	4	14	20	4192	3587	65
450	4	14	15	4200	784	63
451	3	1	20	4208	2467	85
452	3	1	20	4216	4450	87
453	4	8	30	4224	1795	85
454	0	12	10	4232	149	71
455	4	8	20	4240	3196	63
456	0	12	20	4248	2429	79
457	0	12	20	4256	2394	78
458	4	14	15	4264	13375	86
459	3	1	30	4272	3249	56
460	4	14	30	4280	1073	61
461	4	8	30	4288	3852	85
462	4	8	10	4296	368	63
463	4	14	15	4304	1651	67
464	4	8	15	4312	4162	83
465	0	12	15	4320	7162	56
466	3	1	15	4328	1332	82
467	0	12	30	4336	4791	64
468	0	12	20	4344	785	64
469	4	14	10	4352	1359	88
470	3	1	15	4400	8993	85
471	0	12	15	4410	660	81
472	4	8	20	4420	4350	58
473	0	12	30	4430	2434	85
474	4	8	10	4440	290	84
475	3	1	10	4450	1625	66
476	4	8	10	4460	7501	82
477	0	12	15	4470	16801	53
478	4	8	15	4480	10057	77
479	4	8	30	4490	1218	68
480	3	1	30	4500	4981	63
481	3	1	30	4510	5594	71
482	4	8	15	4520	2430	68
483	3	1	20	4530	1541	53
484	4	14	15	4540	2023	55
485	4	8	30	4550	6904	69
486	3	1	30	4560	12522	66
487	4	8	15	4570	1517	58
488	4	14	10	4580	9706	83
489	4	8	20	4590	1402	83
490	3	1	10	4600	5142	53
491	3	1	15	4610	4001	78
492	4	14	15	4620	1758	77
493	3	1	10	4630	4358	71
494	0	12	10	4640	2960	56
495	0	12	15	4650	2283	75
496	0	12	20	4660	2313	71
497	4	8	20	4670	5230	68
498	3	1	15	4680	1734	83
499	4	14	30	4690	5390	85
500	4	14	15	4700	16180	73
501	4	8	15	4710	15337	82
502	0	12	30	4720	2545	84
503	3	1	10	4730	864	61
504	4	8	15	4740	4786	68
505	4	14	30	4750	105	70
506	0	12	10	4760	6384	80
507	3	1	30	4800	970	54
508	4	14	20	4809	1379	54
509	3	1	10	4818	4852	58
510	4	14	15	4827	4864	69
511	4	14	10	4836	2541	78
512	4	14	15	4845	3031	53
513	4	8	20	4854	4844	71
514	0	12	30	4863	7431	81
515	4	8	10	4872	2633	79
516	4	14	20	4881	711	69
517	3	1	15	4890	5847	63
518	0	12	30	4899	11336	64
519	0	12	15	4908	6964	66
520	4	8	15	4917	8377	79
521	0	12	30	4926	13715	77
522	4	8	20	4935	6176	70
523	4	14	30	4944	8568	69
524	0	12	30	4953	3326	88
525	4	14	30	4962	1216	60
526	0	12	10	4971	6366	56
527	4	14	15	4980	29409	75
528	0	12	20	4989	10809	81
529	4	8	30	4998	4032	61
530	4	8	20	5007	9004	83
531	0	12	20	5016	498	67
532	3	1	10	5025	4011	59
533	3	1	20	5034	788	81
534	3	1	15	5043	1314	84
535	0	12	15	5052	5294	70
536	4	8	30	5061	1326	75
537	4	14	15	5070	1209	60
538	4	8	10	5079	3891	73
539	4	14	20	5088	1855	73
540	0	12	30	5097	100	78
541	0	12	10	5106	5401	64
542	3	1	20	5115	97	57
543	0	12	30	5124	937	77
544	4	8	10	5133	3587	67
545	4	14	30	5142	1168	63
546	4	14	10	5151	425	77
547	3	1	20	5160	4240	59
548	3	1	10	5169	6850	78
549	3	1	10	5200	165	66
550	0	12	20	5209	1269	58
551	4	8	10	5218	4446	61
552	4	8	30	5227	6210	56
553	4	8	10	5236	2995	69
554	4	8	15	5245	7960	58
555	3	1	15	5254	60	84
556	0	12	20	5263	852	64
557	0	12	10	5272	3548	67
558	4	8	10	5281	3975	61
559	3	1	20	5290	2287	61
560	4	14	30	5299	1043	66
561	4	8	30	5308	6397	58
562	3	1	10	5317	1327	61
563	3	1	30	5326	4275	81
564	0	12	20	5335	6600	63
565	4	14	30	5344	3531	54
566	0	12	10	5353	7258	71
567	4	8	20	5362	1737	61
568	3	1	15	5371	2193	76
569	4	14	20	5380	467	64
570	4	14	10	5389	892	56
571	0	12	15	5398	9295	62
572	4	8	15	5407	632	78
573	0	12	10	5416	3377	79
574	4	14	20	5425	6437	77
575	0	12	10	5434	584	67
576	3	1	15	5443	11496	73
577	0	12	20	5452	3446	81
578	3	1	20	5461	1372	55
579	4	8	10	5470	1492	78
580	4	14	30	5479	703	71
581	4	8	15	5488	616	86
582	0	12	10	5497	792	85
583	4	8	15	5506	8914	68
584	0	12	10	5515	1804	55
585	0	12	15	5524	1013	75
586	4	14	30	5533	1595	63
587	0	12	30	5542	448	78
588	0	12	15	5551	1516	75
589	0	12	30	5560	1232	88
590	0	12	20	5569	3122	58
591	4	8	30	5578	4738	60
592	4	8	10	5587	3988	88
593	4	14	20	5600	825	65
594	0	12	20	5609	610	60
595	4	14	30	5618	1028	72
596	3	1	30	5627	2452	55
597	4	14	20	5636	1831	64
598	4	14	15	5645	2049	67
599	3	1	15	5654	22	65
600	4	14	30	5663	2152	81
601	3	1	20	5672	5521	69
602	4	14	15	5681	1053	71
603	4	14	20	5690	4943	67
604	4	14	10	5699	7346	63
605	4	14	15	5708	1847	85
606	4	14	30	5717	2975	71
607	0	12	20	5726	984	66
608	3	1	20	5735	5195	81
609	4	8	10	5744	5198	79
610	4	14	10	5753	296	63
611	4	14	10	5762	3810	72
612	4	8	15	5771	1413	65
613	0	12	10	5780	1533	72
614	3	1	30	5789	1282	78
615	4	8	15	5798	363	69
616	4	8	20	5807	3851	61
617	0	12	30	5816	1978	82
618	4	8	30	5825	1389	78
619	0	12	10	5834	3510	76
620	4	14	30	5843	1191	79
621	4	14	15	5852	5253	81
622	4	8	15	5861	149	75
623	3	1	20	5870	682	76
624	4	14	30	5879	3359	58
625	4	8	15	5888	2819	84
626	4	14	10	5897	1264	63
627	3	1	30	5906	12859	66
628	4	14	20	5915	2238	72
629	0	12	20	5924	3406	57
630	4	8	15	5933	4527	65
631	3	1	30	5942	3433	61
632	0	12	15	5951	777	67
633	0	12	10	5960	1340	78
634	4	8	15	5969	9023	86
635	4	8	10	5978	2128	55
636	4	8	10	5987	9686	67
637	4	8	20	6000	2542	70
638	4	8	10	6008	212	58
639	4	8	30	6016	20005	59
640	0	12	20	6024	4802	57
641	3	1	15	6032	469	86
642	3	1	10	6040	1904	86
643	3	1	10	6048	3549	84
644	0	12	20	6056	861	77
645	0	12	20	6064	10502	75
646	4	14	15	6072	2019	84
647	0	12	10	6080	1499	68
648	4	8	20	6088	9723	75
649	4	14	10	6096	225	79
650	3	1	15	6104	3751	64
651	4	8	10	6112	282	62
652	4	8	30	6120	307	75
653	4	14	15	6128	6786	79
654	3	1	20	6136	5515	74
655	4	14	15	6144	4621	88
656	4	8	10	6152	4975	82
657	4	8	20	6160	310	84
658	4	14	20	6168	608	62
659	4	8	30	6176	1630	67
660	4	14	10	6184	416	75
661	4	8	30	6192	3328	58
662	4	8	30	6200	6234	82
663	4	8	10	6208	668	76
664	4	14	30	6216	204	67
665	4	8	15	6224	2734	54
666	4	14	30	6232	2302	57
667	4	8	10	6240	51	75
668	4	14	30	6248	2201	75
669	0	12	20	6256	7910	75
670	4	14	10	6264	772	54
671	0	12	30	6272	640	80
672	4	14	20	6280	1652	77
673	0	12	10	6288	1428	71
674	4	14	15	6296	8660	72
675	4	8	20	6304	635	82
676	0	12	10	6312	1736	84
677	3	1	15	6320	2381	79
678	4	8	30	6328	13199	87
679	4	14	15	6336	4094	71
680	3	1	30	6344	463	53
681	4	14	10	6352	12720	83
682	4	8	10	6400	195	79
683	0	12	15	6408	1872	81
684	3	1	10	6416	13378	82
685	4	14	10	6424	3759	56
686	4	8	30	6432	2790	75
687	4	8	30	6440	1784	76
688	3	1	20	6448	3077	56
689	4	8	30	6456	943	86
690	0	12	10	6464	4829	61
691	4	14	15	6472	7245	72
692	4	8	10	6480	1597	61
693	0	12	15	6488	5046	80
694	4	8	20	6496	8994	73
695	4	14	20	6504	575	88
696	4	8	15	6512	1549	57
697	0	12	30	6520	1019	62
698	4	14	10	6528	3092	70
699	4	14	15	6536	4796	75
700	0	12	30	6544	2692	71
701	3	1	10	6552	1934	61
702	4	8	15	6560	8806	82
703	0	12	10	6568	206	88
704	4	14	30	6576	8455	78
705	4	8	20	6584	2469	72
706	3	1	15	6592	5233	73
707	4	8	30	6600	5942	56
708	0	12	30	6608	10720	59
709	0	12	10	6616	3678	81
710	4	14	10	6624	1618	56
711	3	1	30	6632	1221	56
712	0	12	30	6640	473	85
713	0	12	15	6648	2776	80
714	4	14	30	6656	1021	66
715	0	12	10	6664	605	80
716	4	14	30	6672	2911	67
717	0	12	20	6680	2149	53
718	4	14	10	6688	838	83
719	4	14	30	6696	2322	64
720	4	14	15	6704	19856	67
721	3	1	30	6712	323	70
722	4	14	20	6720	2586	72
723	4	8	30	6728	958	77
724	4	14	15	6736	700	67
725	4	14	30	6744	1655	71
726	3	1	30	6752	6829	72
727	3	1	10	6800	3887	86
728	4	14	15	6809	2082	87
729	4	14	20	6818	5563	73
730	0	12	10	6827	6987	77
731	4	14	10	6836	544	75
732	3	1	10	6845	9638	62
733	3	1	15	6854	1229	64
734	3	1	15	6863	653	53
735	0	12	30	6872	5177	80
736	4	8	30	6881	286	54
737	0	12	30	6890	23751	79
738	0	12	15	6899	2729	56
739	0	12	20	6908	2805	62
740	4	8	20	6917	8465	71
741	4	14	10	6926	5216	72
742	4	8	10	6935	2237	69
743	4	8	20	6944	10955	63
744	3	1	20	6953	8391	83
745	4	8	15	6962	2303	58
746	4	14	20	6971	5164	75
747	0	12	30	6980	7059	69
748	4	8	15	6989	2704	66
749	0	12	20	6998	5610	81
750	4	14	30	7007	3838	73
751	0	12	30	7016	9434	56
752	4	8	30	7025	145	68
753	4	14	15	7034	412	58
754	4	14	10	7043	4890	60
755	3	1	10	7052	2125	53
756	3	1	20	7061	9512	78
757	4	14	15	7070	4511	58
758	4	8	20	7079	8821	74
759	4	14	10	7088	3108	60
760	4	14	20	7097	4108	53
761	0	12	10	7106	457	76
762	4	8	15	7115	1834	57
763	0	12	15	7124	795	75
764	0	12	30	7133	5977	57
765	4	14	30	7142	920	70
766	0	12	20	7151	1741	83
767	3	1	20	7160	7508	74
768	3	1	30	7169	1721	80
769	4	14	10	7178	2768	75
770	3	1	10	7200	296	79
771	4	14	30	7209	2933	76
772	0	12	15	7218	10158	86
773	3	1	15	7227	4622	73
774	3	1	10	7236	3292	82
775	4	14	15	7245	1228	84
776	0	12	30	7254	4191	53
777	3	1	30	7263	3113	61
778	4	14	15	7272	1636	82
779	4	8	10	7281	5132	61
780	0	12	15	7290	3806	84
781	3	1	10	7299	18364	55
782	4	8	20	7308	558	73
783	3	1	30	7317	4218	58
784	4	14	30	7326	576	88
785	4	14	15	7335	10114	74
786	3	1	15	7344	384	59
787	3	1	30	7353	6690	56
788	3	1	15	7362	3275	56
789	4	14	15	7371	5366	88
790	4	8	15	7380	6829	55
791	3	1	15	7389	1995	84
792	4	14	10	7398	455	58
793	0	12	10	7407	12348	84
794	4	8	30	7416	7924	61
795	4	8	15	7425	5903	83
796	3	1	20	7434	1789	68
797	0	12	30	7443	1141	83
798	0	12	30	7452	696	59
799	3	1	20	7461	4455	66
800	4	8	20	7470	354	64
801	4	8	30	7479	8417	53
802	3	1	30	7488	2608	78
803	3	1	15	7497	19294	80
804	4	8	15	7506	4592	55
805	0	12	30	7515	408	85
806	0	12	15	7524	16627	58
807	3	1	15	7533	1726	83
808	4	8	15	7542	3079	65
809	4	14	20	7551	2327	65
810	3	1	15	7560	5756	53
811	0	12	20	7569	1825	70
812	0	12	30	7578	1664	64
813	4	14	15	7587	730	65
814	4	14	30	7600	10431	64
815	0	12	20	7612	4223	87
816	3	1	15	7624	15246	56
817	4	14	20	7636	5037	87
818	0	12	15	7648	188	75
819	4	8	15	7660	7734	71
820	4	8	20	7672	483	63
821	4	8	30	7684	3112	79
822	4	14	15	7696	1358	70
823	3	1	15	7708	3777	80
824	4	8	30	7720	4568	72
825	0	12	20	7732	4539	83
826	4	14	30	7744	2125	71
827	4	14	10	7756	13611	54
828	4	8	20	7768	6927	65
829	4	8	20	7780	6234	87
830	4	8	20	7792	9361	68
831	4	14	10	7804	2050	59
832	4	8	10	7816	1919	54
833	0	12	30	7828	4363	69
834	0	12	20	7840	4064	86
835	3	1	15	7852	5324	83
836	4	14	10	7864	2859	65
837	4	14	15	7876	595	82
838	0	12	15	7888	13891	56
839	4	14	10	7900	150	56
840	4	14	30	7912	10988	68
841	4	14	30	7924	5404	65
842	4	8	15	7936	1288	80
843	4	14	20	7948	502	79
844	4	8	10	7960	14878	87
845	4	8	20	7972	2407	74
846	4	8	20	8000	215	73
847	4	14	20	8008	11292	81
848	4	8	15	8016	113	73
849	0	12	15	8024	942	63
850	3	1	30	8032	6310	80
851	3	1	10	8040	4137	69
852	0	12	15	8048	903	60
853	4	14	15	8056	1451	76
854	4	8	30	8064	3264	55
855	4	14	20	8072	3141	73
856	4	8	20	8080	3568	72
857	4	14	20	8088	8100	86
858	0	12	20	8096	1490	60
859	0	12	20	8104	16	60
860	0	12	10	8112	4620	67
861	4	8	15	8120	71	56
862	4	8	30	8128	2999	71
863	0	12	20	8136	5503	66
864	4	8	10	8144	3083	86
865	3	1	10	8152	1796	83
866	3	1	20	8160	16862	68
867	0	12	10	8168	4511	83
868	4	14	30	8176	3011	67
869	0	12	20	8184	845	69
870	4	8	20	8192	609	74
871	4	14	10	8200	7321	63
872	3	1	10	8208	5500	84
873	4	8	15	8216	36	72
874	4	8	20	8224	10078	56
875	3	1	20	8232	1866	87
876	0	12	15	8240	1233	88
877	0	12	20	8248	745	79
878	4	8	15	8256	4034	81
879	0	12	10	8264	1038	87
880	4	14	10	8272	3935	63
881	0	12	10	8280	2551	79
882	4	8	30	8288	11165	70
883	4	8	10	8296	3798	54
884	4	14	20	8304	22105	59
885	3	1	20	8312	1199	88
886	4	14	20	8320	887	87
887	3	1	20	8328	319	66
888	4	14	30	8336	449	66
889	0	12	10	8344	394	66
890	4	8	20	8352	629	64
891	0	12	20	8360	4117	68
892	3	1	30	8368	7020	74
893	4	14	30	8376	13383	84
894	3	1	10	8400	1735	78
895	3	1	20	8408	10017	64
896	4	8	10	8416	960	83
897	0	12	20	8424	3003	66
898	4	8	20	8432	3475	82
899	4	14	30	8440	3807	57
900	3	1	30	8448	2517	58
901	4	8	15	8456	1887	78
902	0	12	30	8464	2121	66
903	0	12	20	8472	7270	56
904	4	14	30	8480	284	77
905	3	1	30	8488	12307	70
906	0	12	30	8496	9106	74
907	4	14	10	8504	858	77
908	4	8	30	8512	1943	73
909	4	14	15	8520	817	57
910	4	14	10	8528	1306	73
911	4	8	10	8536	2180	81
912	3	1	15	8544	1059	57
913	0	12	15	8552	344	61
914	4	8	20	8560	1899	86
915	0	12	10	8568	960	76
916	4	14	20	8576	328	75
917	0	12	20	8584	9835	69
918	4	8	10	8592	5566	60
919	3	1	15	8600	1304	86
920	3	1	20	8608	710	85
921	0	12	30	8616	9563	55
922	4	8	10	8624	3376	69
923	4	14	30	8632	2284	54
924	4	14	30	8640	183	57
925	4	8	30	8648	2761	59
926	4	8	15	8656	50	77
927	3	1	15	8664	6100	88
928	3	1	15	8672	4280	83
929	4	14	10	8680	4	80
930	0	12	20	8688	694	56
931	4	14	20	8696	5348	75
932	3	1	10	8704	3560	86
933	4	8	15	8712	86	77
934	3	1	10	8720	5734	82
935	4	8	20	8728	1150	73
936	4	14	10	8736	247	65
937	4	8	10	8744	426	67
938	4	8	15	8752	3145	65
939	0	12	30	8760	172	78
940	3	1	20	8768	1796	67
941	0	12	20	8776	23	62
942	0	12	30	8784	4710	81
943	4	14	20	8792	10170	62
944	0	12	30	8800	6753	82
945	4	14	20	8810	5170	72
946	4	8	15	8820	2110	63
947	3	1	15	8830	5459	65
948	3	1	10	8840	3534	87
949	4	8	10	8850	596	54
950	4	14	30	8860	7313	78
951	4	8	15	8870	1420	66
952	4	14	20	8880	5996	58
953	3	1	10	8890	1440	84
954	0	12	15	8900	2399	61
955	3	1	10	8910	3271	56
956	0	12	10	8920	6561	61
957	4	8	10	8930	14992	65
958	0	12	20	8940	6296	87
959	3	1	30	8950	3375	71
960	0	12	15	8960	11347	81
961	3	1	20	8970	488	74
962	0	12	30	8980	3072	83
963	3	1	20	8990	1935	82
964	3	1	20	9000	103	53
965	4	14	15	9010	3117	86
966	3	1	30	9020	7108	84
967	0	12	30	9030	949	69
968	4	8	10	9040	1548	68
969	0	12	30	9050	548	65
970	4	8	30	9060	665	63
971	4	8	20	9070	15244	61
972	3	1	10	9080	1847	56
973	0	12	15	9090	4940	70
974	0	12	30	9100	9929	72
975	3	1	30	9110	683	75
976	4	14	30	9120	975	62
977	4	8	20	9130	4184	60
978	3	1	30	9140	3869	61
979	4	14	15	9150	1538	74
980	4	14	20	9160	371	85
981	4	14	30	9170	1247	64
982	0	12	10	9180	871	54
983	0	12	15	9200	2922	81
984	4	14	10	9210	706	55
985	3	1	10	9220	7876	79
986	0	12	10	9230	12951	69
987	4	14	30	9240	1353	54
988	0	12	30	9250	3377	69
989	4	14	10	9260	907	78
990	4	8	15	9270	2347	64
991	4	8	30	9280	349	53
992	0	12	15	9290	1474	68
993	4	14	20	9300	14689	83
994	0	12	15	9310	424	86
995	0	12	30	9320	1133	81
996	4	14	30	9330	2537	67
997	4	8	10	9340	1474	88
998	0	12	30	9350	9047	61
999	4	8	15	9360	1280	84
1000	4	8	20	9370	8999	77
1001	0	12	15	9380	886	83
1002	0	12	10	9390	2203	85
1003	4	8	15	9400	2454	74
1004	0	12	10	9410	16887	79
1005	4	8	15	9420	7905	70
1006	4	14	10	9430	10583	62
1007	3	1	10	9440	279	77
1008	3	1	15	9450	1950	65
1009	3	1	20	9460	1393	74
1010	3	1	10	9470	1674	83
1011	4	14	20	9480	685	54
1012	4	14	10	9490	1763	56
1013	4	8	15	9500	2565	65
1014	3	1	10	9510	2626	75
1015	4	8	20	9520	4476	69
1016	4	8	20	9530	10064	73
1017	4	14	15	9540	71	55
1018	3	1	20	9550	1002	79
1019	0	12	20	9560	721	63
1020	3	1	15	9570	3475	69
1021	3	1	10	9580	3139	82
1022	0	12	10	9590	4099	53
1023	3	1	10	9600	502	79
1024	3	1	15	9611	4610	53
1025	4	14	30	9622	288	62
1026	0	12	10	9633	4429	81
1027	3	1	20	9644	2012	62
1028	0	12	10	9655	3750	73
1029	0	12	30	9666	4430	79
1030	3	1	10	9677	4650	61
1031	4	8	30	9688	9549	62
1032	0	12	30	9699	5590	87
1033	0	12	20	9710	1698	65
1034	3	1	30	9721	2211	86
1035	4	14	15	9732	8825	55
1036	3	1	20	9743	7439	67
1037	3	1	20	9754	5344	68
1038	4	14	10	9765	3046	54
1039	4	8	30	9776	1429	74
1040	3	1	30	9787	10716	69
1041	4	8	30	9798	8951	81
1042	4	8	15	9809	9254	78
1043	4	8	15	9820	1292	83
1044	0	12	30	9831	7889	84
1045	4	8	30	9842	1350	63
1046	3	1	30	9853	5194	86
1047	4	14	10	9864	7201	55
1048	4	8	15	9875	2718	61
1049	3	1	30	9886	2229	69
1050	3	1	15	9897	1587	61
1051	4	14	15	9908	2405	65
1052	3	1	20	9919	362	61
1053	0	12	15	9930	5248	87
1054	3	1	10	9941	4728	67
1055	3	1	20	9952	1727	83
1056	0	12	10	9963	3261	82
1057	3	1	10	10000	1458	59
1058	3	1	30	10011	5956	73
1059	4	8	10	10022	9890	69
1060	0	12	10	10033	851	77
1061	4	8	20	10044	3051	53
1062	3	1	10	10055	2456	57
1063	3	1	20	10066	5039	74
1064	0	12	15	10077	3733	66
1065	4	8	15	10088	2276	73
1066	4	14	30	10099	2073	55
1067	3	1	20	10110	42	80
1068	3	1	15	10121	199	68
1069	4	14	30	10132	3580	73
1070	3	1	30	10143	7068	54
1071	4	14	30	10154	804	57
1072	0	12	15	10165	2652	53
1073	4	8	30	10176	10163	58
1074	4	8	30	10187	1064	82
1075	4	8	15	10198	4649	77
1076	4	8	20	10209	4117	57
1077	3	1	20	10220	1817	58
1078	4	8	10	10231	1188	83
1079	4	8	20	10242	2027	79
1080	0	12	10	10253	1677	65
1081	4	8	10	10264	7203	78
1082	4	8	15	10275	9296	53
1083	4	8	15	10286	799	56
1084	3	1	15	10297	1674	71
1085	3	1	20	10308	1073	84
1086	3	1	10	10319	6891	54
1087	4	14	20	10330	89	53
1088	3	1	15	10341	4230	86
1089	0	12	15	10352	307	56
1090	3	1	10	10363	1616	61
1091	0	12	20	10374	3094	61
1092	4	14	20	10400	13152	83
1093	3	1	30	10409	3843	74
1094	4	8	20	10418	460	85
1095	4	8	15	10427	2027	68
1096	3	1	30	10436	2279	76
1097	4	14	30	10445	817	56
1098	4	8	30	10454	4426	70
1099	4	14	20	10463	2226	64
1100	3	1	10	10472	8545	61
1101	0	12	15	10481	5044	58
1102	0	12	20	10490	6167	76
1103	4	8	15	10499	9281	77
1104	4	14	10	10508	3646	67
1105	3	1	15	10517	628	56
1106	4	14	10	10526	13673	65
1107	4	8	30	10535	723	55
1108	3	1	15	10544	2749	58
1109	0	12	20	10553	24	79
1110	4	8	30	10562	4923	78
1111	4	8	20	10571	854	77
1112	0	12	10	10580	198	65
1113	4	8	15	10589	1891	83
1114	0	12	10	10598	3404	56
1115	4	14	30	10607	1766	87
1116	0	12	10	10616	3993	88
1117	0	12	30	10625	1301	53
1118	4	14	10	10634	1875	56
1119	4	8	30	10643	1856	70
1120	3	1	10	10652	3792	72
1121	4	14	15	10661	1928	55
1122	4	14	10	10670	1771	82
1123	3	1	10	10679	14720	65
1124	0	12	30	10688	1199	64
1125	3	1	10	10697	1372	82
1126	4	14	15	10706	990	62
1127	4	8	15	10715	8079	68
1128	4	14	10	10724	6697	61
1129	0	12	15	10733	7231	66
1130	3	1	20	10742	1166	53
1131	4	8	20	10751	2449	54
1132	0	12	30	10760	4760	77
1133	3	1	20	10769	7092	71
1134	3	1	15	10800	2900	70
1135	0	12	30	10809	3933	59
1136	0	12	20	10818	200	55
1137	0	12	10	10827	1	65
1138	3	1	15	10836	3500	78
1139	4	14	10	10845	875	67
1140	3	1	20	10854	1248	72
1141	0	12	15	10863	4268	87
1142	4	8	10	10872	2977	84
1143	4	8	30	10881	4160	60
1144	3	1	15	10890	1822	66
1145	0	12	20	10899	602	73
1146	0	12	15	10908	2694	84
1147	4	8	10	10917	3526	53
1148	4	8	30	10926	181	70
1149	4	8	20	10935	5571	87
1150	4	8	15	10944	5811	68
1151	3	1	10	10953	681	76
1152	4	14	20	10962	6655	53
1153	4	14	10	10971	1414	88
1154	0	12	15	10980	6737	81
1155	4	14	30	10989	2768	59
1156	0	12	10	10998	1777	65
1157	3	1	15	11007	6668	64
1158	0	12	20	11016	4116	65
1159	4	8	30	11025	1470	74
1160	4	14	10	11034	10416	82
1161	3	1	20	11043	421	86
1162	4	8	20	11052	1741	83
1163	4	8	10	11061	4327	80
1164	3	1	10	11070	5597	78
1165	4	14	10	11079	1150	77
1166	4	8	30	11088	2746	88
1167	3	1	20	11097	985	82
1168	4	14	10	11106	7893	66
1169	0	12	15	11115	11756	85
1170	4	14	15	11124	1473	85
1171	0	12	10	11133	3989	76
1172	3	1	20	11142	4744	64
1173	0	12	10	11151	782	77
1174	3	1	15	11160	435	87
1175	3	1	30	11200	12541	74
1176	4	8	15	11209	7793	59
1177	3	1	15	11218	4968	75
1178	4	14	20	11227	3753	87
1179	0	12	10	11236	507	80
1180	3	1	20	11245	6443	87
1181	3	1	10	11254	4015	62
1182	0	12	20	11263	6925	86
1183	3	1	15	11272	251	63
1184	4	14	10	11281	289	86
1185	0	12	15	11290	404	66
1186	3	1	10	11299	4169	53
1187	0	12	20	11308	2029	78
1188	4	8	10	11317	63	79
1189	3	1	20	11326	65	64
1190	0	12	20	11335	1243	83
1191	4	8	15	11344	1085	80
1192	4	14	15	11353	1770	53
1193	0	12	15	11362	1289	57
1194	0	12	30	11371	1261	73
1195	0	12	30	11380	736	75
1196	3	1	30	11389	1444	57
1197	4	14	30	11398	7978	56
1198	4	14	20	11407	8950	70
1199	4	14	10	11416	493	77
1200	4	14	20	11425	4122	73
1201	4	8	30	11434	1269	54
1202	4	8	10	11443	5162	76
1203	4	8	20	11452	409	73
1204	3	1	15	11461	2344	55
1205	4	8	10	11470	579	81
1206	4	14	20	11479	2480	64
1207	3	1	20	11488	4008	64
1208	4	8	30	11497	866	53
1209	3	1	20	11506	7805	60
1210	4	8	20	11515	4108	88
1211	3	1	30	11524	4171	79
1212	3	1	20	11533	904	65
1213	0	12	15	11542	2965	73
1214	4	14	10	11551	2831	75
1215	0	12	10	11560	1384	73
1216	3	1	10	11569	1297	88
1217	4	14	10	11600	1381	72
1218	3	1	30	11609	3577	82
1219	3	1	20	11618	4280	65
1220	0	12	10	11627	3691	76
1221	0	12	10	11636	416	62
1222	0	12	20	11645	905	56
1223	4	8	15	11654	7449	54
1224	0	12	20	11663	4557	55
1225	4	8	10	11672	292	57
1226	0	12	20	11681	1278	76
1227	4	8	10	11690	2172	60
1228	0	12	10	11699	9505	57
1229	4	8	15	11708	10932	65
1230	4	14	30	11717	4238	69
1231	3	1	15	11726	20170	56
1232	3	1	30	11735	6814	57
1233	4	14	20	11744	2715	62
1234	0	12	15	11753	2584	60
1235	0	12	30	11762	3006	85
1236	0	12	30	11771	9570	75
1237	3	1	30	11780	5173	66
1238	4	14	10	11789	3842	61
1239	3	1	30	11798	10930	58
1240	0	12	30	11807	4021	54
1241	4	14	15	11816	58	78
1242	4	14	30	11825	908	78
1243	4	14	15	11834	687	72
1244	0	12	10	11843	1876	64
1245	4	8	20	11852	3865	57
1246	3	1	20	11861	143	67
1247	4	14	30	11870	7187	68
1248	4	8	15	11879	5848	70
1249	4	14	30	11888	15269	53
1250	3	1	30	11897	8875	75
1251	4	14	20	11906	44	73
1252	4	8	10	11915	1274	63
1253	4	8	30	11924	1077	58
1254	3	1	10	11933	2880	54
1255	3	1	20	11942	3144	63
1256	0	12	15	11951	287	87
1257	0	12	20	11960	8487	74
1258	0	12	30	12000	2160	71
1259	4	8	15	12009	1867	86
1260	0	12	20	12018	7905	58
1261	3	1	20	12027	175	57
1262	3	1	20	12036	5175	60
1263	4	14	15	12045	1202	76
1264	3	1	20	12054	914	79
1265	4	14	15	12063	4181	85
1266	4	14	10	12072	7079	75
1267	4	14	10	12081	4947	56
1268	4	14	30	12090	194	66
1269	3	1	15	12099	15426	79
1270	0	12	10	12108	1937	86
1271	4	14	10	12117	3205	75
1272	4	14	10	12126	4491	63
1273	4	14	30	12135	4270	77
1274	4	8	30	12144	92	64
1275	4	8	20	12153	3549	87
1276	4	8	15	12162	9040	73
1277	4	8	10	12171	183	72
1278	0	12	15	12180	2541	79
1279	3	1	30	12189	249	87
1280	3	1	15	12198	143	79
1281	0	12	20	12207	2314	60
1282	0	12	20	12216	4208	79
1283	4	8	10	12225	10585	57
1284	3	1	20	12234	178	79
1285	0	12	15	12243	4113	85
1286	0	12	10	12252	5102	81
1287	4	8	30	12261	3486	88
1288	0	12	15	12270	15527	61
1289	4	8	30	12279	10723	85
1290	4	14	15	12288	2458	86
1291	4	14	10	12297	115	54
1292	3	1	30	12306	1474	83
1293	3	1	20	12315	1120	64
1294	4	8	15	12324	305	88
1295	3	1	15	12333	3577	85
1296	4	8	30	12342	1362	71
1297	4	14	15	12351	11489	54
1298	4	8	20	12360	12263	81
1299	4	8	30	12369	5178	67
1300	3	1	20	12400	6240	71
1301	4	14	20	12410	1575	64
1302	4	14	10	12420	6179	55
1303	3	1	10	12430	6230	79
1304	3	1	20	12440	3606	56
1305	4	14	20	12450	1662	53
1306	4	14	20	12460	1639	63
1307	4	8	10	12470	3834	74
1308	4	14	30	12480	959	82
1309	4	8	15	12490	10368	55
1310	4	8	15	12500	4185	79
1311	4	14	15	12510	99	67
1312	0	12	15	12520	2109	83
1313	4	8	10	12530	1765	72
1314	3	1	30	12540	1648	59
1315	4	14	30	12550	2193	87
1316	4	8	30	12560	1991	67
1317	0	12	15	12570	6372	55
1318	0	12	30	12580	973	86
1319	4	8	15	12590	3302	83
1320	4	14	10	12600	10503	56
1321	4	8	10	12610	1139	75
1322	3	1	20	12620	5241	83
1323	4	8	10	12630	493	69
1324	4	14	30	12640	2933	81
1325	0	12	30	12650	1757	84
1326	0	12	10	12660	1112	80
1327	0	12	15	12670	2251	88
1328	3	1	20	12680	3495	78
1329	4	14	15	12690	2261	67
1330	4	14	30	12700	1424	69
1331	4	8	30	12710	12164	72
1332	0	12	15	12720	383	79
1333	3	1	20	12730	5455	64
1334	0	12	15	12740	1261	69
1335	3	1	30	12750	4949	67
1336	4	8	20	12760	4229	57
1337	4	8	20	12770	7905	88
1338	3	1	15	12780	1631	53
1339	4	14	30	12800	4865	78
1340	4	8	20	12813	1461	75
1341	3	1	10	12826	440	60
1342	3	1	30	12839	1838	58
1343	4	14	30	12852	223	59
1344	0	12	20	12865	1329	59
1345	0	12	10	12878	2280	72
1346	3	1	30	12891	3854	59
1347	0	12	30	12904	12108	64
1348	4	14	20	12917	9481	57
1349	4	8	15	12930	4215	54
1350	0	12	20	12943	886	71
1351	0	12	20	12956	2708	68
1352	4	14	20	12969	5199	56
1353	4	14	15	12982	1985	87
1354	3	1	20	12995	6404	64
1355	4	8	15	13008	3123	84
1356	4	8	30	13021	3617	69
1357	3	1	10	13034	4441	74
1358	4	14	10	13047	1256	87
1359	3	1	30	13060	1090	60
1360	4	14	15	13073	408	61
1361	3	1	10	13086	9455	63
1362	4	14	15	13099	137	85
1363	0	12	20	13112	6083	68
1364	4	8	20	13125	3928	74
1365	0	12	15	13138	4770	60
1366	4	14	30	13151	10826	76
1367	3	1	20	13164	4381	72
1368	4	8	30	13177	360	56
1369	0	12	10	13200	3954	80
1370	3	1	15	13210	5869	82
1371	0	12	10	13220	3027	68
1372	3	1	30	13230	2477	54
1373	4	8	30	13240	2872	60
1374	0	12	20	13250	1182	61
1375	0	12	10	13260	6936	84
1376	4	14	10	13270	8464	70
1377	4	14	20	13280	4508	77
1378	4	8	15	13290	7167	63
1379	3	1	30	13300	355	62
1380	4	8	30	13310	5341	78
1381	0	12	15	13320	1377	69
1382	4	8	20	13330	2967	83
1383	0	12	15	13340	10710	76
1384	3	1	20	13350	1060	85
1385	4	14	15	13360	6596	54
1386	3	1	15	13370	1018	68
1387	4	8	10	13380	4815	81
1388	0	12	30	13390	11673	88
1389	3	1	30	13400	5216	74
1390	4	8	10	13410	487	87
1391	3	1	15	13420	16091	72
1392	3	1	20	13430	3583	54
1393	0	12	20	13440	405	82
1394	4	14	20	13450	3731	70
1395	3	1	20	13460	2044	64
1396	3	1	20	13470	291	64
1397	4	8	15	13480	3536	79
1398	4	8	15	13490	2239	73
1399	0	12	10	13500	3529	88
1400	4	8	15	13510	2783	84
1401	0	12	15	13520	12227	76
1402	3	1	10	13530	8017	60
1403	4	14	20	13540	1306	65
1404	4	14	30	13550	8546	61
1405	0	12	20	13560	4410	55
1406	3	1	20	13570	122	66
1407	4	8	20	13580	968	84
1408	3	1	20	13590	581	79
1409	4	8	20	13600	14743	68
1410	3	1	15	13610	4344	67
1411	3	1	10	13620	10058	81
1412	0	12	20	13630	7261	63
1413	0	12	15	13640	815	77
1414	0	12	30	13650	2786	71
1415	3	1	10	13660	6554	81
1416	4	8	20	13670	1925	68
1417	4	14	10	13680	432	61
1418	3	1	30	13690	3180	71
1419	3	1	15	13700	6809	73
1420	4	8	10	13710	2552	80
1421	3	1	30	13720	1062	84
1422	4	8	30	13730	5085	72
1423	3	1	10	13740	1770	71
1424	3	1	10	13750	2880	82
1425	4	14	30	13760	6192	62
1426	4	8	20	13770	11191	66
1427	4	8	10	13780	1819	61
1428	4	8	15	13790	9447	79
1429	3	1	10	13800	7747	85
1430	4	8	20	13810	5595	73
1431	4	8	30	13820	1384	80
1432	4	8	15	13830	1136	56
1433	4	8	15	13840	1135	64
1434	4	8	20	13850	3506	67
1435	0	12	20	13860	6129	54
1436	4	8	15	13870	2221	61
1437	4	8	10	13880	1125	71
1438	4	8	15	13890	202	68
1439	3	1	10	13900	3329	82
1440	0	12	20	13910	6014	77
1441	0	12	30	13920	39	72
1442	3	1	15	13930	3326	54
1443	3	1	10	13940	14169	73
1444	0	12	15	13950	273	59
1445	4	14	30	13960	870	58
1446	3	1	30	13970	626	61
1447	4	8	10	14000	2091	65
1448	4	14	30	14009	3612	64
1449	4	8	15	14018	6453	77
1450	0	12	30	14027	72	84
1451	4	14	15	14036	13735	56
1452	4	14	15	14045	156	60
1453	4	14	10	14054	3776	53
1454	3	1	10	14063	486	60
1455	3	1	15	14072	1248	88
1456	4	14	15	14081	1063	56
1457	4	14	30	14090	2833	78
1458	4	8	15	14099	5799	71
1459	4	14	30	14108	397	87
1460	3	1	30	14117	5222	78
1461	0	12	15	14126	4370	57
1462	4	14	10	14135	1480	58
1463	4	14	20	14144	1311	83
1464	0	12	10	14153	1003	84
1465	0	12	20	14162	1847	75
1466	0	12	30	14171	4456	78
1467	4	14	15	14180	3566	88
1468	3	1	30	14189	3672	63
1469	0	12	10	14198	5059	69
1470	4	8	30	14207	1910	72
1471	0	12	20	14216	589	86
1472	3	1	20	14225	218	82
1473	4	14	20	14234	16438	78
1474	3	1	20	14243	163	84
1475	0	12	10	14252	2479	60
1476	4	14	15	14261	4417	83
1477	4	14	20	14270	5521	88
1478	4	8	20	14279	1378	64
1479	4	14	10	14288	1529	77
1480	4	8	10	14297	4114	54
1481	0	12	15	14306	3035	53
1482	3	1	15	14315	5891	86
1483	0	12	10	14324	443	54
1484	4	8	10	14333	7277	54
1485	3	1	10	14342	6155	70
1486	4	8	15	14351	1172	73
1487	4	8	15	14360	4045	55
1488	4	14	10	14400	569	57
1489	3	1	10	14411	1517	67
1490	4	8	10	14422	3199	87
1491	4	8	15	14433	10028	72
1492	0	12	20	14444	2613	88
1493	3	1	20	14455	12380	69
1494	4	14	15	14466	7230	57
1495	4	14	10	14477	479	72
1496	4	8	20	14488	4821	67
1497	4	14	30	14499	1342	60
1498	3	1	10	14510	5532	78
1499	0	12	30	14521	4765	73
1500	3	1	10	14532	2967	69
1501	4	14	20	14543	3237	62
1502	4	14	15	14554	6569	55
1503	4	14	20	14565	8381	83
1504	4	14	20	14576	2186	57
1505	0	12	15	14587	8515	86
1506	4	8	30	14598	9835	62
1507	4	14	30	14609	225	70
1508	4	8	15	14620	3384	57
1509	4	8	30	14631	4227	88
1510	4	14	10	14642	3660	58
1511	4	14	30	14653	2653	56
1512	3	1	15	14664	973	66
1513	4	8	15	14675	2374	83
1514	4	8	30	14686	2406	85
1515	3	1	20	14697	878	77
1516	3	1	30	14708	8975	60
1517	4	14	10	14719	914	56
1518	3	1	15	14730	2330	82
1519	4	8	10	14741	2294	67
1520	4	14	15	14752	491	55
1521	3	1	20	14763	144	75
1522	4	14	10	14774	2444	84
1523	4	14	30	14800	1342	84
1524	3	1	10	14808	731	70
1525	4	14	15	14816	2473	53
1526	4	14	10	14824	4282	87
1527	0	12	10	14832	414	65
1528	0	12	15	14840	638	73
1529	3	1	15	14848	10477	65
1530	4	14	20	14856	5734	82
1531	0	12	20	14864	1934	75
1532	4	8	20	14872	29033	63
1533	4	8	30	14880	3618	80
1534	0	12	10	14888	6318	61
1535	3	1	20	14896	366	81
1536	0	12	10	14904	5168	87
1537	4	14	30	14912	8968	55
1538	4	8	15	14920	4605	85
1539	0	12	30	14928	12572	56
1540	4	8	15	14936	8188	60
1541	4	8	15	14944	889	55
1542	0	12	30	14952	270	86
1543	4	8	15	14960	2618	57
1544	4	14	30	14968	5037	62
1545	4	8	15	14976	271	83
1546	4	14	10	14984	4849	58
1547	3	1	10	14992	130	58
1548	0	12	30	15000	2793	72
1549	4	8	20	15008	4073	69
1550	4	8	10	15016	988	65
1551	4	8	20	15024	2741	63
1552	4	8	15	15032	7418	67
1553	0	12	10	15040	1500	63
1554	4	8	20	15048	3474	70
1555	4	14	20	15056	2679	82
1556	4	14	15	15064	410	67
1557	4	14	20	15072	2947	60
1558	0	12	20	15080	4949	65
1559	4	14	10	15088	12868	57
1560	4	8	15	15096	1013	88
1561	0	12	20	15104	6769	85
1562	4	14	15	15112	9508	86
1563	3	1	30	15120	4128	81
1564	4	8	15	15128	8861	59
1565	4	14	20	15136	973	71
1566	3	1	15	15144	2658	82
1567	0	12	20	15152	3877	75
1568	0	12	15	15160	4242	74
1569	3	1	10	15168	1813	57
1570	4	8	20	15176	2553	79
1571	4	14	10	15184	0	57
1572	3	1	20	15192	2940	59
1573	4	8	20	15200	2652	78
1574	0	12	20	15209	3334	59
1575	4	8	30	15218	9926	53
1576	4	8	20	15227	14034	77
1577	3	1	20	15236	15071	79
1578	0	12	30	15245	3365	75
1579	4	8	20	15254	427	76
1580	0	12	15	15263	5686	84
1581	4	8	30	15272	3924	81
1582	4	14	10	15281	3624	82
1583	3	1	20	15290	2843	57
1584	4	8	15	15299	4926	53
1585	4	8	30	15308	1234	71
1586	3	1	10	15317	3106	61
1587	4	8	15	15326	4640	88
1588	0	12	10	15335	59	62
1589	4	8	15	15344	1459	68
1590	4	14	10	15353	18417	67
1591	4	8	15	15362	912	79
1592	3	1	10	15371	812	78
1593	4	8	15	15380	5147	81
1594	4	14	20	15389	5282	57
1595	0	12	20	15398	226	63
1596	3	1	10	15407	1382	58
1597	3	1	30	15416	2190	57
1598	4	14	10	15425	3561	86
1599	4	14	15	15434	2773	79
1600	4	14	30	15443	3471	54
1601	4	14	15	15452	341	71
1602	4	8	30	15461	1901	72
1603	4	8	20	15470	594	68
1604	0	12	10	15479	730	78
1605	4	8	10	15488	987	60
1606	4	14	30	15497	14839	56
1607	4	14	30	15506	1777	77
1608	4	14	15	15515	5500	56
1609	0	12	30	15524	4363	70
1610	4	8	10	15533	2920	57
1611	0	12	30	15542	514	76
1612	3	1	20	15551	12192	74
1613	4	14	30	15560	3751	78
1614	4	14	20	15569	898	61
1615	0	12	15	15578	3652	59
1616	4	8	20	15600	993	56
1617	4	8	30	15612	2032	81
1618	0	12	20	15624	10969	81
1619	0	12	15	15636	3927	77
1620	0	12	20	15648	4508	62
1621	4	8	30	15660	6418	82
1622	4	14	15	15672	3724	66
1623	4	14	30	15684	1711	59
1624	4	14	10	15696	1877	79
1625	4	14	10	15708	1247	88
1626	0	12	30	15720	6777	68
1627	0	12	15	15732	6371	67
1628	4	8	30	15744	5573	74
1629	0	12	10	15756	2858	85
1630	3	1	30	15768	3915	83
1631	4	14	20	15780	3179	73
1632	3	1	20	15792	1960	82
1633	4	8	20	15804	284	84
1634	4	8	20	15816	2945	74
1635	0	12	10	15828	4519	66
1636	4	14	30	15840	1133	62
1637	4	8	20	15852	2449	67
1638	3	1	15	15864	1673	67
1639	4	14	10	15876	2688	81
1640	4	8	10	15888	1369	67
1641	4	14	10	15900	800	73
1642	3	1	10	15912	11211	84
1643	0	12	15	15924	1727	81
1644	4	14	15	15936	6194	63
1645	3	1	15	15948	8138	79
1646	4	14	30	15960	1157	58
1647	3	1	15	15972	3426	88
1648	4	8	20	15984	2958	73
1649	4	14	10	16000	576	86
1650	3	1	10	16012	7206	59
1651	4	8	10	16024	8969	65
1652	4	8	15	16036	2662	65
1653	4	14	30	16048	13300	61
1654	3	1	20	16060	6952	70
1655	3	1	10	16072	6077	60
1656	4	14	10	16084	2584	58
1657	4	8	30	16096	123	66
1658	3	1	20	16108	5767	77
1659	0	12	10	16120	9171	79
1660	4	8	10	16132	2060	81
1661	3	1	15	16144	788	78
1662	4	8	30	16156	3735	56
1663	3	1	15	16168	1079	60
1664	4	8	30	16180	162	75
1665	3	1	15	16192	14000	73
1666	3	1	15	16204	5286	82
1667	0	12	10	16216	8611	79
1668	4	8	10	16228	365	56
1669	3	1	20	16240	2972	83
1670	0	12	20	16252	1735	86
1671	0	12	30	16264	5743	78
1672	3	1	15	16276	232	66
1673	4	8	15	16288	2363	88
1674	3	1	10	16300	1634	63
1675	4	8	15	16312	2730	78
1676	4	14	30	16324	7855	87
1677	4	14	30	16336	1178	73
1678	0	12	20	16348	3289	84
1679	0	12	20	16360	2814	88
1680	0	12	10	16372	66	83
1681	3	1	20	16384	1102	68
1682	4	14	30	16400	1280	82
1683	3	1	30	16408	3843	76
1684	4	8	30	16416	4503	79
1685	4	8	20	16424	5243	71
1686	4	8	15	16432	257	60
1687	4	14	20	16440	2202	74
1688	4	14	30	16448	1121	67
1689	4	14	20	16456	5389	67
1690	4	8	30	16464	897	61
1691	4	8	30	16472	975	84
1692	4	14	30	16480	4741	78
1693	4	8	10	16488	2339	77
1694	3	1	10	16496	363	53
1695	3	1	20	16504	471	77
1696	4	8	10	16512	3416	69
1697	4	14	20	16520	4853	77
1698	4	14	15	16528	1489	58
1699	0	12	10	16536	6807	79
1700	0	12	10	16544	584	86
1701	4	14	20	16552	1832	68
1702	4	8	10	16560	2678	84
1703	4	14	10	16568	25598	78
1704	3	1	15	16576	6099	53
1705	3	1	10	16584	302	69
1706	3	1	30	16592	7263	88
1707	0	12	30	16600	162	65
1708	0	12	20	16608	3961	87
1709	4	8	15	16616	1598	80
1710	4	14	10	16624	10176	62
1711	0	12	10	16632	998	73
1712	4	8	15	16640	2537	70
1713	4	8	30	16648	1195	77
1714	0	12	10	16656	8562	84
1715	3	1	15	16664	705	65
1716	4	14	20	16672	9409	84
1717	4	14	10	16680	18206	68
1718	4	8	15	16688	3292	70
1719	0	12	15	16696	1480	57
1720	0	12	30	16704	9521	65
1721	4	14	20	16712	1483	61
1722	4	8	15	16720	4078	64
1723	4	8	15	16728	1706	78
1724	4	8	20	16736	1562	75
1725	4	14	20	16744	582	54
1726	4	8	30	16752	280	53
1727	0	12	10	16760	3803	78
1728	3	1	10	16768	1781	87
1729	4	14	20	16776	1016	74
1730	4	14	15	16784	10121	61
1731	4	14	10	16792	682	62
1732	0	12	20	16800	11547	68
1733	4	14	20	16814	5433	58
1734	0	12	20	16828	1843	55
1735	0	12	15	16842	4189	67
1736	4	8	20	16856	5590	72
1737	0	12	30	16870	1290	57
1738	4	14	15	16884	7210	75
1739	4	14	30	16898	3693	62
1740	3	1	20	16912	8944	71
1741	0	12	20	16926	90	83
1742	3	1	10	16940	6335	75
1743	3	1	20	16954	9867	75
1744	0	12	20	16968	6828	58
1745	4	8	30	16982	15681	76
1746	0	12	20	16996	5493	67
1747	4	8	10	17010	2291	53
1748	4	8	10	17024	3287	81
1749	4	14	30	17038	10373	76
1750	4	14	10	17052	923	82
1751	3	1	10	17066	3517	53
1752	3	1	15	17080	612	60
1753	4	14	10	17094	5	54
1754	4	14	10	17108	9640	66
1755	0	12	20	17122	6998	78
1756	4	8	15	17136	5211	56
1757	4	14	20	17150	607	59
1758	3	1	15	17164	4495	55
1759	4	14	30	17200	4163	88
1760	4	8	10	17211	20	69
1761	3	1	30	17222	1012	62
1762	3	1	20	17233	4563	67
1763	4	8	10	17244	2071	66
1764	4	8	30	17255	2104	71
1765	4	14	30	17266	5785	88
1766	4	14	15	17277	1294	58
1767	4	8	20	17288	5190	65
1768	0	12	15	17299	8793	75
1769	4	14	20	17310	1062	69
1770	4	8	20	17321	2102	82
1771	4	14	30	17332	3968	80
1772	4	14	20	17343	670	82
1773	4	8	20	17354	12692	60
1774	4	8	20	17365	2153	74
1775	0	12	15	17376	8651	71
1776	0	12	20	17387	2894	74
1777	4	14	30	17398	5151	78
1778	4	8	30	17409	3008	72
1779	4	14	20	17420	1681	88
1780	3	1	30	17431	1968	76
1781	4	14	30	17442	3995	88
1782	4	14	30	17453	218	85
1783	3	1	15	17464	2277	63
1784	0	12	15	17475	73	80
1785	4	8	10	17486	1634	61
1786	4	8	30	17497	60	55
1787	4	8	15	17508	11443	66
1788	4	14	20	17519	7152	80
1789	0	12	10	17530	3133	66
1790	4	14	10	17541	10147	64
1791	4	8	30	17552	3786	65
1792	3	1	15	17563	3671	54
1793	0	12	20	17574	834	75
1794	4	8	20	17585	3641	82
1795	0	12	30	17600	4427	62
1796	3	1	30	17608	1674	69
1797	4	8	30	17616	1981	62
1798	0	12	20	17624	2821	57
1799	4	8	20	17632	222	59
1800	4	8	15	17640	4864	71
1801	3	1	30	17648	80	54
1802	0	12	20	17656	3167	67
1803	4	8	20	17664	1584	64
1804	4	8	10	17672	2906	83
1805	4	14	15	17680	3441	55
1806	3	1	20	17688	2252	60
1807	0	12	30	17696	812	88
1808	4	8	15	17704	3519	68
1809	4	14	20	17712	102	84
1810	4	14	30	17720	1490	56
1811	3	1	20	17728	16	67
1812	4	8	30	17736	3789	76
1813	3	1	20	17744	1612	56
1814	0	12	30	17752	1194	65
1815	4	8	10	17760	1869	69
1816	3	1	30	17768	747	65
1817	4	14	15	17776	1131	56
1818	0	12	20	17784	1951	74
1819	4	14	20	17792	305	63
1820	4	8	10	17800	5539	85
1821	3	1	30	17808	1624	80
1822	3	1	10	17816	8980	73
1823	0	12	15	17824	1698	62
1824	0	12	15	17832	1498	58
1825	4	14	30	17840	6376	70
1826	4	8	15	17848	115	78
1827	4	14	30	17856	13524	59
1828	0	12	30	17864	1787	67
1829	4	8	30	17872	5494	65
1830	3	1	15	17880	3132	54
1831	4	14	20	17888	531	65
1832	3	1	10	17896	983	74
1833	4	14	15	17904	2574	66
1834	4	8	10	17912	4081	69
1835	0	12	30	17920	1840	74
1836	3	1	15	17928	353	73
1837	4	8	10	17936	5179	74
1838	0	12	10	17944	9991	69
1839	4	8	10	17952	2327	78
1840	3	1	20	18000	9408	53
1841	4	8	10	18010	7115	55
1842	4	14	10	18020	1770	87
1843	4	14	30	18030	6591	85
1844	0	12	10	18040	1055	62
1845	0	12	15	18050	9944	86
1846	4	14	10	18060	31805	78
1847	4	14	20	18070	1252	87
1848	0	12	30	18080	10649	63
1849	4	14	15	18090	1015	65
1850	4	8	10	18100	2764	85
1851	3	1	20	18110	402	65
1852	0	12	10	18120	18	76
1853	0	12	30	18130	2265	82
1854	0	12	15	18140	1451	62
1855	4	14	15	18150	1846	80
1856	0	12	30	18160	538	69
1857	0	12	10	18170	898	58
1858	4	8	10	18180	59	59
1859	3	1	15	18190	5084	66
1860	4	8	30	18200	3180	65
1861	4	14	30	18210	2499	53
1862	4	14	30	18220	6933	74
1863	0	12	20	18230	7289	56
1864	4	8	10	18240	2632	82
1865	0	12	15	18250	827	79
1866	4	14	15	18260	6168	81
1867	3	1	20	18270	592	63
1868	0	12	15	18280	4713	75
1869	0	12	30	18290	8802	80
1870	3	1	30	18300	1362	85
1871	4	8	20	18310	2351	80
1872	4	14	10	18320	1593	75
1873	4	14	20	18330	11600	84
1874	0	12	10	18340	739	62
1875	4	14	10	18350	10026	82
1876	3	1	30	18360	14951	82
1877	3	1	15	18400	362	77
1878	0	12	15	18417	484	88
1879	4	14	30	18434	2014	61
1880	4	14	20	18451	6383	80
1881	3	1	20	18468	5702	79
1882	4	14	30	18485	145	85
1883	0	12	20	18502	585	55
1884	4	14	30	18519	1139	69
1885	0	12	30	18536	2371	78
1886	4	14	15	18553	510	77
1887	4	8	10	18570	6158	80
1888	4	14	30	18587	746	56
1889	3	1	30	18604	1257	78
1890	4	14	10	18621	1113	57
1891	3	1	10	18638	8601	68
1892	0	12	30	18655	4970	68
1893	3	1	30	18672	883	56
1894	4	14	10	18689	8923	66
1895	4	14	30	18706	2320	88
1896	3	1	10	18723	31	70
1897	4	14	20	18740	2929	83
1898	3	1	20	18757	1574	56
1899	0	12	20	18774	184	71
1900	0	12	10	18800	560	57
1901	4	8	20	18810	7919	67
1902	3	1	10	18820	3437	64
1903	4	14	30	18830	167	72
1904	0	12	15	18840	10965	69
1905	0	12	15	18850	224	57
1906	3	1	15	18860	5827	79
1907	0	12	20	18870	245	81
1908	0	12	30	18880	1224	72
1909	0	12	10	18890	1950	68
1910	0	12	20	18900	2000	87
1911	3	1	15	18910	160	81
1912	4	14	30	18920	364	58
1913	4	8	15	18930	3860	86
1914	3	1	30	18940	10218	74
1915	4	14	10	18950	6220	75
1916	0	12	30	18960	2240	57
1917	4	14	10	18970	4648	72
1918	4	8	30	18980	3570	76
1919	4	8	15	18990	141	57
1920	0	12	30	19000	277	55
1921	3	1	10	19010	2	54
1922	4	14	20	19020	13713	59
1923	3	1	20	19030	2196	86
1924	0	12	20	19040	4157	75
1925	0	12	20	19050	2078	69
1926	4	8	20	19060	5283	65
1927	0	12	15	19070	558	72
1928	0	12	15	19080	215	71
1929	4	8	10	19090	5215	63
1930	4	8	30	19100	9659	65
1931	4	14	15	19110	2442	87
1932	4	14	30	19120	5728	74
1933	0	12	20	19130	285	69
1934	3	1	30	19140	1231	56
1935	3	1	10	19150	10953	66
1936	4	14	20	19160	808	67
1937	4	14	10	19170	21069	65
1938	4	14	10	19180	895	74
1939	3	1	15	19200	859	64
1940	4	8	15	19209	4561	87
1941	3	1	30	19218	248	85
1942	4	8	15	19227	2950	60
1943	3	1	20	19236	6134	76
1944	4	8	10	19245	8354	80
1945	4	8	20	19254	910	65
1946	3	1	15	19263	6367	62
1947	3	1	20	19272	387	70
1948	0	12	10	19281	1291	70
1949	4	14	30	19290	437	79
1950	3	1	10	19299	45	83
1951	4	14	10	19308	1546	87
1952	3	1	30	19317	10568	60
1953	4	8	10	19326	1372	87
1954	4	14	30	19335	15298	69
1955	3	1	30	19344	557	56
1956	3	1	30	19353	8991	60
1957	4	14	15	19362	669	67
1958	4	14	10	19371	2007	85
1959	0	12	20	19380	3022	88
1960	4	14	30	19389	1550	81
1961	3	1	10	19398	4049	59
1962	0	12	10	19407	28	62
1963	3	1	20	19416	3064	62
1964	4	14	10	19425	2579	56
1965	4	8	15	19434	11036	88
1966	3	1	20	19443	1303	59
1967	4	14	10	19452	73	78
1968	3	1	15	19461	1748	83
1969	4	14	30	19470	17356	61
1970	0	12	20	19479	3723	60
1971	4	8	20	19488	2276	80
1972	4	14	10	19497	2665	86
1973	3	1	15	19506	2023	64
1974	0	12	30	19515	1751	58
1975	4	8	10	19524	27	58
1976	0	12	30	19533	2606	82
1977	0	12	10	19542	810	71
1978	4	8	20	19551	3161	59
1979	4	14	10	19560	2338	62
1980	4	8	15	19569	3753	60
1981	3	1	30	19578	4095	84
1982	0	12	10	19587	7708	54
1983	4	8	20	19600	11880	80
1984	4	14	10	19623	5051	68
1985	4	8	30	19646	3565	66
1986	4	8	20	19669	3004	80
1987	3	1	20	19692	2545	75
1988	0	12	30	19715	380	53
1989	0	12	10	19738	579	53
1990	4	14	10	19761	167	58
1991	4	14	10	19784	117	53
1992	4	14	30	19807	3667	68
1993	4	14	15	19830	4438	75
1994	4	14	20	19853	8224	72
1995	3	1	15	19876	178	81
1996	3	1	20	19899	218	75
1997	4	14	20	19922	17258	87
1998	3	1	15	19945	1478	73
1999	0	12	30	19968	11219	80
