0	4	14	15	0	2147483647	47
1	3	1	10	5	2147483647	44
2	4	8	10	10	2147483647	52
3	4	14	15	15	2147483647	40
4	4	14	30	20	2147483647	67
5	4	8	10	25	2147483647	65
6	0	12	15	30	2147483647	40
7	4	14	10	35	2147483647	48
8	3	1	10	40	2147483647	69
9	4	8	15	45	2147483647	42
10	0	12	10	50	2147483647	63
11	0	12	10	55	2147483647	42
12	4	14	30	60	2147483647	57
13	0	12	10	65	2147483647	53
14	3	1	30	70	2147483647	36
15	4	8	10	75	2147483647	54
16	0	12	10	80	2147483647	38
17	0	12	30	85	2147483647	49
18	4	8	20	90	2147483647	60
19	4	14	10	95	2147483647	54
20	4	8	20	100	2147483647	45
21	3	1	30	105	2147483647	59
22	4	8	30	110	2147483647	61
23	4	8	20	115	2147483647	51
24	3	1	30	120	2147483647	57
25	3	1	30	125	2147483647	56
26	4	8	20	130	2147483647	57
27	0	12	20	135	2147483647	57
28	3	1	30	140	2147483647	53
29	4	14	15	145	2147483647	64
30	4	14	15	150	2147483647	62
31	3	1	20	155	2147483647	37
32	4	8	20	160	2147483647	70
33	0	12	30	165	2147483647	55
34	0	12	30	170	2147483647	42
35	4	14	10	175	2147483647	68
36	0	12	10	180	2147483647	66
37	0	12	20	185	2147483647	43
38	3	1	10	190	2147483647	51
39	3	1	20	195	2147483647	68
40	4	8	20	200	2147483647	42
41	4	8	30	205	2147483647	55
42	4	14	30	210	2147483647	37
43	3	1	15	215	2147483647	52
44	4	14	20	220	2147483647	48
45	3	1	20	225	2147483647	42
46	4	14	30	230	2147483647	66
47	4	14	10	235	2147483647	70
48	3	1	10	240	2147483647	59
49	4	14	20	245	2147483647	55
50	4	8	30	250	2147483647	70
51	0	12	30	255	2147483647	47
52	3	1	30	260	2147483647	36
53	4	14	30	265	2147483647	56
54	3	1	10	270	2147483647	38
55	4	8	20	275	2147483647	59
56	0	12	15	280	2147483647	54
57	0	12	15	285	2147483647	36
58	0	12	15	290	2147483647	53
59	4	8	30	295	2147483647	47
60	4	14	20	300	2147483647	44
61	4	14	30	305	2147483647	54
62	4	8	15	310	2147483647	66
63	4	14	30	315	2147483647	41
64	4	8	10	320	2147483647	50
65	3	1	15	325	2147483647	62
66	3	1	15	330	2147483647	43
67	3	1	10	335	2147483647	38
68	4	14	10	340	2147483647	47
69	4	14	30	345	2147483647	38
70	4	8	10	350	2147483647	59
71	0	12	20	355	2147483647	65
72	3	1	30	360	2147483647	68
73	3	1	30	365	2147483647	62
74	4	8	15	370	2147483647	48
75	4	14	20	375	2147483647	60
76	3	1	10	380	2147483647	57
77	4	14	15	385	2147483647	44
78	3	1	10	390	2147483647	39
79	0	12	15	395	2147483647	50
80	4	14	30	400	2147483647	61
81	3	1	15	405	2147483647	57
82	3	1	15	410	2147483647	69
83	3	1	10	415	2147483647	68
84	4	8	20	420	2147483647	64
85	3	1	15	425	2147483647	50
86	4	14	30	430	2147483647	36
87	3	1	20	435	2147483647	49
88	4	8	20	440	2147483647	52
89	3	1	15	445	2147483647	53
90	4	14	30	450	2147483647	50
91	4	14	20	455	2147483647	65
92	4	14	10	460	2147483647	60
93	0	12	10	465	2147483647	40
94	4	14	10	470	2147483647	60
95	3	1	30	475	2147483647	59
96	4	14	20	480	2147483647	60
97	0	12	10	485	2147483647	67
98	0	12	15	490	2147483647	37
99	4	8	15	495	2147483647	57
100	0	12	10	500	2147483647	70
101	0	12	30	505	2147483647	63
102	4	14	30	510	2147483647	58
103	4	14	15	515	2147483647	56
104	3	1	20	520	2147483647	67
105	4	8	15	525	2147483647	40
106	3	1	10	530	2147483647	49
107	0	12	10	535	2147483647	45
108	4	8	20	540	2147483647	44
109	3	1	20	545	2147483647	48
110	4	14	20	550	2147483647	37
111	0	12	30	555	2147483647	45
112	4	8	15	560	2147483647	68
113	0	12	30	565	2147483647	39
114	3	1	10	570	2147483647	57
115	0	12	10	575	2147483647	57
116	4	8	15	580	2147483647	55
117	4	14	15	585	2147483647	68
118	4	8	10	590	2147483647	47
119	4	14	20	595	2147483647	36
120	3	1	20	600	2147483647	62
121	0	12	20	605	2147483647	65
122	0	12	20	610	2147483647	56
123	0	12	20	615	2147483647	64
124	4	14	30	620	2147483647	59
125	4	8	15	625	2147483647	64
126	0	12	15	630	2147483647	40
127	3	1	30	635	2147483647	64
128	4	14	30	640	2147483647	38
129	3	1	15	645	2147483647	60
130	4	14	10	650	2147483647	70
131	4	8	30	655	2147483647	61
132	3	1	30	660	2147483647	43
133	4	8	20	665	2147483647	52
134	0	12	15	670	2147483647	51
135	4	14	10	675	2147483647	68
136	4	14	20	680	2147483647	70
137	3	1	10	685	2147483647	48
138	0	12	15	690	2147483647	37
139	0	12	15	695	2147483647	60
140	0	12	10	700	2147483647	37
141	4	14	20	705	2147483647	61
142	0	12	10	710	2147483647	41
143	4	14	10	715	2147483647	39
144	4	14	30	720	2147483647	51
145	3	1	30	725	2147483647	40
146	3	1	10	730	2147483647	68
147	4	14	10	735	2147483647	57
148	3	1	30	740	2147483647	54
149	3	1	30	745	2147483647	38
150	4	8	20	750	2147483647	39
151	0	12	10	755	2147483647	63
152	4	14	30	760	2147483647	56
153	4	8	30	765	2147483647	37
154	4	14	30	770	2147483647	66
155	4	14	15	775	2147483647	40
156	4	14	10	780	2147483647	42
157	3	1	15	785	2147483647	64
158	4	14	15	790	2147483647	68
159	4	8	15	795	2147483647	38
160	4	8	30	800	2147483647	70
161	0	12	15	805	2147483647	56
162	4	8	15	810	2147483647	43
163	3	1	10	815	2147483647	55
164	4	14	15	820	2147483647	49
165	4	8	20	825	2147483647	47
166	3	1	30	830	2147483647	38
167	0	12	30	835	2147483647	51
168	0	12	20	840	2147483647	58
169	4	14	30	845	2147483647	59
170	4	8	20	850	2147483647	58
171	3	1	10	855	2147483647	43
172	4	14	30	860	2147483647	67
173	4	8	20	865	2147483647	57
174	3	1	15	870	2147483647	70
175	4	14	30	875	2147483647	36
176	0	12	20	880	2147483647	59
177	4	8	20	885	2147483647	52
178	4	8	20	890	2147483647	48
179	4	8	30	895	2147483647	55
180	4	14	15	900	2147483647	67
181	4	8	15	905	2147483647	53
182	4	14	30	910	2147483647	46
183	0	12	30	915	2147483647	70
184	4	8	30	920	2147483647	57
185	4	14	30	925	2147483647	43
186	3	1	30	930	2147483647	40
187	0	12	10	935	2147483647	42
188	3	1	30	940	2147483647	57
189	0	12	30	945	2147483647	46
190	4	14	30	950	2147483647	62
191	4	8	10	955	2147483647	41
192	3	1	20	960	2147483647	50
193	4	14	10	965	2147483647	69
194	4	14	20	970	2147483647	60
195	0	12	30	975	2147483647	52
196	4	8	15	980	2147483647	54
197	4	8	10	985	2147483647	57
198	0	12	20	990	2147483647	61
199	3	1	15	995	2147483647	40
200	4	14	30	1000	2147483647	37
201	4	8	15	1005	2147483647	52
202	3	1	15	1010	2147483647	70
203	4	14	10	1015	2147483647	65
204	0	12	15	1020	2147483647	51
205	3	1	15	1025	2147483647	66
206	4	8	15	1030	2147483647	67
207	3	1	10	1035	2147483647	69
208	3	1	15	1040	2147483647	38
209	4	14	30	1045	2147483647	65
210	4	14	30	1050	2147483647	51
211	4	8	20	1055	2147483647	60
212	4	8	20	1060	2147483647	52
213	3	1	20	1065	2147483647	48
214	4	8	10	1070	2147483647	42
215	4	14	20	1075	2147483647	53
216	0	12	20	1080	2147483647	45
217	0	12	20	1085	2147483647	43
218	0	12	15	1090	2147483647	69
219	4	14	20	1095	2147483647	41
220	4	14	20	1100	2147483647	42
221	4	8	30	1105	2147483647	66
222	3	1	30	1110	2147483647	65
223	0	12	20	1115	2147483647	47
224	4	14	10	1120	2147483647	67
225	0	12	15	1125	2147483647	53
226	0	12	20	1130	2147483647	64
227	0	12	30	1135	2147483647	68
228	3	1	10	1140	2147483647	68
229	3	1	20	1145	2147483647	53
230	4	8	20	1150	2147483647	53
231	3	1	20	1155	2147483647	38
232	4	8	30	1160	2147483647	62
233	3	1	15	1165	2147483647	44
234	4	8	30	1170	2147483647	53
235	4	8	30	1175	2147483647	50
236	3	1	30	1180	2147483647	54
237	0	12	30	1185	2147483647	51
238	4	14	15	1190	2147483647	55
239	4	14	15	1195	2147483647	61
240	3	1	20	1200	2147483647	47
241	0	12	30	1205	2147483647	42
242	3	1	20	1210	2147483647	40
243	3	1	10	1215	2147483647	62
244	0	12	10	1220	2147483647	66
245	3	1	10	1225	2147483647	37
246	4	14	20	1230	2147483647	60
247	0	12	10	1235	2147483647	37
248	4	8	10	1240	2147483647	62
249	4	14	10	1245	2147483647	43
250	0	12	15	1250	2147483647	42
251	4	8	30	1255	2147483647	46
252	0	12	30	1260	2147483647	59
253	0	12	30	1265	2147483647	56
254	3	1	30	1270	2147483647	68
255	3	1	10	1275	2147483647	42
256	4	14	15	1280	2147483647	57
257	3	1	20	1285	2147483647	59
258	4	14	30	1290	2147483647	69
259	0	12	10	1295	2147483647	69
260	3	1	30	1300	2147483647	38
261	4	8	15	1305	2147483647	69
262	4	14	30	1310	2147483647	37
263	0	12	30	1315	2147483647	55
264	3	1	15	1320	2147483647	47
265	0	12	10	1325	2147483647	49
266	4	14	30	1330	2147483647	69
267	3	1	10	1335	2147483647	43
268	0	12	20	1340	2147483647	66
269	0	12	10	1345	2147483647	62
270	4	8	20	1350	2147483647	70
271	4	14	30	1355	2147483647	64
272	0	12	10	1360	2147483647	58
273	4	8	30	1365	2147483647	43
274	0	12	10	1370	2147483647	64
275	4	14	30	1375	2147483647	36
276	4	14	15	1380	2147483647	62
277	0	12	30	1385	2147483647	38
278	4	14	20	1390	2147483647	52
279	0	12	30	1395	2147483647	66
280	0	12	20	1400	2147483647	64
281	4	14	20	1405	2147483647	62
282	3	1	30	1410	2147483647	41
283	3	1	10	1415	2147483647	60
284	3	1	15	1420	2147483647	47
285	0	12	20	1425	2147483647	43
286	3	1	30	1430	2147483647	50
287	4	8	30	1435	2147483647	41
288	0	12	20	1440	2147483647	46
289	4	14	30	1445	2147483647	47
290	3	1	20	1450	2147483647	64
291	0	12	10	1455	2147483647	65
292	4	8	30	1460	2147483647	53
293	4	14	15	1465	2147483647	57
294	4	8	20	1470	2147483647	59
295	4	8	10	1475	2147483647	48
296	0	12	30	1480	2147483647	40
297	3	1	20	1485	2147483647	56
298	4	14	30	1490	2147483647	51
299	0	12	30	1495	2147483647	53
300	4	14	15	1500	2147483647	38
301	4	8	15	1505	2147483647	52
302	0	12	15	1510	2147483647	42
303	0	12	30	1515	2147483647	36
304	3	1	15	1520	2147483647	43
305	0	12	15	1525	2147483647	48
306	0	12	20	1530	2147483647	58
307	4	14	30	1535	2147483647	51
308	4	14	30	1540	2147483647	62
309	4	14	30	1545	2147483647	67
310	3	1	20	1550	2147483647	50
311	4	14	15	1555	2147483647	55
312	4	14	10	1560	2147483647	42
313	3	1	10	1565	2147483647	38
314	4	14	15	1570	2147483647	40
315	3	1	10	1575	2147483647	47
316	3	1	20	1580	2147483647	63
317	4	8	30	1585	2147483647	47
318	4	8	20	1590	2147483647	43
319	3	1	20	1595	2147483647	40
320	4	8	15	1600	2147483647	69
321	3	1	30	1605	2147483647	64
322	3	1	20	1610	2147483647	67
323	0	12	20	1615	2147483647	55
324	3	1	20	1620	2147483647	69
325	0	12	20	1625	2147483647	40
326	3	1	30	1630	2147483647	47
327	4	8	30	1635	2147483647	37
328	4	14	15	1640	2147483647	54
329	4	14	30	1645	2147483647	51
330	3	1	30	1650	2147483647	67
331	4	8	30	1655	2147483647	42
332	0	12	10	1660	2147483647	58
333	3	1	20	1665	2147483647	70
334	4	8	20	1670	2147483647	63
335	4	14	10	1675	2147483647	47
336	4	14	10	1680	2147483647	55
337	3	1	30	1685	2147483647	41
338	0	12	30	1690	2147483647	52
339	4	8	30	1695	2147483647	69
340	0	12	10	1700	2147483647	55
341	4	14	30	1705	2147483647	69
342	4	8	10	1710	2147483647	50
343	0	12	20	1715	2147483647	50
344	0	12	15	1720	2147483647	67
345	4	14	10	1725	2147483647	45
346	0	12	10	1730	2147483647	58
347	3	1	30	1735	2147483647	50
348	0	12	30	1740	2147483647	52
349	4	14	15	1745	2147483647	48
350	4	14	20	1750	2147483647	56
351	4	14	10	1755	2147483647	63
352	0	12	30	1760	2147483647	48
353	4	8	10	1765	2147483647	46
354	3	1	15	1770	2147483647	54
355	4	8	20	1775	2147483647	45
356	4	14	30	1780	2147483647	55
357	4	14	30	1785	2147483647	58
358	3	1	15	1790	2147483647	37
359	4	8	30	1795	2147483647	39
360	3	1	20	1800	2147483647	37
361	3	1	30	1805	2147483647	57
362	4	14	20	1810	2147483647	68
363	0	12	10	1815	2147483647	46
364	0	12	30	1820	2147483647	36
365	4	8	30	1825	2147483647	44
366	3	1	15	1830	2147483647	67
367	0	12	15	1835	2147483647	43
368	4	8	15	1840	2147483647	46
369	0	12	10	1845	2147483647	64
370	4	14	30	1850	2147483647	62
371	0	12	20	1855	2147483647	58
372	0	12	30	1860	2147483647	66
373	0	12	30	1865	2147483647	45
374	3	1	20	1870	2147483647	55
375	3	1	20	1875	2147483647	70
376	0	12	20	1880	2147483647	49
377	4	8	30	1885	2147483647	53
378	4	14	15	1890	2147483647	58
379	4	14	20	1895	2147483647	60
380	0	12	15	1900	2147483647	52
381	0	12	10	1905	2147483647	67
382	4	8	30	1910	2147483647	55
383	0	12	30	1915	2147483647	41
384	0	12	10	1920	2147483647	66
385	4	14	30	1925	2147483647	39
386	4	8	30	1930	2147483647	64
387	4	14	30	1935	2147483647	47
388	4	14	15	1940	2147483647	51
389	0	12	10	1945	2147483647	53
390	4	14	15	1950	2147483647	63
391	4	14	15	1955	2147483647	68
392	4	14	20	1960	2147483647	39
393	4	14	10	1965	2147483647	49
394	4	14	10	1970	2147483647	68
395	4	8	10	1975	2147483647	69
396	4	14	15	1980	2147483647	37
397	4	8	10	1985	2147483647	39
398	4	14	20	1990	2147483647	49
399	4	14	15	1995	2147483647	58
400	0	12	20	2000	2147483647	48
401	4	14	20	2005	2147483647	51
402	0	12	15	2010	2147483647	40
403	4	14	20	2015	2147483647	59
404	4	14	15	2020	2147483647	57
405	3	1	10	2025	2147483647	68
406	3	1	10	2030	2147483647	68
407	4	14	30	2035	2147483647	38
408	3	1	20	2040	2147483647	61
409	0	12	30	2045	2147483647	54
410	0	12	30	2050	2147483647	66
411	4	8	30	2055	2147483647	37
412	0	12	15	2060	2147483647	70
413	4	14	30	2065	2147483647	48
414	4	8	15	2070	2147483647	57
415	3	1	15	2075	2147483647	40
416	4	8	30	2080	2147483647	37
417	4	14	20	2085	2147483647	62
418	4	14	30	2090	2147483647	50
419	4	8	10	2095	2147483647	67
420	0	12	30	2100	2147483647	51
421	4	14	20	2105	2147483647	56
422	0	12	10	2110	2147483647	63
423	4	8	15	2115	2147483647	63
424	0	12	30	2120	2147483647	36
425	0	12	20	2125	2147483647	65
426	0	12	30	2130	2147483647	55
427	0	12	30	2135	2147483647	52
428	0	12	20	2140	2147483647	48
429	4	8	15	2145	2147483647	57
430	3	1	15	2150	2147483647	69
431	4	14	20	2155	2147483647	46
432	3	1	15	2160	2147483647	40
433	0	12	30	2165	2147483647	36
434	3	1	30	2170	2147483647	48
435	0	12	30	2175	2147483647	37
436	4	14	20	2180	2147483647	63
437	4	8	15	2185	2147483647	66
438	0	12	15	2190	2147483647	55
439	4	8	10	2195	2147483647	69
440	0	12	30	2200	2147483647	42
441	4	8	30	2205	2147483647	61
442	0	12	10	2210	2147483647	56
443	4	14	15	2215	2147483647	67
444	4	14	10	2220	2147483647	58
445	3	1	15	2225	2147483647	62
446	4	14	30	2230	2147483647	68
447	0	12	30	2235	2147483647	61
448	3	1	20	2240	2147483647	62
449	4	8	30	2245	2147483647	63
450	4	14	10	2250	2147483647	67
451	0	12	20	2255	2147483647	45
452	4	8	10	2260	2147483647	60
453	4	8	20	2265	2147483647	52
454	4	14	15	2270	2147483647	43
455	4	8	10	2275	2147483647	63
456	3	1	20	2280	2147483647	59
457	4	14	10	2285	2147483647	47
458	3	1	30	2290	2147483647	59
459	4	14	30	2295	2147483647	62
460	3	1	15	2300	2147483647	48
461	3	1	15	2305	2147483647	51
462	4	14	15	2310	2147483647	61
463	4	8	15	2315	2147483647	40
464	4	8	20	2320	2147483647	55
465	4	8	10	2325	2147483647	56
466	3	1	20	2330	2147483647	68
467	0	12	20	2335	2147483647	70
468	0	12	30	2340	2147483647	36
469	0	12	20	2345	2147483647	56
470	3	1	30	2350	2147483647	47
471	4	14	20	2355	2147483647	41
472	3	1	15	2360	2147483647	42
473	3	1	20	2365	2147483647	52
474	0	12	10	2370	2147483647	61
475	3	1	10	2375	2147483647	60
476	3	1	15	2380	2147483647	70
477	4	8	20	2385	2147483647	66
478	4	8	10	2390	2147483647	41
479	3	1	15	2395	2147483647	44
480	0	12	20	2400	2147483647	67
481	4	14	10	2405	2147483647	64
482	3	1	10	2410	2147483647	61
483	3	1	30	2415	2147483647	55
484	4	8	10	2420	2147483647	60
485	3	1	20	2425	2147483647	60
486	4	8	15	2430	2147483647	57
487	0	12	20	2435	2147483647	58
488	0	12	15	2440	2147483647	64
489	4	8	30	2445	2147483647	56
490	4	8	15	2450	2147483647	49
491	4	14	20	2455	2147483647	52
492	3	1	15	2460	2147483647	43
493	4	8	20	2465	2147483647	63
494	4	14	30	2470	2147483647	56
495	3	1	20	2475	2147483647	61
496	3	1	20	2480	2147483647	36
497	3	1	20	2485	2147483647	52
498	3	1	30	2490	2147483647	47
499	4	8	10	2495	2147483647	37
