0	4	8	20	0	1049	56
1	3	1	30	9	633	42
2	0	12	15	18	20282	63
3	3	1	20	27	2497	39
4	3	1	30	36	967	38
5	0	12	30	45	3864	65
6	4	14	10	54	75	54
7	4	14	15	63	626	44
8	4	8	20	72	8808	43
9	4	8	30	81	1535	61
10	4	14	10	90	3338	54
11	0	12	10	99	1688	69
12	3	1	15	108	9283	41
13	3	1	30	117	4766	55
14	0	12	15	126	3836	55
15	0	12	15	135	823	57
16	4	14	10	144	4108	62
17	3	1	20	153	1773	58
18	0	12	10	162	3975	50
19	0	12	20	171	2815	62
20	3	1	15	180	8568	37
21	4	14	10	189	852	49
22	0	12	10	198	1061	42
23	0	12	30	207	5881	41
24	0	12	20	216	11	63
25	3	1	30	225	1879	43
26	4	8	15	234	2289	51
27	0	12	10	243	4869	67
28	0	12	30	252	1278	49
29	3	1	30	261	1	69
30	4	8	10	270	9044	47
31	4	8	30	279	9111	62
32	0	12	10	288	6475	58
33	3	1	10	297	12372	40
34	0	12	10	306	5466	41
35	4	14	15	315	1240	67
36	0	12	20	324	573	50
37	0	12	15	333	2335	49
38	0	12	15	342	12068	37
39	3	1	30	351	6233	38
40	3	1	15	360	2270	54
41	4	14	20	369	2640	41
42	4	14	20	400	1376	41
43	3	1	15	410	5415	54
44	3	1	15	420	5103	64
45	3	1	30	430	2095	49
46	0	12	20	440	5511	70
47	3	1	20	450	632	60
48	4	8	30	460	821	60
49	0	12	20	470	2261	44
50	0	12	20	480	179	50
51	3	1	15	490	396	62
52	0	12	15	500	595	45
53	4	14	30	510	3657	36
54	4	8	10	520	3625	65
55	3	1	20	530	158	43
56	4	8	20	540	9778	36
57	0	12	15	550	1012	57
58	3	1	30	560	2475	46
59	4	14	10	570	7328	66
60	4	14	20	580	811	50
61	3	1	10	590	1511	58
62	4	14	20	600	8205	66
63	4	14	30	610	8798	44
64	4	14	20	620	2199	50
65	4	8	15	630	4415	62
66	4	14	30	640	3126	47
67	4	14	10	650	11763	37
68	4	8	30	660	12080	50
69	4	8	10	670	1723	59
70	0	12	30	680	215	43
71	3	1	20	690	891	49
72	4	8	15	700	2091	56
73	3	1	15	710	7340	48
74	4	8	10	720	299	44
75	3	1	30	730	2039	66
76	4	14	15	740	9238	43
77	3	1	30	750	2704	59
78	4	8	20	760	202	48
79	4	8	30	770	3617	50
80	3	1	15	780	3945	43
81	3	1	20	800	1368	61
82	4	14	10	809	2922	42
83	4	14	10	818	7371	40
84	3	1	10	827	12538	54
85	4	14	30	836	6465	55
86	4	8	15	845	5693	52
87	4	8	15	854	906	57
88	4	8	10	863	1776	46
89	4	8	20	872	4899	68
90	3	1	20	881	1744	67
91	4	14	10	890	9629	63
92	3	1	15	899	15802	39
93	4	8	10	908	471	42
94	3	1	10	917	3724	59
95	0	12	15	926	504	66
96	0	12	10	935	3785	46
97	0	12	20	944	2056	67
98	3	1	20	953	1535	39
99	4	8	30	962	215	37
100	4	14	30	971	8019	37
101	4	8	15	980	6451	69
102	4	8	30	989	867	46
103	4	14	20	998	7221	37
104	4	14	30	1007	1907	37
105	3	1	10	1016	7432	37
106	0	12	10	1025	4649	42
107	3	1	10	1034	1415	68
108	3	1	20	1043	2995	63
109	3	1	15	1052	876	69
110	4	14	10	1061	594	36
111	4	14	30	1070	2191	47
112	4	14	30	1079	765	45
113	4	8	10	1088	8046	66
114	4	8	30	1097	957	58
115	0	12	10	1106	8973	59
116	3	1	30	1115	6363	51
117	4	14	15	1124	120	61
118	0	12	30	1133	10793	61
119	0	12	30	1142	3887	66
120	0	12	10	1151	9603	46
121	3	1	15	1160	1660	61
122	3	1	10	1169	3552	62
123	4	14	10	1200	1124	52
124	4	14	20	1214	22789	62
125	0	12	20	1228	615	50
126	0	12	10	1242	988	46
127	0	12	10	1256	1403	49
128	4	14	10	1270	1068	60
129	4	8	30	1284	12283	48
130	3	1	20	1298	6196	55
131	4	14	30	1312	2762	46
132	4	14	10	1326	757	55
133	4	14	20	1340	23237	46
134	3	1	30	1354	5236	48
135	4	8	30	1368	7003	45
136	4	8	20	1382	398	51
137	0	12	15	1396	4592	40
138	4	14	10	1410	2481	39
139	4	14	30	1424	477	53
140	3	1	30	1438	484	48
141	3	1	10	1452	2472	54
142	3	1	20	1466	4503	64
143	4	14	20	1480	706	47
144	3	1	15	1494	3357	68
145	3	1	20	1508	10726	55
146	0	12	15	1522	5323	54
147	0	12	15	1536	486	43
148	4	14	15	1550	9143	55
149	3	1	10	1564	4979	36
150	4	8	15	1600	1555	51
151	4	8	20	1608	3489	55
152	4	14	20	1616	2534	42
153	3	1	30	1624	4779	44
154	0	12	30	1632	617	62
155	0	12	15	1640	2982	46
156	3	1	10	1648	953	43
157	4	8	20	1656	11978	65
158	0	12	10	1664	7303	46
159	3	1	15	1672	1080	57
160	3	1	30	1680	3923	62
161	0	12	30	1688	1985	63
162	3	1	10	1696	262	44
163	4	8	30	1704	3408	50
164	0	12	20	1712	2104	50
165	4	14	15	1720	4080	60
166	0	12	30	1728	1147	62
167	4	14	10	1736	780	69
168	4	14	15	1744	586	54
169	0	12	30	1752	1954	49
170	4	14	15	1760	6421	43
171	3	1	15	1768	481	46
172	4	14	15	1776	3352	58
173	0	12	10	1784	6864	43
174	3	1	10	1792	2833	53
175	4	8	30	1800	2379	62
176	0	12	30	1808	4363	68
177	4	14	20	1816	2225	51
178	4	8	30	1824	4520	54
179	0	12	30	1832	269	43
180	0	12	10	1840	2088	67
181	4	14	30	1848	441	39
182	0	12	20	1856	2027	65
183	4	8	10	1864	2956	60
184	0	12	15	1872	3991	68
185	0	12	10	1880	920	36
186	0	12	10	1888	119	40
187	0	12	15	1896	2579	47
188	3	1	20	1904	7696	55
189	4	8	15	1912	914	37
190	3	1	30	1920	3810	38
191	0	12	30	1928	625	57
192	4	14	15	1936	7427	65
193	0	12	30	1944	1022	52
194	4	8	30	1952	2673	62
195	4	8	30	1960	5131	56
196	0	12	10	1968	2026	46
197	4	8	20	1976	431	49
198	3	1	30	1984	5588	67
199	4	14	10	2000	10558	43
200	3	1	30	2008	4585	63
201	4	8	15	2016	3271	55
202	4	8	30	2024	15308	59
203	4	14	20	2032	2868	41
204	3	1	20	2040	9758	63
205	3	1	10	2048	936	40
206	4	8	15	2056	58	67
207	3	1	20	2064	4188	69
208	4	14	20	2072	841	62
209	4	14	10	2080	4745	70
210	0	12	20	2088	7908	49
211	4	14	20	2096	6155	63
212	4	14	30	2104	1275	46
213	0	12	10	2112	5945	39
214	3	1	15	2120	7086	60
215	3	1	10	2128	2940	59
216	4	14	10	2136	20218	68
217	4	8	10	2144	3115	55
218	4	8	20	2152	11394	53
219	4	14	20	2160	910	50
220	3	1	10	2168	3766	56
221	4	14	20	2176	5949	51
222	0	12	15	2184	1561	50
223	4	8	10	2192	10751	52
224	3	1	30	2200	5916	47
225	4	14	15	2208	4250	57
226	4	14	10	2216	1256	51
227	3	1	15	2224	1673	41
228	4	14	10	2232	1618	52
229	0	12	10	2240	6143	67
230	4	8	30	2248	208	51
231	4	14	10	2256	3301	54
232	0	12	20	2264	4483	54
233	3	1	20	2272	5519	47
234	3	1	10	2280	1930	50
235	3	1	30	2288	7540	47
236	3	1	10	2296	539	50
237	4	8	10	2304	8680	60
238	3	1	15	2312	3763	67
239	3	1	15	2320	2197	63
240	3	1	20	2328	847	39
241	3	1	15	2336	1914	41
242	4	8	20	2344	1345	56
243	4	14	20	2352	694	55
244	4	8	20	2360	1678	59
245	3	1	10	2368	7062	46
246	0	12	10	2376	8216	46
247	4	14	10	2384	290	62
248	3	1	20	2392	2014	63
249	4	14	30	2400	13625	38
250	3	1	30	2410	5225	58
251	3	1	10	2420	7764	62
252	0	12	10	2430	697	66
253	3	1	15	2440	3185	53
254	0	12	30	2450	1534	58
255	3	1	10	2460	9551	48
256	0	12	30	2470	1073	41
257	4	14	30	2480	189	43
258	4	8	20	2490	5383	65
259	4	14	10	2500	1195	41
260	3	1	30	2510	11192	60
261	4	14	30	2520	4467	62
262	4	14	20	2530	1520	53
263	4	14	15	2540	2077	65
264	4	8	15	2550	4130	54
265	4	8	20	2560	1424	65
266	4	14	30	2570	472	44
267	4	8	10	2580	2974	70
268	3	1	30	2590	1983	59
269	0	12	20	2600	16012	48
270	0	12	10	2610	2005	44
271	3	1	10	2620	456	44
272	4	14	20	2630	10715	58
273	3	1	15	2640	2931	61
274	0	12	30	2650	51	47
275	0	12	30	2660	1044	51
276	3	1	30	2670	2681	65
277	4	8	20	2680	715	65
278	0	12	15	2690	3558	64
279	0	12	20	2700	11478	37
280	4	14	15	2710	6104	47
281	0	12	30	2720	890	59
282	0	12	30	2730	11693	49
283	4	14	15	2740	1822	49
284	3	1	15	2750	228	44
285	4	14	30	2760	864	60
286	3	1	10	2770	2055	58
287	4	8	10	2800	533	36
288	4	8	30	2810	2247	59
289	4	14	30	2820	2575	37
290	4	8	30	2830	3795	42
291	3	1	15	2840	333	42
292	4	14	15	2850	632	65
293	3	1	10	2860	1731	62
294	4	14	15	2870	2643	39
295	4	14	30	2880	2921	48
296	4	14	30	2890	264	59
297	4	8	10	2900	8498	62
298	4	8	15	2910	2897	37
299	0	12	10	2920	176	64
300	3	1	15	2930	5056	37
301	3	1	30	2940	1705	47
302	4	8	15	2950	4546	39
303	3	1	10	2960	2137	50
304	3	1	20	2970	3399	64
305	4	14	20	2980	3884	50
306	3	1	15	2990	10367	39
307	4	8	20	3000	4093	41
308	3	1	20	3010	3074	42
309	4	14	10	3020	372	43
310	0	12	10	3030	2176	54
311	4	14	15	3040	296	46
312	3	1	15	3050	2442	50
313	4	8	30	3060	6366	64
314	0	12	30	3070	2583	65
315	3	1	10	3080	5379	36
316	4	14	10	3090	5184	48
317	4	14	15	3100	12007	39
318	4	8	30	3110	1720	56
319	3	1	15	3120	2388	65
320	3	1	20	3130	9124	42
321	4	8	30	3140	17200	44
322	0	12	15	3150	398	46
323	3	1	30	3160	9918	58
324	3	1	20	3170	1841	42
325	4	8	30	3180	1509	37
326	3	1	20	3200	13041	50
327	4	8	15	3212	3470	67
328	4	14	10	3224	146	58
329	4	8	10	3236	2728	70
330	4	8	10	3248	724	62
331	0	12	20	3260	3745	38
332	4	14	15	3272	4181	64
333	0	12	15	3284	3159	70
334	4	8	15	3296	1023	70
335	0	12	15	3308	2286	36
336	3	1	20	3320	2940	56
337	3	1	30	3332	3040	70
338	0	12	20	3344	6309	55
339	3	1	20	3356	2277	65
340	0	12	15	3368	1254	56
341	4	8	15	3380	5727	53
342	4	14	20	3392	3552	65
343	4	8	20	3404	1667	52
344	3	1	30	3416	226	53
345	4	8	20	3428	3116	66
346	4	14	30	3440	3901	63
347	3	1	15	3452	1721	37
348	4	8	15	3464	8334	67
349	4	8	10	3476	5452	38
350	0	12	30	3488	6277	70
351	4	14	15	3500	482	55
352	0	12	15	3512	3028	42
353	3	1	30	3524	272	42
354	4	8	15	3536	628	57
355	0	12	15	3548	5253	64
356	3	1	20	3560	1163	36
357	3	1	15	3572	5756	51
358	4	14	15	3600	183	43
359	4	8	30	3611	1194	63
360	0	12	30	3622	4312	36
361	4	8	30	3633	1692	43
362	4	8	20	3644	3713	53
363	0	12	15	3655	171	43
364	3	1	10	3666	10264	51
365	4	14	20	3677	6680	51
366	0	12	30	3688	2200	53
367	3	1	30	3699	9676	50
368	4	14	15	3710	3381	64
369	0	12	20	3721	164	65
370	4	14	15	3732	988	50
371	0	12	10	3743	863	48
372	3	1	20	3754	682	54
373	3	1	10	3765	9876	61
374	3	1	10	3776	795	44
375	0	12	10	3787	587	60
376	3	1	10	3798	2029	50
377	3	1	20	3809	5607	64
378	0	12	10	3820	7899	40
379	0	12	10	3831	7034	47
380	4	8	30	3842	4703	45
381	4	14	15	3853	3785	48
382	4	14	10	3864	4876	70
383	3	1	30	3875	1379	55
384	0	12	15	3886	4850	70
385	4	8	20	3897	213	42
386	0	12	15	3908	320	67
387	4	8	15	3919	3495	57
388	3	1	30	3930	2048	49
389	0	12	10	3941	2730	42
390	3	1	20	3952	808	70
391	0	12	15	3963	5670	41
392	3	1	20	4000	2673	63
393	4	14	20	4008	3065	63
394	3	1	20	4016	5956	65
395	3	1	15	4024	10315	49
396	0	12	30	4032	680	36
397	3	1	10	4040	3164	57
398	3	1	20	4048	2163	37
399	4	14	10	4056	1114	37
400	4	8	20	4064	503	48
401	4	8	10	4072	4978	48
402	4	14	30	4080	6041	43
403	4	8	20	4088	7212	38
404	4	8	20	4096	2980	59
405	4	14	20	4104	3642	58
406	0	12	30	4112	12577	37
407	3	1	10	4120	3825	51
408	4	14	30	4128	8666	69
409	4	8	10	4136	34	68
410	3	1	15	4144	1621	50
411	4	14	10	4152	2760	42
412	4	8	10	4160	9276	46
413	4	14	10	4168	979	67
414	4	14	10	4176	3345	53
415	0	12	20	4184	196	58
416	3	1	20	4192	4092	43
417	4	14	20	4200	1501	68
418	0	12	10	4208	1658	44
419	4	8	15	4216	8198	44
420	4	14	10	4224	5310	55
421	3	1	20	4232	7340	67
422	4	14	30	4240	2855	37
423	4	14	15	4248	316	58
424	4	8	30	4256	7785	65
425	3	1	10	4264	2473	45
426	3	1	20	4272	4905	56
427	4	14	10	4280	3886	61
428	0	12	20	4288	607	66
429	0	12	20	4296	1184	65
430	0	12	15	4304	15719	59
431	4	14	10	4312	7622	63
432	4	14	30	4320	1638	63
433	4	8	30	4328	3849	38
434	3	1	20	4336	4945	69
435	0	12	30	4344	15546	67
436	0	12	15	4352	7151	41
437	4	8	20	4360	8139	68
438	0	12	10	4368	5817	67
439	0	12	20	4376	442	47
440	0	12	30	4400	399	41
441	3	1	15	4410	2473	51
442	3	1	20	4420	4779	58
443	4	8	30	4430	1991	51
444	3	1	20	4440	704	63
445	3	1	20	4450	4615	63
446	3	1	10	4460	7754	65
447	4	14	15	4470	1259	66
448	4	14	20	4480	13845	45
449	4	8	10	4490	5185	43
450	4	14	20	4500	1334	42
451	0	12	10	4510	7414	38
452	3	1	30	4520	928	49
453	4	8	10	4530	3163	63
454	4	14	10	4540	2840	53
455	4	14	10	4550	1301	52
456	4	8	10	4560	900	47
457	0	12	15	4570	4858	56
458	4	14	30	4580	15265	43
459	3	1	20	4590	265	49
460	4	8	30	4600	8868	37
461	4	8	30	4610	1634	46
462	3	1	20	4620	2575	56
463	3	1	10	4630	3968	40
464	4	8	30	4640	114	44
465	3	1	15	4650	2630	57
466	0	12	10	4660	708	50
467	0	12	10	4670	1334	44
468	0	12	15	4680	2834	68
469	4	14	10	4690	3539	57
470	0	12	15	4700	969	52
471	0	12	10	4710	5899	45
472	3	1	20	4720	3163	36
473	4	14	15	4730	1069	67
474	0	12	20	4740	5987	39
475	4	8	20	4750	1278	39
476	0	12	30	4760	618	44
477	3	1	10	4770	503	57
478	4	8	20	4800	9839	65
479	4	14	10	4808	757	38
480	4	14	10	4816	3716	51
481	3	1	10	4824	2294	60
482	4	14	15	4832	4232	51
483	3	1	20	4840	2140	58
484	4	8	10	4848	14393	59
485	4	14	15	4856	589	57
486	4	8	10	4864	4131	49
487	4	8	20	4872	6233	36
488	4	8	30	4880	464	55
489	4	14	20	4888	2260	52
490	3	1	20	4896	6017	56
491	0	12	30	4904	554	55
492	4	8	20	4912	8877	61
493	4	8	20	4920	4847	53
494	4	14	30	4928	962	46
495	3	1	30	4936	5702	65
496	4	14	30	4944	17206	66
497	4	14	15	4952	281	54
498	4	14	10	4960	1809	43
499	4	14	15	4968	4550	41
500	3	1	20	4976	2954	49
501	3	1	10	4984	3398	56
502	3	1	10	4992	5750	68
503	4	14	15	5000	1921	59
504	0	12	20	5008	2864	61
505	3	1	15	5016	2873	67
506	3	1	15	5024	1408	37
507	4	14	15	5032	14406	53
508	4	8	15	5040	5885	59
509	3	1	15	5048	1070	50
510	3	1	10	5056	578	44
511	4	14	10	5064	348	60
512	4	14	30	5072	6216	61
513	0	12	20	5080	6547	41
514	3	1	20	5088	2457	69
515	3	1	30	5096	2424	48
516	4	8	15	5104	4589	65
517	4	14	30	5112	249	68
518	4	8	10	5120	4274	51
519	3	1	15	5128	8873	58
520	4	8	10	5136	7279	43
521	3	1	15	5144	1866	50
522	4	14	10	5152	764	59
523	4	8	30	5160	315	52
524	4	8	20	5168	6630	36
525	0	12	15	5200	358	68
526	3	1	20	5210	8477	55
527	0	12	10	5220	7436	54
528	4	14	20	5230	83	57
529	4	8	30	5240	66	45
530	4	8	30	5250	1354	44
531	4	8	15	5260	312	60
532	3	1	10	5270	5615	49
533	4	8	15	5280	1072	60
534	0	12	20	5290	4203	59
535	4	8	30	5300	132	65
536	4	14	10	5310	4483	62
537	4	14	30	5320	1267	63
538	4	8	30	5330	9336	67
539	3	1	20	5340	2466	62
540	0	12	10	5350	7337	55
541	4	8	20	5360	4450	67
542	0	12	10	5370	77	47
543	4	14	20	5380	8315	41
544	0	12	15	5390	1410	44
545	3	1	20	5400	4741	66
546	4	8	10	5410	1667	65
547	4	8	10	5420	359	56
548	4	14	10	5430	1115	55
549	0	12	10	5440	5695	68
550	4	8	20	5450	321	70
551	0	12	30	5460	10420	68
552	4	8	15	5470	2120	38
553	4	8	20	5480	2559	56
554	3	1	10	5490	7367	68
555	0	12	10	5500	646	70
556	3	1	30	5510	2033	68
557	4	8	10	5520	4640	52
558	3	1	30	5530	3394	58
559	0	12	10	5540	2217	64
560	0	12	30	5550	4004	48
561	3	1	15	5560	2410	54
562	4	14	30	5570	12142	67
563	4	14	20	5600	5607	50
564	4	8	15	5610	11789	42
565	4	8	30	5620	245	54
566	0	12	10	5630	1596	47
567	4	8	15	5640	3225	37
568	4	14	10	5650	673	52
569	0	12	20	5660	2223	40
570	3	1	20	5670	6067	56
571	4	8	20	5680	2117	38
572	4	8	10	5690	684	36
573	4	14	20	5700	874	59
574	4	8	15	5710	209	38
575	4	14	20	5720	729	47
576	4	8	10	5730	1746	38
577	0	12	20	5740	1421	53
578	0	12	20	5750	6035	43
579	3	1	10	5760	488	41
580	3	1	15	5770	5462	38
581	4	8	20	5780	6318	69
582	4	8	10	5790	3674	70
583	3	1	20	5800	1212	59
584	0	12	10	5810	11213	45
585	0	12	30	5820	1791	46
586	4	14	10	5830	4357	58
587	0	12	15	5840	1323	64
588	3	1	10	5850	2001	62
589	0	12	15	5860	2780	60
590	4	14	10	5870	4022	67
591	3	1	10	5880	17507	46
592	4	8	10	5890	4809	41
593	0	12	20	5900	2596	38
594	3	1	20	5910	7034	50
595	3	1	30	5920	1962	37
596	4	8	30	5930	5082	36
597	4	8	15	5940	1232	67
598	4	8	10	5950	10492	70
599	3	1	20	5960	1084	60
600	3	1	20	5970	1817	55
601	4	14	20	5980	6193	63
602	4	8	30	6000	10689	40
603	3	1	15	6012	6790	50
604	3	1	15	6024	15378	48
605	4	14	10	6036	4387	68
606	3	1	20	6048	5858	68
607	3	1	30	6060	969	49
608	0	12	15	6072	2190	53
609	3	1	20	6084	4493	57
610	3	1	30	6096	6349	67
611	3	1	15	6108	418	50
612	4	8	20	6120	9531	45
613	0	12	30	6132	2442	52
614	3	1	30	6144	4568	62
615	3	1	15	6156	7294	49
616	0	12	10	6168	7633	55
617	4	8	10	6180	4689	43
618	4	14	20	6192	6738	41
619	0	12	20	6204	3531	66
620	3	1	20	6216	2016	67
621	4	14	20	6228	194	53
622	3	1	15	6240	696	45
623	4	14	20	6252	4244	62
624	4	8	15	6264	6286	43
625	0	12	20	6276	6303	45
626	0	12	15	6288	4972	68
627	4	8	20	6300	4554	68
628	4	8	30	6312	1839	44
629	3	1	20	6324	4353	37
630	4	8	30	6336	2372	46
631	0	12	30	6348	371	42
632	3	1	20	6360	1858	53
633	4	8	30	6372	3117	53
634	0	12	15	6384	5542	57
635	4	14	20	6400	12620	45
636	0	12	20	6413	7952	65
637	4	14	20	6426	6130	55
638	0	12	10	6439	1330	46
639	0	12	10	6452	1276	47
640	3	1	10	6465	3588	49
641	0	12	15	6478	2380	44
642	0	12	10	6491	7865	47
643	4	14	20	6504	5075	41
644	4	8	20	6517	4890	64
645	0	12	30	6530	3060	53
646	4	8	15	6543	332	37
647	4	8	15	6556	1111	59
648	3	1	30	6569	6371	47
649	4	14	15	6582	18100	37
650	4	8	20	6595	3071	52
651	0	12	20	6608	117	63
652	3	1	30	6621	2396	61
653	4	8	20	6634	1668	40
654	0	12	30	6647	7371	64
655	3	1	30	6660	1529	37
656	0	12	15	6673	3950	54
657	4	8	10	6686	1297	48
658	0	12	10	6699	99	43
659	4	8	30	6712	820	38
660	3	1	20	6725	12370	36
661	4	8	10	6738	373	70
662	0	12	30	6751	7498	40
663	4	8	30	6764	5682	51
664	4	8	30	6777	1032	47
665	3	1	10	6800	4909	60
666	0	12	20	6811	5204	67
667	4	14	20	6822	1825	62
668	4	14	15	6833	4912	66
669	3	1	10	6844	5141	52
670	3	1	20	6855	14838	54
671	4	8	20	6866	280	70
672	0	12	30	6877	2093	68
673	3	1	15	6888	3116	65
674	4	8	15	6899	20590	53
675	4	8	15	6910	11786	58
676	4	14	20	6921	830	42
677	3	1	30	6932	2326	40
678	3	1	10	6943	11859	69
679	4	8	20	6954	1191	61
680	4	14	10	6965	4998	44
681	4	14	10	6976	2531	44
682	3	1	30	6987	8584	57
683	3	1	20	6998	1908	43
684	4	8	30	7009	544	55
685	4	8	10	7020	2167	53
686	3	1	30	7031	4063	51
687	0	12	30	7042	124	49
688	4	8	10	7053	4810	59
689	3	1	20	7064	2262	55
690	3	1	15	7075	1600	62
691	3	1	15	7086	3528	53
692	3	1	20	7097	5699	48
693	3	1	15	7108	410	43
694	3	1	20	7119	1534	47
695	4	8	10	7130	2797	50
696	4	14	15	7141	3683	40
697	4	14	10	7152	428	66
698	3	1	20	7163	2704	65
699	3	1	15	7200	26361	39
700	4	14	10	7210	6578	56
701	3	1	30	7220	4997	45
702	4	8	30	7230	3066	63
703	4	14	20	7240	304	66
704	0	12	20	7250	54	54
705	4	14	30	7260	2527	52
706	0	12	30	7270	3886	66
707	4	14	20	7280	9609	67
708	0	12	15	7290	1703	57
709	3	1	20	7300	8983	42
710	3	1	15	7310	558	66
711	4	8	15	7320	825	49
712	4	14	10	7330	1593	49
713	4	14	15	7340	5826	52
714	3	1	30	7350	2554	64
715	4	14	20	7360	2659	62
716	3	1	15	7370	922	49
717	3	1	10	7380	2517	68
718	0	12	30	7390	3989	67
719	0	12	30	7400	6622	64
720	0	12	10	7410	285	44
721	0	12	30	7420	4778	53
722	4	8	20	7430	4396	38
723	4	8	20	7440	1286	46
724	0	12	20	7450	2001	60
725	0	12	15	7460	1973	36
726	4	14	10	7470	1473	58
727	4	8	20	7480	1483	60
728	0	12	30	7490	1006	54
729	0	12	10	7500	2701	39
730	4	8	30	7510	1696	54
731	0	12	15	7520	358	46
732	0	12	10	7530	11952	46
733	4	14	20	7540	11967	66
734	4	8	20	7550	2396	41
735	0	12	15	7560	0	70
736	4	8	10	7570	10845	52
737	3	1	10	7580	6639	61
738	4	8	10	7600	1821	59
739	4	8	30	7608	4301	39
740	0	12	10	7616	6375	58
741	3	1	15	7624	5213	55
742	4	14	20	7632	4605	63
743	4	14	20	7640	6548	53
744	4	14	10	7648	1436	60
745	0	12	30	7656	618	48
746	4	14	15	7664	1191	40
747	4	14	10	7672	19575	66
748	0	12	20	7680	3928	49
749	3	1	10	7688	7158	55
750	3	1	20	7696	1409	37
751	0	12	10	7704	578	42
752	3	1	10	7712	2542	70
753	3	1	30	7720	4587	36
754	3	1	10	7728	10615	65
755	4	14	15	7736	464	38
756	4	8	10	7744	190	43
757	0	12	15	7752	1205	52
758	4	14	30	7760	4551	41
759	0	12	10	7768	3915	53
760	0	12	30	7776	698	65
761	3	1	15	7784	1493	41
762	4	14	20	7792	4645	49
763	4	14	10	7800	7744	54
764	0	12	20	7808	3181	59
765	3	1	30	7816	182	55
766	4	8	15	7824	1081	39
767	4	14	15	7832	1903	53
768	4	8	30	7840	1520	47
769	4	8	20	7848	2553	65
770	4	8	15	7856	3212	46
771	0	12	15	7864	2018	58
772	4	8	10	7872	427	44
773	3	1	30	7880	14353	64
774	4	14	20	7888	48	42
775	4	8	30	7896	1665	60
776	0	12	10	7904	53	61
777	4	8	10	7912	7904	56
778	4	8	20	7920	14514	57
779	0	12	30	7928	1153	48
780	0	12	10	7936	565	67
781	0	12	30	7944	1517	62
782	4	8	10	7952	4613	46
783	4	8	30	8000	1974	69
784	3	1	20	8010	862	37
785	0	12	30	8020	947	47
786	4	8	15	8030	3822	47
787	4	8	10	8040	1243	45
788	4	8	20	8050	81	37
789	3	1	15	8060	1667	38
790	4	14	10	8070	12286	63
791	4	8	30	8080	4474	70
792	4	14	10	8090	558	56
793	0	12	30	8100	5412	41
794	0	12	10	8110	2761	44
795	3	1	30	8120	2656	52
796	3	1	20	8130	169	41
797	0	12	20	8140	7043	44
798	3	1	30	8150	1187	65
799	4	8	15	8160	1188	40
800	3	1	20	8170	9470	44
801	4	14	30	8180	8444	57
802	4	8	10	8190	4510	55
803	3	1	30	8200	666	55
804	0	12	20	8210	1318	45
805	3	1	15	8220	9244	49
806	4	14	30	8230	135	68
807	0	12	10	8240	2757	42
808	3	1	15	8250	4436	65
809	0	12	15	8260	3556	41
810	3	1	10	8270	405	47
811	4	14	10	8280	818	58
812	3	1	20	8290	1352	65
813	3	1	10	8300	2242	63
814	4	14	10	8310	2712	56
815	0	12	30	8320	7446	38
816	0	12	10	8330	3946	66
817	3	1	30	8340	1411	50
818	4	8	20	8350	4335	52
819	4	14	20	8360	1648	47
820	0	12	20	8370	2242	43
821	4	14	10	8380	13981	64
822	3	1	30	8400	1775	52
823	3	1	20	8409	14806	44
824	3	1	15	8418	2921	38
825	0	12	20	8427	8443	46
826	0	12	10	8436	1236	38
827	0	12	15	8445	1783	38
828	4	8	30	8454	2567	55
829	0	12	20	8463	2993	60
830	4	14	10	8472	1421	54
831	0	12	20	8481	819	52
832	3	1	10	8490	3710	61
833	4	14	10	8499	5039	53
834	4	8	15	8508	1687	39
835	4	8	10	8517	1166	46
836	3	1	30	8526	4080	42
837	4	14	10	8535	3027	62
838	0	12	10	8544	460	60
839	0	12	10	8553	1387	59
840	4	8	30	8562	781	50
841	4	8	10	8571	499	41
842	4	14	30	8580	3636	51
843	0	12	15	8589	2256	66
844	0	12	10	8598	1121	62
845	0	12	10	8607	5853	40
846	3	1	10	8616	1953	40
847	0	12	10	8625	4832	63
848	0	12	30	8634	1146	56
849	0	12	10	8643	4245	42
850	4	8	20	8652	7812	57
851	0	12	30	8661	5450	62
852	4	14	30	8670	727	63
853	4	14	15	8679	10062	54
854	4	8	20	8688	7039	67
855	4	14	15	8697	11035	51
856	0	12	10	8706	2939	40
857	4	14	20	8715	4828	47
858	0	12	20	8724	4034	52
859	0	12	10	8733	2056	69
860	4	8	10	8742	4031	47
861	3	1	20	8751	4478	65
862	3	1	15	8760	98	57
863	4	8	20	8769	618	40
864	4	8	10	8800	1369	57
865	3	1	15	8811	9681	66
866	0	12	30	8822	3475	67
867	3	1	15	8833	3380	48
868	4	8	30	8844	355	60
869	3	1	30	8855	1094	46
870	3	1	10	8866	918	66
871	4	8	10	8877	404	39
872	4	8	20	8888	836	61
873	0	12	15	8899	1838	64
874	4	8	30	8910	698	68
875	3	1	20	8921	1495	38
876	0	12	10	8932	1864	49
877	4	8	20	8943	10488	56
878	3	1	15	8954	5248	53
879	4	8	15	8965	5540	68
880	3	1	15	8976	2712	42
881	4	14	10	8987	3326	45
882	0	12	15	8998	469	53
883	4	8	20	9009	6852	49
884	4	14	10	9020	4418	39
885	3	1	15	9031	3239	63
886	0	12	30	9042	76	60
887	4	14	30	9053	4624	43
888	3	1	20	9064	8771	56
889	3	1	30	9075	2093	59
890	4	8	10	9086	5275	41
891	3	1	10	9097	11155	66
892	3	1	15	9108	9038	46
893	0	12	10	9119	4905	62
894	3	1	30	9130	4294	47
895	4	14	10	9141	2804	55
896	4	14	20	9152	390	54
897	4	8	15	9163	2418	46
898	4	14	10	9174	609	45
899	4	8	30	9185	1622	67
900	0	12	10	9200	832	44
901	4	14	20	9209	6770	62
902	4	14	15	9218	3831	39
903	3	1	30	9227	38	45
904	4	8	10	9236	2383	46
905	4	14	20	9245	5741	53
906	4	14	10	9254	3241	36
907	3	1	15	9263	6394	69
908	4	8	15	9272	5692	56
909	3	1	10	9281	2903	65
910	3	1	10	9290	3321	37
911	3	1	20	9299	3596	54
912	0	12	10	9308	14050	65
913	3	1	15	9317	8671	54
914	3	1	30	9326	9613	62
915	3	1	10	9335	291	38
916	3	1	10	9344	3310	48
917	0	12	30	9353	915	44
918	3	1	20	9362	2574	36
919	3	1	20	9371	5308	65
920	4	8	20	9380	8911	41
921	0	12	10	9389	9025	60
922	0	12	30	9398	4583	63
923	4	14	30	9407	4526	37
924	4	8	30	9416	2828	40
925	4	14	30	9425	1240	36
926	4	14	20	9434	895	63
927	0	12	20	9443	2631	69
928	4	8	15	9452	4956	53
929	3	1	30	9461	4271	49
930	4	14	30	9470	987	54
931	4	14	30	9479	10042	38
932	3	1	15	9488	6168	47
933	0	12	20	9497	2025	56
934	4	8	10	9506	3299	60
935	3	1	20	9515	4513	50
936	0	12	30	9524	11856	42
937	4	8	20	9533	425	44
938	4	14	15	9542	1852	38
939	4	14	20	9551	9489	57
940	3	1	15	9560	33913	62
941	3	1	15	9569	999	61
942	3	1	20	9600	10430	57
943	0	12	15	9610	1862	62
944	4	14	20	9620	7416	57
945	3	1	15	9630	601	58
946	3	1	10	9640	13810	37
947	4	14	10	9650	40	63
948	3	1	10	9660	6379	70
949	0	12	30	9670	3545	44
950	0	12	30	9680	11323	43
951	4	14	30	9690	8770	46
952	3	1	30	9700	15485	46
953	0	12	20	9710	2087	50
954	0	12	10	9720	2328	61
955	4	14	10	9730	1385	54
956	4	14	20	9740	574	70
957	4	14	15	9750	11172	38
958	4	8	10	9760	2795	41
959	3	1	10	9770	805	46
960	0	12	30	9780	3296	60
961	3	1	15	9790	304	38
962	0	12	10	9800	366	52
963	3	1	15	9810	433	43
964	3	1	10	9820	1410	47
965	3	1	15	9830	4145	70
966	0	12	15	9840	6579	42
967	0	12	20	9850	3403	44
968	4	8	10	9860	1565	64
969	4	14	10	9870	1061	48
970	3	1	15	9880	520	66
971	4	8	20	9890	2479	39
972	0	12	15	9900	7179	41
973	3	1	10	9910	3356	50
974	0	12	10	9920	5311	38
975	3	1	15	9930	4449	50
976	3	1	20	9940	13894	38
977	4	14	20	9950	1482	37
978	0	12	10	9960	7184	50
979	3	1	15	9970	1831	53
980	4	8	30	9980	1416	70
981	4	14	20	9990	845	36
982	3	1	15	10000	4620	69
983	4	8	20	10012	522	44
984	3	1	30	10024	5023	42
985	0	12	10	10036	1604	44
986	0	12	30	10048	11228	63
987	4	8	20	10060	1908	68
988	4	14	15	10072	12497	66
989	3	1	10	10084	1253	41
990	4	14	30	10096	3128	50
991	0	12	15	10108	38	40
992	4	14	15	10120	3646	38
993	4	8	10	10132	835	63
994	4	14	20	10144	1695	67
995	4	14	10	10156	10442	60
996	4	8	10	10168	573	45
997	4	14	10	10180	6937	49
998	4	8	10	10192	312	51
999	0	12	10	10204	883	58
1000	4	8	10	10216	1617	51
1001	3	1	20	10228	2012	63
1002	3	1	30	10240	4635	69
1003	4	14	10	10252	3319	58
1004	3	1	20	10264	2508	49
1005	4	14	10	10276	2608	39
1006	3	1	20	10288	224	40
1007	0	12	30	10300	2119	66
1008	0	12	20	10312	4453	47
1009	4	8	30	10324	5879	47
1010	0	12	20	10336	1564	51
1011	4	14	10	10348	6951	69
1012	4	14	15	10360	442	58
1013	3	1	20	10400	582	58
1014	4	8	15	10415	8617	47
1015	4	8	10	10430	1852	60
1016	0	12	30	10445	1966	39
1017	4	14	15	10460	13409	44
1018	0	12	20	10475	1961	37
1019	3	1	10	10490	13617	38
1020	4	8	20	10505	4892	42
1021	4	14	20	10520	2230	45
1022	0	12	10	10535	3837	49
1023	3	1	10	10550	225	58
1024	4	14	10	10565	4691	68
1025	4	8	10	10580	476	62
1026	4	8	10	10595	7975	37
1027	4	14	10	10610	4147	49
1028	4	14	15	10625	1006	54
1029	0	12	10	10640	6610	49
1030	4	8	10	10655	3085	40
1031	4	14	15	10670	628	60
1032	3	1	15	10685	1069	56
1033	4	14	30	10700	4041	63
1034	4	8	15	10715	141	38
1035	4	14	10	10730	9326	42
1036	0	12	20	10745	2808	38
1037	4	14	15	10760	515	47
1038	4	14	10	10775	4275	66
1039	3	1	20	10800	1077	39
1040	3	1	20	10808	1291	39
1041	0	12	10	10816	3005	68
1042	4	8	10	10824	4922	56
1043	3	1	20	10832	823	54
1044	3	1	20	10840	11629	60
1045	4	14	30	10848	5070	52
1046	4	8	30	10856	9412	53
1047	0	12	30	10864	2484	51
1048	0	12	30	10872	1452	52
1049	4	8	15	10880	14703	42
1050	4	14	10	10888	3090	57
1051	3	1	20	10896	738	37
1052	4	14	20	10904	2289	47
1053	3	1	30	10912	458	48
1054	3	1	20	10920	2712	51
1055	4	8	15	10928	9418	41
1056	4	8	15	10936	6030	50
1057	4	14	20	10944	3992	46
1058	4	14	30	10952	8267	61
1059	0	12	15	10960	1745	57
1060	4	8	10	10968	3820	38
1061	3	1	15	10976	2104	62
1062	0	12	20	10984	837	47
1063	4	14	20	10992	7955	69
1064	0	12	30	11000	1057	42
1065	4	8	10	11008	784	62
1066	4	8	20	11016	3560	48
1067	0	12	15	11024	2530	65
1068	4	8	15	11032	424	56
1069	4	8	10	11040	15889	41
1070	0	12	15	11048	8049	58
1071	4	8	20	11056	1244	62
1072	4	14	15	11064	1475	49
1073	4	8	30	11072	657	69
1074	0	12	20	11080	4695	70
1075	4	8	15	11088	780	45
1076	3	1	20	11096	5085	60
1077	3	1	20	11104	2254	65
1078	0	12	20	11112	463	69
1079	4	14	10	11120	14303	52
1080	0	12	10	11128	929	45
1081	4	8	15	11136	2050	56
1082	4	14	15	11144	1667	68
1083	4	8	30	11152	1138	47
1084	4	8	30	11200	1260	62
1085	3	1	15	11210	1842	39
1086	4	14	30	11220	4946	48
1087	4	14	15	11230	540	44
1088	0	12	10	11240	619	48
1089	4	14	30	11250	555	67
1090	4	8	30	11260	530	62
1091	0	12	10	11270	8254	62
1092	4	14	15	11280	1137	57
1093	3	1	20	11290	1443	44
1094	4	8	20	11300	3879	37
1095	4	14	10	11310	8065	48
1096	4	14	20	11320	1658	56
1097	4	8	20	11330	7451	57
1098	4	8	20	11340	12284	48
1099	4	8	15	11350	5830	69
1100	3	1	15	11360	552	39
1101	4	8	15	11370	2291	58
1102	4	14	15	11380	1797	65
1103	3	1	20	11390	1561	47
1104	4	8	30	11400	458	55
1105	4	8	20	11410	1263	65
1106	3	1	10	11420	7867	58
1107	4	8	20	11430	1338	49
1108	3	1	15	11440	2161	48
1109	4	8	10	11450	1514	42
1110	4	14	30	11460	820	51
1111	4	14	30	11470	1708	56
1112	3	1	10	11480	2952	48
1113	4	14	20	11490	9267	44
1114	0	12	15	11500	632	48
1115	4	14	20	11510	963	52
1116	4	14	10	11520	282	64
1117	4	14	20	11530	11326	36
1118	3	1	20	11540	3594	43
1119	4	8	15	11550	7959	38
1120	4	8	10	11560	2528	49
1121	3	1	10	11570	2487	40
1122	4	14	15	11600	1574	53
1123	4	8	20	11610	14155	59
1124	0	12	15	11620	7776	49
1125	0	12	15	11630	20031	66
1126	4	8	10	11640	79	41
1127	4	8	30	11650	21	41
1128	0	12	10	11660	3025	68
1129	4	8	20	11670	6948	57
1130	4	8	30	11680	7277	59
1131	0	12	30	11690	8311	39
1132	0	12	30	11700	2594	52
1133	4	14	10	11710	1675	70
1134	4	8	30	11720	7404	49
1135	4	14	30	11730	5900	57
1136	3	1	10	11740	159	62
1137	0	12	30	11750	71	57
1138	0	12	30	11760	600	62
1139	4	14	15	11770	29218	67
1140	4	14	10	11780	2845	51
1141	3	1	15	11790	2215	70
1142	0	12	10	11800	4935	66
1143	3	1	30	11810	7047	42
1144	0	12	30	11820	11544	52
1145	4	8	30	11830	5995	42
1146	4	8	10	11840	1729	50
1147	0	12	20	11850	1699	48
1148	3	1	10	11860	681	66
1149	4	8	10	11870	2088	55
1150	4	14	10	11880	6412	54
1151	0	12	30	11890	2032	56
1152	4	14	30	11900	1160	49
1153	4	14	15	11910	378	45
1154	4	14	15	11920	1418	55
1155	0	12	10	11930	4386	70
1156	4	8	10	11940	469	41
1157	4	8	30	11950	1984	41
1158	4	8	10	11960	2512	68
1159	0	12	15	11970	488	60
1160	0	12	15	11980	1157	60
1161	4	8	15	12000	7714	53
1162	4	8	20	12008	5605	51
1163	4	8	30	12016	3600	61
1164	0	12	15	12024	2594	53
1165	3	1	30	12032	1488	48
1166	4	14	30	12040	8175	39
1167	4	14	30	12048	792	48
1168	3	1	30	12056	241	66
1169	4	8	20	12064	1879	62
1170	4	8	20	12072	769	60
1171	3	1	15	12080	206	43
1172	4	14	20	12088	6470	44
1173	3	1	15	12096	3601	46
1174	4	8	15	12104	1749	57
1175	3	1	30	12112	177	50
1176	4	8	30	12120	5613	44
1177	0	12	15	12128	2749	46
1178	0	12	20	12136	108	43
1179	4	14	15	12144	334	42
1180	3	1	15	12152	4112	52
1181	4	8	20	12160	4477	63
1182	3	1	20	12168	7554	45
1183	4	14	10	12176	529	48
1184	4	8	15	12184	102	39
1185	0	12	30	12192	2315	39
1186	4	8	10	12200	3901	60
1187	0	12	20	12208	1956	42
1188	4	14	30	12216	178	51
1189	4	8	30	12224	778	49
1190	4	8	20	12232	4321	51
1191	0	12	15	12240	4177	56
1192	4	14	20	12248	3205	59
1193	4	14	15	12256	98	38
1194	4	14	30	12264	5514	43
1195	3	1	30	12272	4249	69
1196	4	8	20	12280	4453	55
1197	4	14	15	12288	490	41
1198	3	1	20	12296	1729	60
1199	3	1	10	12304	4014	39
1200	3	1	30	12312	9463	39
1201	3	1	10	12320	751	37
1202	3	1	30	12328	1356	53
1203	0	12	20	12336	6089	40
1204	4	14	15	12344	1054	66
1205	4	8	30	12352	5518	46
1206	0	12	15	12400	3632	48
1207	0	12	20	12412	4295	39
1208	4	8	10	12424	5328	59
1209	0	12	20	12436	1179	41
1210	3	1	10	12448	9710	62
1211	0	12	30	12460	3804	66
1212	4	8	10	12472	1812	68
1213	3	1	20	12484	1951	61
1214	3	1	10	12496	2560	44
1215	3	1	30	12508	3448	68
1216	3	1	20	12520	23	44
1217	3	1	20	12532	3975	38
1218	4	14	15	12544	3359	58
1219	4	14	15	12556	153	49
1220	0	12	30	12568	4656	58
1221	3	1	15	12580	2643	67
1222	4	14	30	12592	585	68
1223	4	8	30	12604	8533	52
1224	4	14	30	12616	5013	46
1225	4	8	15	12628	2993	39
1226	4	14	20	12640	2765	55
1227	0	12	10	12652	6006	41
1228	4	14	20	12664	7469	39
1229	4	14	15	12676	4815	59
1230	4	8	10	12688	1859	66
1231	4	8	20	12700	4074	39
1232	3	1	20	12712	631	57
1233	3	1	20	12724	1998	39
1234	0	12	20	12736	765	39
1235	4	14	10	12748	2548	50
1236	4	14	20	12760	1949	45
1237	3	1	10	12772	277	41
1238	4	14	20	12800	8907	53
1239	4	14	20	12810	1297	63
1240	0	12	20	12820	7399	61
1241	4	8	15	12830	13366	57
1242	3	1	20	12840	4208	54
1243	3	1	10	12850	6208	46
1244	3	1	20	12860	1232	58
1245	0	12	30	12870	191	56
1246	4	14	10	12880	1335	59
1247	0	12	30	12890	722	68
1248	0	12	15	12900	3209	65
1249	0	12	30	12910	747	45
1250	4	14	15	12920	4180	61
1251	3	1	10	12930	170	52
1252	0	12	10	12940	3167	53
1253	3	1	15	12950	1503	46
1254	4	8	10	12960	11651	52
1255	4	14	15	12970	2196	42
1256	4	14	10	12980	142	40
1257	0	12	30	12990	2084	37
1258	0	12	30	13000	278	64
1259	3	1	10	13010	4881	62
1260	3	1	10	13020	1146	62
1261	0	12	10	13030	6848	42
1262	4	8	10	13040	6702	70
1263	3	1	20	13050	147	36
1264	4	14	15	13060	8600	46
1265	4	8	20	13070	1274	59
1266	4	8	10	13080	2521	44
1267	3	1	20	13090	14167	64
1268	4	8	10	13100	952	58
1269	3	1	30	13110	6	64
1270	4	14	15	13120	852	58
1271	0	12	20	13130	11189	38
1272	3	1	30	13140	5352	56
1273	4	14	30	13150	1377	66
1274	4	14	20	13160	867	58
1275	4	14	15	13170	5137	37
1276	4	14	30	13180	7154	48
1277	0	12	20	13200	1711	57
1278	4	14	15	13210	3832	64
1279	3	1	10	13220	4406	61
1280	4	8	10	13230	1113	51
1281	3	1	30	13240	1625	58
1282	0	12	30	13250	1022	47
1283	3	1	20	13260	4496	64
1284	0	12	10	13270	211	69
1285	3	1	10	13280	1602	49
1286	4	8	20	13290	385	56
1287	0	12	15	13300	7153	47
1288	4	8	15	13310	2373	58
1289	4	8	10	13320	5571	68
1290	0	12	10	13330	2292	45
1291	3	1	20	13340	15588	44
1292	4	8	15	13350	30967	48
1293	0	12	20	13360	829	61
1294	4	8	20	13370	112	37
1295	0	12	20	13380	94	55
1296	0	12	15	13390	658	57
1297	0	12	30	13400	3814	54
1298	4	14	30	13410	9402	36
1299	0	12	30	13420	19510	70
1300	3	1	30	13430	3461	47
1301	0	12	20	13440	1500	65
1302	4	14	20	13450	12252	45
1303	4	8	20	13460	3194	36
1304	4	8	20	13470	15358	58
1305	4	14	30	13480	4942	58
1306	0	12	10	13490	1449	66
1307	0	12	15	13500	1181	58
1308	3	1	20	13510	503	58
1309	3	1	30	13520	1006	50
1310	4	14	20	13530	3563	64
1311	3	1	15	13540	4644	53
1312	4	8	20	13550	6238	43
1313	4	8	20	13560	2041	38
1314	0	12	30	13600	2478	47
1315	4	14	10	13612	9874	39
1316	4	14	10	13624	3605	66
1317	3	1	20	13636	592	42
1318	3	1	20	13648	16678	37
1319	0	12	15	13660	3224	67
1320	0	12	10	13672	798	38
1321	4	8	20	13684	4030	68
1322	4	8	10	13696	2964	41
1323	0	12	10	13708	2467	61
1324	3	1	30	13720	3333	55
1325	4	8	20	13732	953	49
1326	3	1	10	13744	11218	61
1327	4	8	15	13756	3198	65
1328	3	1	10	13768	1223	65
1329	4	14	30	13780	753	39
1330	3	1	10	13792	3388	51
1331	4	14	10	13804	984	65
1332	0	12	30	13816	2343	57
1333	3	1	15	13828	3912	64
1334	4	14	15	13840	370	49
1335	4	8	20	13852	10654	56
1336	4	14	15	13864	1916	48
1337	3	1	10	13876	4501	46
1338	4	8	30	13888	4770	42
1339	0	12	15	13900	1675	46
1340	3	1	30	13912	105	53
1341	4	8	15	13924	7235	69
1342	3	1	20	13936	5014	59
1343	4	14	20	13948	1019	43
1344	4	8	20	13960	706	39
1345	4	8	20	13972	5534	62
1346	0	12	10	14000	842	37
1347	4	14	20	14010	3664	45
1348	0	12	30	14020	5169	50
1349	3	1	15	14030	477	68
1350	0	12	15	14040	2243	59
1351	4	8	30	14050	56	51
1352	3	1	15	14060	3978	52
1353	4	14	20	14070	1730	39
1354	0	12	30	14080	6673	68
1355	4	8	10	14090	11543	50
1356	4	14	20	14100	6229	59
1357	3	1	20	14110	2716	55
1358	4	14	30	14120	16721	52
1359	0	12	10	14130	5815	45
1360	0	12	20	14140	5876	68
1361	3	1	30	14150	5602	37
1362	3	1	10	14160	19409	63
1363	3	1	20	14170	11711	54
1364	4	14	20	14180	4211	70
1365	0	12	20	14190	1858	70
1366	3	1	20	14200	1116	67
1367	4	14	15	14210	725	49
1368	4	8	15	14220	1490	60
1369	4	14	10	14230	3033	61
1370	0	12	30	14240	3060	62
1371	4	8	10	14250	10030	55
1372	4	8	20	14260	2327	36
1373	4	8	10	14270	4112	61
1374	4	8	15	14280	2997	49
1375	4	14	30	14290	1691	39
1376	4	14	30	14300	10123	44
1377	3	1	20	14310	1417	68
1378	3	1	20	14320	1417	57
1379	0	12	10	14330	6772	63
1380	0	12	20	14340	90	48
1381	4	14	20	14350	1659	51
1382	4	8	15	14360	6974	51
1383	4	14	30	14370	655	67
1384	4	14	20	14400	5427	50
1385	4	8	10	14408	3260	36
1386	4	8	20	14416	3546	49
1387	4	8	15	14424	386	54
1388	4	8	15	14432	6696	67
1389	3	1	10	14440	623	70
1390	4	8	10	14448	607	68
1391	0	12	30	14456	8746	63
1392	4	14	15	14464	4694	65
1393	4	8	30	14472	10652	68
1394	0	12	20	14480	3397	49
1395	0	12	10	14488	1272	52
1396	3	1	15	14496	7430	41
1397	4	14	10	14504	5844	41
1398	4	14	30	14512	3412	44
1399	4	8	10	14520	6247	40
1400	4	14	30	14528	2819	66
1401	0	12	20	14536	97	58
1402	4	8	10	14544	1363	56
1403	0	12	20	14552	861	60
1404	4	8	20	14560	3448	41
1405	3	1	15	14568	2859	40
1406	4	14	10	14576	3402	50
1407	4	8	10	14584	17635	61
1408	4	8	15	14592	6945	61
1409	4	8	10	14600	2514	64
1410	3	1	10	14608	96	41
1411	4	8	30	14616	2700	61
1412	0	12	30	14624	865	68
1413	3	1	20	14632	738	60
1414	4	14	15	14640	5451	67
1415	4	8	30	14648	2250	52
1416	0	12	15	14656	10548	57
1417	3	1	15	14664	7357	67
1418	4	14	10	14672	912	39
1419	3	1	15	14680	393	70
1420	4	14	30	14688	6124	57
1421	0	12	15	14696	656	49
1422	4	8	30	14704	1743	53
1423	4	14	15	14712	729	60
1424	4	8	10	14720	1980	64
1425	4	14	30	14728	4164	70
1426	4	8	20	14736	1034	61
1427	0	12	30	14744	2860	39
1428	0	12	20	14752	290	48
1429	4	8	10	14760	1176	67
1430	0	12	15	14768	2778	69
1431	0	12	30	14776	661	39
1432	3	1	20	14784	5155	60
1433	4	8	20	14792	2838	53
1434	0	12	15	14800	1485	67
1435	4	14	30	14807	25085	60
1436	4	8	15	14814	208	65
1437	4	8	30	14821	3990	61
1438	4	8	10	14828	3406	62
1439	0	12	10	14835	1054	46
1440	4	8	10	14842	16665	56
1441	4	14	20	14849	3666	58
1442	4	14	30	14856	1249	63
1443	0	12	15	14863	1697	38
1444	0	12	30	14870	513	64
1445	0	12	10	14877	4200	42
1446	0	12	30	14884	4726	65
1447	0	12	30	14891	2953	40
1448	4	8	15	14898	824	36
1449	4	14	20	14905	612	67
1450	4	14	20	14912	1686	66
1451	0	12	10	14919	11	45
1452	4	14	30	14926	3320	37
1453	4	8	15	14933	2617	44
1454	3	1	10	14940	26	54
1455	3	1	20	14947	1750	53
1456	4	14	30	14954	4445	41
1457	3	1	30	14961	520	66
1458	3	1	20	14968	6504	66
1459	3	1	20	14975	10682	42
1460	0	12	30	14982	1330	49
1461	4	14	15	14989	255	47
1462	0	12	20	14996	9997	49
1463	4	14	10	15003	3366	64
1464	4	8	20	15010	13514	66
1465	3	1	15	15017	8203	38
1466	3	1	15	15024	5817	37
1467	3	1	15	15031	4637	50
1468	4	8	15	15038	7818	63
1469	4	14	15	15045	5480	42
1470	0	12	20	15052	1908	57
1471	4	14	20	15059	1410	66
1472	0	12	10	15066	1246	40
1473	3	1	30	15073	14325	64
1474	4	8	15	15080	462	50
1475	4	14	10	15087	811	69
1476	4	8	15	15094	8585	56
1477	0	12	20	15101	29	50
1478	4	14	15	15108	189	67
1479	4	8	30	15115	5394	58
1480	3	1	10	15122	12296	40
1481	4	8	20	15129	4892	56
1482	3	1	15	15136	1570	38
1483	4	8	30	15143	10520	51
1484	3	1	15	15150	9664	36
1485	4	14	15	15157	2756	59
1486	0	12	10	15164	3550	37
1487	4	8	15	15171	1119	51
1488	4	14	15	15178	2785	70
1489	3	1	20	15185	12478	49
1490	0	12	10	15200	1585	55
1491	3	1	20	15209	10568	70
1492	3	1	10	15218	7039	66
1493	4	14	20	15227	4114	55
1494	4	14	15	15236	11895	67
1495	4	8	30	15245	10230	44
1496	4	14	30	15254	4586	44
1497	4	14	30	15263	4806	70
1498	4	14	20	15272	1911	43
1499	3	1	20	15281	1146	61
1500	4	8	30	15290	8604	41
1501	4	8	20	15299	27	50
1502	4	14	20	15308	4359	48
1503	3	1	30	15317	2321	64
1504	4	14	10	15326	5751	46
1505	4	14	10	15335	192	36
1506	0	12	30	15344	5313	40
1507	4	8	30	15353	3584	43
1508	4	14	30	15362	1854	65
1509	3	1	30	15371	6925	55
1510	4	8	15	15380	2549	68
1511	3	1	15	15389	4355	61
1512	4	14	15	15398	315	69
1513	0	12	20	15407	259	44
1514	4	14	20	15416	15094	38
1515	4	14	10	15425	3443	64
1516	0	12	30	15434	5346	44
1517	4	14	30	15443	18390	69
1518	4	8	20	15452	4295	63
1519	4	8	10	15461	2524	42
1520	4	8	15	15470	1330	36
1521	4	8	10	15479	2954	56
1522	4	14	30	15488	816	51
1523	4	14	20	15497	9313	50
1524	3	1	15	15506	2169	57
1525	4	8	30	15515	2396	58
1526	4	8	15	15524	2533	70
1527	4	8	20	15533	3926	55
1528	3	1	20	15542	94	67
1529	4	14	20	15551	826	41
1530	0	12	10	15560	2783	61
1531	4	8	15	15569	812	57
1532	4	8	30	15578	3950	42
1533	4	8	30	15587	6378	42
1534	0	12	10	15600	7773	52
1535	0	12	15	15608	11738	60
1536	3	1	10	15616	171	44
1537	0	12	15	15624	8631	45
1538	4	8	20	15632	723	41
1539	3	1	10	15640	7974	36
1540	4	14	20	15648	5756	54
1541	4	14	10	15656	22578	64
1542	4	8	15	15664	8261	57
1543	0	12	15	15672	4541	51
1544	0	12	15	15680	2650	52
1545	3	1	30	15688	4360	64
1546	4	14	15	15696	7668	36
1547	4	8	20	15704	5793	57
1548	4	14	30	15712	4380	53
1549	0	12	10	15720	1859	39
1550	4	8	30	15728	819	70
1551	0	12	10	15736	4715	46
1552	4	8	10	15744	167	42
1553	4	8	15	15752	9718	36
1554	0	12	15	15760	13544	60
1555	0	12	20	15768	1793	55
1556	3	1	20	15776	6909	70
1557	4	14	30	15784	5727	68
1558	4	14	20	15792	87	42
1559	4	8	15	15800	1495	58
1560	3	1	30	15808	3448	36
1561	4	14	15	15816	465	55
1562	3	1	15	15824	3363	47
1563	0	12	15	15832	814	59
1564	3	1	20	15840	1552	65
1565	0	12	30	15848	1355	46
1566	0	12	15	15856	145	54
1567	4	8	15	15864	1307	63
1568	0	12	15	15872	923	62
1569	3	1	10	15880	122	48
1570	4	8	10	15888	3064	56
1571	0	12	15	15896	7665	70
1572	4	8	15	15904	6961	63
1573	4	14	20	15912	6328	63
1574	3	1	20	15920	4884	59
1575	3	1	10	15928	1350	43
1576	4	14	30	15936	4188	69
1577	3	1	20	15944	2820	70
1578	4	14	15	15952	2165	68
1579	0	12	20	15960	5623	63
1580	4	8	20	15968	3642	57
1581	4	14	20	15976	4871	49
1582	4	8	20	16000	12855	38
1583	3	1	15	16011	4217	64
1584	3	1	20	16022	6	41
1585	4	14	10	16033	6621	50
1586	4	14	15	16044	616	50
1587	0	12	20	16055	5029	42
1588	4	8	20	16066	7107	52
1589	0	12	15	16077	2735	67
1590	3	1	20	16088	532	60
1591	3	1	10	16099	1318	46
1592	0	12	30	16110	7947	38
1593	0	12	10	16121	7683	53
1594	4	14	15	16132	1348	70
1595	0	12	15	16143	4234	70
1596	0	12	20	16154	2233	53
1597	4	8	30	16165	4671	68
1598	4	8	20	16176	1766	57
1599	4	14	15	16187	877	41
1600	4	8	20	16198	3955	46
1601	4	8	30	16209	3414	44
1602	4	8	10	16220	3274	65
1603	0	12	20	16231	4034	40
1604	3	1	10	16242	7244	54
1605	0	12	20	16253	1616	36
1606	3	1	30	16264	8093	53
1607	3	1	20	16275	1132	49
1608	3	1	30	16286	926	48
1609	4	8	10	16297	4552	53
1610	0	12	30	16308	4983	57
1611	4	14	10	16319	1520	36
1612	0	12	20	16330	1680	36
1613	4	14	30	16341	1240	49
1614	0	12	30	16352	5008	37
1615	3	1	10	16363	8270	58
1616	4	8	20	16374	650	53
1617	4	14	10	16385	9958	53
1618	3	1	30	16400	807	53
1619	3	1	20	16409	2875	50
1620	0	12	15	16418	624	67
1621	0	12	20	16427	1543	48
1622	0	12	20	16436	2376	46
1623	4	14	30	16445	4961	65
1624	0	12	20	16454	9440	59
1625	4	14	30	16463	1173	45
1626	0	12	15	16472	18417	67
1627	4	8	10	16481	14165	46
1628	0	12	10	16490	2839	63
1629	3	1	15	16499	213	60
1630	4	8	20	16508	7828	60
1631	4	8	30	16517	12884	37
1632	0	12	30	16526	645	49
1633	4	14	30	16535	999	63
1634	3	1	10	16544	542	53
1635	4	14	20	16553	95	49
1636	3	1	15	16562	627	54
1637	0	12	30	16571	1569	68
1638	0	12	10	16580	6750	46
1639	4	8	30	16589	4424	41
1640	4	8	10	16598	11333	67
1641	4	8	30	16607	9066	36
1642	4	8	30	16616	2843	64
1643	4	14	20	16625	655	70
1644	4	14	20	16634	6112	46
1645	4	14	15	16643	6607	60
1646	3	1	20	16652	11108	46
1647	0	12	10	16661	3627	59
1648	4	14	15	16670	600	52
1649	0	12	10	16679	2128	48
1650	3	1	20	16688	2797	52
1651	4	8	20	16697	2859	70
1652	4	14	10	16706	2822	51
1653	4	14	10	16715	7439	42
1654	4	14	30	16724	214	45
1655	4	8	30	16733	1471	68
1656	4	8	10	16742	539	68
1657	4	8	15	16751	7540	70
1658	0	12	10	16760	5233	52
1659	4	14	10	16769	3491	44
1660	0	12	10	16778	1676	39
1661	4	8	30	16800	9083	43
1662	4	8	15	16813	5360	57
1663	0	12	15	16826	672	59
1664	4	14	20	16839	6878	64
1665	3	1	30	16852	5581	55
1666	3	1	15	16865	732	58
1667	0	12	20	16878	520	43
1668	0	12	30	16891	602	66
1669	0	12	10	16904	4691	58
1670	4	14	20	16917	5211	39
1671	0	12	20	16930	6983	55
1672	4	14	30	16943	430	43
1673	0	12	30	16956	2883	48
1674	4	8	15	16969	3389	54
1675	4	14	20	16982	1141	66
1676	3	1	30	16995	6671	54
1677	4	8	10	17008	1408	47
1678	0	12	15	17021	10506	54
1679	4	8	10	17034	409	70
1680	0	12	15	17047	1522	69
1681	4	14	15	17060	2002	43
1682	4	8	20	17073	7126	65
1683	4	14	30	17086	402	51
1684	4	14	20	17099	3185	43
1685	0	12	30	17112	1710	60
1686	3	1	30	17125	2419	56
1687	4	8	30	17138	1453	42
1688	0	12	30	17151	739	53
1689	4	8	15	17164	6837	56
1690	3	1	15	17200	9107	52
1691	4	8	10	17209	1409	55
1692	0	12	30	17218	3613	52
1693	0	12	30	17227	1059	37
1694	4	8	20	17236	1582	38
1695	4	14	15	17245	181	60
1696	4	14	15	17254	688	50
1697	0	12	15	17263	1748	41
1698	4	14	10	17272	1604	42
1699	0	12	20	17281	125	62
1700	0	12	10	17290	4098	38
1701	4	8	30	17299	6766	38
1702	4	14	15	17308	2437	64
1703	3	1	15	17317	2382	64
1704	4	8	15	17326	4612	45
1705	4	8	30	17335	4527	68
1706	3	1	30	17344	2101	63
1707	3	1	10	17353	19616	39
1708	4	8	20	17362	1274	59
1709	4	14	15	17371	6519	50
1710	3	1	30	17380	2744	49
1711	0	12	10	17389	7074	56
1712	4	8	30	17398	10128	51
1713	3	1	10	17407	4003	52
1714	3	1	30	17416	1235	45
1715	0	12	30	17425	11868	66
1716	0	12	10	17434	269	48
1717	3	1	15	17443	4113	41
1718	0	12	20	17452	3723	52
1719	4	14	20	17461	2561	39
1720	0	12	10	17470	1417	70
1721	0	12	20	17479	7938	51
1722	0	12	20	17488	12252	61
1723	3	1	15	17497	1547	46
1724	3	1	20	17506	6303	42
1725	3	1	20	17515	2257	55
1726	4	14	30	17524	1049	39
1727	3	1	30	17533	8138	42
1728	3	1	10	17542	827	45
1729	3	1	30	17551	2995	64
1730	4	14	10	17560	377	51
1731	3	1	15	17569	2444	49
1732	4	8	30	17578	13567	41
1733	4	14	30	17587	9087	63
1734	0	12	30	17600	2436	68
1735	4	14	15	17610	2778	67
1736	4	14	10	17620	11092	50
1737	3	1	15	17630	1930	37
1738	3	1	15	17640	2119	42
1739	3	1	30	17650	8204	46
1740	4	8	10	17660	11200	68
1741	0	12	20	17670	2474	53
1742	0	12	10	17680	129	54
1743	0	12	20	17690	1814	39
1744	4	14	15	17700	1557	42
1745	3	1	15	17710	281	66
1746	0	12	10	17720	1889	39
1747	4	8	20	17730	13114	70
1748	3	1	10	17740	13653	62
1749	4	8	30	17750	1900	42
1750	4	14	10	17760	15506	47
1751	4	8	30	17770	2900	44
1752	0	12	20	17780	5517	60
1753	4	14	15	17790	7792	38
1754	0	12	20	17800	5273	62
1755	0	12	20	17810	6029	57
1756	0	12	15	17820	7936	48
1757	4	8	30	17830	582	53
1758	0	12	20	17840	4264	58
1759	4	14	30	17850	1167	61
1760	4	8	10	17860	2368	65
1761	0	12	30	17870	3101	57
1762	4	14	10	17880	6553	64
1763	4	14	20	17890	5476	65
1764	4	14	10	17900	5005	69
1765	4	14	15	17910	159	36
1766	3	1	10	17920	7953	51
1767	3	1	10	17930	95	58
1768	3	1	10	17940	775	55
1769	4	14	15	17950	5791	49
1770	0	12	30	17960	44	51
1771	4	8	30	17970	4587	47
1772	4	14	10	17980	1051	70
1773	3	1	30	18000	5302	41
1774	3	1	20	18010	3051	42
1775	4	14	15	18020	7257	52
1776	0	12	15	18030	7102	67
1777	4	14	10	18040	3552	57
1778	4	14	10	18050	25554	39
1779	0	12	15	18060	5167	46
1780	4	8	15	18070	224	51
1781	3	1	15	18080	1250	39
1782	0	12	30	18090	9298	50
1783	4	8	15	18100	6614	39
1784	3	1	30	18110	3174	52
1785	3	1	15	18120	3416	42
1786	4	8	30	18130	4937	59
1787	4	8	20	18140	461	38
1788	3	1	10	18150	718	36
1789	0	12	15	18160	4529	46
1790	3	1	10	18170	4067	55
1791	3	1	15	18180	6479	68
1792	3	1	20	18190	5195	49
1793	4	14	20	18200	689	52
1794	0	12	20	18210	2210	52
1795	4	8	10	18220	2041	47
1796	0	12	20	18230	4263	60
1797	4	8	15	18240	1348	60
1798	4	8	15	18250	4208	40
1799	4	14	30	18260	1332	41
1800	4	14	10	18270	916	51
1801	3	1	30	18280	1740	51
1802	4	14	15	18290	6168	50
1803	3	1	20	18300	903	49
1804	4	8	10	18310	1830	62
1805	3	1	10	18320	1409	36
1806	3	1	30	18330	1340	45
1807	4	8	20	18340	56	54
1808	4	8	20	18350	1564	67
1809	0	12	10	18360	9029	46
1810	4	14	10	18370	11816	61
1811	0	12	10	18380	1280	61
1812	4	8	20	18390	589	49
1813	0	12	10	18400	10661	47
1814	4	8	20	18409	884	45
1815	4	14	30	18418	786	61
1816	4	14	30	18427	4056	42
1817	3	1	20	18436	23342	61
1818	0	12	30	18445	881	48
1819	4	8	30	18454	601	63
1820	4	8	20	18463	1602	48
1821	0	12	20	18472	5612	48
1822	4	14	30	18481	7841	58
1823	3	1	30	18490	2761	45
1824	0	12	15	18499	541	65
1825	4	8	15	18508	937	54
1826	4	14	15	18517	12421	68
1827	0	12	15	18526	302	54
1828	4	8	15	18535	1482	60
1829	0	12	20	18544	575	66
1830	4	14	20	18553	801	62
1831	4	14	30	18562	3144	43
1832	3	1	20	18571	11104	53
1833	4	14	15	18580	5019	69
1834	0	12	10	18589	2938	65
1835	4	14	15	18598	4840	36
1836	3	1	30	18607	2633	59
1837	4	8	15	18616	4816	37
1838	0	12	10	18625	2329	48
1839	0	12	20	18634	1155	52
1840	4	14	15	18643	1368	68
1841	0	12	10	18652	4750	41
1842	4	14	30	18661	6152	42
1843	4	8	10	18670	1253	61
1844	0	12	15	18679	5234	55
1845	3	1	30	18688	1812	64
1846	4	8	20	18697	4374	54
1847	4	8	15	18706	6372	38
1848	3	1	10	18715	12855	42
1849	4	8	30	18724	1130	61
1850	4	8	10	18733	5749	40
1851	3	1	10	18742	4297	70
1852	0	12	20	18751	370	48
1853	4	14	20	18760	2863	48
1854	4	8	10	18769	12251	64
1855	4	14	20	18778	2396	39
1856	3	1	10	18800	2722	64
1857	4	8	20	18811	1355	41
1858	4	8	10	18822	313	55
1859	4	14	20	18833	689	43
1860	3	1	30	18844	1672	38
1861	3	1	15	18855	952	61
1862	0	12	15	18866	4872	64
1863	4	8	10	18877	841	37
1864	4	8	20	18888	5005	54
1865	0	12	10	18899	2066	54
1866	4	8	20	18910	1639	44
1867	3	1	15	18921	2194	51
1868	0	12	30	18932	2110	52
1869	4	8	10	18943	2745	45
1870	0	12	30	18954	4763	38
1871	3	1	20	18965	11072	41
1872	4	8	20	18976	3244	48
1873	4	14	15	18987	11749	66
1874	4	8	15	18998	7583	66
1875	4	8	20	19009	4032	43
1876	0	12	20	19020	13893	41
1877	3	1	30	19031	3567	67
1878	4	8	15	19042	5856	61
1879	3	1	15	19053	5748	36
1880	0	12	20	19064	3140	36
1881	4	8	30	19075	690	66
1882	4	8	15	19086	479	47
1883	0	12	15	19097	262	70
1884	3	1	15	19108	1858	61
1885	4	8	20	19119	2961	63
1886	3	1	15	19130	2435	65
1887	4	14	30	19141	2223	40
1888	3	1	10	19152	5736	41
1889	4	8	20	19163	288	62
1890	0	12	15	19174	933	43
1891	4	8	10	19200	866	54
1892	4	14	10	19210	3919	52
1893	0	12	20	19220	1331	40
1894	3	1	20	19230	9592	50
1895	4	8	10	19240	324	42
1896	4	14	20	19250	18791	47
1897	3	1	20	19260	3620	40
1898	4	14	15	19270	3240	42
1899	0	12	10	19280	1580	37
1900	0	12	10	19290	113	55
1901	3	1	15	19300	1112	38
1902	4	8	15	19310	1955	56
1903	0	12	30	19320	2488	68
1904	0	12	30	19330	3194	59
1905	4	14	20	19340	6976	69
1906	0	12	20	19350	434	57
1907	4	8	10	19360	609	52
1908	4	8	15	19370	4332	53
1909	4	14	20	19380	1531	56
1910	3	1	30	19390	2628	68
1911	4	14	10	19400	9355	67
1912	4	14	10	19410	2925	51
1913	4	14	30	19420	1501	54
1914	4	14	30	19430	3811	43
1915	4	8	10	19440	809	43
1916	0	12	30	19450	415	50
1917	4	14	30	19460	4092	65
1918	3	1	30	19470	6818	46
1919	0	12	10	19480	847	62
1920	4	8	30	19490	11785	59
1921	3	1	30	19500	9623	39
1922	0	12	10	19510	4321	46
1923	4	14	15	19520	1664	61
1924	4	8	30	19530	1361	38
1925	3	1	30	19540	2782	54
1926	3	1	20	19550	1499	59
1927	0	12	30	19560	1272	44
1928	4	8	20	19570	154	52
1929	0	12	10	19580	5912	59
1930	3	1	30	19600	4133	66
1931	3	1	30	19610	1870	37
1932	3	1	20	19620	142	61
1933	4	8	15	19630	2336	59
1934	3	1	10	19640	5302	51
1935	4	8	15	19650	1433	68
1936	0	12	15	19660	5910	45
1937	4	8	20	19670	4197	50
1938	0	12	20	19680	2882	46
1939	4	14	30	19690	3161	63
1940	0	12	10	19700	2179	41
1941	4	8	10	19710	1511	49
1942	4	8	20	19720	5792	58
1943	3	1	15	19730	2344	55
1944	3	1	30	19740	3546	65
1945	4	8	15	19750	1452	46
1946	3	1	30	19760	4509	39
1947	0	12	15	19770	1493	69
1948	4	8	20	19780	4420	68
1949	0	12	20	19790	5176	42
1950	4	8	10	19800	15475	63
1951	0	12	20	19810	1725	53
1952	4	14	30	19820	6007	65
1953	4	14	15	19830	1812	50
1954	3	1	15	19840	1904	48
1955	4	8	15	19850	503	51
1956	3	1	10	19860	3491	63
1957	3	1	10	19870	189	66
1958	4	14	10	19880	767	66
1959	4	8	10	19890	200	40
1960	0	12	30	19900	2874	45
1961	0	12	20	19910	7098	49
1962	4	14	15	19920	436	70
1963	4	8	10	19930	8811	64
1964	4	8	30	19940	4483	61
1965	4	14	30	19950	457	67
1966	4	8	15	19960	8118	41
1967	3	1	30	19970	317	62
1968	4	8	20	20000	3457	38
1969	4	8	20	20012	1502	46
1970	0	12	20	20024	2120	68
1971	3	1	15	20036	2383	36
1972	4	14	15	20048	543	54
1973	3	1	30	20060	1268	54
1974	0	12	10	20072	5891	56
1975	4	14	20	20084	4007	45
1976	0	12	10	20096	625	52
1977	4	8	20	20108	978	61
1978	0	12	20	20120	5583	67
1979	4	14	15	20132	16522	62
1980	0	12	30	20144	6974	51
1981	3	1	10	20156	4	61
1982	3	1	15	20168	3701	47
1983	0	12	10	20180	1496	45
1984	3	1	10	20192	6296	67
1985	4	8	10	20204	1391	49
1986	3	1	10	20216	3627	43
1987	4	14	15	20228	4441	46
1988	3	1	10	20240	262	46
1989	0	12	20	20252	3829	70
1990	3	1	10	20264	5075	40
1991	3	1	15	20276	5171	50
1992	3	1	15	20288	2578	54
1993	3	1	15	20300	2499	42
1994	3	1	30	20312	137	53
1995	0	12	15	20324	3563	63
1996	4	8	30	20336	948	49
1997	0	12	15	20348	8333	64
1998	0	12	20	20360	5870	65
1999	4	14	30	20372	2614	68
