0	3	1	30	0	2147483647	93
1	4	8	10	5	2147483647	70
2	3	1	15	10	2147483647	92
3	0	12	15	15	2147483647	94
4	0	12	30	20	2147483647	94
5	3	1	20	25	2147483647	78
6	0	12	20	30	2147483647	100
7	3	1	20	35	2147483647	102
8	4	8	30	40	2147483647	74
9	3	1	30	45	2147483647	72
10	4	8	30	50	2147483647	94
11	4	14	10	55	2147483647	104
12	4	14	15	60	2147483647	105
13	3	1	20	65	2147483647	94
14	4	8	10	70	2147483647	86
15	0	12	10	75	2147483647	76
16	4	8	15	80	2147483647	86
17	0	12	30	85	2147483647	94
18	4	8	20	90	2147483647	76
19	0	12	30	95	2147483647	88
20	4	14	30	100	2147483647	95
21	4	8	10	105	2147483647	105
22	4	14	20	110	2147483647	103
23	0	12	30	115	2147483647	91
24	3	1	30	120	2147483647	85
25	0	12	10	125	2147483647	72
26	0	12	10	130	2147483647	91
27	4	8	10	135	2147483647	81
28	4	8	10	140	2147483647	82
29	4	14	20	145	2147483647	78
30	3	1	20	150	2147483647	89
31	3	1	30	155	2147483647	76
32	4	14	10	160	2147483647	98
33	4	8	20	165	2147483647	96
34	0	12	10	170	2147483647	105
35	3	1	10	175	2147483647	75
36	4	8	15	180	2147483647	89
37	3	1	20	185	2147483647	72
38	3	1	30	190	2147483647	80
39	4	14	20	195	2147483647	87
40	4	14	20	200	2147483647	101
41	4	14	10	205	2147483647	71
42	4	14	10	210	2147483647	73
43	0	12	15	215	2147483647	99
44	0	12	30	220	2147483647	101
45	3	1	30	225	2147483647	98
46	0	12	30	230	2147483647	86
47	4	14	15	235	2147483647	101
48	4	8	30	240	2147483647	97
49	4	8	30	245	2147483647	99
50	3	1	15	250	2147483647	82
51	3	1	20	255	2147483647	91
52	4	8	30	260	2147483647	84
53	0	12	30	265	2147483647	73
54	0	12	30	270	2147483647	97
55	0	12	20	275	2147483647	94
56	4	8	20	280	2147483647	73
57	4	8	20	285	2147483647	70
58	3	1	20	290	2147483647	79
59	0	12	30	295	2147483647	92
60	4	8	20	300	2147483647	92
61	3	1	15	305	2147483647	89
62	4	8	15	310	2147483647	89
63	3	1	15	315	2147483647	102
64	4	14	15	320	2147483647	88
65	3	1	10	325	2147483647	88
66	0	12	30	330	2147483647	76
67	3	1	20	335	2147483647	78
68	3	1	15	340	2147483647	94
69	3	1	10	345	2147483647	80
70	3	1	20	350	2147483647	92
71	4	14	30	355	2147483647	83
72	4	8	30	360	2147483647	83
73	3	1	30	365	2147483647	94
74	0	12	15	370	2147483647	92
75	0	12	30	375	2147483647	94
76	3	1	10	380	2147483647	101
77	3	1	10	385	2147483647	74
78	4	14	30	390	2147483647	96
79	0	12	10	395	2147483647	92
80	0	12	10	400	2147483647	91
81	4	8	20	405	2147483647	96
82	0	12	10	410	2147483647	90
83	0	12	10	415	2147483647	89
84	0	12	15	420	2147483647	101
85	0	12	30	425	2147483647	103
86	4	8	30	430	2147483647	98
87	3	1	15	435	2147483647	94
88	4	8	30	440	2147483647	105
89	4	14	15	445	2147483647	81
90	4	8	20	450	2147483647	72
91	4	14	30	455	2147483647	88
92	4	14	10	460	2147483647	99
93	3	1	30	465	2147483647	94
94	4	8	30	470	2147483647	101
95	4	8	10	475	2147483647	81
96	3	1	30	480	2147483647	87
97	0	12	20	485	2147483647	77
98	0	12	10	490	2147483647	80
99	3	1	20	495	2147483647	83
100	4	8	30	500	2147483647	92
101	3	1	15	505	2147483647	78
102	4	8	10	510	2147483647	76
103	3	1	30	515	2147483647	86
104	3	1	15	520	2147483647	76
105	4	14	15	525	2147483647	105
106	0	12	20	530	2147483647	78
107	4	14	30	535	2147483647	96
108	0	12	15	540	2147483647	87
109	0	12	10	545	2147483647	73
110	3	1	20	550	2147483647	99
111	3	1	15	555	2147483647	105
112	3	1	20	560	2147483647	80
113	3	1	20	565	2147483647	92
114	0	12	30	570	2147483647	70
115	0	12	10	575	2147483647	102
116	3	1	10	580	2147483647	105
117	4	8	10	585	2147483647	105
118	4	8	30	590	2147483647	70
119	4	14	15	595	2147483647	90
120	4	8	10	600	2147483647	96
121	4	8	20	605	2147483647	88
122	4	8	30	610	2147483647	78
123	3	1	30	615	2147483647	83
124	4	8	20	620	2147483647	78
125	4	14	30	625	2147483647	73
126	4	14	30	630	2147483647	89
127	4	14	10	635	2147483647	94
128	4	8	30	640	2147483647	99
129	4	14	15	645	2147483647	80
130	3	1	30	650	2147483647	76
131	3	1	15	655	2147483647	93
132	3	1	30	660	2147483647	99
133	4	8	15	665	2147483647	82
134	3	1	10	670	2147483647	70
135	3	1	20	675	2147483647	82
136	4	14	20	680	2147483647	89
137	4	8	15	685	2147483647	73
138	4	8	30	690	2147483647	82
139	4	8	30	695	2147483647	102
140	0	12	15	700	2147483647	95
141	3	1	30	705	2147483647	71
142	3	1	30	710	2147483647	77
143	0	12	30	715	2147483647	102
144	4	8	30	720	2147483647	87
145	3	1	10	725	2147483647	72
146	4	8	15	730	2147483647	77
147	4	8	15	735	2147483647	77
148	3	1	10	740	2147483647	93
149	0	12	30	745	2147483647	104
150	4	14	30	750	2147483647	82
151	0	12	20	755	2147483647	88
152	3	1	20	760	2147483647	76
153	4	8	30	765	2147483647	95
154	0	12	15	770	2147483647	93
155	4	14	10	775	2147483647	74
156	0	12	15	780	2147483647	105
157	3	1	10	785	2147483647	99
158	0	12	15	790	2147483647	77
159	3	1	15	795	2147483647	73
160	4	14	20	800	2147483647	85
161	4	8	20	805	2147483647	89
162	4	8	30	810	2147483647	103
163	4	8	10	815	2147483647	76
164	3	1	10	820	2147483647	102
165	0	12	10	825	2147483647	75
166	0	12	15	830	2147483647	75
167	0	12	15	835	2147483647	104
168	4	14	15	840	2147483647	91
169	3	1	10	845	2147483647	94
170	0	12	15	850	2147483647	83
171	0	12	30	855	2147483647	101
172	4	14	15	860	2147483647	92
173	0	12	10	865	2147483647	74
174	3	1	10	870	2147483647	101
175	4	14	15	875	2147483647	94
176	4	14	20	880	2147483647	80
177	0	12	10	885	2147483647	82
178	4	8	10	890	2147483647	101
179	4	14	15	895	2147483647	75
180	4	8	15	900	2147483647	101
181	3	1	15	905	2147483647	82
182	4	8	10	910	2147483647	70
183	4	8	10	915	2147483647	100
184	4	14	15	920	2147483647	104
185	4	8	15	925	2147483647	93
186	4	14	30	930	2147483647	86
187	0	12	10	935	2147483647	74
188	0	12	30	940	2147483647	95
189	3	1	10	945	2147483647	102
190	4	8	15	950	2147483647	83
191	4	8	15	955	2147483647	96
192	4	8	10	960	2147483647	102
193	3	1	15	965	2147483647	79
194	4	8	15	970	2147483647	87
195	3	1	20	975	2147483647	75
196	0	12	10	980	2147483647	74
197	0	12	30	985	2147483647	70
198	3	1	20	990	2147483647	105
199	0	12	30	995	2147483647	81
200	4	8	20	1000	2147483647	103
201	0	12	10	1005	2147483647	79
202	4	8	10	1010	2147483647	91
203	4	14	30	1015	2147483647	105
204	4	14	15	1020	2147483647	90
205	4	14	10	1025	2147483647	87
206	4	8	15	1030	2147483647	101
207	3	1	20	1035	2147483647	72
208	3	1	30	1040	2147483647	100
209	4	8	10	1045	2147483647	104
210	4	14	15	1050	2147483647	99
211	0	12	15	1055	2147483647	93
212	0	12	10	1060	2147483647	103
213	4	8	30	1065	2147483647	71
214	4	8	10	1070	2147483647	78
215	4	8	15	1075	2147483647	72
216	0	12	20	1080	2147483647	88
217	0	12	30	1085	2147483647	72
218	4	8	20	1090	2147483647	77
219	4	8	20	1095	2147483647	78
220	0	12	15	1100	2147483647	94
221	0	12	15	1105	2147483647	71
222	0	12	15	1110	2147483647	78
223	4	8	15	1115	2147483647	95
224	0	12	30	1120	2147483647	81
225	4	14	30	1125	2147483647	93
226	3	1	20	1130	2147483647	104
227	0	12	30	1135	2147483647	83
228	3	1	30	1140	2147483647	92
229	0	12	15	1145	2147483647	95
230	3	1	15	1150	2147483647	89
231	4	14	30	1155	2147483647	80
232	3	1	15	1160	2147483647	82
233	0	12	15	1165	2147483647	89
234	4	8	30	1170	2147483647	78
235	4	8	15	1175	2147483647	91
236	0	12	10	1180	2147483647	96
237	4	8	10	1185	2147483647	71
238	4	8	20	1190	2147483647	80
239	0	12	15	1195	2147483647	87
240	4	14	10	1200	2147483647	98
241	4	8	10	1205	2147483647	83
242	4	8	15	1210	2147483647	80
243	3	1	20	1215	2147483647	96
244	3	1	20	1220	2147483647	73
245	0	12	30	1225	2147483647	95
246	0	12	15	1230	2147483647	98
247	0	12	15	1235	2147483647	100
248	4	8	15	1240	2147483647	71
249	0	12	30	1245	2147483647	84
250	3	1	10	1250	2147483647	93
251	0	12	10	1255	2147483647	72
252	3	1	10	1260	2147483647	99
253	4	8	10	1265	2147483647	97
254	0	12	15	1270	2147483647	93
255	4	8	15	1275	2147483647	101
256	0	12	20	1280	2147483647	71
257	0	12	30	1285	2147483647	102
258	4	14	30	1290	2147483647	94
259	0	12	15	1295	2147483647	103
260	0	12	15	1300	2147483647	88
261	0	12	15	1305	2147483647	87
262	4	14	20	1310	2147483647	86
263	3	1	20	1315	2147483647	74
264	3	1	30	1320	2147483647	84
265	0	12	15	1325	2147483647	89
266	4	8	30	1330	2147483647	81
267	4	14	30	1335	2147483647	83
268	4	14	30	1340	2147483647	99
269	0	12	20	1345	2147483647	92
270	0	12	10	1350	2147483647	81
271	4	14	15	1355	2147483647	87
272	4	14	10	1360	2147483647	97
273	4	8	15	1365	2147483647	96
274	4	8	15	1370	2147483647	86
275	4	14	10	1375	2147483647	81
276	4	14	10	1380	2147483647	97
277	4	8	30	1385	2147483647	87
278	3	1	20	1390	2147483647	91
279	4	14	30	1395	2147483647	91
280	3	1	20	1400	2147483647	100
281	3	1	15	1405	2147483647	74
282	4	14	20	1410	2147483647	82
283	3	1	30	1415	2147483647	77
284	4	8	10	1420	2147483647	72
285	3	1	10	1425	2147483647	87
286	0	12	30	1430	2147483647	86
287	4	8	15	1435	2147483647	91
288	0	12	30	1440	2147483647	102
289	0	12	20	1445	2147483647	82
290	0	12	20	1450	2147483647	89
291	0	12	15	1455	2147483647	99
292	3	1	10	1460	2147483647	83
293	0	12	10	1465	2147483647	83
294	0	12	10	1470	2147483647	105
295	3	1	30	1475	2147483647	80
296	4	8	15	1480	2147483647	103
297	3	1	30	1485	2147483647	75
298	0	12	20	1490	2147483647	82
299	3	1	10	1495	2147483647	90
300	4	14	10	1500	2147483647	84
301	0	12	20	1505	2147483647	85
302	0	12	15	1510	2147483647	71
303	4	8	20	1515	2147483647	84
304	4	14	30	1520	2147483647	72
305	4	14	20	1525	2147483647	75
306	0	12	30	1530	2147483647	80
307	4	8	20	1535	2147483647	72
308	4	14	20	1540	2147483647	80
309	0	12	10	1545	2147483647	82
310	4	8	15	1550	2147483647	74
311	3	1	20	1555	2147483647	90
312	3	1	10	1560	2147483647	80
313	4	14	10	1565	2147483647	72
314	4	8	30	1570	2147483647	72
315	3	1	30	1575	2147483647	84
316	4	8	30	1580	2147483647	74
317	4	8	30	1585	2147483647	78
318	4	8	15	1590	2147483647	72
319	4	14	30	1595	2147483647	103
320	4	14	20	1600	2147483647	72
321	0	12	20	1605	2147483647	95
322	4	14	30	1610	2147483647	86
323	3	1	15	1615	2147483647	86
324	4	14	10	1620	2147483647	72
325	0	12	20	1625	2147483647	87
326	4	8	15	1630	2147483647	74
327	3	1	10	1635	2147483647	84
328	4	8	10	1640	2147483647	97
329	3	1	20	1645	2147483647	75
330	3	1	20	1650	2147483647	83
331	0	12	10	1655	2147483647	91
332	4	8	15	1660	2147483647	75
333	4	14	20	1665	2147483647	71
334	0	12	30	1670	2147483647	77
335	3	1	30	1675	2147483647	84
336	4	8	30	1680	2147483647	72
337	4	8	30	1685	2147483647	104
338	3	1	10	1690	2147483647	74
339	3	1	15	1695	2147483647	102
340	3	1	10	1700	2147483647	77
341	4	14	15	1705	2147483647	83
342	4	8	30	1710	2147483647	80
343	0	12	20	1715	2147483647	90
344	3	1	15	1720	2147483647	77
345	4	8	10	1725	2147483647	105
346	3	1	10	1730	2147483647	89
347	3	1	10	1735	2147483647	80
348	3	1	10	1740	2147483647	80
349	3	1	15	1745	2147483647	90
350	4	8	30	1750	2147483647	75
351	4	14	20	1755	2147483647	95
352	4	8	15	1760	2147483647	73
353	0	12	20	1765	2147483647	84
354	3	1	20	1770	2147483647	87
355	3	1	20	1775	2147483647	94
356	4	8	30	1780	2147483647	104
357	3	1	10	1785	2147483647	91
358	3	1	20	1790	2147483647	81
359	3	1	10	1795	2147483647	91
360	3	1	15	1800	2147483647	71
361	3	1	30	1805	2147483647	101
362	0	12	15	1810	2147483647	81
363	4	8	30	1815	2147483647	75
364	3	1	15	1820	2147483647	104
365	4	8	10	1825	2147483647	88
366	4	8	15	1830	2147483647	85
367	3	1	20	1835	2147483647	78
368	3	1	10	1840	2147483647	101
369	4	14	10	1845	2147483647	94
370	0	12	30	1850	2147483647	81
371	0	12	10	1855	2147483647	76
372	4	14	30	1860	2147483647	73
373	3	1	30	1865	2147483647	75
374	4	8	20	1870	2147483647	95
375	0	12	15	1875	2147483647	94
376	4	14	20	1880	2147483647	85
377	4	14	15	1885	2147483647	101
378	0	12	30	1890	2147483647	78
379	4	8	30	1895	2147483647	73
380	3	1	20	1900	2147483647	104
381	3	1	10	1905	2147483647	99
382	4	14	30	1910	2147483647	74
383	4	14	30	1915	2147483647	76
384	4	8	30	1920	2147483647	105
385	3	1	10	1925	2147483647	94
386	3	1	30	1930	2147483647	88
387	4	8	20	1935	2147483647	96
388	4	8	30	1940	2147483647	89
389	3	1	15	1945	2147483647	88
390	0	12	10	1950	2147483647	85
391	4	14	30	1955	2147483647	87
392	4	14	10	1960	2147483647	92
393	4	14	30	1965	2147483647	89
394	4	14	10	1970	2147483647	101
395	4	14	15	1975	2147483647	82
396	4	14	30	1980	2147483647	72
397	0	12	30	1985	2147483647	75
398	4	8	10	1990	2147483647	92
399	4	8	15	1995	2147483647	94
400	0	12	20	2000	2147483647	90
401	0	12	20	2005	2147483647	80
402	0	12	10	2010	2147483647	85
403	4	14	10	2015	2147483647	92
404	4	8	15	2020	2147483647	79
405	4	8	30	2025	2147483647	104
406	0	12	30	2030	2147483647	91
407	3	1	15	2035	2147483647	103
408	3	1	10	2040	2147483647	95
409	4	8	15	2045	2147483647	99
410	4	14	30	2050	2147483647	79
411	3	1	15	2055	2147483647	73
412	3	1	15	2060	2147483647	82
413	0	12	20	2065	2147483647	78
414	0	12	20	2070	2147483647	92
415	0	12	10	2075	2147483647	77
416	3	1	10	2080	2147483647	96
417	0	12	20	2085	2147483647	74
418	4	14	10	2090	2147483647	75
419	4	14	15	2095	2147483647	80
420	3	1	10	2100	2147483647	70
421	0	12	20	2105	2147483647	94
422	0	12	20	2110	2147483647	95
423	4	14	20	2115	2147483647	82
424	4	14	10	2120	2147483647	78
425	4	8	10	2125	2147483647	100
426	0	12	30	2130	2147483647	90
427	4	14	30	2135	2147483647	90
428	4	14	30	2140	2147483647	80
429	3	1	15	2145	2147483647	83
430	4	8	20	2150	2147483647	91
431	3	1	20	2155	2147483647	80
432	4	8	10	2160	2147483647	79
433	3	1	20	2165	2147483647	89
434	4	8	15	2170	2147483647	88
435	3	1	10	2175	2147483647	94
436	4	8	10	2180	2147483647	83
437	0	12	30	2185	2147483647	88
438	4	8	15	2190	2147483647	103
439	0	12	30	2195	2147483647	70
440	3	1	15	2200	2147483647	72
441	0	12	15	2205	2147483647	91
442	3	1	20	2210	2147483647	71
443	0	12	20	2215	2147483647	96
444	4	14	20	2220	2147483647	79
445	3	1	20	2225	2147483647	82
446	0	12	20	2230	2147483647	74
447	3	1	20	2235	2147483647	83
448	4	14	15	2240	2147483647	103
449	4	14	30	2245	2147483647	93
450	0	12	10	2250	2147483647	91
451	3	1	10	2255	2147483647	103
452	0	12	30	2260	2147483647	105
453	3	1	30	2265	2147483647	81
454	3	1	10	2270	2147483647	94
455	0	12	30	2275	2147483647	101
456	4	14	30	2280	2147483647	91
457	0	12	15	2285	2147483647	72
458	0	12	30	2290	2147483647	83
459	0	12	15	2295	2147483647	84
460	0	12	10	2300	2147483647	84
461	0	12	10	2305	2147483647	71
462	4	14	20	2310	2147483647	93
463	0	12	20	2315	2147483647	81
464	4	14	20	2320	2147483647	77
465	0	12	10	2325	2147483647	104
466	4	8	15	2330	2147483647	99
467	4	14	20	2335	2147483647	99
468	4	14	15	2340	2147483647	95
469	3	1	15	2345	2147483647	103
470	3	1	30	2350	2147483647	99
471	3	1	15	2355	2147483647	77
472	3	1	10	2360	2147483647	77
473	4	14	10	2365	2147483647	74
474	4	8	10	2370	2147483647	77
475	3	1	30	2375	2147483647	84
476	4	8	10	2380	2147483647	93
477	0	12	10	2385	2147483647	104
478	0	12	10	2390	2147483647	73
479	0	12	15	2395	2147483647	101
480	0	12	20	2400	2147483647	95
481	4	8	15	2405	2147483647	77
482	0	12	15	2410	2147483647	92
483	4	14	30	2415	2147483647	92
484	4	8	10	2420	2147483647	98
485	4	14	15	2425	2147483647	94
486	4	8	30	2430	2147483647	80
487	4	14	15	2435	2147483647	104
488	0	12	20	2440	2147483647	100
489	4	8	15	2445	2147483647	93
490	3	1	10	2450	2147483647	73
491	4	8	30	2455	2147483647	81
492	4	14	30	2460	2147483647	74
493	4	8	10	2465	2147483647	88
494	0	12	30	2470	2147483647	92
495	4	8	15	2475	2147483647	71
496	0	12	30	2480	2147483647	104
497	3	1	30	2485	2147483647	95
498	0	12	30	2490	2147483647	88
499	3	1	15	2495	2147483647	80
