0	4	14	30	0	1642	74
1	3	1	15	8	2160	96
2	4	8	10	16	4442	75
3	3	1	30	24	1176	97
4	4	8	30	32	139	84
5	0	12	15	40	6493	80
6	3	1	15	48	1374	74
7	0	12	15	56	3902	77
8	3	1	30	64	1034	75
9	4	14	10	72	1360	81
10	4	8	15	80	1354	72
11	3	1	15	88	419	86
12	4	8	20	96	1732	70
13	3	1	30	104	2086	71
14	3	1	10	112	2807	84
15	4	14	20	120	3611	79
16	0	12	10	128	1997	95
17	0	12	10	136	4238	73
18	4	14	15	144	4491	88
19	4	14	20	152	720	105
20	4	14	10	160	1279	96
21	0	12	20	168	314	72
22	0	12	30	176	172	93
23	3	1	30	184	4353	85
24	0	12	15	192	3383	70
25	0	12	10	200	208	101
26	4	8	20	208	1439	92
27	4	8	10	216	11731	97
28	4	8	30	224	2974	95
29	4	8	15	232	8164	75
30	3	1	10	240	9697	94
31	4	14	15	248	1133	92
32	4	14	15	256	2788	77
33	4	14	10	264	5124	73
34	0	12	15	272	9052	97
35	3	1	15	280	367	98
36	3	1	30	288	2822	99
37	3	1	10	296	1112	95
38	4	14	30	304	15	105
39	0	12	20	312	10970	98
40	4	14	15	320	2790	96
41	4	14	15	328	2408	100
42	4	14	15	336	1205	102
43	4	8	15	344	8734	83
44	4	8	20	352	1251	87
45	4	14	20	360	656	79
46	4	14	20	368	8772	92
47	0	12	10	400	9092	97
48	4	8	30	409	2584	85
49	4	14	15	418	607	101
50	4	8	30	427	982	88
51	0	12	30	436	1536	103
52	4	8	30	445	10292	104
53	0	12	30	454	56	89
54	0	12	15	463	13310	88
55	3	1	15	472	1210	71
56	3	1	15	481	1881	73
57	3	1	10	490	30	96
58	3	1	20	499	4608	96
59	4	8	20	508	16410	88
60	4	14	20	517	2776	93
61	0	12	10	526	1686	83
62	4	14	15	535	414	87
63	0	12	15	544	1770	70
64	4	8	10	553	1891	93
65	3	1	10	562	165	85
66	3	1	30	571	3640	78
67	4	8	20	580	3968	103
68	3	1	20	589	2856	80
69	4	14	20	598	2155	91
70	4	8	20	607	370	86
71	3	1	10	616	651	70
72	0	12	15	625	4193	73
73	4	14	30	634	5373	96
74	0	12	10	643	4345	79
75	0	12	30	652	6891	101
76	0	12	15	661	6757	76
77	4	14	20	670	672	80
78	0	12	15	679	2006	104
79	0	12	20	688	2175	97
80	0	12	20	697	708	78
81	0	12	15	706	2078	101
82	0	12	15	715	2545	81
83	4	8	20	724	1935	99
84	0	12	20	733	4225	92
85	4	8	10	742	3590	96
86	3	1	15	751	1561	94
87	3	1	15	760	2677	94
88	4	14	30	769	5678	90
89	4	8	30	778	4030	95
90	0	12	30	787	4985	95
91	4	14	30	800	2761	73
92	4	14	15	809	3272	105
93	4	8	10	818	82	87
94	0	12	30	827	2284	74
95	4	14	15	836	689	83
96	0	12	30	845	1747	82
97	3	1	30	854	9312	102
98	4	14	15	863	2857	95
99	4	14	15	872	1036	71
100	0	12	20	881	3227	70
101	4	8	10	890	1200	95
102	4	8	15	899	1955	86
103	4	8	10	908	244	99
104	4	8	30	917	215	85
105	3	1	20	926	279	87
106	4	14	20	935	4428	99
107	3	1	10	944	816	78
108	0	12	20	953	1732	79
109	4	14	15	962	615	93
110	4	8	30	971	2360	101
111	3	1	30	980	996	98
112	3	1	20	989	3797	98
113	4	8	10	998	1228	105
114	4	8	10	1007	6882	79
115	3	1	15	1016	400	98
116	0	12	30	1025	8259	71
117	4	8	30	1034	5018	94
118	0	12	30	1043	4888	83
119	4	14	30	1052	6135	102
120	4	14	20	1061	5053	97
121	0	12	15	1070	464	90
122	3	1	20	1079	8192	82
123	4	8	20	1088	8333	91
124	4	14	30	1097	4871	102
125	3	1	20	1106	3564	83
126	4	14	20	1115	3582	71
127	4	14	10	1124	3966	92
128	3	1	30	1133	1449	91
129	4	8	30	1142	2807	102
130	0	12	30	1151	2521	89
131	3	1	20	1160	9760	80
132	4	14	15	1169	4134	90
133	0	12	10	1178	726	102
134	4	14	30	1200	8035	96
135	3	1	15	1212	9339	89
136	4	14	10	1224	75	84
137	4	14	15	1236	2120	87
138	0	12	20	1248	1608	83
139	4	8	30	1260	3515	75
140	4	8	20	1272	10258	103
141	0	12	15	1284	596	86
142	3	1	30	1296	586	85
143	4	14	15	1308	3823	103
144	0	12	10	1320	838	100
145	3	1	30	1332	2709	102
146	4	8	15	1344	8674	80
147	4	8	15	1356	1393	105
148	0	12	10	1368	889	77
149	3	1	20	1380	1661	82
150	3	1	15	1392	1342	81
151	3	1	10	1404	4076	94
152	3	1	30	1416	878	88
153	0	12	15	1428	5181	98
154	4	14	30	1440	2861	80
155	0	12	15	1452	2348	86
156	3	1	15	1464	1965	83
157	0	12	20	1476	2862	101
158	4	8	10	1488	1754	103
159	4	14	10	1500	2485	72
160	3	1	10	1512	2583	86
161	0	12	15	1524	165	76
162	4	14	10	1536	8503	92
163	4	14	30	1548	7514	83
164	4	14	20	1560	4496	74
165	4	14	15	1600	3044	91
166	3	1	15	1609	3433	78
167	4	8	15	1618	2368	101
168	3	1	10	1627	2034	78
169	3	1	20	1636	9997	96
170	4	14	10	1645	318	83
171	4	8	15	1654	2476	89
172	4	8	15	1663	1935	80
173	3	1	10	1672	514	78
174	4	8	10	1681	7901	105
175	4	14	10	1690	3458	80
176	4	8	20	1699	14487	75
177	4	14	15	1708	1180	84
178	0	12	20	1717	4637	96
179	0	12	30	1726	953	70
180	4	8	15	1735	4870	72
181	4	8	15	1744	1412	71
182	3	1	10	1753	2245	85
183	4	14	15	1762	13310	79
184	3	1	15	1771	989	90
185	4	8	30	1780	7053	100
186	4	14	20	1789	5031	97
187	4	14	30	1798	10006	97
188	4	8	15	1807	4258	92
189	4	14	20	1816	2191	79
190	4	14	10	1825	2894	75
191	4	14	15	1834	2833	89
192	4	8	10	1843	232	90
193	0	12	15	1852	8112	81
194	3	1	30	1861	461	94
195	0	12	15	1870	8569	96
196	0	12	15	1879	1192	100
197	3	1	30	1888	1365	71
198	4	14	20	1897	11284	99
199	0	12	20	1906	4272	79
200	0	12	20	1915	9899	93
201	4	14	30	1924	2310	85
202	4	14	10	1933	9037	96
203	3	1	15	1942	1322	86
204	3	1	15	1951	1222	104
205	4	8	10	1960	6936	97
206	0	12	20	1969	1179	83
207	4	14	30	2000	318	80
208	3	1	10	2008	8007	99
209	4	14	20	2016	10766	105
210	3	1	20	2024	2545	81
211	4	14	30	2032	569	104
212	4	14	30	2040	6967	74
213	0	12	15	2048	617	102
214	4	8	30	2056	5685	105
215	0	12	20	2064	785	85
216	3	1	10	2072	3774	97
217	0	12	20	2080	9933	82
218	0	12	15	2088	3954	98
219	4	8	30	2096	7496	79
220	4	14	30	2104	6795	99
221	3	1	15	2112	4293	87
222	0	12	10	2120	6274	78
223	3	1	20	2128	15060	105
224	3	1	20	2136	2062	90
225	0	12	30	2144	3367	99
226	4	14	15	2152	2078	105
227	0	12	30	2160	2896	105
228	4	14	15	2168	46	89
229	0	12	30	2176	15386	78
230	4	14	30	2184	1548	86
231	3	1	30	2192	4608	73
232	4	14	20	2200	1513	91
233	0	12	30	2208	121	87
234	0	12	15	2216	1405	83
235	4	8	15	2224	1232	93
236	3	1	15	2232	2055	80
237	4	14	30	2240	641	104
238	0	12	30	2248	4827	80
239	0	12	15	2256	2015	98
240	4	8	10	2264	3405	87
241	0	12	20	2272	4078	86
242	0	12	30	2280	218	103
243	4	8	20	2288	5133	93
244	0	12	10	2296	12066	104
245	0	12	10	2304	1926	77
246	4	14	15	2312	4591	85
247	0	12	30	2320	9782	94
248	3	1	15	2328	465	81
249	4	8	10	2336	10669	79
250	3	1	10	2344	1268	105
251	0	12	20	2352	1669	87
252	3	1	20	2360	4330	79
253	3	1	30	2368	394	90
254	4	8	30	2400	7310	85
255	4	8	10	2412	1192	76
256	4	14	20	2424	4166	76
257	0	12	20	2436	10040	97
258	0	12	20	2448	8436	101
259	3	1	20	2460	4738	75
260	4	8	20	2472	2166	98
261	0	12	20	2484	5390	83
262	4	14	20	2496	268	97
263	3	1	15	2508	8696	91
264	0	12	30	2520	3779	88
265	4	14	30	2532	6180	77
266	0	12	15	2544	6808	82
267	4	14	10	2556	6336	93
268	0	12	30	2568	7502	89
269	0	12	20	2580	2720	82
270	3	1	15	2592	5994	74
271	3	1	10	2604	2484	98
272	4	14	30	2616	971	72
273	0	12	30	2628	1056	105
274	0	12	20	2640	1277	97
275	3	1	10	2652	783	83
276	3	1	20	2664	3715	89
277	3	1	15	2676	284	91
278	3	1	15	2688	104	70
279	4	8	15	2700	83	83
280	0	12	15	2712	8700	84
281	4	14	15	2724	2708	80
282	4	8	20	2736	2079	94
283	4	8	10	2748	338	79
284	3	1	20	2760	4907	78
285	4	14	10	2800	15579	105
286	0	12	10	2810	92	99
287	0	12	20	2820	999	71
288	3	1	10	2830	846	71
289	4	14	10	2840	157	76
290	3	1	20	2850	3850	86
291	4	8	20	2860	2639	88
292	4	14	10	2870	1255	72
293	3	1	15	2880	26	75
294	3	1	20	2890	15199	70
295	4	8	20	2900	7159	74
296	4	8	10	2910	3417	95
297	3	1	15	2920	730	82
298	4	8	30	2930	473	74
299	0	12	10	2940	718	96
300	0	12	30	2950	3325	101
301	0	12	15	2960	8750	97
302	0	12	30	2970	275	75
303	3	1	30	2980	3832	104
304	4	14	30	2990	669	75
305	4	14	30	3000	6625	77
306	0	12	30	3010	537	84
307	4	8	20	3020	2242	79
308	3	1	15	3030	6872	98
309	3	1	20	3040	4331	72
310	3	1	15	3050	4230	93
311	0	12	15	3060	3454	91
312	3	1	10	3070	8937	97
313	3	1	10	3080	7807	88
314	4	8	10	3090	6595	96
315	3	1	15	3100	10424	87
316	3	1	10	3110	1629	95
317	4	8	15	3120	16473	87
318	4	14	20	3130	791	83
319	0	12	20	3140	3994	89
320	4	14	20	3150	5774	83
321	4	14	20	3160	3631	80
322	0	12	30	3200	3706	91
323	0	12	30	3211	6603	82
324	3	1	30	3222	8326	102
325	0	12	20	3233	1389	91
326	4	14	10	3244	858	95
327	0	12	15	3255	937	102
328	4	8	15	3266	1175	105
329	4	14	10	3277	2321	93
330	4	8	10	3288	3699	93
331	4	14	15	3299	2306	77
332	4	8	20	3310	12594	86
333	4	8	15	3321	7907	79
334	4	8	20	3332	2435	87
335	0	12	10	3343	26266	92
336	4	14	20	3354	2216	75
337	4	14	20	3365	6225	95
338	3	1	10	3376	10473	74
339	3	1	20	3387	9116	70
340	3	1	10	3398	7696	90
341	4	14	20	3409	3602	90
342	3	1	15	3420	2046	79
343	4	14	15	3431	3014	105
344	0	12	30	3442	1950	88
345	4	8	15	3453	162	101
346	4	14	20	3464	3568	97
347	4	8	30	3475	2120	90
348	0	12	10	3486	887	85
349	0	12	15	3497	211	88
350	3	1	15	3508	2759	84
351	4	14	20	3519	3573	78
352	3	1	20	3530	17482	104
353	0	12	10	3541	2616	91
354	4	8	20	3552	2045	82
355	4	8	15	3563	13765	90
356	4	14	15	3600	1334	76
357	4	14	10	3609	1196	98
358	0	12	30	3618	5405	72
359	3	1	15	3627	7881	89
360	0	12	30	3636	3827	88
361	4	14	15	3645	9942	88
362	4	14	15	3654	767	80
363	4	14	15	3663	1913	75
364	4	8	20	3672	238	85
365	4	14	10	3681	965	86
366	3	1	20	3690	3884	74
367	4	8	30	3699	127	87
368	0	12	20	3708	2056	70
369	4	8	10	3717	6625	73
370	3	1	20	3726	2779	82
371	3	1	15	3735	3154	105
372	4	14	15	3744	233	83
373	0	12	10	3753	1324	82
374	4	8	15	3762	6013	104
375	4	14	30	3771	746	99
376	0	12	10	3780	872	71
377	4	8	20	3789	310	92
378	4	14	30	3798	2194	99
379	4	8	15	3807	7221	71
380	4	8	30	3816	4859	100
381	4	8	10	3825	6089	75
382	0	12	15	3834	40	87
383	4	8	30	3843	908	87
384	0	12	20	3852	11387	78
385	3	1	20	3861	51	85
386	0	12	20	3870	2397	78
387	4	8	20	3879	2592	101
388	4	14	20	3888	2472	103
389	0	12	15	3897	2678	103
390	0	12	20	3906	5019	86
391	4	14	15	3915	730	83
392	4	14	30	3924	196	93
393	4	14	20	3933	275	91
394	3	1	30	3942	1323	88
395	4	14	30	3951	11076	72
396	4	14	15	3960	2173	79
397	4	14	10	3969	81	73
398	3	1	30	3978	2550	90
399	4	8	30	4000	752	72
400	3	1	30	4011	2167	96
401	3	1	30	4022	3272	80
402	4	8	15	4033	38	89
403	3	1	30	4044	1976	81
404	4	8	20	4055	3199	75
405	0	12	10	4066	12214	84
406	0	12	10	4077	3054	100
407	3	1	20	4088	4890	91
408	3	1	20	4099	4848	92
409	4	8	30	4110	1046	89
410	4	8	10	4121	5912	88
411	3	1	30	4132	937	90
412	0	12	10	4143	7237	104
413	4	14	15	4154	9437	70
414	4	8	20	4165	684	94
415	4	14	30	4176	7185	82
416	4	14	10	4187	9490	70
417	3	1	15	4198	14222	98
418	3	1	20	4209	2306	103
419	4	14	30	4220	184	105
420	3	1	15	4231	5770	77
421	4	8	10	4242	623	78
422	4	8	10	4253	3379	90
423	0	12	15	4264	9804	73
424	4	8	20	4275	395	92
425	3	1	10	4286	1625	104
426	4	14	20	4297	2753	82
427	4	14	20	4308	18488	98
428	3	1	15	4319	0	100
429	3	1	20	4330	7338	102
430	0	12	15	4341	5561	89
431	0	12	10	4352	773	104
432	4	14	20	4363	3697	71
433	4	8	10	4374	1155	96
434	3	1	20	4400	2159	80
435	4	14	10	4409	624	90
436	0	12	30	4418	5918	92
437	4	8	15	4427	3871	75
438	4	14	10	4436	4227	81
439	0	12	15	4445	18097	99
440	4	8	15	4454	2605	90
441	3	1	30	4463	5470	92
442	3	1	30	4472	5959	78
443	4	8	30	4481	1049	84
444	4	14	10	4490	5037	85
445	3	1	30	4499	2820	102
446	4	14	15	4508	1605	85
447	0	12	15	4517	614	92
448	4	8	10	4526	9594	102
449	4	14	30	4535	2374	75
450	4	14	20	4544	123	71
451	0	12	10	4553	2374	87
452	4	8	15	4562	3489	76
453	4	14	30	4571	2222	90
454	4	14	15	4580	2094	101
455	0	12	20	4589	1281	87
456	0	12	20	4598	17811	96
457	4	8	30	4607	402	86
458	4	8	15	4616	1401	94
459	4	14	20	4625	976	77
460	0	12	20	4634	2429	72
461	0	12	20	4643	3139	72
462	0	12	15	4652	4888	97
463	0	12	30	4661	7925	96
464	4	8	15	4670	2609	105
465	0	12	10	4679	3626	90
466	4	14	10	4688	3722	88
467	3	1	10	4697	3522	77
468	0	12	30	4706	2680	96
469	3	1	15	4715	51	74
470	4	14	30	4724	255	96
471	4	8	20	4733	1351	101
472	4	14	15	4742	1536	87
473	3	1	10	4751	2384	73
474	4	8	15	4760	3342	85
475	4	14	15	4769	74	90
476	4	14	10	4800	1846	70
477	4	14	15	4810	1658	75
478	0	12	15	4820	880	93
479	4	14	30	4830	3549	96
480	3	1	30	4840	13	88
481	4	14	15	4850	1754	95
482	4	8	15	4860	337	101
483	3	1	15	4870	3216	94
484	3	1	30	4880	6638	100
485	4	14	15	4890	1445	72
486	4	14	20	4900	3603	97
487	4	14	20	4910	778	87
488	3	1	30	4920	7409	101
489	4	8	30	4930	617	98
490	3	1	15	4940	679	100
491	4	14	30	4950	4514	76
492	0	12	10	4960	1569	86
493	4	14	20	4970	2289	74
494	4	14	30	4980	3053	96
495	0	12	30	4990	10925	87
496	3	1	20	5000	162	100
497	3	1	30	5010	9741	88
498	0	12	20	5020	5571	84
499	3	1	30	5030	511	101
500	3	1	20	5040	9222	84
501	0	12	15	5050	5469	78
502	4	14	15	5060	4246	102
503	4	14	20	5070	9068	97
504	0	12	10	5080	1949	85
505	3	1	30	5090	5448	76
506	4	8	30	5100	551	70
507	3	1	10	5110	570	72
508	4	8	20	5120	7862	74
509	4	14	30	5130	1972	81
510	4	8	20	5140	9392	87
511	4	8	15	5150	4186	90
512	0	12	20	5160	9136	98
513	3	1	20	5170	4914	104
514	0	12	20	5200	960	94
515	4	8	15	5208	422	83
516	3	1	10	5216	2485	76
517	4	8	10	5224	663	73
518	4	8	30	5232	214	101
519	4	8	30	5240	774	102
520	4	8	20	5248	9	98
521	4	14	15	5256	2239	70
522	0	12	10	5264	5423	81
523	3	1	30	5272	1694	103
524	0	12	30	5280	7767	80
525	4	14	10	5288	1946	90
526	4	8	20	5296	13090	84
527	4	14	20	5304	8587	82
528	3	1	15	5312	9870	82
529	0	12	15	5320	3993	103
530	4	8	30	5328	15357	95
531	0	12	10	5336	2444	87
532	4	14	30	5344	3545	97
533	3	1	15	5352	322	98
534	0	12	10	5360	4658	82
535	4	8	20	5368	1194	80
536	4	14	30	5376	4828	98
537	3	1	30	5384	816	73
538	3	1	15	5392	729	78
539	0	12	10	5400	272	94
540	4	8	20	5408	766	72
541	4	8	15	5416	2471	94
542	3	1	10	5424	1524	82
543	3	1	10	5432	2419	90
544	0	12	15	5440	1090	81
545	4	8	10	5448	2831	79
546	3	1	15	5456	6027	83
547	4	8	20	5464	3841	88
548	4	14	10	5472	1006	85
549	3	1	20	5480	2274	83
550	3	1	30	5488	2554	80
551	4	8	20	5496	8721	97
552	4	8	10	5504	7867	92
553	3	1	20	5512	3429	88
554	4	8	15	5520	500	73
555	4	14	15	5528	2551	83
556	0	12	10	5536	11	102
557	0	12	20	5544	1476	105
558	3	1	30	5552	162	87
559	0	12	30	5560	1	101
560	0	12	15	5568	6088	98
561	3	1	10	5576	1127	93
562	4	14	30	5600	981	95
563	4	8	10	5609	1037	76
564	4	8	30	5618	2115	91
565	0	12	15	5627	2371	105
566	4	8	15	5636	251	99
567	4	8	10	5645	6871	70
568	3	1	15	5654	78	91
569	3	1	30	5663	12429	84
570	4	8	20	5672	2038	91
571	0	12	15	5681	1304	73
572	3	1	20	5690	17127	101
573	0	12	30	5699	17188	77
574	4	14	15	5708	5	99
575	0	12	10	5717	3118	73
576	4	8	15	5726	474	93
577	4	8	10	5735	1361	97
578	3	1	20	5744	451	91
579	4	14	30	5753	1718	70
580	4	8	20	5762	3735	76
581	4	14	10	5771	1691	101
582	4	14	20	5780	4323	103
583	0	12	20	5789	2627	105
584	3	1	20	5798	695	93
585	0	12	15	5807	383	104
586	4	14	10	5816	3636	101
587	0	12	10	5825	48	78
588	0	12	10	5834	12862	95
589	0	12	30	5843	975	105
590	4	8	20	5852	1178	83
591	3	1	10	5861	1991	98
592	4	14	30	5870	625	92
593	3	1	15	5879	727	83
594	0	12	20	5888	1337	102
595	3	1	15	5897	10570	85
596	4	8	15	5906	1114	105
597	4	8	10	5915	370	76
598	4	8	10	5924	176	104
599	4	14	30	5933	6268	81
600	4	14	20	5942	2364	86
601	0	12	10	5951	12664	83
602	4	14	10	5960	3643	102
603	0	12	10	6000	1243	71
604	0	12	10	6008	140	97
605	4	8	20	6016	861	77
606	3	1	30	6024	9243	102
607	0	12	10	6032	8276	85
608	4	14	10	6040	3415	94
609	4	8	10	6048	3434	105
610	3	1	10	6056	1783	95
611	3	1	10	6064	5013	74
612	3	1	10	6072	902	84
613	4	14	10	6080	4692	87
614	4	14	15	6088	2000	94
615	0	12	10	6096	2297	102
616	4	14	20	6104	3517	95
617	4	14	15	6112	5330	96
618	3	1	20	6120	285	89
619	0	12	20	6128	1538	92
620	0	12	10	6136	7590	74
621	4	8	15	6144	200	90
622	4	8	10	6152	7884	80
623	4	8	20	6160	6496	92
624	4	8	15	6168	4816	70
625	3	1	15	6176	28	99
626	0	12	15	6184	572	86
627	4	14	15	6192	6857	87
628	4	14	10	6200	4845	80
629	4	8	30	6208	301	84
630	3	1	20	6216	1416	74
631	0	12	10	6224	94	87
632	0	12	10	6232	1126	98
633	4	14	20	6240	1516	79
634	4	14	10	6248	9329	89
635	0	12	15	6256	4188	98
636	0	12	10	6264	5497	104
637	3	1	15	6272	2000	102
638	4	14	20	6280	2369	78
639	0	12	30	6288	13498	85
640	3	1	15	6296	846	72
641	3	1	10	6304	5141	85
642	0	12	10	6312	2304	90
643	4	14	30	6320	1935	95
644	3	1	30	6328	7771	79
645	3	1	20	6336	3112	79
646	0	12	10	6344	844	84
647	0	12	30	6352	2422	74
648	4	14	10	6360	5926	95
649	4	14	20	6400	7516	105
650	4	14	30	6408	1685	95
651	3	1	10	6416	2828	78
652	3	1	15	6424	79	92
653	0	12	15	6432	5145	82
654	3	1	20	6440	11338	77
655	4	8	15	6448	2025	102
656	4	14	10	6456	408	73
657	4	8	20	6464	6337	80
658	4	14	30	6472	3348	71
659	3	1	20	6480	111	104
660	4	8	15	6488	248	96
661	3	1	15	6496	337	84
662	4	8	30	6504	752	75
663	3	1	15	6512	2785	80
664	3	1	20	6520	1302	101
665	3	1	30	6528	1640	77
666	3	1	30	6536	2532	82
667	3	1	15	6544	8701	74
668	0	12	30	6552	6197	103
669	4	14	30	6560	5457	101
670	0	12	10	6568	4683	104
671	0	12	10	6576	849	99
672	4	14	30	6584	1365	87
673	3	1	20	6592	435	73
674	3	1	15	6600	550	89
675	4	8	10	6608	541	94
676	0	12	10	6616	3777	70
677	4	8	10	6624	2593	91
678	4	14	30	6632	11691	83
679	3	1	30	6640	694	97
680	3	1	15	6648	6786	84
681	0	12	15	6656	4547	82
682	0	12	15	6664	193	98
683	0	12	20	6672	7723	80
684	4	8	10	6680	5218	94
685	0	12	20	6688	6267	101
686	4	8	20	6696	14	101
687	0	12	20	6704	2949	86
688	0	12	30	6712	1874	72
689	3	1	20	6720	2817	93
690	0	12	15	6728	3211	95
691	3	1	15	6736	12150	94
692	3	1	20	6744	7007	100
693	4	8	30	6752	2174	79
694	3	1	20	6760	9434	95
695	4	14	30	6800	465	94
696	4	8	15	6810	3211	80
697	3	1	30	6820	11012	80
698	4	8	15	6830	446	100
699	4	14	30	6840	2937	71
700	0	12	20	6850	297	102
701	3	1	20	6860	1448	80
702	4	14	10	6870	4393	76
703	0	12	15	6880	114	99
704	3	1	15	6890	684	71
705	3	1	20	6900	662	102
706	3	1	10	6910	982	97
707	0	12	30	6920	9935	88
708	4	8	10	6930	3616	98
709	0	12	20	6940	6741	88
710	0	12	10	6950	6173	102
711	3	1	30	6960	3871	87
712	3	1	30	6970	7554	103
713	4	8	10	6980	2095	79
714	0	12	15	6990	947	89
715	4	8	10	7000	1919	84
716	3	1	10	7010	137	92
717	0	12	10	7020	1522	100
718	0	12	10	7030	5928	91
719	3	1	30	7040	2667	70
720	0	12	10	7050	1619	82
721	3	1	15	7060	11781	102
722	4	8	20	7070	2871	71
723	4	8	15	7080	1325	80
724	3	1	15	7090	855	75
725	3	1	20	7100	5355	79
726	4	8	20	7110	1814	104
727	3	1	10	7120	8155	77
728	4	14	30	7130	880	84
729	4	14	15	7140	76	101
730	4	14	30	7150	3420	84
731	3	1	15	7160	4493	96
732	0	12	30	7170	1856	96
733	4	14	30	7180	2220	81
734	3	1	10	7190	366	100
735	4	14	20	7200	2876	74
736	0	12	15	7208	50	75
737	0	12	10	7216	76	104
738	4	8	10	7224	4784	79
739	3	1	15	7232	3433	98
740	4	8	15	7240	3408	73
741	4	8	30	7248	364	82
742	4	14	20	7256	10443	93
743	0	12	15	7264	3280	89
744	4	8	15	7272	5080	96
745	4	8	15	7280	10745	77
746	0	12	20	7288	436	97
747	4	8	20	7296	2170	90
748	4	8	15	7304	935	96
749	4	8	20	7312	2972	80
750	0	12	30	7320	316	71
751	4	8	10	7328	1073	85
752	3	1	20	7336	713	94
753	4	14	15	7344	3860	100
754	4	14	30	7352	829	95
755	3	1	15	7360	530	70
756	0	12	10	7368	6273	78
757	4	8	20	7376	1941	102
758	4	8	30	7384	7227	93
759	0	12	30	7392	2175	97
760	4	8	10	7400	6202	103
761	4	14	10	7408	1710	89
762	0	12	30	7416	5076	74
763	4	8	20	7424	3434	103
764	0	12	20	7432	1097	73
765	3	1	30	7440	473	76
766	3	1	10	7448	1144	97
767	3	1	10	7456	2197	91
768	3	1	30	7464	1543	85
769	0	12	30	7472	4789	84
770	4	8	30	7480	1838	79
771	3	1	10	7488	59	93
772	4	14	10	7496	3858	91
773	3	1	30	7504	876	99
774	0	12	20	7512	9773	102
775	4	14	15	7520	1129	105
776	3	1	20	7528	84	78
777	4	8	10	7536	12199	87
778	0	12	10	7544	3309	90
779	4	8	10	7552	1207	103
780	4	8	10	7560	4026	88
781	4	14	30	7600	11669	83
782	4	8	30	7610	4330	87
783	3	1	15	7620	4474	73
784	4	14	20	7630	11447	99
785	3	1	30	7640	1657	104
786	4	14	30	7650	2864	71
787	0	12	15	7660	5581	102
788	0	12	30	7670	1090	92
789	0	12	30	7680	13222	99
790	4	14	20	7690	5109	102
791	3	1	20	7700	3956	79
792	3	1	15	7710	808	81
793	0	12	15	7720	1303	87
794	4	8	10	7730	6208	100
795	3	1	10	7740	1022	90
796	4	8	30	7750	1835	78
797	4	8	30	7760	1725	96
798	4	14	20	7770	1540	86
799	4	14	20	7780	3742	90
800	4	14	15	7790	4596	86
801	4	8	20	7800	4565	75
802	4	14	20	7810	415	75
803	0	12	15	7820	2857	81
804	4	14	30	7830	677	71
805	3	1	30	7840	252	84
806	4	8	30	7850	3833	100
807	0	12	20	7860	13599	101
808	4	14	30	7870	4895	104
809	0	12	20	7880	11347	95
810	4	14	20	7890	436	98
811	3	1	30	7900	7304	96
812	4	8	20	7910	6896	82
813	0	12	30	7920	3424	95
814	4	14	20	7930	6147	79
815	4	8	15	7940	7379	89
816	3	1	15	7950	4642	71
817	4	8	20	7960	186	70
818	3	1	10	7970	4013	73
819	3	1	30	7980	9232	74
820	3	1	30	7990	3666	74
821	4	8	20	8000	2744	100
822	4	8	10	8010	813	104
823	4	8	10	8020	1765	91
824	0	12	15	8030	15051	88
825	3	1	10	8040	5393	70
826	4	14	30	8050	7128	82
827	4	14	20	8060	1666	73
828	0	12	20	8070	2100	104
829	3	1	15	8080	4653	81
830	4	8	15	8090	8410	97
831	4	8	20	8100	4441	88
832	3	1	20	8110	4008	71
833	4	8	15	8120	12420	105
834	4	8	20	8130	3446	87
835	4	14	15	8140	12310	83
836	0	12	10	8150	7515	78
837	0	12	15	8160	653	76
838	3	1	20	8170	2914	71
839	0	12	20	8180	8535	85
840	4	8	30	8190	5132	73
841	4	14	10	8200	3147	76
842	4	8	15	8210	189	104
843	0	12	10	8220	1411	103
844	4	8	10	8230	7861	71
845	0	12	20	8240	8556	76
846	0	12	30	8250	6569	103
847	3	1	15	8260	3744	91
848	4	8	20	8270	2718	78
849	0	12	30	8280	11695	81
850	4	14	30	8290	3096	88
851	4	14	10	8300	1556	77
852	4	14	30	8310	5048	93
853	4	8	20	8320	2173	81
854	0	12	30	8330	30	86
855	4	8	20	8340	826	92
856	0	12	15	8350	2745	76
857	4	8	20	8360	5417	89
858	0	12	10	8370	3052	98
859	4	8	20	8400	2148	71
860	3	1	10	8409	1042	71
861	3	1	15	8418	1290	97
862	4	14	10	8427	3266	103
863	4	8	20	8436	74	92
864	3	1	10	8445	262	103
865	4	8	10	8454	2268	80
866	0	12	10	8463	923	94
867	0	12	10	8472	8053	82
868	3	1	10	8481	24370	78
869	4	14	15	8490	7112	101
870	0	12	10	8499	20980	81
871	4	8	10	8508	3071	101
872	4	14	10	8517	3004	104
873	4	8	15	8526	5573	93
874	0	12	10	8535	782	71
875	3	1	20	8544	227	104
876	0	12	10	8553	2392	101
877	4	8	30	8562	8712	71
878	0	12	30	8571	2747	90
879	4	14	20	8580	397	81
880	4	8	10	8589	10863	73
881	4	8	15	8598	1013	96
882	4	8	10	8607	7525	101
883	0	12	30	8616	2481	93
884	3	1	20	8625	643	98
885	3	1	10	8634	3242	89
886	4	8	30	8643	12282	100
887	0	12	30	8652	962	96
888	0	12	20	8661	11799	88
889	0	12	10	8670	1982	100
890	4	14	10	8679	2445	76
891	4	14	20	8688	445	95
892	0	12	15	8697	3838	83
893	4	8	10	8706	429	70
894	3	1	20	8715	4223	83
895	3	1	20	8724	2370	82
896	0	12	10	8733	17273	79
897	0	12	30	8742	113	82
898	3	1	10	8751	1065	105
899	4	14	10	8760	2227	97
900	4	14	15	8800	4510	87
901	0	12	20	8809	11254	90
902	4	14	15	8818	3767	83
903	4	8	15	8827	4340	82
904	4	14	30	8836	12108	105
905	3	1	30	8845	11	93
906	0	12	10	8854	6323	79
907	3	1	15	8863	13430	105
908	0	12	20	8872	1105	80
909	4	8	10	8881	12156	88
910	4	8	15	8890	5334	97
911	3	1	15	8899	3764	75
912	0	12	30	8908	1124	104
913	0	12	15	8917	2313	86
914	4	14	15	8926	2628	104
915	0	12	30	8935	22	81
916	0	12	10	8944	2234	101
917	4	14	15	8953	402	79
918	3	1	10	8962	8153	99
919	0	12	30	8971	2837	84
920	0	12	15	8980	2609	85
921	0	12	15	8989	19467	103
922	0	12	20	8998	10043	99
923	3	1	30	9007	3734	83
924	4	14	10	9016	1871	95
925	4	8	20	9025	8806	92
926	0	12	20	9034	10056	87
927	4	8	10	9043	2222	104
928	4	14	30	9052	419	79
929	3	1	20	9061	5245	94
930	3	1	20	9070	284	95
931	4	14	15	9079	2194	89
932	4	14	30	9088	4233	71
933	4	8	20	9097	289	99
934	0	12	10	9106	2167	100
935	4	8	15	9115	20363	88
936	3	1	30	9124	3805	83
937	0	12	20	9133	820	88
938	0	12	30	9142	2859	93
939	4	14	30	9151	630	75
940	3	1	10	9160	5729	79
941	4	14	15	9200	17835	101
942	0	12	15	9209	14351	86
943	3	1	20	9218	21651	70
944	3	1	30	9227	4249	73
945	0	12	20	9236	7522	71
946	3	1	20	9245	7874	96
947	0	12	30	9254	782	102
948	3	1	20	9263	3872	71
949	4	8	30	9272	4159	72
950	4	8	15	9281	77	87
951	4	8	30	9290	8860	105
952	4	8	30	9299	688	88
953	3	1	10	9308	5174	91
954	4	14	30	9317	11810	82
955	4	14	10	9326	4606	90
956	0	12	10	9335	85	96
957	0	12	15	9344	12	105
958	4	8	10	9353	1361	93
959	4	8	15	9362	256	83
960	4	8	10	9371	350	76
961	3	1	10	9380	1834	81
962	3	1	20	9389	8026	96
963	4	8	10	9398	2860	91
964	4	14	15	9407	8595	99
965	3	1	10	9416	1508	77
966	4	14	20	9425	12576	73
967	4	14	10	9434	770	75
968	0	12	10	9443	84	92
969	4	8	30	9452	2676	85
970	3	1	30	9461	1989	103
971	0	12	20	9470	1111	82
972	3	1	15	9479	3518	92
973	4	14	10	9488	5149	94
974	3	1	30	9497	5494	74
975	0	12	30	9506	2699	89
976	4	14	30	9515	80	87
977	4	8	30	9524	10269	99
978	0	12	10	9533	12186	80
979	3	1	20	9542	2987	94
980	4	14	30	9551	117	102
981	0	12	20	9560	5409	90
982	4	14	15	9569	6562	102
983	4	8	30	9600	2414	76
984	0	12	15	9608	4972	76
985	4	8	20	9616	783	95
986	3	1	15	9624	1226	70
987	4	8	30	9632	10481	86
988	4	8	30	9640	520	87
989	0	12	10	9648	5304	79
990	4	8	15	9656	14395	98
991	4	8	15	9664	3771	84
992	3	1	15	9672	9093	101
993	3	1	20	9680	2381	79
994	4	8	20	9688	255	104
995	4	14	30	9696	1999	104
996	0	12	20	9704	524	75
997	3	1	10	9712	2475	100
998	4	14	10	9720	475	77
999	0	12	20	9728	1663	101
1000	4	8	10	9736	8851	103
1001	3	1	20	9744	4623	90
1002	0	12	30	9752	682	79
1003	0	12	30	9760	567	92
1004	3	1	30	9768	1175	75
1005	4	8	20	9776	5993	74
1006	4	14	20	9784	1459	82
1007	3	1	20	9792	2277	100
1008	4	14	10	9800	15435	86
1009	3	1	30	9808	2442	98
1010	0	12	10	9816	4361	72
1011	4	14	10	9824	412	103
1012	0	12	15	9832	208	94
1013	3	1	20	9840	5746	105
1014	3	1	15	9848	134	87
1015	4	8	15	9856	1677	91
1016	3	1	30	9864	3299	84
1017	4	8	30	9872	2126	89
1018	4	8	20	9880	6424	84
1019	4	8	30	9888	4890	73
1020	4	14	20	9896	205	77
1021	3	1	30	9904	120	93
1022	3	1	15	9912	218	94
1023	0	12	10	9920	1349	82
1024	4	14	20	9928	2896	93
1025	4	8	20	9936	6080	88
1026	3	1	10	9944	1695	87
1027	4	14	20	9952	587	83
1028	4	8	15	10000	4340	95
1029	3	1	10	10010	1744	75
1030	0	12	10	10020	1835	84
1031	4	8	30	10030	3270	92
1032	4	8	30	10040	6666	91
1033	4	14	15	10050	3789	84
1034	4	8	15	10060	4037	96
1035	0	12	15	10070	1685	81
1036	4	14	30	10080	3513	80
1037	4	14	20	10090	4480	80
1038	4	14	30	10100	884	71
1039	4	14	20	10110	10934	72
1040	3	1	10	10120	8224	82
1041	0	12	20	10130	7085	76
1042	4	8	20	10140	11850	105
1043	4	14	30	10150	4375	94
1044	4	14	30	10160	292	77
1045	3	1	10	10170	8308	101
1046	0	12	10	10180	3281	95
1047	4	14	30	10190	578	102
1048	0	12	15	10200	2147	97
1049	0	12	15	10210	5083	83
1050	4	8	10	10220	7125	89
1051	4	14	30	10230	4957	91
1052	4	8	20	10240	4340	85
1053	3	1	15	10250	2087	74
1054	0	12	30	10260	1370	94
1055	4	14	15	10270	7891	80
1056	0	12	10	10280	4000	101
1057	0	12	20	10290	8174	103
1058	0	12	15	10300	3840	105
1059	4	8	15	10310	2564	92
1060	3	1	20	10320	2255	93
1061	0	12	30	10330	741	105
1062	0	12	10	10340	5914	74
1063	4	8	10	10350	3928	81
1064	3	1	20	10360	372	83
1065	4	14	15	10370	445	86
1066	4	8	15	10380	1351	81
1067	4	8	30	10390	2308	80
1068	4	8	15	10400	542	78
1069	4	8	10	10412	4675	76
1070	4	8	15	10424	5674	80
1071	4	14	15	10436	8755	74
1072	3	1	30	10448	962	88
1073	4	8	10	10460	7989	82
1074	4	14	20	10472	7170	96
1075	4	14	10	10484	995	71
1076	0	12	15	10496	339	93
1077	3	1	15	10508	1964	105
1078	0	12	15	10520	972	75
1079	4	8	15	10532	4091	97
1080	0	12	20	10544	1001	99
1081	4	14	15	10556	946	90
1082	3	1	15	10568	5106	91
1083	4	8	10	10580	11438	82
1084	4	8	10	10592	2951	91
1085	0	12	15	10604	4285	98
1086	0	12	15	10616	9065	77
1087	4	14	20	10628	2073	87
1088	4	14	20	10640	1555	96
1089	4	8	10	10652	5959	86
1090	0	12	10	10664	4974	86
1091	4	14	10	10676	5008	83
1092	3	1	10	10688	233	80
1093	4	8	20	10700	5165	84
1094	0	12	10	10712	2805	85
1095	3	1	10	10724	4852	83
1096	4	14	15	10736	238	71
1097	4	14	15	10748	1559	94
1098	0	12	10	10760	3432	80
1099	0	12	15	10772	13425	96
1100	0	12	30	10800	3546	90
1101	4	14	10	10808	517	84
1102	4	8	15	10816	32	93
1103	3	1	10	10824	5180	91
1104	3	1	30	10832	13027	72
1105	4	8	20	10840	11503	85
1106	4	8	10	10848	2744	73
1107	4	14	15	10856	6394	73
1108	3	1	20	10864	3404	83
1109	0	12	30	10872	289	93
1110	3	1	30	10880	6049	92
1111	4	8	20	10888	1119	101
1112	4	14	15	10896	4252	97
1113	4	14	30	10904	15035	77
1114	0	12	30	10912	1160	98
1115	4	14	10	10920	994	72
1116	4	8	20	10928	2378	84
1117	4	14	10	10936	7071	97
1118	0	12	10	10944	437	95
1119	4	8	15	10952	2259	91
1120	3	1	10	10960	938	79
1121	3	1	30	10968	8557	100
1122	4	8	15	10976	494	90
1123	4	14	10	10984	1736	98
1124	4	8	30	10992	15195	96
1125	4	8	15	11000	179	103
1126	4	8	10	11008	7119	99
1127	0	12	10	11016	2684	73
1128	0	12	10	11024	1786	102
1129	4	8	15	11032	560	82
1130	0	12	20	11040	708	105
1131	4	8	10	11048	5683	105
1132	3	1	15	11056	6684	95
1133	4	14	10	11064	1154	84
1134	0	12	20	11072	215	77
1135	4	8	15	11080	422	84
1136	4	8	30	11088	906	102
1137	0	12	10	11096	21103	105
1138	3	1	10	11104	15901	80
1139	4	14	15	11112	3453	76
1140	4	14	10	11120	702	94
1141	0	12	30	11128	414	73
1142	0	12	30	11136	7121	73
1143	3	1	20	11144	1163	72
1144	4	14	10	11152	21191	99
1145	3	1	15	11200	2521	90
1146	4	14	30	11210	245	92
1147	4	14	15	11220	333	73
1148	4	8	30	11230	2564	91
1149	4	8	30	11240	1335	82
1150	4	8	15	11250	1174	105
1151	0	12	15	11260	1037	79
1152	4	14	10	11270	990	104
1153	3	1	20	11280	624	95
1154	3	1	10	11290	5642	87
1155	3	1	10	11300	4891	95
1156	4	8	30	11310	20	100
1157	4	8	15	11320	4266	101
1158	4	8	15	11330	5522	101
1159	0	12	20	11340	9988	74
1160	0	12	20	11350	476	91
1161	0	12	30	11360	30	70
1162	3	1	15	11370	2302	76
1163	4	8	15	11380	2336	70
1164	0	12	15	11390	9517	94
1165	4	8	30	11400	85	92
1166	4	14	15	11410	2263	76
1167	0	12	15	11420	2069	82
1168	3	1	15	11430	10315	70
1169	3	1	15	11440	657	84
1170	4	8	15	11450	69	75
1171	0	12	20	11460	2415	84
1172	0	12	30	11470	7537	87
1173	0	12	30	11480	2980	89
1174	3	1	10	11490	1261	102
1175	4	8	15	11500	469	75
1176	3	1	30	11510	208	96
1177	4	14	20	11520	7973	87
1178	0	12	30	11530	1767	104
1179	3	1	15	11540	2853	75
1180	4	8	15	11550	16632	81
1181	3	1	30	11560	5567	96
1182	4	14	15	11570	62	87
1183	4	14	15	11600	317	89
1184	0	12	30	11609	8357	83
1185	0	12	15	11618	10863	95
1186	4	8	30	11627	3099	71
1187	4	14	20	11636	4404	105
1188	4	8	30	11645	2730	103
1189	3	1	20	11654	1704	87
1190	4	14	20	11663	399	90
1191	4	14	15	11672	3167	71
1192	4	14	30	11681	1131	74
1193	4	8	20	11690	262	75
1194	4	14	20	11699	2508	90
1195	3	1	15	11708	665	94
1196	3	1	20	11717	4325	103
1197	3	1	20	11726	1971	72
1198	3	1	15	11735	1692	84
1199	4	8	15	11744	14580	76
1200	4	14	10	11753	144	83
1201	4	14	20	11762	4262	79
1202	0	12	10	11771	677	72
1203	3	1	15	11780	1552	77
1204	4	14	15	11789	1240	77
1205	0	12	30	11798	6460	90
1206	4	14	15	11807	1915	98
1207	3	1	10	11816	4736	84
1208	0	12	20	11825	8283	99
1209	0	12	30	11834	4146	82
1210	4	14	10	11843	4254	105
1211	3	1	10	11852	609	82
1212	4	8	20	11861	1419	102
1213	3	1	30	11870	1090	95
1214	3	1	10	11879	10830	99
1215	3	1	30	11888	1790	100
1216	4	8	20	11897	19384	89
1217	4	14	10	11906	1793	92
1218	4	8	15	11915	3340	93
1219	4	14	10	11924	14528	105
1220	4	14	30	11933	2630	91
1221	0	12	30	11942	5786	77
1222	4	14	15	11951	9601	85
1223	4	14	20	11960	3443	89
1224	4	14	30	12000	232	100
1225	3	1	30	12008	2542	74
1226	4	8	30	12016	927	80
1227	4	14	15	12024	6139	82
1228	4	8	10	12032	244	104
1229	0	12	30	12040	498	78
1230	4	14	30	12048	2389	78
1231	4	14	15	12056	4336	94
1232	0	12	15	12064	2925	73
1233	3	1	20	12072	1933	98
1234	4	14	15	12080	2574	97
1235	3	1	30	12088	1595	71
1236	4	8	20	12096	3621	94
1237	0	12	10	12104	4733	79
1238	4	14	30	12112	6637	82
1239	4	14	10	12120	312	98
1240	4	8	30	12128	3224	102
1241	4	14	30	12136	7463	92
1242	3	1	10	12144	6310	76
1243	4	8	10	12152	7570	90
1244	3	1	20	12160	4712	88
1245	4	8	15	12168	12300	77
1246	3	1	30	12176	1141	74
1247	0	12	30	12184	31	84
1248	3	1	15	12192	558	81
1249	0	12	30	12200	444	96
1250	0	12	20	12208	703	74
1251	4	14	15	12216	1424	80
1252	4	8	10	12224	6924	85
1253	3	1	10	12232	1857	85
1254	4	8	15	12240	2708	91
1255	3	1	10	12248	1263	76
1256	4	14	10	12256	5483	100
1257	4	8	15	12264	3456	89
1258	4	14	15	12272	1233	83
1259	4	8	15	12280	6363	72
1260	3	1	10	12288	3606	80
1261	0	12	30	12296	3624	85
1262	0	12	10	12304	4026	86
1263	0	12	20	12312	5653	90
1264	0	12	30	12320	870	73
1265	0	12	20	12328	19859	80
1266	4	8	20	12336	3897	79
1267	4	14	30	12344	9880	74
1268	4	14	20	12352	5775	104
1269	0	12	15	12360	3709	98
1270	4	8	10	12400	5797	76
1271	4	8	20	12412	1417	79
1272	4	14	10	12424	3207	79
1273	4	8	15	12436	2701	100
1274	3	1	10	12448	2179	72
1275	0	12	10	12460	4050	104
1276	4	8	20	12472	14177	70
1277	3	1	15	12484	247	100
1278	0	12	10	12496	8655	70
1279	3	1	15	12508	433	92
1280	0	12	10	12520	1004	70
1281	0	12	10	12532	888	102
1282	0	12	10	12544	4248	70
1283	0	12	15	12556	12346	78
1284	4	14	15	12568	12500	73
1285	4	14	15	12580	650	103
1286	3	1	10	12592	7301	79
1287	3	1	15	12604	636	93
1288	0	12	15	12616	8877	76
1289	0	12	10	12628	911	91
1290	3	1	30	12640	3496	77
1291	4	14	15	12652	68	74
1292	4	8	20	12664	2237	101
1293	4	8	15	12676	54	80
1294	0	12	30	12688	2623	88
1295	4	8	30	12700	12633	86
1296	3	1	30	12712	946	76
1297	3	1	20	12724	150	91
1298	0	12	10	12736	4242	86
1299	3	1	30	12748	4803	77
1300	4	14	30	12760	1609	103
1301	3	1	30	12800	1618	70
1302	4	8	10	12810	1117	86
1303	3	1	30	12820	2984	89
1304	4	14	20	12830	1660	89
1305	4	14	10	12840	7945	100
1306	0	12	10	12850	5514	70
1307	4	14	30	12860	1613	90
1308	4	14	10	12870	12095	83
1309	4	8	10	12880	7730	93
1310	4	8	15	12890	1424	75
1311	4	8	20	12900	4635	105
1312	4	8	15	12910	4729	88
1313	0	12	30	12920	710	96
1314	4	8	15	12930	3414	72
1315	3	1	10	12940	2009	84
1316	4	14	30	12950	11363	85
1317	4	14	30	12960	4560	78
1318	0	12	15	12970	6449	86
1319	0	12	20	12980	186	76
1320	4	8	15	12990	669	71
1321	4	14	15	13000	2580	92
1322	3	1	20	13010	97	104
1323	4	14	20	13020	3285	82
1324	4	8	20	13030	87	91
1325	4	8	30	13040	5517	71
1326	4	14	30	13050	8157	83
1327	4	8	30	13060	3089	105
1328	4	8	15	13070	40	81
1329	4	8	10	13080	2484	91
1330	3	1	15	13090	2220	97
1331	4	14	10	13100	10886	84
1332	4	8	15	13110	2085	83
1333	4	8	10	13120	823	99
1334	3	1	20	13130	5903	95
1335	4	8	10	13140	8803	70
1336	3	1	30	13150	12440	85
1337	3	1	15	13160	549	86
1338	4	8	20	13170	3813	94
1339	0	12	10	13200	391	79
1340	4	14	10	13209	2056	103
1341	4	14	15	13218	2828	94
1342	3	1	15	13227	871	80
1343	4	14	10	13236	146	88
1344	3	1	20	13245	9378	85
1345	4	8	10	13254	9076	77
1346	3	1	30	13263	1563	92
1347	0	12	20	13272	1235	75
1348	0	12	30	13281	2314	78
1349	3	1	20	13290	360	73
1350	4	8	10	13299	64	71
1351	3	1	10	13308	3024	104
1352	4	8	10	13317	1078	75
1353	4	14	15	13326	3748	80
1354	0	12	20	13335	3149	76
1355	0	12	15	13344	7745	80
1356	0	12	15	13353	1476	71
1357	3	1	20	13362	4603	73
1358	4	8	15	13371	2806	104
1359	4	8	30	13380	3581	88
1360	4	14	15	13389	19798	86
1361	3	1	15	13398	943	71
1362	3	1	15	13407	1554	79
1363	3	1	30	13416	2683	97
1364	4	14	20	13425	2243	102
1365	3	1	10	13434	1819	97
1366	0	12	10	13443	1313	92
1367	4	14	15	13452	2832	95
1368	3	1	15	13461	1985	70
1369	0	12	15	13470	4618	72
1370	4	14	15	13479	2315	104
1371	4	8	20	13488	6710	105
1372	3	1	10	13497	271	89
1373	0	12	10	13506	4915	77
1374	4	8	15	13515	4124	78
1375	3	1	10	13524	4168	82
1376	0	12	10	13533	1311	82
1377	4	14	15	13542	17705	85
1378	0	12	30	13551	4269	103
1379	0	12	15	13560	534	84
1380	4	14	10	13600	2211	85
1381	4	14	15	13608	3706	78
1382	0	12	30	13616	415	97
1383	3	1	20	13624	10298	77
1384	4	14	10	13632	2367	90
1385	4	14	15	13640	9035	99
1386	4	8	10	13648	4788	79
1387	3	1	30	13656	6397	72
1388	4	8	15	13664	4098	93
1389	3	1	10	13672	9891	84
1390	4	8	20	13680	3475	104
1391	0	12	10	13688	1268	82
1392	4	8	30	13696	3915	87
1393	4	14	20	13704	93	76
1394	0	12	30	13712	422	98
1395	0	12	30	13720	852	101
1396	4	8	30	13728	818	85
1397	0	12	20	13736	4911	88
1398	0	12	20	13744	3734	92
1399	0	12	15	13752	3094	94
1400	0	12	10	13760	3836	90
1401	4	14	20	13768	6773	103
1402	3	1	15	13776	8302	74
1403	0	12	20	13784	5618	76
1404	4	14	15	13792	4161	75
1405	0	12	20	13800	906	72
1406	4	14	30	13808	2500	84
1407	4	8	30	13816	3010	103
1408	3	1	10	13824	13394	72
1409	3	1	20	13832	9117	99
1410	4	14	15	13840	3433	104
1411	0	12	30	13848	1546	92
1412	3	1	20	13856	111	75
1413	0	12	30	13864	1906	90
1414	3	1	30	13872	730	72
1415	0	12	10	13880	1969	78
1416	4	8	15	13888	472	80
1417	4	14	20	13896	2030	71
1418	3	1	20	13904	171	77
1419	4	14	15	13912	3051	73
1420	4	8	10	13920	4404	87
1421	3	1	10	13928	2630	89
1422	3	1	30	13936	8049	71
1423	4	14	10	13944	2582	92
1424	4	14	20	13952	440	73
1425	3	1	10	14000	734	92
1426	0	12	20	14008	837	87
1427	4	14	20	14016	174	83
1428	4	14	15	14024	3735	85
1429	0	12	15	14032	2402	83
1430	0	12	10	14040	2481	103
1431	0	12	20	14048	3399	99
1432	4	14	30	14056	1919	98
1433	4	14	20	14064	499	79
1434	4	14	15	14072	2839	99
1435	4	14	15	14080	3751	88
1436	0	12	30	14088	5231	74
1437	0	12	15	14096	1687	90
1438	4	14	10	14104	1297	72
1439	4	14	20	14112	1119	87
1440	0	12	20	14120	2253	84
1441	4	14	10	14128	740	81
1442	4	14	30	14136	7161	70
1443	3	1	30	14144	5441	100
1444	4	14	30	14152	1658	85
1445	0	12	20	14160	1203	81
1446	3	1	20	14168	1119	76
1447	0	12	30	14176	1125	103
1448	0	12	30	14184	7755	73
1449	0	12	30	14192	4972	90
1450	4	14	20	14200	335	91
1451	4	8	10	14208	6183	84
1452	3	1	30	14216	4375	80
1453	0	12	10	14224	303	89
1454	4	14	10	14232	8197	76
1455	3	1	30	14240	579	70
1456	4	8	30	14248	11963	101
1457	3	1	10	14256	2035	88
1458	0	12	30	14264	4202	72
1459	0	12	15	14272	2608	89
1460	0	12	30	14280	55	91
1461	0	12	10	14288	2193	71
1462	4	8	20	14296	10200	88
1463	3	1	20	14304	2881	94
1464	4	8	15	14312	2286	101
1465	4	14	30	14320	14	75
1466	4	8	10	14328	11218	99
1467	4	14	10	14336	9638	102
1468	4	8	20	14344	8185	97
1469	3	1	15	14352	3268	89
1470	4	14	10	14360	4305	73
1471	0	12	30	14368	5831	95
1472	0	12	20	14400	515	104
1473	3	1	10	14410	6397	95
1474	4	14	30	14420	434	94
1475	4	8	10	14430	2760	75
1476	3	1	15	14440	4185	89
1477	4	14	30	14450	524	77
1478	0	12	15	14460	585	76
1479	3	1	30	14470	7441	98
1480	0	12	15	14480	10282	85
1481	0	12	20	14490	11509	89
1482	3	1	20	14500	825	79
1483	4	14	20	14510	9032	101
1484	4	8	30	14520	1853	98
1485	4	14	10	14530	4500	89
1486	3	1	20	14540	9522	88
1487	3	1	20	14550	1472	79
1488	4	14	15	14560	1130	72
1489	0	12	15	14570	1870	98
1490	3	1	20	14580	4301	92
1491	3	1	20	14590	1606	92
1492	4	14	20	14600	4734	88
1493	4	14	20	14610	6399	89
1494	4	14	20	14620	1046	102
1495	4	14	15	14630	34	83
1496	4	8	20	14640	1135	99
1497	4	8	15	14650	1540	81
1498	0	12	20	14660	1473	104
1499	0	12	30	14670	1637	80
1500	4	14	20	14680	1545	88
1501	3	1	15	14690	1626	80
1502	3	1	15	14700	1875	75
1503	4	8	15	14710	1414	89
1504	4	8	20	14720	215	86
1505	3	1	20	14730	1503	101
1506	4	8	20	14740	4384	85
1507	4	14	30	14750	8071	90
1508	4	8	15	14760	14053	100
1509	3	1	30	14770	1865	71
1510	0	12	20	14780	2662	87
1511	4	8	30	14790	7014	94
1512	3	1	30	14800	1219	81
1513	3	1	30	14809	6557	80
1514	4	14	30	14818	3243	73
1515	4	14	15	14827	290	71
1516	3	1	20	14836	1074	97
1517	3	1	30	14845	107	93
1518	4	8	20	14854	614	102
1519	3	1	10	14863	5707	82
1520	0	12	10	14872	404	92
1521	4	14	20	14881	3992	90
1522	4	14	30	14890	4361	100
1523	4	8	10	14899	2751	104
1524	0	12	30	14908	9187	103
1525	4	8	15	14917	1592	87
1526	0	12	15	14926	305	76
1527	0	12	30	14935	1559	85
1528	4	14	20	14944	3355	99
1529	4	14	15	14953	396	81
1530	4	14	20	14962	1157	82
1531	0	12	10	14971	1596	77
1532	3	1	10	14980	6745	78
1533	0	12	15	14989	6442	101
1534	4	14	15	14998	2969	79
1535	4	8	10	15007	3561	75
1536	3	1	15	15016	3369	84
1537	0	12	15	15025	8779	96
1538	4	8	30	15034	7407	84
1539	3	1	15	15043	237	102
1540	4	8	20	15052	38	73
1541	3	1	30	15061	165	104
1542	0	12	10	15070	1648	84
1543	4	8	15	15079	8268	71
1544	4	14	30	15088	8734	80
1545	0	12	20	15097	7134	104
1546	4	14	30	15106	281	80
1547	4	8	20	15115	8755	78
1548	0	12	20	15124	1111	85
1549	4	14	10	15133	697	101
1550	0	12	30	15142	5929	92
1551	3	1	20	15151	997	75
1552	0	12	20	15160	780	85
1553	3	1	20	15169	3177	92
1554	4	14	30	15178	1096	94
1555	0	12	10	15200	4671	104
1556	4	14	15	15211	4435	86
1557	0	12	10	15222	8383	77
1558	4	8	20	15233	2032	92
1559	4	14	15	15244	5148	105
1560	4	8	10	15255	1096	95
1561	4	8	30	15266	1679	105
1562	0	12	15	15277	1422	97
1563	4	8	30	15288	8343	89
1564	3	1	15	15299	518	94
1565	4	14	20	15310	683	80
1566	3	1	30	15321	48	85
1567	3	1	20	15332	2483	86
1568	3	1	20	15343	1324	70
1569	4	8	30	15354	13525	104
1570	4	8	10	15365	2778	93
1571	3	1	10	15376	1704	70
1572	0	12	30	15387	810	79
1573	3	1	10	15398	354	70
1574	4	8	20	15409	5550	78
1575	3	1	15	15420	228	93
1576	3	1	15	15431	1390	75
1577	3	1	15	15442	6252	98
1578	4	8	15	15453	3765	93
1579	0	12	15	15464	279	104
1580	4	8	20	15475	1207	76
1581	4	14	20	15486	820	103
1582	0	12	10	15497	334	105
1583	4	14	15	15508	2094	103
1584	4	14	20	15519	1551	95
1585	0	12	10	15530	124	77
1586	0	12	15	15541	658	98
1587	0	12	20	15552	1240	92
1588	0	12	20	15563	3287	76
1589	4	14	15	15574	7206	81
1590	3	1	20	15600	10073	94
1591	4	8	10	15608	4714	76
1592	3	1	20	15616	2694	73
1593	3	1	20	15624	507	85
1594	4	8	10	15632	6811	77
1595	4	14	20	15640	4394	73
1596	4	8	20	15648	5405	76
1597	3	1	10	15656	2479	100
1598	3	1	10	15664	5576	82
1599	0	12	15	15672	5242	70
1600	4	8	30	15680	6856	89
1601	4	8	10	15688	3719	100
1602	4	14	10	15696	3726	78
1603	3	1	30	15704	1295	86
1604	4	8	10	15712	4307	78
1605	4	8	20	15720	2219	91
1606	4	8	20	15728	151	102
1607	3	1	15	15736	387	84
1608	0	12	10	15744	6393	83
1609	0	12	15	15752	814	70
1610	4	8	20	15760	2012	98
1611	4	8	10	15768	8467	93
1612	3	1	30	15776	1242	89
1613	4	8	15	15784	1607	94
1614	4	8	30	15792	2489	98
1615	3	1	15	15800	223	97
1616	0	12	30	15808	1218	70
1617	4	8	30	15816	8890	100
1618	3	1	15	15824	3232	99
1619	3	1	10	15832	380	87
1620	4	14	10	15840	20	88
1621	3	1	15	15848	5471	98
1622	4	8	10	15856	9297	79
1623	3	1	10	15864	2369	95
1624	3	1	10	15872	190	79
1625	0	12	30	15880	6610	86
1626	4	14	20	15888	7775	103
1627	3	1	15	15896	265	99
1628	0	12	10	15904	1242	99
1629	4	8	30	15912	349	74
1630	0	12	20	15920	1510	87
1631	4	14	10	15928	7124	80
1632	4	14	10	15936	157	86
1633	4	8	30	15944	8467	93
1634	3	1	20	15952	1137	84
1635	0	12	15	16000	4258	82
1636	4	14	20	16010	3464	95
1637	4	8	10	16020	6512	88
1638	4	8	10	16030	5517	94
1639	4	8	10	16040	9037	74
1640	3	1	15	16050	20098	80
1641	3	1	30	16060	244	83
1642	4	14	20	16070	2531	79
1643	0	12	10	16080	1887	76
1644	4	8	20	16090	2316	88
1645	4	8	20	16100	162	71
1646	3	1	15	16110	2215	93
1647	4	8	15	16120	693	85
1648	0	12	20	16130	4265	92
1649	3	1	20	16140	5767	86
1650	4	14	30	16150	2070	73
1651	0	12	20	16160	7574	82
1652	0	12	30	16170	9530	71
1653	4	14	30	16180	4328	100
1654	4	8	10	16190	5165	88
1655	4	14	20	16200	309	97
1656	4	14	10	16210	4859	90
1657	0	12	30	16220	693	88
1658	0	12	30	16230	1045	77
1659	4	8	15	16240	7613	98
1660	3	1	10	16250	3366	93
1661	4	14	10	16260	14444	72
1662	4	8	15	16270	6982	91
1663	4	14	10	16280	5008	79
1664	0	12	30	16290	8150	89
1665	4	8	20	16300	3318	87
1666	4	8	30	16310	7356	77
1667	4	8	30	16320	1960	101
1668	3	1	30	16330	348	79
1669	4	8	20	16340	6606	86
1670	3	1	30	16350	2576	71
1671	4	14	20	16360	2456	87
1672	4	14	30	16370	619	76
1673	0	12	10	16400	4300	95
1674	4	14	30	16412	409	77
1675	0	12	10	16424	11661	74
1676	3	1	20	16436	1294	89
1677	4	8	10	16448	2985	73
1678	4	8	20	16460	29	76
1679	4	8	15	16472	27	78
1680	4	8	20	16484	1932	98
1681	4	8	10	16496	4784	88
1682	3	1	30	16508	2100	76
1683	4	8	15	16520	2800	82
1684	3	1	30	16532	4552	70
1685	0	12	10	16544	2502	75
1686	4	14	15	16556	10301	79
1687	4	14	15	16568	1895	91
1688	0	12	20	16580	671	74
1689	4	14	10	16592	760	93
1690	0	12	10	16604	12140	98
1691	4	14	20	16616	2180	77
1692	4	8	15	16628	3410	81
1693	0	12	30	16640	9106	101
1694	4	14	10	16652	1581	86
1695	4	14	10	16664	82	78
1696	0	12	20	16676	1066	97
1697	0	12	15	16688	5623	70
1698	0	12	15	16700	2825	92
1699	4	14	10	16712	8342	71
1700	4	14	30	16724	886	100
1701	4	8	15	16736	153	97
1702	3	1	20	16748	315	75
1703	3	1	10	16760	7522	76
1704	0	12	30	16772	1361	85
1705	4	14	10	16784	11619	92
1706	0	12	20	16800	4897	76
1707	4	14	20	16810	1145	81
1708	0	12	10	16820	3318	93
1709	0	12	10	16830	6043	84
1710	0	12	30	16840	6400	77
1711	3	1	10	16850	780	87
1712	4	14	15	16860	658	81
1713	3	1	15	16870	1010	104
1714	4	14	20	16880	2522	70
1715	0	12	30	16890	8202	75
1716	4	8	15	16900	3324	101
1717	4	14	10	16910	1554	78
1718	4	8	15	16920	140	78
1719	4	14	20	16930	2074	84
1720	3	1	15	16940	4086	77
1721	4	8	20	16950	2491	91
1722	4	8	10	16960	1061	97
1723	4	14	30	16970	9645	91
1724	4	8	15	16980	7760	94
1725	4	14	15	16990	224	99
1726	3	1	15	17000	8657	75
1727	4	14	10	17010	1129	80
1728	4	8	10	17020	1614	78
1729	0	12	20	17030	320	105
1730	0	12	20	17040	4977	82
1731	3	1	15	17050	2948	89
1732	4	8	20	17060	78	86
1733	4	8	15	17070	564	75
1734	4	8	20	17080	6600	83
1735	0	12	10	17090	1695	70
1736	4	14	15	17100	3889	82
1737	4	14	30	17110	3292	70
1738	4	8	15	17120	967	103
1739	3	1	20	17130	5301	84
1740	4	14	15	17140	5691	105
1741	4	14	20	17150	4494	103
1742	4	14	10	17160	6719	104
1743	0	12	20	17200	1881	96
1744	3	1	10	17207	1879	86
1745	4	8	10	17214	5960	80
1746	0	12	10	17221	1250	101
1747	3	1	30	17228	1725	82
1748	0	12	10	17235	2246	101
1749	3	1	10	17242	2429	80
1750	3	1	20	17249	2435	82
1751	4	8	20	17256	9721	89
1752	3	1	10	17263	5096	97
1753	0	12	20	17270	430	78
1754	4	8	30	17277	1075	99
1755	3	1	15	17284	5314	79
1756	0	12	15	17291	6533	70
1757	4	14	30	17298	723	90
1758	4	8	20	17305	18930	88
1759	4	8	20	17312	1065	91
1760	4	8	20	17319	247	86
1761	4	8	20	17326	2465	101
1762	3	1	20	17333	9944	73
1763	4	14	15	17340	2668	94
1764	0	12	15	17347	279	71
1765	4	8	15	17354	1294	94
1766	4	8	15	17361	687	70
1767	3	1	10	17368	81	76
1768	0	12	30	17375	2146	90
1769	3	1	20	17382	521	105
1770	4	8	20	17389	1148	99
1771	4	8	20	17396	13	101
1772	4	8	20	17403	452	80
1773	4	14	20	17410	1427	100
1774	0	12	15	17417	4149	85
1775	4	14	20	17424	13410	80
1776	4	8	15	17431	4199	93
1777	4	8	15	17438	7803	70
1778	0	12	20	17445	3066	75
1779	4	14	10	17452	340	83
1780	4	14	10	17459	6170	104
1781	4	14	20	17466	3060	98
1782	4	14	10	17473	6779	84
1783	3	1	30	17480	8380	103
1784	3	1	30	17487	3880	92
1785	3	1	10	17494	6435	99
1786	4	14	15	17501	6462	97
1787	4	8	10	17508	9976	77
1788	4	14	15	17515	9043	82
1789	4	14	15	17522	302	74
1790	0	12	30	17529	3112	70
1791	4	14	20	17536	2437	97
1792	4	8	10	17543	3374	87
1793	0	12	30	17550	15848	82
1794	0	12	30	17600	4486	103
1795	4	8	30	17608	1420	73
1796	4	8	30	17616	5677	100
1797	0	12	20	17624	1582	79
1798	4	14	10	17632	1471	95
1799	0	12	20	17640	414	97
1800	0	12	20	17648	3836	80
1801	3	1	10	17656	1141	95
1802	4	8	10	17664	10944	97
1803	4	8	15	17672	1469	101
1804	4	8	20	17680	921	87
1805	0	12	10	17688	2409	86
1806	4	14	30	17696	6537	78
1807	4	14	15	17704	2179	103
1808	4	14	15	17712	2437	99
1809	3	1	10	17720	1263	89
1810	0	12	30	17728	355	92
1811	3	1	30	17736	11741	70
1812	3	1	15	17744	3978	84
1813	3	1	15	17752	9611	75
1814	3	1	20	17760	2375	92
1815	3	1	10	17768	2980	94
1816	3	1	20	17776	4127	86
1817	4	14	20	17784	162	75
1818	0	12	15	17792	8036	71
1819	4	8	15	17800	1245	78
1820	4	8	10	17808	2580	103
1821	4	14	15	17816	1100	99
1822	3	1	20	17824	531	99
1823	4	8	20	17832	1676	86
1824	3	1	30	17840	3483	105
1825	4	8	30	17848	6304	71
1826	0	12	20	17856	2274	84
1827	4	8	20	17864	539	104
1828	3	1	20	17872	3933	102
1829	3	1	15	17880	1702	81
1830	3	1	20	17888	926	85
1831	0	12	30	17896	1561	83
1832	4	8	15	17904	3195	81
1833	0	12	30	17912	2297	84
1834	3	1	15	17920	2501	73
1835	0	12	30	17928	3088	79
1836	4	8	20	17936	3660	70
1837	4	8	20	17944	2844	89
1838	0	12	15	17952	4449	86
1839	3	1	30	17960	737	75
1840	4	14	10	17968	21163	90
1841	0	12	30	17976	1919	100
1842	4	8	20	17984	2472	83
1843	4	8	15	18000	3922	99
1844	3	1	15	18010	17618	88
1845	4	8	10	18020	3604	105
1846	4	8	15	18030	6998	83
1847	4	14	20	18040	4318	81
1848	3	1	15	18050	3047	96
1849	4	8	30	18060	644	79
1850	4	14	15	18070	4259	92
1851	4	8	15	18080	5067	95
1852	4	14	10	18090	2471	78
1853	3	1	30	18100	163	87
1854	4	14	20	18110	3902	100
1855	0	12	15	18120	1888	86
1856	4	14	20	18130	528	101
1857	0	12	20	18140	3593	81
1858	4	14	20	18150	5178	102
1859	0	12	20	18160	2127	85
1860	4	14	15	18170	76	72
1861	4	8	15	18180	4543	80
1862	0	12	20	18190	6322	70
1863	0	12	30	18200	464	87
1864	4	14	15	18210	264	74
1865	4	14	10	18220	5738	78
1866	4	8	20	18230	2021	95
1867	3	1	15	18240	858	70
1868	4	14	10	18250	2352	72
1869	4	8	20	18260	9623	83
1870	0	12	20	18270	10404	93
1871	0	12	30	18280	579	103
1872	3	1	15	18290	1839	94
1873	3	1	20	18300	4781	101
1874	3	1	15	18310	1273	93
1875	4	8	10	18320	395	73
1876	3	1	20	18330	6045	85
1877	0	12	15	18340	2769	70
1878	3	1	10	18350	1751	103
1879	0	12	20	18360	17560	105
1880	4	14	20	18370	13655	94
1881	4	8	30	18380	5938	72
1882	4	14	10	18400	3594	77
1883	0	12	30	18410	2593	93
1884	3	1	10	18420	4703	95
1885	0	12	15	18430	2681	95
1886	4	8	20	18440	7932	75
1887	4	14	15	18450	2852	99
1888	0	12	15	18460	6726	90
1889	3	1	10	18470	371	92
1890	4	8	15	18480	2139	83
1891	4	8	30	18490	27	95
1892	4	8	30	18500	6110	92
1893	0	12	20	18510	1197	70
1894	3	1	15	18520	648	72
1895	4	8	30	18530	1519	80
1896	4	14	15	18540	3536	99
1897	0	12	30	18550	1732	102
1898	4	8	30	18560	3292	95
1899	4	14	10	18570	1024	79
1900	0	12	15	18580	878	80
1901	4	14	30	18590	4009	82
1902	4	14	20	18600	971	79
1903	0	12	30	18610	3906	83
1904	4	8	10	18620	1009	91
1905	4	14	15	18630	2939	94
1906	3	1	10	18640	1721	71
1907	4	8	20	18650	5766	82
1908	4	14	15	18660	5836	99
1909	4	8	15	18670	3009	96
1910	3	1	30	18680	3634	71
1911	4	14	10	18690	3914	100
1912	3	1	15	18700	1088	84
1913	4	14	30	18710	5363	103
1914	0	12	10	18720	2357	97
1915	3	1	20	18730	1126	70
1916	3	1	10	18740	359	72
1917	4	14	20	18750	1525	82
1918	4	8	20	18760	2165	98
1919	3	1	10	18770	3426	84
1920	3	1	20	18780	9187	73
1921	3	1	10	18800	8715	101
1922	4	8	10	18807	1907	86
1923	4	8	30	18814	1759	86
1924	4	14	15	18821	2737	105
1925	4	14	20	18828	10055	104
1926	3	1	10	18835	1734	81
1927	3	1	20	18842	465	94
1928	4	14	10	18849	3174	98
1929	0	12	20	18856	12536	83
1930	3	1	30	18863	2831	79
1931	4	8	30	18870	2233	88
1932	3	1	15	18877	11161	81
1933	3	1	30	18884	550	94
1934	4	14	15	18891	6252	94
1935	4	14	30	18898	1626	81
1936	4	8	15	18905	3263	99
1937	3	1	15	18912	13951	100
1938	4	14	30	18919	1172	71
1939	4	14	30	18926	750	71
1940	3	1	15	18933	597	94
1941	4	14	10	18940	416	98
1942	4	14	10	18947	5425	70
1943	4	14	30	18954	1342	99
1944	4	14	10	18961	2707	90
1945	3	1	10	18968	6243	88
1946	3	1	20	18975	5854	80
1947	3	1	30	18982	182	95
1948	0	12	20	18989	6715	78
1949	0	12	30	18996	9382	72
1950	4	14	20	19003	1046	77
1951	4	14	20	19010	1258	87
1952	3	1	10	19017	10836	74
1953	4	14	30	19024	16943	80
1954	0	12	20	19031	1581	75
1955	4	8	15	19038	1485	85
1956	3	1	30	19045	1170	102
1957	3	1	20	19052	7856	98
1958	4	8	15	19059	547	83
1959	4	8	15	19066	1449	93
1960	0	12	10	19073	738	83
1961	0	12	15	19080	1097	83
1962	3	1	15	19087	971	89
1963	4	14	30	19094	6666	86
1964	4	14	15	19101	87	87
1965	4	8	30	19108	740	88
1966	0	12	30	19115	4627	89
1967	4	14	15	19122	463	96
1968	4	14	20	19129	11815	78
1969	0	12	10	19136	471	86
1970	4	8	10	19143	4654	77
1971	4	14	20	19150	495	78
1972	0	12	30	19157	260	80
1973	3	1	30	19200	1135	97
1974	0	12	20	19214	2295	96
1975	4	14	15	19228	6448	81
1976	4	14	10	19242	624	100
1977	3	1	10	19256	395	93
1978	4	8	30	19270	7984	102
1979	4	8	10	19284	4890	86
1980	0	12	10	19298	652	93
1981	0	12	10	19312	1468	91
1982	4	8	10	19326	1406	85
1983	4	14	15	19340	4126	96
1984	4	8	30	19354	5182	75
1985	3	1	15	19368	1083	98
1986	3	1	20	19382	2728	84
1987	4	14	20	19396	12236	70
1988	3	1	10	19410	6480	88
1989	3	1	30	19424	2617	79
1990	4	8	10	19438	335	85
1991	4	14	30	19452	4789	70
1992	4	8	10	19466	7370	86
1993	3	1	15	19480	11983	84
1994	3	1	20	19494	9	93
1995	3	1	10	19508	9166	81
1996	4	8	20	19522	8590	79
1997	4	14	10	19536	10711	89
1998	4	14	20	19550	1223	81
1999	3	1	15	19564	1559	71
