0	4	8	10	0	2147483647	77
1	3	1	40	5	2147483647	99
2	3	1	20	10	2147483647	89
3	4	8	10	15	2147483647	77
4	3	1	20	20	2147483647	83
5	4	14	40	25	2147483647	86
6	4	8	40	30	2147483647	93
7	0	12	20	35	2147483647	86
8	0	12	30	40	2147483647	76
9	0	12	40	45	2147483647	74
10	4	14	20	50	2147483647	85
11	4	14	30	55	2147483647	102
12	4	14	20	60	2147483647	77
13	0	12	10	65	2147483647	90
14	0	12	40	70	2147483647	105
15	0	12	30	75	2147483647	85
16	3	1	10	80	2147483647	85
17	4	8	30	85	2147483647	84
18	4	8	10	90	2147483647	73
19	4	8	10	95	2147483647	81
20	3	1	30	100	2147483647	75
21	4	8	20	105	2147483647	84
22	0	12	40	110	2147483647	74
23	4	14	10	115	2147483647	70
24	3	1	30	120	2147483647	97
25	4	14	30	125	2147483647	87
26	3	1	40	130	2147483647	70
27	4	8	10	135	2147483647	74
28	3	1	10	140	2147483647	79
29	3	1	20	145	2147483647	90
30	4	14	20	150	2147483647	74
31	3	1	20	155	2147483647	94
32	4	8	20	160	2147483647	77
33	4	8	40	165	2147483647	102
34	0	12	10	170	2147483647	85
35	4	14	40	175	2147483647	96
36	4	8	20	180	2147483647	90
37	4	8	40	185	2147483647	88
38	4	14	40	190	2147483647	100
39	4	14	10	195	2147483647	97
40	0	12	30	200	2147483647	85
41	4	8	10	205	2147483647	94
42	3	1	10	210	2147483647	90
43	4	8	20	215	2147483647	82
44	4	14	40	220	2147483647	93
45	4	14	10	225	2147483647	103
46	4	8	10	230	2147483647	85
47	3	1	20	235	2147483647	99
48	4	8	10	240	2147483647	73
49	4	8	40	245	2147483647	90
50	3	1	10	250	2147483647	91
51	3	1	30	255	2147483647	90
52	3	1	10	260	2147483647	74
53	4	14	10	265	2147483647	74
54	3	1	10	270	2147483647	100
55	4	14	30	275	2147483647	99
56	3	1	10	280	2147483647	95
57	3	1	20	285	2147483647	88
58	3	1	20	290	2147483647	85
59	3	1	30	295	2147483647	102
60	0	12	40	300	2147483647	86
61	4	14	40	305	2147483647	88
62	3	1	20	310	2147483647	77
63	4	8	20	315	2147483647	92
64	4	8	30	320	2147483647	105
65	4	8	10	325	2147483647	96
66	4	8	10	330	2147483647	95
67	4	8	30	335	2147483647	81
68	0	12	10	340	2147483647	74
69	0	12	40	345	2147483647	78
70	3	1	10	350	2147483647	101
71	4	8	10	355	2147483647	103
72	4	8	30	360	2147483647	89
73	4	8	10	365	2147483647	82
74	4	8	20	370	2147483647	101
75	0	12	20	375	2147483647	87
76	4	14	10	380	2147483647	100
77	3	1	30	385	2147483647	97
78	0	12	10	390	2147483647	83
79	4	14	30	395	2147483647	100
80	4	8	30	400	2147483647	71
81	0	12	30	405	2147483647	77
82	0	12	40	410	2147483647	71
83	0	12	20	415	2147483647	94
84	4	14	10	420	2147483647	105
85	0	12	30	425	2147483647	90
86	4	14	10	430	2147483647	90
87	3	1	20	435	2147483647	72
88	3	1	40	440	2147483647	71
89	0	12	20	445	2147483647	92
90	4	8	40	450	2147483647	71
91	4	14	40	455	2147483647	71
92	3	1	30	460	2147483647	72
93	4	8	10	465	2147483647	103
94	4	14	10	470	2147483647	81
95	0	12	40	475	2147483647	102
96	3	1	30	480	2147483647	87
97	0	12	30	485	2147483647	104
98	0	12	40	490	2147483647	82
99	3	1	40	495	2147483647	102
100	4	8	10	500	2147483647	78
101	0	12	30	505	2147483647	73
102	4	8	10	510	2147483647	94
103	0	12	20	515	2147483647	100
104	4	14	30	520	2147483647	95
105	4	8	40	525	2147483647	94
106	4	8	10	530	2147483647	70
107	4	8	10	535	2147483647	98
108	4	8	30	540	2147483647	78
109	3	1	30	545	2147483647	83
110	0	12	20	550	2147483647	105
111	0	12	20	555	2147483647	103
112	3	1	10	560	2147483647	74
113	4	14	40	565	2147483647	90
114	4	8	10	570	2147483647	100
115	4	14	10	575	2147483647	78
116	3	1	40	580	2147483647	87
117	3	1	10	585	2147483647	88
118	4	8	20	590	2147483647	93
119	0	12	40	595	2147483647	85
120	4	8	40	600	2147483647	75
121	4	14	40	605	2147483647	92
122	3	1	40	610	2147483647	80
123	4	14	30	615	2147483647	88
124	4	14	40	620	2147483647	77
125	4	14	20	625	2147483647	99
126	4	14	30	630	2147483647	100
127	0	12	20	635	2147483647	92
128	3	1	40	640	2147483647	70
129	0	12	30	645	2147483647	105
130	3	1	40	650	2147483647	105
131	3	1	20	655	2147483647	101
132	3	1	40	660	2147483647	85
133	3	1	20	665	2147483647	86
134	3	1	30	670	2147483647	92
135	4	8	40	675	2147483647	104
136	3	1	20	680	2147483647	88
137	0	12	30	685	2147483647	76
138	4	8	30	690	2147483647	105
139	3	1	10	695	2147483647	81
140	3	1	30	700	2147483647	90
141	3	1	10	705	2147483647	98
142	0	12	30	710	2147483647	100
143	0	12	20	715	2147483647	93
144	0	12	40	720	2147483647	93
145	0	12	20	725	2147483647	73
146	0	12	30	730	2147483647	103
147	3	1	30	735	2147483647	88
148	4	14	40	740	2147483647	73
149	0	12	40	745	2147483647	72
150	3	1	40	750	2147483647	85
151	0	12	30	755	2147483647	104
152	3	1	20	760	2147483647	81
153	4	14	40	765	2147483647	103
154	0	12	40	770	2147483647	96
155	3	1	20	775	2147483647	91
156	4	8	40	780	2147483647	99
157	3	1	30	785	2147483647	76
158	0	12	20	790	2147483647	93
159	0	12	20	795	2147483647	101
160	3	1	20	800	2147483647	99
161	0	12	30	805	2147483647	84
162	3	1	10	810	2147483647	97
163	0	12	40	815	2147483647	79
164	0	12	40	820	2147483647	83
165	4	8	40	825	2147483647	73
166	3	1	30	830	2147483647	88
167	4	14	40	835	2147483647	93
168	4	8	20	840	2147483647	104
169	4	14	20	845	2147483647	102
170	0	12	40	850	2147483647	96
171	4	8	20	855	2147483647	80
172	0	12	20	860	2147483647	89
173	4	14	10	865	2147483647	81
174	3	1	10	870	2147483647	101
175	4	14	40	875	2147483647	83
176	3	1	10	880	2147483647	98
177	3	1	20	885	2147483647	92
178	3	1	30	890	2147483647	101
179	3	1	30	895	2147483647	73
180	3	1	30	900	2147483647	102
181	0	12	10	905	2147483647	82
182	0	12	30	910	2147483647	88
183	4	8	40	915	2147483647	104
184	3	1	40	920	2147483647	89
185	4	8	10	925	2147483647	71
186	4	14	10	930	2147483647	90
187	3	1	40	935	2147483647	88
188	4	8	20	940	2147483647	96
189	0	12	10	945	2147483647	70
190	0	12	10	950	2147483647	75
191	0	12	40	955	2147483647	82
192	4	14	20	960	2147483647	89
193	4	8	20	965	2147483647	73
194	4	14	40	970	2147483647	87
195	3	1	10	975	2147483647	75
196	4	14	40	980	2147483647	70
197	0	12	40	985	2147483647	90
198	0	12	30	990	2147483647	80
199	3	1	40	995	2147483647	89
200	3	1	30	1000	2147483647	90
201	0	12	40	1005	2147483647	79
202	4	8	10	1010	2147483647	89
203	0	12	30	1015	2147483647	76
204	4	14	10	1020	2147483647	82
205	0	12	30	1025	2147483647	74
206	4	14	20	1030	2147483647	84
207	4	14	10	1035	2147483647	105
208	4	8	40	1040	2147483647	71
209	0	12	10	1045	2147483647	83
210	4	14	10	1050	2147483647	99
211	4	14	20	1055	2147483647	76
212	4	14	40	1060	2147483647	80
213	4	8	40	1065	2147483647	89
214	4	8	30	1070	2147483647	104
215	3	1	20	1075	2147483647	87
216	0	12	10	1080	2147483647	101
217	0	12	20	1085	2147483647	99
218	3	1	10	1090	2147483647	95
219	3	1	30	1095	2147483647	81
220	4	8	40	1100	2147483647	88
221	4	14	40	1105	2147483647	70
222	4	8	30	1110	2147483647	103
223	4	8	10	1115	2147483647	104
224	4	14	10	1120	2147483647	97
225	0	12	10	1125	2147483647	83
226	3	1	40	1130	2147483647	97
227	4	14	40	1135	2147483647	86
228	0	12	20	1140	2147483647	100
229	4	14	40	1145	2147483647	95
230	0	12	40	1150	2147483647	83
231	3	1	10	1155	2147483647	77
232	4	8	40	1160	2147483647	81
233	0	12	30	1165	2147483647	81
234	0	12	40	1170	2147483647	88
235	4	8	30	1175	2147483647	93
236	3	1	40	1180	2147483647	98
237	0	12	40	1185	2147483647	82
238	3	1	40	1190	2147483647	92
239	4	8	20	1195	2147483647	85
240	3	1	40	1200	2147483647	92
241	0	12	40	1205	2147483647	91
242	4	8	40	1210	2147483647	86
243	4	8	10	1215	2147483647	82
244	0	12	10	1220	2147483647	76
245	4	8	40	1225	2147483647	104
246	0	12	40	1230	2147483647	71
247	4	8	30	1235	2147483647	70
248	4	14	30	1240	2147483647	74
249	4	8	30	1245	2147483647	70
250	3	1	10	1250	2147483647	80
251	3	1	30	1255	2147483647	77
252	4	8	30	1260	2147483647	100
253	3	1	40	1265	2147483647	104
254	0	12	10	1270	2147483647	71
255	4	14	40	1275	2147483647	90
256	4	14	20	1280	2147483647	81
257	0	12	10	1285	2147483647	91
258	0	12	20	1290	2147483647	84
259	4	14	10	1295	2147483647	104
260	3	1	30	1300	2147483647	83
261	4	14	20	1305	2147483647	104
262	4	14	40	1310	2147483647	74
263	4	8	10	1315	2147483647	82
264	0	12	20	1320	2147483647	105
265	4	8	40	1325	2147483647	92
266	4	8	20	1330	2147483647	100
267	4	14	10	1335	2147483647	105
268	4	8	10	1340	2147483647	70
269	0	12	10	1345	2147483647	81
270	4	14	30	1350	2147483647	94
271	4	14	10	1355	2147483647	88
272	3	1	30	1360	2147483647	77
273	0	12	40	1365	2147483647	80
274	4	14	40	1370	2147483647	95
275	4	8	40	1375	2147483647	103
276	3	1	10	1380	2147483647	90
277	0	12	20	1385	2147483647	90
278	0	12	10	1390	2147483647	97
279	3	1	20	1395	2147483647	99
280	0	12	10	1400	2147483647	82
281	0	12	20	1405	2147483647	96
282	0	12	10	1410	2147483647	81
283	3	1	40	1415	2147483647	100
284	4	8	40	1420	2147483647	84
285	3	1	20	1425	2147483647	76
286	0	12	30	1430	2147483647	82
287	3	1	10	1435	2147483647	83
288	4	14	30	1440	2147483647	79
289	0	12	10	1445	2147483647	104
290	3	1	20	1450	2147483647	81
291	3	1	30	1455	2147483647	77
292	4	14	20	1460	2147483647	103
293	3	1	30	1465	2147483647	93
294	4	14	30	1470	2147483647	72
295	3	1	20	1475	2147483647	94
296	4	8	10	1480	2147483647	86
297	4	14	40	1485	2147483647	73
298	4	8	40	1490	2147483647	83
299	4	14	10	1495	2147483647	90
300	4	14	20	1500	2147483647	73
301	0	12	30	1505	2147483647	71
302	4	14	20	1510	2147483647	105
303	4	14	30	1515	2147483647	98
304	4	8	10	1520	2147483647	81
305	3	1	40	1525	2147483647	97
306	4	14	40	1530	2147483647	105
307	4	8	40	1535	2147483647	90
308	3	1	10	1540	2147483647	79
309	4	14	10	1545	2147483647	74
310	0	12	30	1550	2147483647	70
311	3	1	40	1555	2147483647	97
312	4	14	40	1560	2147483647	99
313	3	1	10	1565	2147483647	91
314	4	14	40	1570	2147483647	92
315	4	8	20	1575	2147483647	92
316	4	14	20	1580	2147483647	92
317	0	12	40	1585	2147483647	80
318	4	14	10	1590	2147483647	103
319	3	1	10	1595	2147483647	99
320	0	12	20	1600	2147483647	79
321	3	1	20	1605	2147483647	87
322	0	12	30	1610	2147483647	95
323	0	12	10	1615	2147483647	71
324	3	1	30	1620	2147483647	70
325	4	8	40	1625	2147483647	87
326	4	14	40	1630	2147483647	91
327	0	12	40	1635	2147483647	89
328	0	12	10	1640	2147483647	78
329	4	8	20	1645	2147483647	70
330	4	14	40	1650	2147483647	86
331	3	1	10	1655	2147483647	86
332	4	14	30	1660	2147483647	77
333	4	8	10	1665	2147483647	77
334	3	1	10	1670	2147483647	95
335	4	14	30	1675	2147483647	80
336	0	12	40	1680	2147483647	96
337	0	12	20	1685	2147483647	89
338	4	8	40	1690	2147483647	88
339	4	14	40	1695	2147483647	93
340	3	1	20	1700	2147483647	76
341	4	14	30	1705	2147483647	97
342	0	12	10	1710	2147483647	73
343	0	12	30	1715	2147483647	75
344	4	14	20	1720	2147483647	104
345	4	14	30	1725	2147483647	89
346	4	14	30	1730	2147483647	83
347	4	8	20	1735	2147483647	81
348	4	14	40	1740	2147483647	71
349	4	8	20	1745	2147483647	85
350	3	1	10	1750	2147483647	71
351	4	8	10	1755	2147483647	76
352	0	12	30	1760	2147483647	75
353	4	14	30	1765	2147483647	89
354	3	1	30	1770	2147483647	80
355	0	12	10	1775	2147483647	92
356	0	12	10	1780	2147483647	82
357	4	14	20	1785	2147483647	103
358	0	12	10	1790	2147483647	97
359	4	14	10	1795	2147483647	99
360	3	1	10	1800	2147483647	76
361	4	14	10	1805	2147483647	86
362	0	12	40	1810	2147483647	82
363	4	8	30	1815	2147483647	78
364	4	14	10	1820	2147483647	93
365	3	1	20	1825	2147483647	89
366	3	1	20	1830	2147483647	89
367	4	8	40	1835	2147483647	91
368	0	12	40	1840	2147483647	102
369	4	14	20	1845	2147483647	81
370	4	8	20	1850	2147483647	101
371	3	1	40	1855	2147483647	73
372	3	1	10	1860	2147483647	97
373	0	12	20	1865	2147483647	80
374	4	14	30	1870	2147483647	93
375	4	8	40	1875	2147483647	87
376	3	1	10	1880	2147483647	83
377	4	14	10	1885	2147483647	89
378	0	12	30	1890	2147483647	73
379	3	1	10	1895	2147483647	87
380	3	1	10	1900	2147483647	73
381	3	1	20	1905	2147483647	79
382	4	8	40	1910	2147483647	87
383	3	1	40	1915	2147483647	98
384	4	14	20	1920	2147483647	104
385	3	1	40	1925	2147483647	80
386	3	1	30	1930	2147483647	81
387	0	12	40	1935	2147483647	94
388	3	1	30	1940	2147483647	103
389	4	8	40	1945	2147483647	72
390	4	14	20	1950	2147483647	103
391	4	8	20	1955	2147483647	98
392	4	14	20	1960	2147483647	97
393	4	8	30	1965	2147483647	95
394	0	12	30	1970	2147483647	86
395	4	14	10	1975	2147483647	95
396	3	1	40	1980	2147483647	85
397	4	14	30	1985	2147483647	100
398	0	12	20	1990	2147483647	87
399	4	8	40	1995	2147483647	84
400	0	12	20	2000	2147483647	70
401	4	8	40	2005	2147483647	98
402	4	8	20	2010	2147483647	85
403	4	14	30	2015	2147483647	95
404	0	12	10	2020	2147483647	89
405	4	14	10	2025	2147483647	104
406	3	1	10	2030	2147483647	84
407	0	12	20	2035	2147483647	100
408	4	14	40	2040	2147483647	101
409	4	8	30	2045	2147483647	98
410	3	1	40	2050	2147483647	78
411	0	12	10	2055	2147483647	98
412	3	1	40	2060	2147483647	100
413	3	1	40	2065	2147483647	80
414	4	8	10	2070	2147483647	95
415	0	12	30	2075	2147483647	102
416	3	1	10	2080	2147483647	104
417	4	8	40	2085	2147483647	89
418	4	8	10	2090	2147483647	79
419	0	12	20	2095	2147483647	83
420	0	12	40	2100	2147483647	78
421	3	1	20	2105	2147483647	101
422	3	1	20	2110	2147483647	94
423	3	1	40	2115	2147483647	99
424	0	12	40	2120	2147483647	83
425	0	12	40	2125	2147483647	72
426	3	1	20	2130	2147483647	82
427	4	8	20	2135	2147483647	72
428	4	14	30	2140	2147483647	99
429	4	14	30	2145	2147483647	104
430	3	1	10	2150	2147483647	72
431	4	14	30	2155	2147483647	88
432	4	14	40	2160	2147483647	71
433	4	14	40	2165	2147483647	94
434	4	8	40	2170	2147483647	87
435	0	12	10	2175	2147483647	81
436	4	8	40	2180	2147483647	100
437	4	8	20	2185	2147483647	98
438	3	1	40	2190	2147483647	79
439	4	14	10	2195	2147483647	70
440	0	12	30	2200	2147483647	101
441	4	8	20	2205	2147483647	86
442	0	12	40	2210	2147483647	98
443	4	8	40	2215	2147483647	74
444	3	1	10	2220	2147483647	99
445	3	1	20	2225	2147483647	75
446	4	14	30	2230	2147483647	104
447	4	8	20	2235	2147483647	86
448	4	14	30	2240	2147483647	105
449	0	12	40	2245	2147483647	90
450	4	8	10	2250	2147483647	96
451	0	12	40	2255	2147483647	102
452	4	8	20	2260	2147483647	90
453	4	14	40	2265	2147483647	74
454	0	12	40	2270	2147483647	76
455	3	1	40	2275	2147483647	74
456	3	1	30	2280	2147483647	73
457	3	1	20	2285	2147483647	91
458	3	1	30	2290	2147483647	81
459	0	12	10	2295	2147483647	87
460	0	12	40	2300	2147483647	92
461	4	8	30	2305	2147483647	82
462	0	12	30	2310	2147483647	70
463	0	12	20	2315	2147483647	103
464	4	14	30	2320	2147483647	96
465	4	14	10	2325	2147483647	96
466	4	8	20	2330	2147483647	96
467	3	1	40	2335	2147483647	75
468	4	8	10	2340	2147483647	99
469	0	12	40	2345	2147483647	84
470	4	14	40	2350	2147483647	71
471	0	12	40	2355	2147483647	76
472	4	14	10	2360	2147483647	80
473	3	1	40	2365	2147483647	79
474	0	12	40	2370	2147483647	87
475	3	1	30	2375	2147483647	98
476	3	1	20	2380	2147483647	73
477	4	8	20	2385	2147483647	90
478	4	14	40	2390	2147483647	70
479	4	8	30	2395	2147483647	78
480	0	12	10	2400	2147483647	74
481	4	8	10	2405	2147483647	101
482	4	8	40	2410	2147483647	72
483	4	14	30	2415	2147483647	79
484	4	8	20	2420	2147483647	77
485	4	8	20	2425	2147483647	75
486	3	1	10	2430	2147483647	103
487	4	14	40	2435	2147483647	103
488	3	1	40	2440	2147483647	88
489	3	1	40	2445	2147483647	82
490	4	8	30	2450	2147483647	77
491	3	1	20	2455	2147483647	79
492	3	1	30	2460	2147483647	86
493	3	1	30	2465	2147483647	97
494	4	14	20	2470	2147483647	84
495	4	14	40	2475	2147483647	89
496	4	8	30	2480	2147483647	85
497	4	14	20	2485	2147483647	100
498	3	1	20	2490	2147483647	83
499	4	14	40	2495	2147483647	73
500	4	8	40	2500	2147483647	85
501	0	12	40	2505	2147483647	99
502	4	14	10	2510	2147483647	92
503	3	1	30	2515	2147483647	91
504	0	12	10	2520	2147483647	88
505	4	8	10	2525	2147483647	90
506	4	8	30	2530	2147483647	91
507	3	1	30	2535	2147483647	81
508	3	1	10	2540	2147483647	92
509	3	1	20	2545	2147483647	84
510	0	12	30	2550	2147483647	71
511	4	8	10	2555	2147483647	89
512	3	1	30	2560	2147483647	91
513	4	8	10	2565	2147483647	73
514	4	14	10	2570	2147483647	83
515	3	1	30	2575	2147483647	96
516	4	14	40	2580	2147483647	79
517	0	12	40	2585	2147483647	97
518	3	1	10	2590	2147483647	96
519	4	8	20	2595	2147483647	91
520	4	8	10	2600	2147483647	98
521	4	8	20	2605	2147483647	99
522	4	14	40	2610	2147483647	93
523	3	1	20	2615	2147483647	87
524	4	14	20	2620	2147483647	76
525	0	12	20	2625	2147483647	97
526	4	8	10	2630	2147483647	96
527	0	12	30	2635	2147483647	88
528	4	14	20	2640	2147483647	100
529	4	8	40	2645	2147483647	104
530	4	8	40	2650	2147483647	82
531	3	1	40	2655	2147483647	78
532	4	14	10	2660	2147483647	76
533	4	14	10	2665	2147483647	102
534	4	14	30	2670	2147483647	99
535	4	14	20	2675	2147483647	80
536	4	8	40	2680	2147483647	78
537	3	1	10	2685	2147483647	86
538	3	1	20	2690	2147483647	96
539	0	12	10	2695	2147483647	92
540	0	12	30	2700	2147483647	90
541	4	14	30	2705	2147483647	92
542	0	12	40	2710	2147483647	80
543	0	12	30	2715	2147483647	73
544	3	1	20	2720	2147483647	80
545	0	12	30	2725	2147483647	94
546	4	14	40	2730	2147483647	94
547	4	8	20	2735	2147483647	82
548	4	14	30	2740	2147483647	84
549	0	12	30	2745	2147483647	93
550	4	14	10	2750	2147483647	79
551	0	12	30	2755	2147483647	93
552	4	8	20	2760	2147483647	74
553	4	8	10	2765	2147483647	98
554	3	1	40	2770	2147483647	81
555	0	12	30	2775	2147483647	92
556	4	8	40	2780	2147483647	75
557	4	8	40	2785	2147483647	75
558	4	14	20	2790	2147483647	85
559	0	12	40	2795	2147483647	97
560	4	14	10	2800	2147483647	100
561	0	12	10	2805	2147483647	73
562	4	14	10	2810	2147483647	87
563	4	8	10	2815	2147483647	93
564	4	8	20	2820	2147483647	71
565	3	1	30	2825	2147483647	99
566	4	8	40	2830	2147483647	83
567	4	14	30	2835	2147483647	94
568	4	8	30	2840	2147483647	80
569	4	14	40	2845	2147483647	72
570	0	12	40	2850	2147483647	88
571	0	12	40	2855	2147483647	99
572	4	8	20	2860	2147483647	71
573	3	1	40	2865	2147483647	73
574	0	12	30	2870	2147483647	70
575	4	8	20	2875	2147483647	76
576	0	12	20	2880	2147483647	88
577	4	14	20	2885	2147483647	89
578	4	14	40	2890	2147483647	76
579	3	1	40	2895	2147483647	88
580	0	12	20	2900	2147483647	73
581	0	12	30	2905	2147483647	83
582	4	8	40	2910	2147483647	73
583	4	14	40	2915	2147483647	76
584	3	1	40	2920	2147483647	95
585	0	12	10	2925	2147483647	95
586	0	12	20	2930	2147483647	73
587	3	1	10	2935	2147483647	84
588	4	8	20	2940	2147483647	90
589	4	14	40	2945	2147483647	77
590	3	1	20	2950	2147483647	75
591	0	12	40	2955	2147483647	72
592	3	1	40	2960	2147483647	71
593	3	1	30	2965	2147483647	105
594	0	12	10	2970	2147483647	98
595	4	14	20	2975	2147483647	86
596	0	12	30	2980	2147483647	74
597	4	14	30	2985	2147483647	93
598	4	14	10	2990	2147483647	72
599	0	12	30	2995	2147483647	87
600	3	1	30	3000	2147483647	81
601	0	12	20	3005	2147483647	105
602	0	12	40	3010	2147483647	72
603	0	12	30	3015	2147483647	82
604	4	14	40	3020	2147483647	75
605	3	1	10	3025	2147483647	86
606	3	1	10	3030	2147483647	92
607	3	1	30	3035	2147483647	70
608	0	12	20	3040	2147483647	97
609	4	8	20	3045	2147483647	75
610	4	14	10	3050	2147483647	73
611	4	8	20	3055	2147483647	91
612	4	8	10	3060	2147483647	105
613	4	8	30	3065	2147483647	103
614	4	14	30	3070	2147483647	93
615	4	14	20	3075	2147483647	86
616	4	14	10	3080	2147483647	105
617	0	12	20	3085	2147483647	80
618	3	1	20	3090	2147483647	104
619	0	12	10	3095	2147483647	82
620	4	8	20	3100	2147483647	95
621	4	14	40	3105	2147483647	104
622	4	8	10	3110	2147483647	73
623	4	8	30	3115	2147483647	73
624	0	12	20	3120	2147483647	102
625	0	12	10	3125	2147483647	85
626	4	8	40	3130	2147483647	97
627	4	14	40	3135	2147483647	71
628	4	8	30	3140	2147483647	81
629	0	12	20	3145	2147483647	89
630	4	8	40	3150	2147483647	71
631	4	8	30	3155	2147483647	101
632	0	12	20	3160	2147483647	87
633	4	14	20	3165	2147483647	94
634	4	14	10	3170	2147483647	77
635	4	14	40	3175	2147483647	73
636	4	14	40	3180	2147483647	81
637	4	8	20	3185	2147483647	97
638	4	14	40	3190	2147483647	70
639	4	14	30	3195	2147483647	79
640	4	8	10	3200	2147483647	72
641	3	1	40	3205	2147483647	73
642	3	1	40	3210	2147483647	92
643	4	14	40	3215	2147483647	85
644	0	12	40	3220	2147483647	73
645	4	8	40	3225	2147483647	89
646	3	1	40	3230	2147483647	73
647	4	8	10	3235	2147483647	74
648	4	14	40	3240	2147483647	81
649	4	8	40	3245	2147483647	81
650	0	12	10	3250	2147483647	87
651	0	12	10	3255	2147483647	100
652	4	8	20	3260	2147483647	94
653	3	1	40	3265	2147483647	95
654	3	1	20	3270	2147483647	98
655	4	14	30	3275	2147483647	82
656	3	1	10	3280	2147483647	102
657	3	1	20	3285	2147483647	105
658	4	14	20	3290	2147483647	85
659	3	1	30	3295	2147483647	96
660	4	8	20	3300	2147483647	94
661	4	14	10	3305	2147483647	90
662	0	12	40	3310	2147483647	95
663	4	14	40	3315	2147483647	77
664	4	14	30	3320	2147483647	74
665	3	1	20	3325	2147483647	78
666	4	8	10	3330	2147483647	73
667	3	1	40	3335	2147483647	80
668	4	8	20	3340	2147483647	96
669	4	14	30	3345	2147483647	90
670	0	12	30	3350	2147483647	75
671	3	1	40	3355	2147483647	78
672	0	12	20	3360	2147483647	79
673	4	14	40	3365	2147483647	94
674	4	14	10	3370	2147483647	79
675	3	1	20	3375	2147483647	92
676	4	8	10	3380	2147483647	81
677	3	1	20	3385	2147483647	94
678	4	8	40	3390	2147483647	105
679	4	14	20	3395	2147483647	83
680	4	8	20	3400	2147483647	81
681	0	12	40	3405	2147483647	93
682	0	12	10	3410	2147483647	96
683	0	12	40	3415	2147483647	105
684	0	12	20	3420	2147483647	72
685	4	8	30	3425	2147483647	76
686	0	12	20	3430	2147483647	76
687	4	8	20	3435	2147483647	98
688	0	12	40	3440	2147483647	102
689	0	12	20	3445	2147483647	100
690	4	8	40	3450	2147483647	77
691	0	12	20	3455	2147483647	81
692	4	8	40	3460	2147483647	81
693	4	8	20	3465	2147483647	80
694	3	1	20	3470	2147483647	91
695	4	8	40	3475	2147483647	87
696	4	8	40	3480	2147483647	84
697	3	1	40	3485	2147483647	85
698	0	12	10	3490	2147483647	81
699	4	8	20	3495	2147483647	100
700	4	14	30	3500	2147483647	85
701	0	12	10	3505	2147483647	98
702	4	14	40	3510	2147483647	83
703	4	14	20	3515	2147483647	96
704	4	8	10	3520	2147483647	75
705	3	1	10	3525	2147483647	78
706	4	14	40	3530	2147483647	90
707	3	1	30	3535	2147483647	105
708	4	14	40	3540	2147483647	85
709	4	14	40	3545	2147483647	76
710	4	8	30	3550	2147483647	70
711	0	12	30	3555	2147483647	77
712	4	8	30	3560	2147483647	105
713	0	12	40	3565	2147483647	72
714	0	12	20	3570	2147483647	84
715	0	12	20	3575	2147483647	70
716	4	14	10	3580	2147483647	100
717	0	12	10	3585	2147483647	95
718	3	1	30	3590	2147483647	75
719	3	1	40	3595	2147483647	103
720	3	1	10	3600	2147483647	72
721	4	14	40	3605	2147483647	81
722	4	8	40	3610	2147483647	84
723	4	8	10	3615	2147483647	101
724	3	1	40	3620	2147483647	83
725	4	14	10	3625	2147483647	100
726	0	12	10	3630	2147483647	103
727	3	1	10	3635	2147483647	105
728	0	12	20	3640	2147483647	73
729	4	8	20	3645	2147483647	98
730	4	8	30	3650	2147483647	78
731	3	1	10	3655	2147483647	102
732	4	8	10	3660	2147483647	82
733	4	14	30	3665	2147483647	75
734	4	14	30	3670	2147483647	103
735	4	8	20	3675	2147483647	88
736	0	12	10	3680	2147483647	79
737	0	12	30	3685	2147483647	105
738	4	14	30	3690	2147483647	99
739	3	1	10	3695	2147483647	99
740	4	8	40	3700	2147483647	91
741	4	8	30	3705	2147483647	76
742	3	1	30	3710	2147483647	82
743	0	12	10	3715	2147483647	96
744	3	1	40	3720	2147483647	99
745	0	12	10	3725	2147483647	105
746	3	1	40	3730	2147483647	82
747	0	12	10	3735	2147483647	78
748	0	12	40	3740	2147483647	101
749	4	8	40	3745	2147483647	90
750	3	1	30	3750	2147483647	93
751	0	12	40	3755	2147483647	94
752	4	14	10	3760	2147483647	80
753	4	8	20	3765	2147483647	84
754	4	14	10	3770	2147483647	97
755	4	14	40	3775	2147483647	73
756	3	1	10	3780	2147483647	84
757	3	1	30	3785	2147483647	88
758	4	8	30	3790	2147483647	83
759	4	8	40	3795	2147483647	81
760	4	8	10	3800	2147483647	81
761	0	12	30	3805	2147483647	91
762	4	8	10	3810	2147483647	102
763	4	8	20	3815	2147483647	93
764	3	1	10	3820	2147483647	104
765	3	1	20	3825	2147483647	74
766	3	1	30	3830	2147483647	100
767	3	1	10	3835	2147483647	100
768	0	12	10	3840	2147483647	75
769	4	14	10	3845	2147483647	101
770	0	12	20	3850	2147483647	97
771	3	1	30	3855	2147483647	100
772	4	8	20	3860	2147483647	101
773	0	12	20	3865	2147483647	81
774	0	12	40	3870	2147483647	81
775	0	12	20	3875	2147483647	102
776	4	8	20	3880	2147483647	105
777	4	8	40	3885	2147483647	93
778	3	1	20	3890	2147483647	71
779	4	8	40	3895	2147483647	83
780	0	12	20	3900	2147483647	87
781	4	14	40	3905	2147483647	94
782	3	1	10	3910	2147483647	73
783	3	1	30	3915	2147483647	89
784	3	1	40	3920	2147483647	74
785	0	12	40	3925	2147483647	89
786	4	14	10	3930	2147483647	91
787	0	12	40	3935	2147483647	104
788	0	12	20	3940	2147483647	83
789	0	12	40	3945	2147483647	99
790	3	1	10	3950	2147483647	74
791	4	8	20	3955	2147483647	97
792	4	14	10	3960	2147483647	91
793	4	8	30	3965	2147483647	87
794	0	12	10	3970	2147483647	88
795	0	12	10	3975	2147483647	70
796	0	12	30	3980	2147483647	80
797	0	12	10	3985	2147483647	94
798	3	1	40	3990	2147483647	98
799	0	12	20	3995	2147483647	94
800	4	8	30	4000	2147483647	74
801	0	12	30	4005	2147483647	88
802	0	12	40	4010	2147483647	73
803	4	8	40	4015	2147483647	105
804	4	8	20	4020	2147483647	99
805	4	14	40	4025	2147483647	98
806	4	14	20	4030	2147483647	98
807	4	14	40	4035	2147483647	104
808	4	8	20	4040	2147483647	72
809	4	14	30	4045	2147483647	101
810	3	1	20	4050	2147483647	74
811	4	8	20	4055	2147483647	96
812	0	12	20	4060	2147483647	86
813	4	14	40	4065	2147483647	70
814	4	8	30	4070	2147483647	100
815	4	8	10	4075	2147483647	92
816	3	1	30	4080	2147483647	88
817	3	1	20	4085	2147483647	83
818	3	1	20	4090	2147483647	89
819	4	8	20	4095	2147483647	84
820	4	14	20	4100	2147483647	88
821	3	1	30	4105	2147483647	102
822	3	1	30	4110	2147483647	86
823	0	12	20	4115	2147483647	81
824	0	12	10	4120	2147483647	97
825	3	1	10	4125	2147483647	105
826	4	14	20	4130	2147483647	78
827	4	14	30	4135	2147483647	84
828	4	14	20	4140	2147483647	99
829	0	12	40	4145	2147483647	80
830	4	14	40	4150	2147483647	91
831	0	12	10	4155	2147483647	80
832	3	1	40	4160	2147483647	101
833	4	8	40	4165	2147483647	82
834	0	12	10	4170	2147483647	78
835	4	14	40	4175	2147483647	105
836	4	14	40	4180	2147483647	91
837	4	8	20	4185	2147483647	73
838	4	8	20	4190	2147483647	95
839	4	14	40	4195	2147483647	81
840	4	8	20	4200	2147483647	97
841	4	14	10	4205	2147483647	92
842	4	14	30	4210	2147483647	102
843	0	12	30	4215	2147483647	87
844	3	1	20	4220	2147483647	95
845	4	8	30	4225	2147483647	83
846	4	8	40	4230	2147483647	80
847	0	12	20	4235	2147483647	91
848	0	12	10	4240	2147483647	93
849	4	14	40	4245	2147483647	101
850	3	1	30	4250	2147483647	88
851	4	8	10	4255	2147483647	103
852	3	1	30	4260	2147483647	75
853	0	12	20	4265	2147483647	83
854	0	12	40	4270	2147483647	75
855	4	14	40	4275	2147483647	78
856	3	1	40	4280	2147483647	71
857	4	14	30	4285	2147483647	97
858	0	12	40	4290	2147483647	77
859	3	1	10	4295	2147483647	99
860	0	12	30	4300	2147483647	90
861	4	14	40	4305	2147483647	84
862	4	14	20	4310	2147483647	75
863	0	12	30	4315	2147483647	97
864	4	14	40	4320	2147483647	79
865	4	8	20	4325	2147483647	99
866	3	1	20	4330	2147483647	101
867	3	1	30	4335	2147483647	73
868	3	1	30	4340	2147483647	97
869	4	8	30	4345	2147483647	100
870	3	1	10	4350	2147483647	70
871	0	12	20	4355	2147483647	84
872	4	8	10	4360	2147483647	93
873	4	14	30	4365	2147483647	77
874	0	12	40	4370	2147483647	93
875	4	14	10	4375	2147483647	102
876	4	14	10	4380	2147483647	70
877	4	8	10	4385	2147483647	105
878	3	1	40	4390	2147483647	92
879	3	1	20	4395	2147483647	84
880	0	12	20	4400	2147483647	95
881	3	1	10	4405	2147483647	92
882	4	14	20	4410	2147483647	96
883	0	12	20	4415	2147483647	103
884	3	1	10	4420	2147483647	98
885	3	1	30	4425	2147483647	94
886	3	1	30	4430	2147483647	75
887	3	1	30	4435	2147483647	87
888	0	12	40	4440	2147483647	76
889	4	8	20	4445	2147483647	70
890	4	8	40	4450	2147483647	104
891	4	14	20	4455	2147483647	100
892	0	12	20	4460	2147483647	102
893	3	1	10	4465	2147483647	102
894	3	1	20	4470	2147483647	97
895	4	8	30	4475	2147483647	82
896	0	12	30	4480	2147483647	87
897	3	1	40	4485	2147483647	74
898	4	8	40	4490	2147483647	77
899	0	12	10	4495	2147483647	101
900	4	14	20	4500	2147483647	88
901	4	14	20	4505	2147483647	76
902	4	8	40	4510	2147483647	100
903	3	1	20	4515	2147483647	98
904	0	12	30	4520	2147483647	100
905	4	8	10	4525	2147483647	74
906	4	14	40	4530	2147483647	79
907	3	1	10	4535	2147483647	103
908	0	12	30	4540	2147483647	96
909	4	8	40	4545	2147483647	79
910	4	14	40	4550	2147483647	78
911	4	8	40	4555	2147483647	72
912	4	8	30	4560	2147483647	74
913	4	8	30	4565	2147483647	99
914	3	1	40	4570	2147483647	74
915	4	8	20	4575	2147483647	103
916	4	14	20	4580	2147483647	93
917	4	14	10	4585	2147483647	77
918	3	1	20	4590	2147483647	105
919	0	12	20	4595	2147483647	91
920	4	14	40	4600	2147483647	94
921	0	12	40	4605	2147483647	83
922	4	8	30	4610	2147483647	102
923	4	8	10	4615	2147483647	97
924	0	12	40	4620	2147483647	102
925	3	1	40	4625	2147483647	76
926	0	12	40	4630	2147483647	87
927	4	14	10	4635	2147483647	97
928	4	8	10	4640	2147483647	86
929	3	1	20	4645	2147483647	80
930	4	14	20	4650	2147483647	84
931	4	8	10	4655	2147483647	101
932	4	14	20	4660	2147483647	97
933	3	1	40	4665	2147483647	97
934	4	14	40	4670	2147483647	102
935	4	8	10	4675	2147483647	88
936	4	8	10	4680	2147483647	98
937	0	12	40	4685	2147483647	103
938	4	14	40	4690	2147483647	72
939	0	12	40	4695	2147483647	94
940	3	1	40	4700	2147483647	85
941	4	14	20	4705	2147483647	78
942	4	8	10	4710	2147483647	96
943	4	14	10	4715	2147483647	102
944	4	8	20	4720	2147483647	97
945	4	14	40	4725	2147483647	101
946	4	8	30	4730	2147483647	95
947	3	1	40	4735	2147483647	72
948	0	12	10	4740	2147483647	98
949	0	12	40	4745	2147483647	99
950	3	1	20	4750	2147483647	94
951	4	8	30	4755	2147483647	79
952	4	14	30	4760	2147483647	75
953	0	12	30	4765	2147483647	92
954	0	12	20	4770	2147483647	77
955	3	1	30	4775	2147483647	74
956	3	1	30	4780	2147483647	79
957	4	14	30	4785	2147483647	73
958	3	1	30	4790	2147483647	102
959	4	8	40	4795	2147483647	94
960	0	12	20	4800	2147483647	92
961	0	12	30	4805	2147483647	88
962	4	8	40	4810	2147483647	87
963	3	1	10	4815	2147483647	85
964	3	1	20	4820	2147483647	101
965	3	1	40	4825	2147483647	82
966	4	8	30	4830	2147483647	80
967	4	14	40	4835	2147483647	83
968	4	8	30	4840	2147483647	103
969	0	12	40	4845	2147483647	91
970	0	12	10	4850	2147483647	74
971	3	1	20	4855	2147483647	96
972	4	14	20	4860	2147483647	74
973	4	8	20	4865	2147483647	80
974	3	1	20	4870	2147483647	75
975	4	14	20	4875	2147483647	86
976	3	1	40	4880	2147483647	92
977	4	8	20	4885	2147483647	70
978	0	12	40	4890	2147483647	105
979	0	12	40	4895	2147483647	70
980	4	8	10	4900	2147483647	86
981	4	8	40	4905	2147483647	85
982	3	1	10	4910	2147483647	105
983	0	12	10	4915	2147483647	92
984	4	14	10	4920	2147483647	91
985	3	1	40	4925	2147483647	74
986	4	8	20	4930	2147483647	96
987	3	1	40	4935	2147483647	75
988	4	8	30	4940	2147483647	89
989	0	12	20	4945	2147483647	97
990	4	14	20	4950	2147483647	79
991	4	8	30	4955	2147483647	95
992	3	1	20	4960	2147483647	71
993	3	1	40	4965	2147483647	84
994	4	14	30	4970	2147483647	71
995	4	8	10	4975	2147483647	102
996	3	1	20	4980	2147483647	96
997	4	14	40	4985	2147483647	80
998	4	8	40	4990	2147483647	71
999	4	14	30	4995	2147483647	85
