0	4	14	10	0	2147483647	66
1	4	14	30	5	2147483647	80
2	0	12	30	10	2147483647	64
3	3	1	10	15	2147483647	68
4	4	14	15	20	2147483647	87
5	3	1	20	25	2147483647	64
6	3	1	20	30	2147483647	57
7	4	14	20	35	2147483647	64
8	4	8	10	40	2147483647	57
9	4	14	30	45	2147483647	59
10	0	12	10	50	2147483647	68
11	4	8	15	55	2147483647	81
12	3	1	20	60	2147483647	77
13	4	8	20	65	2147483647	56
14	4	14	10	70	2147483647	74
15	4	8	20	75	2147483647	65
16	4	8	20	80	2147483647	56
17	3	1	10	85	2147483647	79
18	4	14	20	90	2147483647	63
19	4	8	20	95	2147483647	60
20	4	8	15	100	2147483647	82
21	4	14	30	105	2147483647	76
22	3	1	30	110	2147483647	65
23	4	14	15	115	2147483647	78
24	3	1	10	120	2147483647	65
25	0	12	15	125	2147483647	53
26	4	8	30	130	2147483647	54
27	0	12	10	135	2147483647	63
28	0	12	10	140	2147483647	69
29	3	1	10	145	2147483647	69
30	0	12	15	150	2147483647	59
31	4	8	15	155	2147483647	67
32	4	14	20	160	2147483647	55
33	4	8	20	165	2147483647	68
34	0	12	10	170	2147483647	61
35	4	14	20	175	2147483647	87
36	0	12	10	180	2147483647	61
37	4	14	30	185	2147483647	55
38	4	8	15	190	2147483647	81
39	4	14	30	195	2147483647	60
40	4	8	10	200	2147483647	87
41	4	8	30	205	2147483647	84
42	3	1	20	210	2147483647	66
43	3	1	10	215	2147483647	56
44	4	14	10	220	2147483647	77
45	3	1	10	225	2147483647	68
46	4	8	10	230	2147483647	70
47	3	1	15	235	2147483647	56
48	3	1	30	240	2147483647	61
49	4	14	15	245	2147483647	84
50	4	14	10	250	2147483647	84
51	3	1	10	255	2147483647	71
52	4	14	15	260	2147483647	64
53	4	14	15	265	2147483647	75
54	3	1	10	270	2147483647	87
55	0	12	10	275	2147483647	79
56	0	12	30	280	2147483647	68
57	4	8	15	285	2147483647	75
58	0	12	30	290	2147483647	55
59	3	1	30	295	2147483647	86
60	4	8	30	300	2147483647	63
61	3	1	15	305	2147483647	82
62	4	14	20	310	2147483647	84
63	4	14	10	315	2147483647	77
64	3	1	15	320	2147483647	53
65	3	1	20	325	2147483647	54
66	3	1	20	330	2147483647	78
67	0	12	30	335	2147483647	62
68	4	8	15	340	2147483647	84
69	0	12	20	345	2147483647	76
70	0	12	15	350	2147483647	57
71	4	8	30	355	2147483647	54
72	4	8	20	360	2147483647	87
73	0	12	20	365	2147483647	56
74	0	12	15	370	2147483647	61
75	4	14	15	375	2147483647	87
76	4	8	15	380	2147483647	63
77	0	12	30	385	2147483647	61
78	4	14	15	390	2147483647	53
79	4	14	10	395	2147483647	85
80	4	14	15	400	2147483647	71
81	3	1	15	405	2147483647	86
82	3	1	15	410	2147483647	55
83	0	12	20	415	2147483647	74
84	4	14	30	420	2147483647	74
85	3	1	10	425	2147483647	77
86	4	8	10	430	2147483647	55
87	4	14	10	435	2147483647	69
88	4	14	15	440	2147483647	69
89	4	14	30	445	2147483647	71
90	3	1	20	450	2147483647	71
91	4	14	20	455	2147483647	74
92	4	14	30	460	2147483647	88
93	3	1	20	465	2147483647	83
94	3	1	10	470	2147483647	86
95	4	14	20	475	2147483647	57
96	3	1	15	480	2147483647	53
97	3	1	15	485	2147483647	77
98	4	14	20	490	2147483647	56
99	0	12	15	495	2147483647	75
100	0	12	15	500	2147483647	78
101	0	12	10	505	2147483647	61
102	4	8	30	510	2147483647	60
103	3	1	10	515	2147483647	73
104	3	1	30	520	2147483647	79
105	3	1	10	525	2147483647	82
106	4	8	20	530	2147483647	73
107	4	14	30	535	2147483647	61
108	4	14	10	540	2147483647	66
109	3	1	30	545	2147483647	53
110	4	14	20	550	2147483647	68
111	0	12	10	555	2147483647	59
112	4	8	30	560	2147483647	75
113	0	12	30	565	2147483647	58
114	4	14	20	570	2147483647	68
115	3	1	15	575	2147483647	65
116	4	14	10	580	2147483647	80
117	3	1	30	585	2147483647	63
118	0	12	15	590	2147483647	56
119	0	12	15	595	2147483647	64
120	4	8	15	600	2147483647	88
121	3	1	15	605	2147483647	61
122	4	8	20	610	2147483647	82
123	4	8	20	615	2147483647	66
124	4	8	10	620	2147483647	57
125	4	8	30	625	2147483647	72
126	4	8	10	630	2147483647	54
127	3	1	10	635	2147483647	57
128	4	8	20	640	2147483647	58
129	0	12	20	645	2147483647	56
130	4	8	10	650	2147483647	86
131	3	1	10	655	2147483647	74
132	0	12	10	660	2147483647	58
133	4	14	10	665	2147483647	66
134	4	14	20	670	2147483647	59
135	4	14	10	675	2147483647	63
136	4	8	20	680	2147483647	79
137	0	12	10	685	2147483647	70
138	3	1	30	690	2147483647	83
139	0	12	20	695	2147483647	80
140	0	12	20	700	2147483647	57
141	3	1	15	705	2147483647	82
142	4	14	10	710	2147483647	56
143	0	12	15	715	2147483647	69
144	0	12	15	720	2147483647	55
145	3	1	20	725	2147483647	65
146	3	1	20	730	2147483647	88
147	4	14	10	735	2147483647	82
148	3	1	10	740	2147483647	68
149	0	12	20	745	2147483647	73
150	0	12	20	750	2147483647	66
151	4	14	20	755	2147483647	78
152	3	1	10	760	2147483647	74
153	4	14	15	765	2147483647	80
154	3	1	30	770	2147483647	76
155	3	1	30	775	2147483647	69
156	3	1	20	780	2147483647	68
157	4	14	10	785	2147483647	83
158	0	12	10	790	2147483647	69
159	4	8	30	795	2147483647	60
160	0	12	10	800	2147483647	80
161	3	1	15	805	2147483647	68
162	4	8	10	810	2147483647	55
163	4	14	15	815	2147483647	62
164	0	12	30	820	2147483647	55
165	4	8	20	825	2147483647	82
166	0	12	30	830	2147483647	54
167	4	8	30	835	2147483647	61
168	0	12	15	840	2147483647	88
169	0	12	20	845	2147483647	57
170	0	12	20	850	2147483647	74
171	3	1	30	855	2147483647	63
172	0	12	10	860	2147483647	68
173	4	14	20	865	2147483647	64
174	4	14	30	870	2147483647	60
175	3	1	10	875	2147483647	58
176	3	1	15	880	2147483647	58
177	4	8	15	885	2147483647	65
178	4	8	15	890	2147483647	63
179	4	14	15	895	2147483647	81
180	4	14	15	900	2147483647	73
181	3	1	10	905	2147483647	60
182	4	14	10	910	2147483647	77
183	4	8	30	915	2147483647	74
184	0	12	10	920	2147483647	79
185	3	1	15	925	2147483647	61
186	4	14	10	930	2147483647	53
187	0	12	30	935	2147483647	66
188	0	12	10	940	2147483647	78
189	4	8	20	945	2147483647	78
190	0	12	20	950	2147483647	84
191	4	8	15	955	2147483647	85
192	0	12	10	960	2147483647	53
193	0	12	30	965	2147483647	76
194	0	12	20	970	2147483647	88
195	4	8	10	975	2147483647	77
196	4	8	10	980	2147483647	79
197	0	12	30	985	2147483647	82
198	4	14	20	990	2147483647	66
199	3	1	20	995	2147483647	62
200	4	8	20	1000	2147483647	63
201	4	8	20	1005	2147483647	79
202	3	1	20	1010	2147483647	83
203	3	1	20	1015	2147483647	63
204	4	14	30	1020	2147483647	88
205	4	8	20	1025	2147483647	55
206	3	1	20	1030	2147483647	62
207	4	14	15	1035	2147483647	63
208	0	12	20	1040	2147483647	73
209	0	12	30	1045	2147483647	70
210	4	14	20	1050	2147483647	64
211	4	8	15	1055	2147483647	55
212	4	8	30	1060	2147483647	72
213	4	8	20	1065	2147483647	77
214	4	8	20	1070	2147483647	76
215	4	8	10	1075	2147483647	73
216	4	14	15	1080	2147483647	80
217	4	14	15	1085	2147483647	70
218	4	14	10	1090	2147483647	72
219	3	1	15	1095	2147483647	83
220	3	1	15	1100	2147483647	82
221	4	14	10	1105	2147483647	76
222	0	12	30	1110	2147483647	71
223	4	14	20	1115	2147483647	62
224	4	14	30	1120	2147483647	61
225	3	1	15	1125	2147483647	78
226	3	1	30	1130	2147483647	62
227	4	14	10	1135	2147483647	81
228	3	1	30	1140	2147483647	64
229	4	8	20	1145	2147483647	72
230	4	8	30	1150	2147483647	67
231	3	1	15	1155	2147483647	64
232	4	8	20	1160	2147483647	87
233	4	14	20	1165	2147483647	54
234	4	8	30	1170	2147483647	70
235	3	1	20	1175	2147483647	82
236	0	12	15	1180	2147483647	66
237	4	8	15	1185	2147483647	67
238	3	1	10	1190	2147483647	75
239	3	1	20	1195	2147483647	76
240	4	14	30	1200	2147483647	87
241	4	14	20	1205	2147483647	79
242	0	12	10	1210	2147483647	82
243	0	12	15	1215	2147483647	61
244	4	8	30	1220	2147483647	67
245	4	14	10	1225	2147483647	82
246	0	12	15	1230	2147483647	65
247	3	1	20	1235	2147483647	65
248	4	14	10	1240	2147483647	53
249	3	1	20	1245	2147483647	68
250	3	1	30	1250	2147483647	86
251	4	8	30	1255	2147483647	62
252	0	12	20	1260	2147483647	63
253	4	8	15	1265	2147483647	72
254	0	12	15	1270	2147483647	68
255	3	1	15	1275	2147483647	76
256	0	12	30	1280	2147483647	61
257	3	1	10	1285	2147483647	74
258	3	1	20	1290	2147483647	54
259	0	12	20	1295	2147483647	62
260	3	1	20	1300	2147483647	82
261	4	14	15	1305	2147483647	70
262	4	8	15	1310	2147483647	87
263	3	1	30	1315	2147483647	53
264	3	1	30	1320	2147483647	55
265	4	8	15	1325	2147483647	88
266	0	12	20	1330	2147483647	56
267	3	1	15	1335	2147483647	71
268	4	14	20	1340	2147483647	60
269	4	14	30	1345	2147483647	82
270	4	8	20	1350	2147483647	60
271	4	8	30	1355	2147483647	66
272	4	8	15	1360	2147483647	84
273	0	12	20	1365	2147483647	84
274	3	1	15	1370	2147483647	84
275	3	1	30	1375	2147483647	56
276	4	14	10	1380	2147483647	83
277	4	14	15	1385	2147483647	63
278	3	1	30	1390	2147483647	83
279	0	12	30	1395	2147483647	68
280	3	1	30	1400	2147483647	65
281	4	14	15	1405	2147483647	85
282	0	12	30	1410	2147483647	81
283	4	14	15	1415	2147483647	84
284	3	1	30	1420	2147483647	75
285	0	12	10	1425	2147483647	58
286	4	8	30	1430	2147483647	54
287	4	14	15	1435	2147483647	68
288	3	1	10	1440	2147483647	74
289	4	14	20	1445	2147483647	82
290	4	8	20	1450	2147483647	73
291	4	8	15	1455	2147483647	80
292	3	1	30	1460	2147483647	65
293	4	8	15	1465	2147483647	65
294	0	12	30	1470	2147483647	83
295	0	12	20	1475	2147483647	70
296	4	8	10	1480	2147483647	80
297	4	8	15	1485	2147483647	81
298	3	1	15	1490	2147483647	58
299	0	12	20	1495	2147483647	68
300	3	1	20	1500	2147483647	78
301	4	8	30	1505	2147483647	83
302	3	1	30	1510	2147483647	58
303	4	14	10	1515	2147483647	59
304	4	8	30	1520	2147483647	61
305	4	8	30	1525	2147483647	73
306	4	14	20	1530	2147483647	66
307	0	12	10	1535	2147483647	68
308	4	14	30	1540	2147483647	77
309	4	8	20	1545	2147483647	64
310	3	1	15	1550	2147483647	82
311	0	12	15	1555	2147483647	86
312	0	12	10	1560	2147483647	79
313	4	8	30	1565	2147483647	75
314	4	8	20	1570	2147483647	85
315	3	1	15	1575	2147483647	85
316	3	1	15	1580	2147483647	78
317	3	1	10	1585	2147483647	55
318	4	14	10	1590	2147483647	67
319	4	8	30	1595	2147483647	86
320	0	12	15	1600	2147483647	87
321	4	8	15	1605	2147483647	77
322	4	14	15	1610	2147483647	85
323	0	12	10	1615	2147483647	66
324	4	8	10	1620	2147483647	62
325	0	12	15	1625	2147483647	68
326	4	14	10	1630	2147483647	53
327	4	14	30	1635	2147483647	72
328	0	12	20	1640	2147483647	53
329	3	1	30	1645	2147483647	66
330	0	12	20	1650	2147483647	64
331	3	1	30	1655	2147483647	54
332	4	8	10	1660	2147483647	58
333	3	1	10	1665	2147483647	68
334	3	1	10	1670	2147483647	78
335	4	8	30	1675	2147483647	71
336	0	12	15	1680	2147483647	80
337	0	12	30	1685	2147483647	74
338	3	1	15	1690	2147483647	76
339	4	8	30	1695	2147483647	55
340	0	12	20	1700	2147483647	81
341	0	12	30	1705	2147483647	74
342	0	12	20	1710	2147483647	79
343	4	8	20	1715	2147483647	63
344	0	12	15	1720	2147483647	53
345	0	12	15	1725	2147483647	76
346	4	8	10	1730	2147483647	53
347	0	12	10	1735	2147483647	78
348	0	12	30	1740	2147483647	68
349	4	8	20	1745	2147483647	86
350	4	8	10	1750	2147483647	81
351	4	14	10	1755	2147483647	78
352	4	8	10	1760	2147483647	67
353	0	12	20	1765	2147483647	61
354	4	14	10	1770	2147483647	69
355	4	8	15	1775	2147483647	54
356	4	8	20	1780	2147483647	87
357	3	1	30	1785	2147483647	81
358	3	1	30	1790	2147483647	86
359	0	12	15	1795	2147483647	82
360	4	8	30	1800	2147483647	72
361	0	12	30	1805	2147483647	83
362	0	12	15	1810	2147483647	67
363	0	12	10	1815	2147483647	63
364	0	12	10	1820	2147483647	53
365	0	12	20	1825	2147483647	81
366	4	14	15	1830	2147483647	81
367	3	1	10	1835	2147483647	64
368	4	14	20	1840	2147483647	85
369	4	14	30	1845	2147483647	67
370	4	8	30	1850	2147483647	58
371	3	1	20	1855	2147483647	56
372	4	14	20	1860	2147483647	68
373	3	1	10	1865	2147483647	65
374	4	8	15	1870	2147483647	57
375	4	14	20	1875	2147483647	65
376	0	12	30	1880	2147483647	86
377	3	1	20	1885	2147483647	75
378	4	14	20	1890	2147483647	65
379	0	12	30	1895	2147483647	74
380	4	14	15	1900	2147483647	67
381	3	1	30	1905	2147483647	64
382	4	14	10	1910	2147483647	56
383	4	14	10	1915	2147483647	56
384	0	12	20	1920	2147483647	74
385	0	12	15	1925	2147483647	75
386	0	12	20	1930	2147483647	75
387	0	12	15	1935	2147483647	86
388	3	1	10	1940	2147483647	87
389	0	12	30	1945	2147483647	77
390	0	12	10	1950	2147483647	73
391	3	1	20	1955	2147483647	88
392	3	1	30	1960	2147483647	77
393	4	8	10	1965	2147483647	83
394	4	14	10	1970	2147483647	72
395	0	12	20	1975	2147483647	86
396	0	12	15	1980	2147483647	60
397	4	14	15	1985	2147483647	69
398	0	12	20	1990	2147483647	62
399	0	12	30	1995	2147483647	61
400	0	12	30	2000	2147483647	83
401	3	1	30	2005	2147483647	78
402	4	8	15	2010	2147483647	82
403	0	12	30	2015	2147483647	54
404	4	14	20	2020	2147483647	81
405	3	1	20	2025	2147483647	77
406	0	12	15	2030	2147483647	63
407	4	14	10	2035	2147483647	55
408	4	14	10	2040	2147483647	56
409	0	12	20	2045	2147483647	57
410	0	12	20	2050	2147483647	56
411	3	1	10	2055	2147483647	64
412	3	1	10	2060	2147483647	68
413	4	8	30	2065	2147483647	64
414	4	8	30	2070	2147483647	67
415	4	14	30	2075	2147483647	61
416	0	12	30	2080	2147483647	80
417	4	8	10	2085	2147483647	64
418	0	12	15	2090	2147483647	77
419	0	12	20	2095	2147483647	66
420	4	14	30	2100	2147483647	58
421	4	14	10	2105	2147483647	83
422	4	14	10	2110	2147483647	65
423	3	1	30	2115	2147483647	61
424	4	14	20	2120	2147483647	83
425	4	14	15	2125	2147483647	58
426	0	12	30	2130	2147483647	68
427	3	1	20	2135	2147483647	73
428	3	1	30	2140	2147483647	81
429	0	12	20	2145	2147483647	59
430	3	1	10	2150	2147483647	58
431	4	8	15	2155	2147483647	70
432	3	1	30	2160	2147483647	65
433	4	14	30	2165	2147483647	56
434	4	14	10	2170	2147483647	80
435	0	12	15	2175	2147483647	78
436	0	12	20	2180	2147483647	70
437	4	14	10	2185	2147483647	54
438	4	14	15	2190	2147483647	63
439	4	8	10	2195	2147483647	86
440	0	12	30	2200	2147483647	65
441	4	8	15	2205	2147483647	73
442	4	8	10	2210	2147483647	83
443	4	8	20	2215	2147483647	83
444	0	12	15	2220	2147483647	73
445	4	8	30	2225	2147483647	61
446	0	12	15	2230	2147483647	72
447	4	8	30	2235	2147483647	65
448	0	12	10	2240	2147483647	68
449	0	12	15	2245	2147483647	64
450	0	12	30	2250	2147483647	59
451	4	14	10	2255	2147483647	84
452	4	14	10	2260	2147483647	80
453	0	12	10	2265	2147483647	85
454	0	12	30	2270	2147483647	56
455	4	8	30	2275	2147483647	88
456	4	14	30	2280	2147483647	66
457	3	1	20	2285	2147483647	74
458	0	12	15	2290	2147483647	60
459	0	12	15	2295	2147483647	75
460	3	1	20	2300	2147483647	62
461	3	1	30	2305	2147483647	78
462	0	12	10	2310	2147483647	62
463	3	1	20	2315	2147483647	85
464	4	8	15	2320	2147483647	87
465	3	1	15	2325	2147483647	75
466	4	14	10	2330	2147483647	88
467	3	1	10	2335	2147483647	64
468	4	8	30	2340	2147483647	73
469	4	8	15	2345	2147483647	78
470	3	1	15	2350	2147483647	79
471	0	12	20	2355	2147483647	78
472	4	8	20	2360	2147483647	53
473	3	1	10	2365	2147483647	80
474	4	14	20	2370	2147483647	54
475	3	1	15	2375	2147483647	74
476	4	8	30	2380	2147483647	53
477	4	8	20	2385	2147483647	70
478	3	1	15	2390	2147483647	77
479	4	8	20	2395	2147483647	74
480	3	1	30	2400	2147483647	75
481	4	14	10	2405	2147483647	55
482	4	8	20	2410	2147483647	57
483	3	1	20	2415	2147483647	70
484	0	12	20	2420	2147483647	53
485	3	1	10	2425	2147483647	62
486	3	1	10	2430	2147483647	79
487	3	1	30	2435	2147483647	69
488	3	1	10	2440	2147483647	53
489	3	1	15	2445	2147483647	80
490	4	8	20	2450	2147483647	64
491	3	1	30	2455	2147483647	85
492	4	14	30	2460	2147483647	83
493	4	14	10	2465	2147483647	76
494	4	14	20	2470	2147483647	77
495	3	1	10	2475	2147483647	75
496	0	12	15	2480	2147483647	63
497	3	1	20	2485	2147483647	86
498	0	12	10	2490	2147483647	84
499	4	8	10	2495	2147483647	86
500	4	8	30	2500	2147483647	61
501	4	8	15	2505	2147483647	60
502	4	14	10	2510	2147483647	81
503	4	14	20	2515	2147483647	79
504	4	8	10	2520	2147483647	73
505	4	14	15	2525	2147483647	70
506	3	1	15	2530	2147483647	83
507	0	12	10	2535	2147483647	53
508	0	12	15	2540	2147483647	83
509	3	1	15	2545	2147483647	70
510	4	14	10	2550	2147483647	88
511	4	8	15	2555	2147483647	85
512	0	12	10	2560	2147483647	86
513	3	1	20	2565	2147483647	74
514	4	8	15	2570	2147483647	53
515	4	14	20	2575	2147483647	59
516	0	12	15	2580	2147483647	73
517	3	1	20	2585	2147483647	80
518	4	8	30	2590	2147483647	85
519	4	14	10	2595	2147483647	78
520	0	12	10	2600	2147483647	85
521	4	8	10	2605	2147483647	72
522	0	12	10	2610	2147483647	64
523	4	14	15	2615	2147483647	82
524	4	14	30	2620	2147483647	66
525	0	12	15	2625	2147483647	83
526	4	8	30	2630	2147483647	83
527	3	1	20	2635	2147483647	66
528	4	14	20	2640	2147483647	55
529	4	8	15	2645	2147483647	67
530	4	8	10	2650	2147483647	63
531	4	14	10	2655	2147483647	56
532	4	8	15	2660	2147483647	74
533	4	8	15	2665	2147483647	79
534	4	14	30	2670	2147483647	66
535	0	12	20	2675	2147483647	67
536	4	14	10	2680	2147483647	62
537	3	1	30	2685	2147483647	66
538	0	12	20	2690	2147483647	86
539	4	8	15	2695	2147483647	71
540	0	12	20	2700	2147483647	67
541	4	8	10	2705	2147483647	79
542	4	8	20	2710	2147483647	74
543	4	14	20	2715	2147483647	71
544	3	1	15	2720	2147483647	81
545	4	14	10	2725	2147483647	68
546	4	8	30	2730	2147483647	88
547	0	12	10	2735	2147483647	61
548	4	8	30	2740	2147483647	75
549	4	14	30	2745	2147483647	70
550	4	8	30	2750	2147483647	55
551	3	1	20	2755	2147483647	71
552	4	8	20	2760	2147483647	54
553	4	8	30	2765	2147483647	59
554	4	8	30	2770	2147483647	54
555	0	12	20	2775	2147483647	78
556	4	8	10	2780	2147483647	85
557	0	12	20	2785	2147483647	88
558	4	14	20	2790	2147483647	66
559	4	8	20	2795	2147483647	79
560	4	8	15	2800	2147483647	75
561	4	14	30	2805	2147483647	70
562	4	8	15	2810	2147483647	86
563	4	14	30	2815	2147483647	69
564	4	8	10	2820	2147483647	60
565	0	12	30	2825	2147483647	84
566	4	14	10	2830	2147483647	63
567	4	14	20	2835	2147483647	60
568	3	1	20	2840	2147483647	61
569	4	8	30	2845	2147483647	75
570	0	12	20	2850	2147483647	85
571	4	8	15	2855	2147483647	59
572	3	1	30	2860	2147483647	83
573	0	12	20	2865	2147483647	66
574	3	1	20	2870	2147483647	64
575	3	1	10	2875	2147483647	58
576	4	14	20	2880	2147483647	87
577	4	8	15	2885	2147483647	81
578	0	12	10	2890	2147483647	54
579	0	12	30	2895	2147483647	86
580	3	1	15	2900	2147483647	84
581	4	8	20	2905	2147483647	74
582	4	8	30	2910	2147483647	79
583	4	14	20	2915	2147483647	73
584	4	14	20	2920	2147483647	65
585	3	1	15	2925	2147483647	80
586	4	8	15	2930	2147483647	55
587	0	12	15	2935	2147483647	68
588	4	14	20	2940	2147483647	77
589	4	14	10	2945	2147483647	77
590	4	14	15	2950	2147483647	70
591	3	1	15	2955	2147483647	63
592	4	14	15	2960	2147483647	53
593	3	1	30	2965	2147483647	59
594	4	14	10	2970	2147483647	85
595	0	12	20	2975	2147483647	85
596	0	12	20	2980	2147483647	82
597	3	1	20	2985	2147483647	58
598	4	8	15	2990	2147483647	64
599	4	8	15	2995	2147483647	85
600	4	14	30	3000	2147483647	58
601	3	1	10	3005	2147483647	80
602	4	8	20	3010	2147483647	53
603	0	12	30	3015	2147483647	53
604	4	14	15	3020	2147483647	74
605	0	12	15	3025	2147483647	84
606	0	12	20	3030	2147483647	77
607	0	12	10	3035	2147483647	76
608	3	1	15	3040	2147483647	83
609	3	1	20	3045	2147483647	85
610	4	8	30	3050	2147483647	80
611	4	14	30	3055	2147483647	57
612	4	14	20	3060	2147483647	87
613	4	14	20	3065	2147483647	68
614	4	14	15	3070	2147483647	84
615	0	12	20	3075	2147483647	53
616	3	1	10	3080	2147483647	79
617	3	1	30	3085	2147483647	65
618	0	12	15	3090	2147483647	56
619	3	1	20	3095	2147483647	68
620	3	1	20	3100	2147483647	82
621	4	14	30	3105	2147483647	84
622	4	14	10	3110	2147483647	71
623	4	14	15	3115	2147483647	73
624	4	8	20	3120	2147483647	57
625	4	8	10	3125	2147483647	75
626	3	1	10	3130	2147483647	59
627	4	14	10	3135	2147483647	76
628	0	12	15	3140	2147483647	70
629	4	8	10	3145	2147483647	67
630	3	1	20	3150	2147483647	65
631	0	12	10	3155	2147483647	81
632	4	14	30	3160	2147483647	69
633	3	1	20	3165	2147483647	57
634	0	12	10	3170	2147483647	81
635	4	14	15	3175	2147483647	56
636	4	14	10	3180	2147483647	74
637	4	8	30	3185	2147483647	79
638	0	12	15	3190	2147483647	88
639	3	1	10	3195	2147483647	70
640	3	1	30	3200	2147483647	56
641	4	8	10	3205	2147483647	67
642	4	8	30	3210	2147483647	73
643	0	12	30	3215	2147483647	81
644	3	1	10	3220	2147483647	86
645	4	14	15	3225	2147483647	66
646	3	1	30	3230	2147483647	65
647	0	12	20	3235	2147483647	74
648	4	14	20	3240	2147483647	64
649	3	1	15	3245	2147483647	84
650	3	1	15	3250	2147483647	59
651	3	1	30	3255	2147483647	70
652	3	1	10	3260	2147483647	54
653	3	1	20	3265	2147483647	84
654	3	1	30	3270	2147483647	55
655	0	12	30	3275	2147483647	62
656	4	14	10	3280	2147483647	62
657	3	1	10	3285	2147483647	69
658	3	1	15	3290	2147483647	85
659	4	8	10	3295	2147483647	88
660	3	1	15	3300	2147483647	78
661	0	12	20	3305	2147483647	53
662	4	14	30	3310	2147483647	58
663	4	8	10	3315	2147483647	69
664	0	12	10	3320	2147483647	72
665	0	12	30	3325	2147483647	87
666	0	12	30	3330	2147483647	76
667	0	12	30	3335	2147483647	82
668	3	1	20	3340	2147483647	75
669	4	14	10	3345	2147483647	80
670	4	8	20	3350	2147483647	68
671	4	8	15	3355	2147483647	53
672	4	8	15	3360	2147483647	65
673	4	8	10	3365	2147483647	75
674	0	12	30	3370	2147483647	65
675	4	8	15	3375	2147483647	68
676	4	8	30	3380	2147483647	63
677	3	1	15	3385	2147483647	79
678	4	8	15	3390	2147483647	76
679	4	8	10	3395	2147483647	79
680	3	1	15	3400	2147483647	63
681	4	8	15	3405	2147483647	74
682	0	12	15	3410	2147483647	64
683	3	1	10	3415	2147483647	75
684	4	14	20	3420	2147483647	60
685	0	12	30	3425	2147483647	84
686	3	1	30	3430	2147483647	79
687	0	12	10	3435	2147483647	73
688	0	12	30	3440	2147483647	55
689	0	12	10	3445	2147483647	71
690	0	12	10	3450	2147483647	83
691	0	12	10	3455	2147483647	58
692	3	1	15	3460	2147483647	82
693	4	14	15	3465	2147483647	53
694	0	12	30	3470	2147483647	81
695	4	8	10	3475	2147483647	55
696	4	8	15	3480	2147483647	61
697	0	12	30	3485	2147483647	56
698	0	12	20	3490	2147483647	61
699	3	1	15	3495	2147483647	87
700	4	14	20	3500	2147483647	79
701	4	8	10	3505	2147483647	71
702	4	8	10	3510	2147483647	87
703	4	14	20	3515	2147483647	72
704	4	8	30	3520	2147483647	69
705	0	12	10	3525	2147483647	59
706	0	12	15	3530	2147483647	57
707	4	8	10	3535	2147483647	68
708	3	1	30	3540	2147483647	72
709	4	8	15	3545	2147483647	76
710	3	1	10	3550	2147483647	88
711	0	12	20	3555	2147483647	71
712	4	8	30	3560	2147483647	82
713	4	8	15	3565	2147483647	59
714	3	1	30	3570	2147483647	78
715	0	12	10	3575	2147483647	57
716	0	12	10	3580	2147483647	77
717	4	8	20	3585	2147483647	72
718	4	8	15	3590	2147483647	61
719	0	12	15	3595	2147483647	77
720	4	8	30	3600	2147483647	60
721	4	14	20	3605	2147483647	55
722	0	12	10	3610	2147483647	80
723	3	1	15	3615	2147483647	56
724	3	1	30	3620	2147483647	86
725	0	12	20	3625	2147483647	63
726	3	1	30	3630	2147483647	59
727	3	1	10	3635	2147483647	65
728	0	12	15	3640	2147483647	83
729	3	1	30	3645	2147483647	62
730	4	14	10	3650	2147483647	59
731	0	12	10	3655	2147483647	59
732	3	1	20	3660	2147483647	71
733	3	1	30	3665	2147483647	77
734	3	1	15	3670	2147483647	53
735	4	8	10	3675	2147483647	80
736	0	12	10	3680	2147483647	75
737	0	12	30	3685	2147483647	80
738	0	12	10	3690	2147483647	58
739	3	1	20	3695	2147483647	54
740	4	14	15	3700	2147483647	79
741	0	12	30	3705	2147483647	64
742	3	1	15	3710	2147483647	54
743	3	1	15	3715	2147483647	67
744	4	8	10	3720	2147483647	72
745	0	12	20	3725	2147483647	64
746	4	14	10	3730	2147483647	64
747	4	8	10	3735	2147483647	76
748	0	12	15	3740	2147483647	63
749	0	12	30	3745	2147483647	76
750	4	8	30	3750	2147483647	66
751	4	14	20	3755	2147483647	78
752	3	1	15	3760	2147483647	83
753	4	14	15	3765	2147483647	72
754	0	12	15	3770	2147483647	80
755	4	14	30	3775	2147483647	76
756	0	12	10	3780	2147483647	80
757	4	14	20	3785	2147483647	83
758	0	12	30	3790	2147483647	75
759	0	12	15	3795	2147483647	59
760	4	8	10	3800	2147483647	88
761	3	1	15	3805	2147483647	81
762	4	8	30	3810	2147483647	74
763	0	12	30	3815	2147483647	63
764	4	8	15	3820	2147483647	70
765	4	8	30	3825	2147483647	81
766	4	8	30	3830	2147483647	88
767	3	1	30	3835	2147483647	58
768	4	14	30	3840	2147483647	58
769	4	8	20	3845	2147483647	86
770	4	14	30	3850	2147483647	70
771	4	14	15	3855	2147483647	85
772	4	8	20	3860	2147483647	66
773	4	14	20	3865	2147483647	60
774	0	12	30	3870	2147483647	86
775	4	8	10	3875	2147483647	85
776	4	8	15	3880	2147483647	54
777	3	1	20	3885	2147483647	65
778	4	8	15	3890	2147483647	73
779	3	1	10	3895	2147483647	74
780	4	8	15	3900	2147483647	87
781	4	8	20	3905	2147483647	71
782	4	8	20	3910	2147483647	54
783	4	14	15	3915	2147483647	59
784	0	12	30	3920	2147483647	84
785	4	14	15	3925	2147483647	69
786	3	1	20	3930	2147483647	65
787	4	14	15	3935	2147483647	87
788	3	1	20	3940	2147483647	85
789	3	1	20	3945	2147483647	65
790	0	12	10	3950	2147483647	88
791	0	12	20	3955	2147483647	80
792	4	14	30	3960	2147483647	58
793	0	12	30	3965	2147483647	88
794	0	12	15	3970	2147483647	54
795	4	8	10	3975	2147483647	87
796	4	14	30	3980	2147483647	78
797	4	8	20	3985	2147483647	79
798	4	8	10	3990	2147483647	86
799	4	14	10	3995	2147483647	80
800	3	1	20	4000	2147483647	65
801	0	12	15	4005	2147483647	59
802	3	1	10	4010	2147483647	71
803	4	14	30	4015	2147483647	65
804	0	12	10	4020	2147483647	59
805	4	8	20	4025	2147483647	69
806	3	1	10	4030	2147483647	64
807	3	1	30	4035	2147483647	76
808	3	1	15	4040	2147483647	75
809	4	14	10	4045	2147483647	84
810	4	8	15	4050	2147483647	75
811	3	1	15	4055	2147483647	68
812	3	1	15	4060	2147483647	63
813	3	1	20	4065	2147483647	53
814	3	1	10	4070	2147483647	60
815	0	12	15	4075	2147483647	70
816	0	12	20	4080	2147483647	79
817	4	8	15	4085	2147483647	68
818	4	14	30	4090	2147483647	67
819	4	8	30	4095	2147483647	53
820	4	14	15	4100	2147483647	69
821	3	1	15	4105	2147483647	54
822	4	14	15	4110	2147483647	61
823	0	12	15	4115	2147483647	81
824	0	12	15	4120	2147483647	87
825	4	14	10	4125	2147483647	78
826	0	12	15	4130	2147483647	80
827	4	8	20	4135	2147483647	66
828	4	14	15	4140	2147483647	58
829	4	14	30	4145	2147483647	87
830	4	8	10	4150	2147483647	59
831	0	12	30	4155	2147483647	63
832	4	8	15	4160	2147483647	67
833	4	8	10	4165	2147483647	82
834	4	14	20	4170	2147483647	62
835	4	8	30	4175	2147483647	81
836	4	14	20	4180	2147483647	53
837	3	1	30	4185	2147483647	77
838	3	1	15	4190	2147483647	53
839	4	14	15	4195	2147483647	67
840	4	8	15	4200	2147483647	58
841	4	14	30	4205	2147483647	77
842	0	12	10	4210	2147483647	65
843	4	14	15	4215	2147483647	54
844	4	8	10	4220	2147483647	79
845	4	8	30	4225	2147483647	73
846	3	1	10	4230	2147483647	70
847	4	8	15	4235	2147483647	58
848	4	8	30	4240	2147483647	81
849	0	12	30	4245	2147483647	73
850	0	12	15	4250	2147483647	61
851	4	8	20	4255	2147483647	62
852	3	1	20	4260	2147483647	65
853	4	14	15	4265	2147483647	86
854	4	14	20	4270	2147483647	63
855	0	12	10	4275	2147483647	63
856	0	12	10	4280	2147483647	86
857	3	1	30	4285	2147483647	78
858	3	1	15	4290	2147483647	67
859	4	8	30	4295	2147483647	69
860	4	8	10	4300	2147483647	78
861	4	8	15	4305	2147483647	86
862	4	14	20	4310	2147483647	70
863	4	14	20	4315	2147483647	76
864	4	8	30	4320	2147483647	77
865	4	8	20	4325	2147483647	64
866	4	8	10	4330	2147483647	54
867	0	12	10	4335	2147483647	70
868	3	1	10	4340	2147483647	79
869	4	8	10	4345	2147483647	68
870	0	12	30	4350	2147483647	69
871	3	1	30	4355	2147483647	54
872	4	14	30	4360	2147483647	68
873	4	14	20	4365	2147483647	53
874	0	12	15	4370	2147483647	83
875	0	12	20	4375	2147483647	80
876	3	1	15	4380	2147483647	78
877	0	12	30	4385	2147483647	60
878	3	1	10	4390	2147483647	55
879	4	14	20	4395	2147483647	66
880	0	12	10	4400	2147483647	61
881	3	1	10	4405	2147483647	74
882	4	14	30	4410	2147483647	74
883	4	14	15	4415	2147483647	73
884	3	1	15	4420	2147483647	79
885	0	12	20	4425	2147483647	85
886	4	8	10	4430	2147483647	87
887	4	8	30	4435	2147483647	70
888	3	1	15	4440	2147483647	71
889	4	14	15	4445	2147483647	88
890	4	8	30	4450	2147483647	83
891	4	8	20	4455	2147483647	64
892	4	14	20	4460	2147483647	63
893	0	12	20	4465	2147483647	72
894	4	8	10	4470	2147483647	77
895	4	14	30	4475	2147483647	60
896	4	14	15	4480	2147483647	59
897	0	12	15	4485	2147483647	77
898	3	1	20	4490	2147483647	65
899	0	12	15	4495	2147483647	67
900	0	12	30	4500	2147483647	72
901	3	1	30	4505	2147483647	88
902	3	1	10	4510	2147483647	68
903	0	12	20	4515	2147483647	65
904	4	14	10	4520	2147483647	57
905	3	1	20	4525	2147483647	59
906	3	1	20	4530	2147483647	83
907	3	1	30	4535	2147483647	64
908	3	1	10	4540	2147483647	55
909	4	14	10	4545	2147483647	72
910	4	8	30	4550	2147483647	74
911	0	12	15	4555	2147483647	79
912	4	14	30	4560	2147483647	76
913	4	14	20	4565	2147483647	54
914	4	8	20	4570	2147483647	61
915	3	1	10	4575	2147483647	57
916	3	1	20	4580	2147483647	65
917	0	12	10	4585	2147483647	86
918	0	12	10	4590	2147483647	85
919	4	8	15	4595	2147483647	80
920	0	12	15	4600	2147483647	66
921	4	14	10	4605	2147483647	73
922	3	1	20	4610	2147483647	88
923	4	14	30	4615	2147483647	80
924	4	14	15	4620	2147483647	74
925	4	14	15	4625	2147483647	58
926	3	1	10	4630	2147483647	80
927	3	1	15	4635	2147483647	84
928	3	1	15	4640	2147483647	64
929	4	8	15	4645	2147483647	76
930	0	12	15	4650	2147483647	74
931	4	8	30	4655	2147483647	53
932	3	1	10	4660	2147483647	83
933	3	1	20	4665	2147483647	76
934	3	1	30	4670	2147483647	83
935	3	1	10	4675	2147483647	61
936	4	14	30	4680	2147483647	59
937	4	14	10	4685	2147483647	61
938	4	14	15	4690	2147483647	69
939	0	12	20	4695	2147483647	73
940	3	1	30	4700	2147483647	55
941	3	1	15	4705	2147483647	75
942	4	14	30	4710	2147483647	67
943	3	1	15	4715	2147483647	87
944	4	8	20	4720	2147483647	66
945	4	8	15	4725	2147483647	56
946	4	8	30	4730	2147483647	77
947	4	14	30	4735	2147483647	61
948	4	14	30	4740	2147483647	64
949	3	1	10	4745	2147483647	73
950	0	12	10	4750	2147483647	84
951	4	14	10	4755	2147483647	62
952	4	14	15	4760	2147483647	80
953	4	8	15	4765	2147483647	73
954	0	12	30	4770	2147483647	54
955	0	12	30	4775	2147483647	88
956	4	14	10	4780	2147483647	53
957	4	14	15	4785	2147483647	77
958	0	12	15	4790	2147483647	80
959	4	14	20	4795	2147483647	87
960	4	14	15	4800	2147483647	68
961	4	14	15	4805	2147483647	87
962	0	12	15	4810	2147483647	53
963	4	8	20	4815	2147483647	67
964	3	1	30	4820	2147483647	86
965	0	12	30	4825	2147483647	73
966	4	8	10	4830	2147483647	84
967	0	12	10	4835	2147483647	53
968	0	12	30	4840	2147483647	59
969	3	1	20	4845	2147483647	88
970	3	1	10	4850	2147483647	87
971	4	14	20	4855	2147483647	56
972	0	12	30	4860	2147483647	69
973	0	12	20	4865	2147483647	65
974	3	1	15	4870	2147483647	78
975	4	8	10	4875	2147483647	79
976	0	12	10	4880	2147483647	58
977	4	14	15	4885	2147483647	53
978	4	8	15	4890	2147483647	66
979	3	1	30	4895	2147483647	70
980	4	8	15	4900	2147483647	70
981	3	1	15	4905	2147483647	71
982	3	1	15	4910	2147483647	73
983	4	14	15	4915	2147483647	79
984	0	12	10	4920	2147483647	81
985	4	8	10	4925	2147483647	64
986	4	8	20	4930	2147483647	61
987	0	12	30	4935	2147483647	62
988	3	1	30	4940	2147483647	74
989	3	1	10	4945	2147483647	84
990	3	1	30	4950	2147483647	61
991	0	12	20	4955	2147483647	70
992	3	1	20	4960	2147483647	70
993	0	12	20	4965	2147483647	70
994	4	8	15	4970	2147483647	57
995	3	1	20	4975	2147483647	56
996	4	8	30	4980	2147483647	74
997	3	1	10	4985	2147483647	88
998	0	12	20	4990	2147483647	54
999	4	8	20	4995	2147483647	82
