0	4	14	10	0	14457	53
1	4	14	15	11	11879	38
2	4	14	15	22	3965	59
3	4	8	30	33	8849	44
4	3	1	20	44	11033	60
5	4	8	15	55	2403	59
6	0	12	20	66	1864	42
7	4	8	15	77	3079	69
8	3	1	10	88	4904	64
9	0	12	30	99	2162	68
10	4	14	20	110	5315	61
11	0	12	15	121	4801	55
12	4	14	20	132	34791	53
13	3	1	10	143	5401	60
14	4	8	30	154	221	39
15	4	8	10	165	2688	45
16	4	14	20	176	6074	43
17	3	1	20	187	13716	59
18	3	1	15	198	1505	68
19	4	14	30	209	15342	37
20	0	12	15	220	6503	58
21	4	14	10	231	10720	54
22	0	12	30	242	24884	46
23	3	1	30	253	3683	61
24	4	14	15	264	1214	63
25	3	1	15	275	741	67
26	4	8	20	286	10288	42
27	4	14	30	297	4779	63
28	0	12	15	308	29387	69
29	3	1	30	319	349	42
30	4	14	15	330	41463	59
31	4	8	10	341	3054	45
32	4	8	30	352	8846	42
33	4	8	15	363	16653	61
34	3	1	30	400	2137	67
35	4	14	30	408	25239	43
36	0	12	10	416	3843	51
37	3	1	15	424	23034	37
38	4	8	20	432	1825	39
39	3	1	30	440	15212	67
40	0	12	30	448	14832	55
41	3	1	10	456	24787	42
42	3	1	15	464	4995	37
43	4	8	15	472	6984	53
44	0	12	15	480	19834	47
45	0	12	15	488	3799	40
46	0	12	10	496	8664	69
47	0	12	20	504	2038	49
48	4	14	15	512	6256	46
49	0	12	15	520	14658	70
50	0	12	15	528	2536	69
51	3	1	10	536	5015	46
52	4	14	30	544	9593	60
53	4	14	10	552	12202	49
54	4	8	20	560	348	69
55	0	12	30	568	822	70
56	3	1	15	576	13633	62
57	0	12	20	584	177	69
58	4	8	15	592	6012	51
59	0	12	15	600	8623	63
60	0	12	30	608	6140	52
61	0	12	20	616	11352	50
62	0	12	10	624	3383	36
63	4	14	15	632	4296	58
64	4	8	20	640	2221	44
65	4	8	20	648	1472	52
66	4	14	20	656	12195	48
67	4	8	15	664	948	62
68	0	12	10	672	2370	64
69	4	8	10	680	580	67
70	0	12	30	688	18742	64
71	4	8	15	696	7097	41
72	4	8	30	704	7654	55
73	4	14	15	712	3095	36
74	3	1	30	720	77	52
75	3	1	15	728	7361	51
76	0	12	30	736	2558	52
77	4	14	20	744	3735	64
78	4	8	15	752	4823	50
79	3	1	10	760	11507	58
80	3	1	10	768	4455	68
81	0	12	30	776	5524	64
82	0	12	15	784	19021	52
83	4	14	10	792	1156	70
84	4	8	20	800	11795	44
85	0	12	10	812	6016	49
86	4	8	15	824	7715	55
87	4	8	20	836	17415	64
88	4	14	20	848	14300	63
89	3	1	30	860	1176	67
90	0	12	15	872	1199	52
91	4	14	20	884	3565	52
92	4	8	30	896	4295	57
93	4	8	15	908	6288	47
94	4	8	10	920	3024	51
95	4	14	15	932	713	41
96	4	8	30	944	7532	42
97	3	1	30	956	401	50
98	4	14	30	968	3322	44
99	3	1	30	980	11029	66
100	4	8	20	992	7247	63
101	3	1	20	1004	6381	42
102	0	12	15	1016	27658	55
103	4	8	15	1028	5118	50
104	0	12	15	1040	21993	41
105	4	14	30	1052	9204	63
106	4	8	15	1064	15171	61
107	4	14	15	1076	3794	60
108	4	8	10	1088	11854	68
109	4	14	15	1100	4654	53
110	4	14	10	1112	13897	54
111	4	14	30	1124	4710	68
112	4	14	15	1136	6735	54
113	3	1	15	1148	11608	64
114	4	8	10	1160	2118	65
115	0	12	30	1172	302	59
116	0	12	10	1184	15221	69
117	0	12	10	1200	1888	37
118	4	8	30	1210	8272	50
119	0	12	15	1220	10010	66
120	4	14	15	1230	6375	67
121	3	1	10	1240	18079	54
122	3	1	20	1250	2618	69
123	4	8	15	1260	1019	67
124	4	8	30	1270	21351	51
125	4	8	15	1280	6287	47
126	0	12	15	1290	1516	55
127	0	12	20	1300	593	44
128	4	8	15	1310	48	56
129	3	1	20	1320	20652	47
130	0	12	15	1330	38203	45
131	3	1	30	1340	2037	38
132	4	14	20	1350	270	55
133	3	1	15	1360	9757	55
134	4	8	15	1370	1460	66
135	4	14	20	1380	16790	61
136	4	14	20	1390	6043	44
137	4	14	10	1400	4562	37
138	4	14	20	1410	1771	65
139	3	1	20	1420	733	51
140	4	14	30	1430	9082	59
141	4	8	10	1440	2207	66
142	4	14	20	1450	966	67
143	0	12	15	1460	3974	46
144	3	1	20	1470	3000	49
145	4	8	20	1480	9480	54
146	0	12	10	1490	12504	68
147	3	1	15	1500	8393	63
148	4	14	10	1510	2988	52
149	4	8	10	1520	2601	62
150	4	14	10	1530	2137	42
151	0	12	30	1540	4083	41
152	4	8	10	1550	4146	70
153	4	14	20	1560	7868	49
154	4	14	20	1570	1773	69
155	4	14	20	1600	9637	44
156	0	12	30	1607	2523	44
157	3	1	10	1614	15112	58
158	0	12	15	1621	6245	70
159	3	1	30	1628	3976	64
160	4	14	15	1635	5720	44
161	0	12	30	1642	12053	52
162	4	8	30	1649	3717	39
163	3	1	15	1656	15094	57
164	3	1	30	1663	4775	44
165	4	8	15	1670	7313	51
166	4	14	10	1677	4245	49
167	0	12	30	1684	15986	70
168	4	8	30	1691	7306	68
169	4	8	20	1698	3511	39
170	0	12	15	1705	5657	51
171	4	8	10	1712	4305	67
172	4	8	15	1719	93	42
173	3	1	10	1726	6511	70
174	4	8	15	1733	286	42
175	4	8	15	1740	2947	37
176	3	1	15	1747	12179	58
177	3	1	15	1754	17485	59
178	4	14	20	1761	13156	54
179	4	14	10	1768	2157	67
180	0	12	10	1775	11214	50
181	4	8	10	1782	5920	62
182	4	8	15	1789	11412	63
183	0	12	10	1796	10427	65
184	4	14	20	1803	9365	40
185	0	12	20	1810	7168	39
186	4	8	20	1817	13735	38
187	0	12	10	1824	4182	42
188	4	14	30	1831	5639	56
189	3	1	30	1838	5028	57
190	4	14	20	1845	7469	53
191	4	8	15	1852	9151	56
192	3	1	20	1859	17857	38
193	0	12	20	1866	13158	36
194	4	14	10	1873	6877	42
195	3	1	10	1880	18448	42
196	0	12	10	1887	16288	62
197	4	8	15	1894	2467	46
198	4	8	20	1901	22783	37
199	4	8	15	1908	10003	68
200	4	8	15	1915	2655	41
201	4	14	15	1922	20836	69
202	4	8	20	1929	418	65
203	4	8	20	1936	25065	48
204	4	8	30	1943	11782	47
205	3	1	30	1950	13642	46
206	4	14	15	2000	3929	69
207	3	1	30	2012	15048	36
208	3	1	10	2024	7149	42
209	4	8	10	2036	17705	68
210	4	8	10	2048	20045	56
211	4	8	20	2060	3861	55
212	4	14	20	2072	342	40
213	0	12	15	2084	2916	38
214	3	1	20	2096	8125	50
215	4	8	15	2108	35324	53
216	4	14	20	2120	149	60
217	4	8	30	2132	8245	45
218	4	14	20	2144	1381	52
219	3	1	10	2156	15598	40
220	0	12	20	2168	12068	48
221	4	14	10	2180	37	42
222	4	8	30	2192	3552	50
223	3	1	30	2204	1134	46
224	3	1	30	2216	11037	56
225	4	14	10	2228	13967	65
226	3	1	15	2240	5930	65
227	0	12	20	2252	1831	41
228	4	14	10	2264	31360	63
229	4	14	15	2276	1158	36
230	4	8	10	2288	4620	45
231	0	12	10	2300	5812	48
232	4	8	30	2312	23285	57
233	4	8	10	2324	783	56
234	3	1	30	2336	24618	62
235	0	12	30	2348	14071	51
236	4	14	15	2360	5108	67
237	4	14	20	2372	13014	50
238	4	14	15	2384	25300	54
239	4	8	20	2400	16418	65
240	0	12	10	2410	1822	41
241	3	1	30	2420	28839	38
242	3	1	30	2430	13556	70
243	3	1	20	2440	7640	58
244	0	12	30	2450	6357	37
245	3	1	10	2460	2029	69
246	3	1	30	2470	8162	51
247	3	1	15	2480	7077	70
248	3	1	30	2490	1481	57
249	4	8	20	2500	7109	60
250	3	1	15	2510	17087	52
251	3	1	15	2520	2051	52
252	3	1	20	2530	903	64
253	3	1	15	2540	704	68
254	4	8	30	2550	21846	56
255	4	8	10	2560	2604	69
256	3	1	15	2570	6705	55
257	3	1	20	2580	20084	54
258	4	14	20	2590	1866	62
259	4	8	30	2600	23231	52
260	4	14	20	2610	2794	51
261	4	14	30	2620	1621	63
262	3	1	30	2630	16163	43
263	3	1	20	2640	4870	41
264	4	14	10	2650	4810	58
265	0	12	10	2660	4112	44
266	0	12	20	2670	4600	68
267	4	8	15	2680	23742	55
268	4	8	15	2690	3466	47
269	4	8	30	2700	13288	69
270	3	1	30	2710	5804	56
271	0	12	30	2720	1936	45
272	3	1	20	2730	9256	62
273	3	1	30	2740	2706	58
274	4	8	30	2750	8490	70
275	4	8	30	2760	13118	46
276	4	8	15	2770	1669	43
277	3	1	15	2780	10880	62
278	3	1	10	2790	7015	45
279	4	14	30	2800	5944	58
280	4	8	10	2810	1646	50
281	4	14	30	2820	22031	65
282	4	8	20	2830	289	55
283	4	8	15	2840	3972	39
284	0	12	30	2850	2333	55
285	4	14	30	2860	1911	64
286	3	1	20	2870	4216	54
287	3	1	15	2880	15798	60
288	0	12	10	2890	1380	36
289	0	12	30	2900	9018	64
290	4	8	15	2910	2411	67
291	0	12	30	2920	6444	48
292	0	12	10	2930	7238	59
293	4	8	15	2940	100	37
294	4	8	10	2950	6878	49
295	4	8	15	2960	163	48
296	4	14	30	2970	891	65
297	4	14	10	2980	3573	64
298	4	14	20	2990	1426	36
299	0	12	30	3000	1265	63
300	4	8	15	3010	12360	36
301	0	12	15	3020	9394	67
302	0	12	10	3030	2148	59
303	0	12	10	3040	3558	59
304	3	1	30	3050	605	39
305	3	1	20	3060	8792	42
306	0	12	20	3070	6222	60
307	4	14	20	3080	13707	42
308	0	12	15	3090	4501	69
309	4	14	10	3100	1103	46
310	0	12	30	3110	750	62
311	0	12	10	3120	13903	63
312	0	12	15	3130	3261	45
313	4	14	30	3140	9209	40
314	0	12	20	3150	11390	37
315	0	12	30	3160	3551	56
316	4	8	10	3170	1280	44
317	0	12	20	3180	5171	40
318	4	8	30	3190	1816	57
319	4	14	10	3200	2189	65
320	3	1	15	3213	38898	60
321	3	1	15	3226	6866	44
322	4	8	15	3239	12490	55
323	4	8	20	3252	9004	54
324	0	12	15	3265	6384	37
325	4	8	10	3278	26326	43
326	4	14	30	3291	7733	57
327	0	12	10	3304	8944	60
328	4	8	30	3317	9910	44
329	0	12	20	3330	8035	57
330	4	8	30	3343	9646	51
331	3	1	10	3356	14084	49
332	4	14	20	3369	6941	62
333	3	1	15	3382	4604	53
334	3	1	15	3395	10703	57
335	0	12	30	3408	5466	53
336	3	1	30	3421	9652	42
337	4	8	20	3434	9029	66
338	3	1	15	3447	3067	70
339	3	1	10	3460	7057	48
340	4	14	10	3473	8915	39
341	3	1	30	3486	7131	48
342	4	8	30	3499	4509	62
343	0	12	10	3512	240	61
344	0	12	30	3525	7066	37
345	4	8	15	3538	4583	40
346	4	14	20	3551	1970	39
347	0	12	10	3564	19407	54
348	0	12	30	3577	2336	36
349	0	12	10	3600	1970	63
350	4	14	15	3608	16466	40
351	3	1	10	3616	7939	61
352	4	8	15	3624	1368	42
353	4	14	20	3632	20605	41
354	4	8	15	3640	1338	38
355	4	14	10	3648	1891	63
356	4	14	10	3656	18486	48
357	4	14	15	3664	6567	41
358	0	12	20	3672	13254	57
359	0	12	30	3680	933	67
360	3	1	30	3688	386	56
361	4	14	20	3696	16170	70
362	3	1	20	3704	927	68
363	0	12	30	3712	12740	47
364	3	1	10	3720	4473	65
365	4	8	20	3728	2424	49
366	0	12	20	3736	2238	37
367	3	1	30	3744	18203	62
368	4	8	20	3752	23370	53
369	0	12	30	3760	2454	54
370	4	8	10	3768	8576	50
371	0	12	15	3776	5099	48
372	3	1	10	3784	1371	41
373	3	1	20	3792	7676	45
374	4	14	30	3800	6705	61
375	4	14	15	3808	4118	48
376	0	12	15	3816	1255	53
377	0	12	15	3824	11434	65
378	0	12	20	3832	745	52
379	3	1	10	3840	964	68
380	4	8	20	3848	10914	40
381	4	14	20	3856	9849	38
382	0	12	10	3864	4355	60
383	0	12	30	3872	5417	51
384	0	12	15	3880	11465	52
385	3	1	30	3888	591	60
386	0	12	30	3896	8890	42
387	4	14	10	3904	8541	56
388	0	12	10	3912	2667	50
389	4	14	15	3920	5989	65
390	4	8	30	3928	7215	41
391	3	1	15	3936	1213	37
392	0	12	30	3944	16156	44
393	4	8	20	3952	1869	39
394	0	12	15	4000	6194	62
395	0	12	20	4010	13052	39
396	4	14	15	4020	5238	51
397	4	8	10	4030	8047	50
398	4	8	30	4040	7356	66
399	3	1	10	4050	3145	59
400	0	12	20	4060	1706	38
401	4	8	20	4070	3098	47
402	4	14	20	4080	26927	37
403	0	12	10	4090	36148	52
404	4	14	10	4100	6578	49
405	4	14	30	4110	4099	63
406	0	12	30	4120	5105	55
407	3	1	20	4130	6216	68
408	4	14	20	4140	3525	50
409	3	1	30	4150	11145	61
410	4	14	20	4160	540	46
411	3	1	30	4170	1209	53
412	3	1	20	4180	5094	59
413	4	8	15	4190	9515	60
414	3	1	15	4200	3641	62
415	4	14	15	4210	3313	53
416	3	1	15	4220	4749	46
417	3	1	30	4230	7687	52
418	4	14	20	4240	286	65
419	0	12	15	4250	3533	40
420	4	8	30	4260	7144	42
421	4	8	15	4270	7091	51
422	3	1	30	4280	7609	48
423	3	1	15	4290	4345	59
424	4	14	10	4300	8868	49
425	3	1	20	4310	5820	49
426	4	14	20	4320	7412	39
427	0	12	20	4330	23835	38
428	3	1	15	4340	649	54
429	4	14	15	4350	11520	58
430	0	12	10	4360	20398	68
431	3	1	15	4400	5722	38
432	3	1	20	4415	1387	69
433	3	1	20	4430	11546	64
434	3	1	15	4445	20358	65
435	0	12	30	4460	4404	63
436	4	14	10	4475	10856	37
437	0	12	10	4490	4507	44
438	0	12	20	4505	21434	38
439	4	8	15	4520	3576	60
440	4	8	30	4535	7319	41
441	3	1	10	4550	1119	45
442	4	14	15	4565	2850	42
443	3	1	15	4580	6071	60
444	4	14	20	4595	4954	54
445	3	1	10	4610	4839	58
446	4	14	20	4625	8863	48
447	3	1	15	4640	1506	55
448	3	1	15	4655	14799	47
449	4	8	10	4670	1783	44
450	4	8	10	4685	3528	64
451	0	12	20	4700	15899	69
452	3	1	20	4715	7313	55
453	4	8	15	4730	2239	61
454	4	8	10	4745	10610	52
455	4	14	10	4760	7415	57
456	4	14	20	4775	9830	70
457	4	8	10	4800	6323	49
458	0	12	10	4809	3074	39
459	0	12	15	4818	357	36
460	4	14	10	4827	12750	59
461	0	12	15	4836	5915	53
462	0	12	15	4845	4962	49
463	0	12	15	4854	7197	63
464	4	8	30	4863	14166	64
465	4	8	15	4872	6466	43
466	0	12	10	4881	31723	55
467	0	12	10	4890	9825	66
468	4	14	30	4899	11901	65
469	3	1	15	4908	22817	70
470	4	14	10	4917	7260	52
471	3	1	15	4926	137	37
472	3	1	10	4935	9269	50
473	3	1	10	4944	8982	40
474	3	1	20	4953	11338	70
475	4	14	30	4962	4929	68
476	4	8	10	4971	2718	45
477	0	12	20	4980	683	59
478	3	1	30	4989	25252	40
479	4	8	30	4998	1947	61
480	4	14	10	5007	15027	36
481	0	12	10	5016	4531	54
482	4	8	10	5025	900	61
483	0	12	15	5034	16838	45
484	4	8	10	5043	4172	64
485	4	14	20	5052	486	69
486	4	14	30	5061	19426	53
487	0	12	10	5070	19723	44
488	4	8	15	5079	238	47
489	3	1	15	5088	3053	44
490	4	8	10	5097	10070	64
491	4	8	30	5106	1747	58
492	4	14	30	5115	946	41
493	0	12	10	5124	17492	37
494	4	8	10	5133	6634	37
495	0	12	15	5142	639	58
496	3	1	20	5151	8829	66
497	4	14	30	5160	9805	49
498	0	12	20	5169	9685	66
499	3	1	10	5200	19025	47
500	3	1	30	5209	5122	39
501	4	14	15	5218	26278	52
502	4	14	15	5227	4054	61
503	0	12	10	5236	18459	47
504	3	1	30	5245	7397	63
505	4	14	30	5254	3320	62
506	3	1	15	5263	1557	55
507	0	12	15	5272	20668	50
508	4	14	30	5281	5333	61
509	3	1	15	5290	2567	55
510	3	1	10	5299	3039	48
511	4	14	10	5308	7856	46
512	4	14	15	5317	7112	44
513	4	14	10	5326	870	48
514	4	8	15	5335	1750	70
515	3	1	10	5344	3625	40
516	4	14	15	5353	4305	62
517	4	14	10	5362	7019	40
518	3	1	15	5371	1655	69
519	3	1	10	5380	11787	65
520	4	8	20	5389	8230	60
521	4	14	10	5398	546	46
522	4	14	30	5407	9062	55
523	4	8	20	5416	4882	57
524	0	12	10	5425	2052	42
525	4	8	10	5434	4090	64
526	3	1	15	5443	18864	67
527	4	8	30	5452	12811	49
528	0	12	30	5461	941	39
529	4	8	10	5470	9134	48
530	0	12	15	5479	12546	37
531	4	8	10	5488	6971	66
532	4	14	10	5497	3822	63
533	4	14	20	5506	411	64
534	4	14	10	5515	10874	57
535	4	14	20	5524	17275	55
536	4	8	20	5533	284	64
537	0	12	30	5542	1844	50
538	3	1	15	5551	2570	52
539	3	1	15	5560	552	37
540	0	12	10	5569	17102	50
541	4	14	15	5578	34945	39
542	4	8	15	5587	4475	53
543	4	14	10	5600	11244	63
544	0	12	10	5613	9	66
545	3	1	10	5626	759	53
546	3	1	20	5639	7477	50
547	4	14	30	5652	68	63
548	3	1	30	5665	9400	37
549	3	1	10	5678	1777	67
550	4	8	30	5691	8646	66
551	3	1	20	5704	703	61
552	0	12	20	5717	5864	51
553	3	1	15	5730	21406	37
554	4	8	20	5743	2459	57
555	3	1	20	5756	4178	63
556	0	12	20	5769	2680	68
557	3	1	20	5782	22604	40
558	4	14	10	5795	8971	41
559	0	12	20	5808	1815	69
560	0	12	15	5821	4557	66
561	4	8	15	5834	3804	42
562	0	12	20	5847	13434	47
563	3	1	20	5860	13111	49
564	4	8	10	5873	5276	53
565	0	12	30	5886	10608	52
566	4	14	10	5899	2254	54
567	4	14	30	5912	6191	51
568	0	12	30	5925	3568	62
569	4	8	20	5938	2990	51
570	4	8	15	5951	3198	47
571	4	14	15	5964	1888	48
572	0	12	20	6000	2960	58
573	0	12	30	6009	1024	67
574	4	8	10	6018	17570	51
575	3	1	15	6027	8519	57
576	3	1	30	6036	8119	64
577	4	14	30	6045	20523	62
578	0	12	15	6054	4865	61
579	3	1	30	6063	1166	60
580	4	14	20	6072	12600	50
581	4	14	20	6081	18173	40
582	3	1	10	6090	907	47
583	4	8	20	6099	19419	43
584	0	12	15	6108	162	52
585	3	1	30	6117	9830	47
586	0	12	15	6126	512	51
587	4	8	30	6135	4764	62
588	3	1	30	6144	12313	42
589	0	12	20	6153	3279	64
590	4	14	10	6162	7329	57
591	4	14	30	6171	791	60
592	0	12	30	6180	6069	44
593	3	1	30	6189	595	54
594	4	8	30	6198	8007	42
595	4	14	20	6207	5603	44
596	4	14	20	6216	1527	63
597	4	14	30	6225	7796	39
598	3	1	30	6234	2537	46
599	0	12	10	6243	2481	50
600	3	1	30	6252	14914	69
601	3	1	20	6261	567	69
602	4	14	30	6270	8367	36
603	4	8	10	6279	3815	56
604	4	8	20	6288	16305	56
605	4	8	20	6297	4789	54
606	4	8	30	6306	11929	39
607	0	12	20	6315	4078	54
608	0	12	10	6324	346	56
609	3	1	15	6333	7521	70
610	0	12	30	6342	11733	70
611	0	12	20	6351	3589	41
612	4	8	15	6360	5309	49
613	4	8	10	6369	6185	51
614	0	12	10	6378	4221	54
615	4	8	30	6387	6167	62
616	3	1	10	6400	2531	65
617	3	1	10	6412	18562	39
618	4	8	15	6424	12324	68
619	3	1	15	6436	11953	41
620	4	14	20	6448	8926	37
621	3	1	15	6460	12749	62
622	4	8	30	6472	11198	44
623	0	12	15	6484	190	69
624	3	1	20	6496	9957	64
625	4	8	15	6508	2146	57
626	3	1	15	6520	9078	39
627	3	1	30	6532	2170	40
628	4	14	10	6544	5350	61
629	4	8	20	6556	3891	42
630	4	14	20	6568	5253	65
631	4	14	30	6580	120	61
632	4	8	30	6592	8428	52
633	0	12	15	6604	1675	47
634	4	14	10	6616	2748	61
635	0	12	30	6628	10313	52
636	0	12	20	6640	2282	39
637	4	8	10	6652	10413	62
638	4	14	30	6664	343	57
639	3	1	20	6676	6744	69
640	0	12	30	6688	21564	44
641	0	12	20	6700	8694	68
642	0	12	20	6712	4172	41
643	4	14	20	6724	1548	43
644	4	14	20	6736	6695	65
645	3	1	15	6748	2178	52
646	4	8	20	6760	7514	46
647	4	14	30	6772	39992	64
648	4	8	30	6784	8670	70
649	0	12	30	6800	798	51
650	4	8	15	6811	2115	50
651	0	12	20	6822	2540	59
652	4	8	20	6833	14507	42
653	4	14	20	6844	5485	40
654	0	12	20	6855	7217	49
655	0	12	20	6866	394	43
656	4	8	20	6877	3028	60
657	3	1	20	6888	7848	38
658	3	1	20	6899	8804	62
659	4	14	10	6910	8049	69
660	4	14	10	6921	11825	50
661	4	14	30	6932	6164	69
662	4	8	20	6943	19417	63
663	3	1	20	6954	8564	49
664	4	14	20	6965	1095	41
665	4	8	30	6976	11232	44
666	4	14	30	6987	9910	59
667	4	8	30	6998	2808	38
668	4	8	10	7009	2277	61
669	0	12	10	7020	9254	38
670	4	8	15	7031	2731	58
671	0	12	10	7042	6270	39
672	4	14	10	7053	15714	53
673	4	14	20	7064	1947	69
674	3	1	15	7075	14815	68
675	3	1	30	7086	77	39
676	4	8	20	7097	3960	57
677	4	8	15	7108	6889	37
678	0	12	20	7119	4879	39
679	0	12	10	7130	5133	48
680	0	12	30	7141	7872	47
681	3	1	20	7152	9247	46
682	4	8	10	7163	6862	40
683	3	1	10	7174	3989	45
684	0	12	10	7200	1326	63
685	4	14	10	7210	1879	42
686	4	8	15	7220	1568	54
687	3	1	10	7230	1347	48
688	4	14	20	7240	7224	69
689	4	14	15	7250	2222	54
690	4	14	15	7260	4212	62
691	4	8	30	7270	7806	36
692	4	14	20	7280	500	70
693	4	14	20	7290	4188	59
694	3	1	20	7300	12783	54
695	0	12	30	7310	4023	45
696	4	14	30	7320	11122	40
697	3	1	10	7330	11064	62
698	4	14	10	7340	393	38
699	3	1	30	7350	13396	56
700	4	14	15	7360	6007	63
701	0	12	20	7370	3004	43
702	3	1	30	7380	10948	38
703	4	8	30	7390	29891	67
704	4	14	20	7400	13111	63
705	4	8	15	7410	9344	46
706	0	12	20	7420	4252	42
707	3	1	30	7430	7757	43
708	0	12	15	7440	8471	42
709	3	1	20	7450	7029	45
710	4	14	30	7460	8577	56
711	4	14	15	7470	10709	58
712	3	1	10	7480	1476	70
713	3	1	15	7490	1722	50
714	4	14	15	7500	65	57
715	4	8	15	7510	725	40
716	3	1	30	7520	26020	65
717	3	1	20	7530	5856	53
718	3	1	15	7540	5615	57
719	0	12	15	7550	20074	69
720	4	14	15	7560	6870	61
721	4	8	20	7570	6481	47
722	3	1	15	7600	9668	40
723	3	1	20	7610	41	43
724	0	12	20	7620	2585	46
725	4	14	20	7630	8775	57
726	4	8	20	7640	5273	39
727	4	14	15	7650	4813	64
728	0	12	10	7660	4336	51
729	4	8	15	7670	4751	59
730	3	1	10	7680	2394	69
731	4	14	20	7690	8200	65
732	4	8	15	7700	6029	70
733	4	8	20	7710	8262	54
734	0	12	20	7720	23274	55
735	0	12	10	7730	3005	39
736	4	14	30	7740	22471	43
737	4	14	15	7750	7325	44
738	4	14	15	7760	7071	53
739	4	14	30	7770	4985	53
740	3	1	20	7780	12757	36
741	4	14	20	7790	6517	47
742	4	8	30	7800	5575	42
743	4	8	10	7810	80	59
744	4	14	15	7820	7032	68
745	4	14	30	7830	8907	40
746	3	1	20	7840	4850	37
747	0	12	10	7850	16131	55
748	0	12	15	7860	4079	37
749	0	12	10	7870	9929	50
750	3	1	10	7880	4551	51
751	4	8	15	7890	2111	58
752	4	14	20	7900	2246	41
753	4	14	20	7910	1107	39
754	4	14	15	7920	2156	66
755	3	1	20	7930	28858	52
756	4	8	15	7940	7567	39
757	0	12	10	7950	10787	66
758	0	12	10	7960	9631	56
759	4	14	30	7970	1203	42
760	4	14	30	8000	1848	43
761	4	8	15	8008	25792	48
762	4	8	30	8016	1808	63
763	3	1	30	8024	1838	53
764	4	14	20	8032	3156	46
765	4	14	15	8040	133	61
766	4	8	10	8048	1869	59
767	0	12	15	8056	5947	51
768	4	8	20	8064	2282	65
769	4	14	15	8072	9499	54
770	3	1	20	8080	1271	67
771	3	1	20	8088	3589	56
772	3	1	10	8096	21532	36
773	3	1	20	8104	331	39
774	3	1	30	8112	1037	69
775	0	12	30	8120	154	50
776	4	14	30	8128	438	41
777	0	12	10	8136	9405	51
778	3	1	10	8144	4362	45
779	4	8	30	8152	7422	42
780	4	8	30	8160	1900	55
781	0	12	15	8168	7653	54
782	4	14	30	8176	432	63
783	4	14	30	8184	9832	36
784	4	14	15	8192	112	44
785	4	8	20	8200	216	47
786	4	14	10	8208	4039	60
787	3	1	20	8216	4087	67
788	3	1	10	8224	4190	59
789	3	1	30	8232	28781	39
790	3	1	20	8240	9670	36
791	3	1	20	8248	1779	48
792	4	14	15	8256	18402	58
793	0	12	20	8264	4740	46
794	4	14	10	8272	2381	46
795	0	12	15	8280	14503	58
796	4	8	30	8288	3506	54
797	3	1	10	8296	2813	59
798	4	8	15	8304	9215	48
799	0	12	10	8312	6720	42
800	3	1	30	8320	4976	51
801	4	8	10	8328	21291	56
802	4	14	15	8336	7711	61
803	4	8	30	8344	9752	54
804	3	1	20	8352	6640	53
805	4	14	20	8400	600	65
806	3	1	10	8412	2850	57
807	4	8	30	8424	1827	37
808	0	12	30	8436	61	41
809	4	14	20	8448	1958	51
810	3	1	30	8460	20157	47
811	4	8	15	8472	20236	58
812	3	1	30	8484	3085	56
813	3	1	10	8496	802	50
814	3	1	30	8508	21078	57
815	4	14	15	8520	7141	59
816	3	1	15	8532	19050	56
817	3	1	30	8544	5464	62
818	3	1	20	8556	1699	44
819	4	8	30	8568	2845	70
820	0	12	15	8580	7741	37
821	3	1	15	8592	13215	63
822	3	1	10	8604	993	63
823	4	14	30	8616	2579	62
824	0	12	20	8628	40345	53
825	4	14	30	8640	23588	54
826	3	1	10	8652	4955	69
827	3	1	20	8664	5310	60
828	4	14	20	8676	12229	64
829	4	8	15	8688	2681	46
830	3	1	10	8700	8731	66
831	0	12	30	8712	11312	52
832	3	1	20	8724	59	39
833	3	1	10	8736	15286	39
834	4	14	30	8748	1219	61
835	4	14	30	8760	2642	69
836	4	8	30	8772	47075	64
837	4	8	10	8800	3423	44
838	0	12	15	8809	1238	53
839	0	12	30	8818	22720	50
840	4	14	15	8827	10386	60
841	3	1	10	8836	1708	58
842	3	1	30	8845	3986	61
843	3	1	20	8854	1692	43
844	0	12	10	8863	436	63
845	4	8	15	8872	12154	49
846	0	12	30	8881	16922	62
847	4	8	10	8890	13051	43
848	3	1	20	8899	5852	60
849	4	14	20	8908	8796	57
850	3	1	10	8917	21188	38
851	4	14	30	8926	15725	62
852	4	14	20	8935	888	50
853	0	12	20	8944	3884	48
854	4	14	30	8953	23692	40
855	4	14	15	8962	8510	59
856	4	14	30	8971	13430	64
857	0	12	20	8980	3360	69
858	0	12	10	8989	9928	37
859	4	14	20	8998	7665	69
860	0	12	15	9007	7544	66
861	0	12	20	9016	13482	67
862	3	1	15	9025	4371	43
863	3	1	15	9034	10264	65
864	0	12	20	9043	6438	56
865	4	8	10	9052	1420	65
866	3	1	20	9061	19523	55
867	0	12	30	9070	5047	53
868	4	14	15	9079	24632	59
869	4	14	10	9088	8329	58
870	3	1	20	9097	7196	65
871	0	12	15	9106	6557	47
872	4	8	20	9115	3464	45
873	3	1	30	9124	2299	64
874	3	1	20	9133	6794	46
875	3	1	10	9142	4465	50
876	0	12	20	9151	4301	37
877	4	14	20	9160	20841	56
878	3	1	30	9200	2013	70
879	4	14	15	9208	1910	40
880	3	1	10	9216	564	63
881	4	8	10	9224	8569	61
882	0	12	10	9232	27110	36
883	4	14	10	9240	988	42
884	4	14	15	9248	3515	43
885	4	14	10	9256	13050	40
886	0	12	15	9264	8437	37
887	3	1	10	9272	7799	61
888	3	1	15	9280	18728	69
889	0	12	15	9288	5333	38
890	4	14	30	9296	5047	41
891	0	12	10	9304	8495	66
892	4	8	30	9312	8111	43
893	4	8	20	9320	5989	54
894	4	14	15	9328	3215	55
895	4	14	30	9336	19478	63
896	4	14	30	9344	11801	50
897	4	14	15	9352	8860	67
898	3	1	30	9360	8124	57
899	3	1	30	9368	17688	68
900	4	14	30	9376	16215	65
901	0	12	30	9384	4241	45
902	4	8	30	9392	15196	55
903	4	14	15	9400	16438	38
904	4	8	10	9408	612	63
905	4	8	20	9416	3694	62
906	4	8	10	9424	5681	53
907	4	8	30	9432	15465	57
908	4	8	10	9440	13385	38
909	4	8	20	9448	5879	61
910	3	1	30	9456	2184	58
911	4	14	15	9464	17464	43
912	4	8	30	9472	1026	70
913	4	8	30	9480	5521	67
914	0	12	15	9488	6356	42
915	4	14	15	9496	24490	40
916	4	14	20	9504	15090	67
917	3	1	15	9512	2908	36
918	4	14	30	9520	3661	57
919	4	8	15	9528	11042	51
920	0	12	30	9536	5722	63
921	4	14	15	9544	2741	65
922	4	8	15	9552	6643	55
923	4	14	30	9560	5040	56
924	4	14	15	9568	1578	52
925	4	8	15	9576	22379	70
926	4	14	20	9600	20426	39
927	0	12	30	9611	13919	61
928	4	14	15	9622	20088	45
929	4	14	30	9633	8628	53
930	3	1	15	9644	8548	70
931	4	8	10	9655	10971	40
932	4	8	30	9666	2720	69
933	0	12	30	9677	3229	37
934	0	12	20	9688	3374	46
935	3	1	10	9699	8553	53
936	4	14	15	9710	13162	42
937	0	12	20	9721	792	68
938	3	1	30	9732	347	50
939	4	8	20	9743	34002	52
940	4	8	30	9754	2806	58
941	4	14	20	9765	12732	51
942	0	12	10	9776	13304	58
943	4	8	20	9787	3866	43
944	4	8	15	9798	2275	51
945	0	12	20	9809	6951	69
946	4	14	15	9820	6104	66
947	4	14	30	9831	1194	46
948	0	12	15	9842	30821	47
949	4	14	10	9853	3796	51
950	4	14	10	9864	529	66
951	4	8	20	9875	5025	50
952	4	14	20	9886	2880	45
953	4	8	15	9897	17606	42
954	4	8	10	9908	3817	41
955	4	14	15	9919	6904	70
956	3	1	15	9930	15035	61
957	3	1	10	9941	3862	69
958	0	12	30	9952	9442	56
959	4	14	20	9963	1157	64
960	4	8	10	9974	4748	58
961	4	8	15	10000	9216	62
962	3	1	15	10009	22053	47
963	3	1	15	10018	1322	56
964	3	1	15	10027	15959	62
965	4	8	30	10036	5429	53
966	4	8	15	10045	7310	44
967	0	12	10	10054	12422	69
968	4	8	10	10063	1341	57
969	3	1	15	10072	17771	59
970	4	14	30	10081	1263	69
971	4	14	10	10090	11219	69
972	0	12	15	10099	2434	57
973	4	8	15	10108	3843	40
974	4	14	15	10117	4821	64
975	4	8	10	10126	10030	47
976	4	14	10	10135	5226	42
977	0	12	30	10144	1595	47
978	3	1	15	10153	1985	41
979	3	1	30	10162	7299	54
980	3	1	10	10171	4157	39
981	0	12	20	10180	12240	63
982	0	12	20	10189	14949	49
983	4	14	10	10198	6229	64
984	4	14	20	10207	7248	57
985	4	8	20	10216	1686	56
986	4	8	15	10225	4694	66
987	0	12	15	10234	4073	63
988	4	14	20	10243	24404	66
989	0	12	10	10252	11619	46
990	0	12	20	10261	13259	63
991	4	8	10	10270	4414	43
992	0	12	20	10279	4107	48
993	3	1	10	10288	19068	56
994	4	14	15	10297	6178	65
995	0	12	20	10306	7571	66
996	4	8	10	10315	15722	39
997	4	8	30	10324	8583	38
998	3	1	15	10333	5860	52
999	0	12	15	10342	11247	68
1000	3	1	10	10351	31970	61
1001	4	14	10	10360	10944	68
1002	3	1	30	10369	33241	60
1003	3	1	10	10378	730	58
1004	0	12	10	10387	2108	53
1005	0	12	10	10400	2968	68
1006	0	12	15	10408	1826	63
1007	4	8	15	10416	20294	40
1008	4	8	30	10424	4590	48
1009	4	14	10	10432	8745	64
1010	0	12	10	10440	829	64
1011	3	1	20	10448	8783	50
1012	0	12	20	10456	1424	63
1013	4	8	10	10464	792	38
1014	4	8	20	10472	10456	60
1015	4	8	20	10480	8729	65
1016	4	8	30	10488	14576	48
1017	3	1	10	10496	4026	53
1018	3	1	20	10504	6504	69
1019	4	8	30	10512	8964	42
1020	4	14	20	10520	400	58
1021	4	8	10	10528	1784	51
1022	4	8	20	10536	14447	38
1023	0	12	30	10544	3933	47
1024	4	8	20	10552	685	67
1025	4	8	30	10560	10241	61
1026	3	1	15	10568	3476	57
1027	4	8	10	10576	3502	36
1028	3	1	30	10584	14833	46
1029	3	1	30	10592	14698	68
1030	0	12	10	10600	15431	44
1031	4	8	15	10608	13792	40
1032	4	8	15	10616	8666	66
1033	3	1	30	10624	5003	44
1034	4	14	20	10632	7674	63
1035	3	1	30	10640	8628	42
1036	4	8	30	10648	12841	39
1037	4	8	20	10656	11365	61
1038	3	1	10	10664	2960	47
1039	4	14	20	10672	2693	60
1040	0	12	15	10680	34124	63
1041	4	14	10	10688	5921	61
1042	3	1	15	10696	26243	51
1043	4	14	20	10704	2715	38
1044	0	12	10	10712	8809	52
1045	3	1	30	10720	1233	49
1046	4	8	20	10728	2419	50
1047	4	14	15	10736	2936	45
1048	4	8	20	10744	1571	67
1049	4	8	30	10752	16564	36
1050	4	14	20	10760	11882	54
1051	3	1	30	10768	4994	56
1052	3	1	15	10776	856	40
1053	4	8	20	10784	14935	45
1054	0	12	30	10800	9794	46
1055	4	8	30	10811	12173	45
1056	4	8	20	10822	19236	66
1057	4	8	30	10833	7249	48
1058	0	12	15	10844	40	62
1059	3	1	15	10855	5701	62
1060	4	8	30	10866	25284	46
1061	4	14	10	10877	15151	62
1062	4	14	20	10888	645	65
1063	3	1	10	10899	7248	50
1064	4	14	30	10910	13292	56
1065	4	14	30	10921	2592	60
1066	0	12	15	10932	39	54
1067	3	1	30	10943	9583	55
1068	4	8	15	10954	5192	45
1069	3	1	20	10965	576	54
1070	0	12	30	10976	16022	61
1071	4	14	15	10987	665	57
1072	0	12	10	10998	721	42
1073	4	14	10	11009	2524	44
1074	0	12	15	11020	9316	49
1075	0	12	15	11031	5970	67
1076	3	1	20	11042	2169	36
1077	4	8	10	11053	6350	36
1078	0	12	30	11064	10209	65
1079	4	14	20	11075	22409	53
1080	0	12	10	11086	4944	46
1081	3	1	30	11097	370	47
1082	4	14	20	11108	1550	40
1083	0	12	10	11119	27931	46
1084	4	14	10	11130	556	50
1085	4	8	10	11141	3958	58
1086	3	1	10	11152	10188	70
1087	4	14	30	11163	13548	56
1088	4	8	30	11174	11381	68
1089	3	1	20	11185	14423	54
1090	4	8	15	11200	11096	47
1091	0	12	30	11209	1817	62
1092	4	8	10	11218	11199	70
1093	0	12	20	11227	12859	56
1094	4	8	30	11236	3183	50
1095	4	8	10	11245	1173	36
1096	4	14	20	11254	4717	67
1097	0	12	15	11263	3651	36
1098	0	12	20	11272	5195	53
1099	0	12	15	11281	3963	63
1100	4	8	20	11290	1187	65
1101	4	14	20	11299	6619	66
1102	4	8	30	11308	14162	36
1103	4	14	30	11317	922	48
1104	4	8	30	11326	71	45
1105	0	12	15	11335	9465	67
1106	3	1	30	11344	3800	50
1107	4	14	10	11353	14215	66
1108	4	8	10	11362	1370	66
1109	0	12	20	11371	1589	50
1110	4	14	15	11380	6283	45
1111	0	12	15	11389	3593	65
1112	0	12	10	11398	16637	53
1113	0	12	30	11407	544	44
1114	3	1	10	11416	399	51
1115	3	1	30	11425	19477	69
1116	4	14	20	11434	8950	58
1117	4	14	20	11443	913	54
1118	4	14	30	11452	6018	36
1119	4	8	30	11461	4355	68
1120	0	12	20	11470	6506	60
1121	4	8	15	11479	1673	69
1122	0	12	30	11488	22408	57
1123	4	14	30	11497	8224	62
1124	4	8	15	11506	3077	43
1125	0	12	10	11515	8673	70
1126	3	1	10	11524	3161	58
1127	4	14	15	11533	2701	56
1128	4	8	10	11542	22830	65
1129	4	14	15	11551	6415	48
1130	0	12	30	11560	670	70
1131	3	1	10	11569	16387	70
1132	4	8	20	11578	582	53
1133	4	14	15	11587	3206	38
1134	3	1	30	11600	12926	59
1135	0	12	15	11609	18279	51
1136	4	8	30	11618	1941	47
1137	0	12	30	11627	557	63
1138	3	1	10	11636	25892	36
1139	4	14	30	11645	3740	53
1140	4	14	10	11654	97	43
1141	4	14	30	11663	17609	40
1142	3	1	30	11672	8599	60
1143	4	8	15	11681	6916	54
1144	3	1	15	11690	2752	44
1145	0	12	30	11699	3933	52
1146	4	14	30	11708	3182	44
1147	0	12	15	11717	9307	61
1148	4	8	20	11726	11120	41
1149	3	1	30	11735	4301	51
1150	4	8	20	11744	4975	49
1151	4	14	10	11753	3295	49
1152	0	12	20	11762	14551	36
1153	3	1	20	11771	476	55
1154	0	12	20	11780	14369	38
1155	0	12	10	11789	23838	66
1156	4	14	30	11798	7816	44
1157	3	1	10	11807	1660	44
1158	3	1	15	11816	12468	40
1159	4	8	30	11825	3409	46
1160	4	8	10	11834	3661	45
1161	3	1	20	11843	768	65
1162	4	8	30	11852	17547	36
1163	4	8	20	11861	7449	53
1164	4	14	30	11870	841	50
1165	4	8	10	11879	8943	46
1166	3	1	30	11888	2758	47
1167	0	12	20	11897	6296	51
1168	3	1	30	11906	2457	56
1169	4	8	20	11915	1304	70
1170	4	8	10	11924	9548	58
1171	4	14	30	11933	7451	66
1172	4	8	15	11942	1274	53
1173	4	14	30	11951	1349	54
1174	4	8	30	11960	4190	60
1175	4	8	30	12000	8804	55
1176	3	1	20	12010	6042	45
1177	3	1	15	12020	3576	39
1178	0	12	15	12030	3461	53
1179	0	12	15	12040	21380	62
1180	0	12	10	12050	3246	62
1181	4	8	30	12060	8148	67
1182	4	8	20	12070	6136	51
1183	3	1	15	12080	5980	50
1184	3	1	30	12090	740	70
1185	0	12	20	12100	10861	57
1186	4	8	20	12110	270	70
1187	4	14	30	12120	99	69
1188	4	14	30	12130	5483	70
1189	3	1	20	12140	15288	63
1190	4	8	20	12150	2568	43
1191	3	1	20	12160	227	39
1192	3	1	15	12170	2603	58
1193	0	12	15	12180	7608	61
1194	4	8	20	12190	50	43
1195	4	8	15	12200	20259	49
1196	4	8	30	12210	6	39
1197	4	8	10	12220	433	42
1198	3	1	20	12230	5215	40
1199	4	8	15	12240	7699	69
1200	3	1	30	12250	813	40
1201	3	1	15	12260	12236	63
1202	3	1	15	12270	4400	40
1203	4	14	30	12280	7340	41
1204	0	12	30	12290	10156	64
1205	3	1	30	12300	15564	54
1206	3	1	30	12310	1689	66
1207	0	12	30	12320	9180	52
1208	0	12	30	12330	8400	66
1209	4	14	30	12340	1459	54
1210	4	8	20	12350	4345	57
1211	0	12	15	12360	2442	41
1212	4	8	30	12370	14472	62
1213	3	1	10	12380	15651	49
1214	4	8	20	12390	108	54
1215	0	12	10	12400	10426	48
1216	0	12	30	12409	6494	49
1217	3	1	20	12418	3595	57
1218	4	14	30	12427	5829	54
1219	4	14	10	12436	3533	63
1220	4	14	15	12445	8168	46
1221	4	14	10	12454	2619	49
1222	4	8	30	12463	399	52
1223	0	12	10	12472	4254	64
1224	0	12	10	12481	16685	63
1225	4	14	15	12490	8839	54
1226	4	8	15	12499	3182	43
1227	4	8	10	12508	6100	62
1228	3	1	10	12517	1290	46
1229	0	12	15	12526	5342	46
1230	4	14	30	12535	8783	52
1231	4	8	20	12544	5190	38
1232	0	12	30	12553	17064	70
1233	3	1	10	12562	10569	55
1234	4	8	20	12571	14375	58
1235	3	1	30	12580	6391	69
1236	4	14	20	12589	1944	63
1237	3	1	30	12598	21882	46
1238	3	1	15	12607	13178	57
1239	0	12	30	12616	2104	51
1240	3	1	30	12625	6430	62
1241	0	12	30	12634	3454	53
1242	3	1	30	12643	3598	39
1243	0	12	30	12652	3196	52
1244	0	12	10	12661	4539	41
1245	0	12	10	12670	93	37
1246	0	12	30	12679	1704	47
1247	4	14	15	12688	4345	44
1248	4	14	20	12697	7334	42
1249	4	8	20	12706	2604	65
1250	0	12	15	12715	3627	36
1251	3	1	10	12724	8147	52
1252	4	8	10	12733	6130	58
1253	4	14	20	12742	1039	47
1254	4	8	30	12751	30632	58
1255	3	1	30	12760	13607	61
1256	0	12	20	12800	10613	47
1257	3	1	10	12812	85	47
1258	4	14	30	12824	10320	48
1259	4	8	20	12836	412	45
1260	0	12	15	12848	6020	46
1261	4	8	20	12860	8556	39
1262	3	1	20	12872	6102	41
1263	0	12	20	12884	1422	55
1264	4	14	30	12896	5549	37
1265	4	14	10	12908	22742	55
1266	0	12	20	12920	3844	42
1267	3	1	30	12932	869	43
1268	0	12	15	12944	198	62
1269	3	1	30	12956	4977	56
1270	4	8	20	12968	5748	56
1271	3	1	10	12980	7757	39
1272	0	12	15	12992	6469	36
1273	4	14	30	13004	2696	39
1274	0	12	10	13016	13065	37
1275	4	14	20	13028	2730	64
1276	4	8	15	13040	19909	46
1277	4	8	30	13052	10164	70
1278	4	14	10	13064	31083	59
1279	0	12	30	13076	15972	62
1280	3	1	20	13088	5183	43
1281	4	8	10	13100	19188	70
1282	4	8	15	13112	21662	56
1283	4	8	20	13124	16385	51
1284	0	12	30	13136	1046	46
1285	0	12	20	13148	223	70
1286	4	14	15	13160	22786	51
1287	4	8	15	13172	11404	58
1288	4	8	10	13184	11248	67
1289	3	1	30	13200	134	67
1290	4	8	15	13215	13523	58
1291	4	8	15	13230	1836	51
1292	3	1	10	13245	1889	68
1293	0	12	30	13260	11322	47
1294	4	14	20	13275	9698	40
1295	4	8	10	13290	18070	59
1296	4	8	15	13305	13585	47
1297	3	1	15	13320	1778	54
1298	0	12	30	13335	14132	50
1299	4	8	30	13350	5406	57
1300	0	12	20	13365	7954	66
1301	4	8	30	13380	744	40
1302	4	14	30	13395	4015	53
1303	0	12	30	13410	1178	57
1304	4	14	30	13425	11596	45
1305	4	8	15	13440	10893	67
1306	4	8	30	13455	704	52
1307	3	1	10	13470	2292	55
1308	3	1	15	13485	3052	46
1309	3	1	10	13500	9347	65
1310	4	8	20	13515	18460	51
1311	4	14	20	13530	123	47
1312	4	14	10	13545	253	59
1313	4	14	30	13560	15759	57
1314	4	14	30	13575	6815	38
1315	4	14	10	13600	7734	47
1316	4	14	15	13610	10285	54
1317	4	8	30	13620	8692	61
1318	4	14	20	13630	329	44
1319	3	1	15	13640	5119	38
1320	4	14	20	13650	64360	39
1321	4	14	10	13660	7781	54
1322	4	8	20	13670	3423	46
1323	4	8	20	13680	62	65
1324	4	8	20	13690	8345	68
1325	0	12	10	13700	2938	40
1326	4	14	10	13710	4226	41
1327	0	12	15	13720	12772	59
1328	0	12	15	13730	7009	69
1329	4	14	30	13740	19191	49
1330	4	8	15	13750	5111	52
1331	3	1	30	13760	10115	62
1332	0	12	30	13770	17677	56
1333	4	8	10	13780	5358	37
1334	4	14	10	13790	2134	66
1335	0	12	20	13800	3928	38
1336	4	8	15	13810	5780	53
1337	0	12	15	13820	12728	69
1338	4	8	30	13830	893	42
1339	3	1	20	13840	3808	49
1340	3	1	30	13850	22961	54
1341	4	8	15	13860	9444	66
1342	3	1	30	13870	4673	48
1343	3	1	10	13880	544	38
1344	0	12	15	13890	988	52
1345	4	8	20	13900	12885	46
1346	4	8	15	13910	1529	63
1347	4	14	10	13920	3444	47
1348	4	8	30	13930	1624	45
1349	4	14	15	13940	691	63
1350	4	8	30	13950	1509	40
1351	0	12	15	13960	1341	57
1352	3	1	30	13970	1385	45
1353	4	8	20	13980	3525	48
1354	4	8	15	14000	5411	53
1355	4	8	15	14009	65	48
1356	0	12	15	14018	10799	64
1357	3	1	10	14027	3913	58
1358	4	14	15	14036	5376	59
1359	4	14	20	14045	4898	40
1360	3	1	10	14054	3244	62
1361	4	8	20	14063	2704	63
1362	3	1	30	14072	8761	56
1363	3	1	20	14081	4194	68
1364	4	8	30	14090	1956	49
1365	4	14	20	14099	1615	59
1366	4	14	30	14108	1068	62
1367	4	8	30	14117	6263	57
1368	4	14	20	14126	7875	61
1369	3	1	15	14135	1640	70
1370	3	1	30	14144	889	65
1371	3	1	30	14153	20963	56
1372	4	14	10	14162	6512	54
1373	4	8	30	14171	8665	66
1374	0	12	20	14180	6029	54
1375	3	1	10	14189	2931	43
1376	0	12	15	14198	1582	41
1377	3	1	15	14207	2654	44
1378	0	12	15	14216	17770	49
1379	4	14	30	14225	15039	58
1380	3	1	30	14234	1145	47
1381	0	12	30	14243	499	65
1382	4	14	15	14252	7608	50
1383	0	12	30	14261	5558	41
1384	4	8	10	14270	10690	44
1385	0	12	30	14279	3059	65
1386	0	12	10	14288	6541	52
1387	4	14	15	14297	6106	43
1388	0	12	20	14306	45554	55
1389	3	1	20	14315	2050	54
1390	0	12	10	14324	8336	44
1391	4	14	10	14333	1091	65
1392	4	8	10	14342	2933	45
1393	4	8	10	14351	8347	37
1394	0	12	15	14360	372	58
1395	4	8	10	14400	8547	61
1396	3	1	20	14409	222	46
1397	0	12	15	14418	280	51
1398	4	8	10	14427	15111	59
1399	4	8	20	14436	21664	64
1400	3	1	30	14445	8996	55
1401	0	12	15	14454	7976	42
1402	0	12	20	14463	10285	56
1403	3	1	20	14472	51076	46
1404	4	8	20	14481	30394	69
1405	4	14	30	14490	2245	55
1406	4	8	15	14499	7278	39
1407	0	12	30	14508	5506	50
1408	4	8	10	14517	14036	64
1409	4	14	10	14526	1634	45
1410	0	12	10	14535	14110	42
1411	4	8	30	14544	4905	56
1412	4	8	20	14553	5471	45
1413	0	12	15	14562	8216	37
1414	4	8	20	14571	3138	63
1415	4	8	15	14580	2548	67
1416	3	1	10	14589	8947	49
1417	4	8	30	14598	1439	50
1418	4	8	15	14607	8889	59
1419	0	12	30	14616	18355	54
1420	3	1	20	14625	7832	42
1421	0	12	20	14634	7155	54
1422	4	8	10	14643	6322	38
1423	0	12	30	14652	4090	43
1424	3	1	10	14661	6180	62
1425	3	1	20	14670	30394	70
1426	0	12	30	14679	7746	46
1427	3	1	30	14688	19190	52
1428	4	8	20	14697	7658	43
1429	3	1	15	14706	16504	63
1430	4	14	20	14715	2621	68
1431	0	12	30	14724	1253	61
1432	4	8	10	14733	4547	55
1433	3	1	30	14742	25399	56
1434	0	12	10	14751	1512	38
1435	4	8	20	14760	5583	41
1436	4	14	10	14769	3288	44
1437	4	8	30	14800	7643	40
1438	4	14	15	14811	5925	43
1439	4	8	15	14822	5424	59
1440	4	14	20	14833	10195	62
1441	4	14	15	14844	503	37
1442	4	8	10	14855	9816	50
1443	0	12	20	14866	13363	45
1444	4	8	20	14877	4052	47
1445	3	1	10	14888	1674	59
1446	4	8	20	14899	8001	56
1447	4	8	20	14910	8748	43
1448	0	12	15	14921	3123	44
1449	3	1	10	14932	11848	61
1450	4	14	10	14943	32708	48
1451	4	8	20	14954	15882	66
1452	3	1	30	14965	3615	62
1453	4	8	15	14976	23898	41
1454	4	14	10	14987	2957	57
1455	3	1	15	14998	701	36
1456	4	14	10	15009	708	40
1457	0	12	20	15020	3123	49
1458	4	14	15	15031	4931	54
1459	3	1	30	15042	104461	69
1460	3	1	10	15053	7835	44
1461	4	14	15	15064	9323	57
1462	4	14	15	15075	17062	43
1463	3	1	30	15086	24645	36
1464	0	12	15	15097	18864	48
1465	0	12	10	15108	9204	52
1466	0	12	20	15119	200	36
1467	4	14	30	15130	6163	59
1468	4	14	15	15141	5075	69
1469	0	12	10	15152	13814	58
1470	4	8	10	15163	21967	59
1471	4	8	15	15200	476	45
1472	3	1	20	15212	8206	42
1473	4	14	10	15224	1571	70
1474	4	8	15	15236	1575	63
1475	4	14	15	15248	6628	40
1476	3	1	15	15260	17256	39
1477	0	12	20	15272	10608	63
1478	3	1	15	15284	22	66
1479	4	14	10	15296	3437	38
1480	4	8	10	15308	3389	49
1481	4	14	10	15320	24863	39
1482	4	8	15	15332	7053	43
1483	3	1	20	15344	14835	52
1484	4	14	15	15356	17636	51
1485	3	1	10	15368	4312	37
1486	4	8	10	15380	12165	69
1487	4	14	30	15392	5293	50
1488	4	14	20	15404	8380	70
1489	3	1	20	15416	738	37
1490	4	8	15	15428	4325	37
1491	4	14	20	15440	110	66
1492	4	8	15	15452	1349	56
1493	0	12	15	15464	5925	44
1494	3	1	10	15476	16195	51
1495	0	12	10	15488	261	40
1496	0	12	30	15500	1582	65
1497	4	14	15	15512	11179	49
1498	0	12	10	15524	18952	68
1499	4	8	15	15536	10011	66
1500	3	1	15	15548	1434	58
1501	3	1	20	15560	798	68
1502	3	1	10	15572	1737	44
1503	4	14	10	15584	5562	57
1504	0	12	30	15600	14502	38
1505	4	8	20	15610	20765	39
1506	3	1	30	15620	1999	59
1507	4	14	30	15630	1638	62
1508	0	12	30	15640	11785	48
1509	0	12	30	15650	10953	52
1510	0	12	30	15660	1781	67
1511	3	1	20	15670	3449	47
1512	4	8	10	15680	3090	54
1513	0	12	15	15690	940	52
1514	4	8	20	15700	8504	56
1515	4	14	30	15710	8849	41
1516	4	8	10	15720	863	49
1517	0	12	30	15730	310	61
1518	3	1	15	15740	532	56
1519	3	1	10	15750	5366	46
1520	4	14	10	15760	18591	54
1521	0	12	30	15770	6224	57
1522	4	14	10	15780	17512	60
1523	0	12	20	15790	3844	68
1524	3	1	30	15800	4146	57
1525	4	8	20	15810	20414	64
1526	4	14	10	15820	18632	59
1527	4	8	15	15830	1007	69
1528	0	12	30	15840	2973	55
1529	0	12	15	15850	1268	59
1530	3	1	15	15860	3873	46
1531	4	14	10	15870	1128	61
1532	0	12	15	15880	14084	65
1533	4	8	30	15890	2727	36
1534	4	8	20	15900	1637	51
1535	4	14	15	15910	2305	52
1536	4	8	30	15920	11419	65
1537	4	8	10	15930	708	57
1538	3	1	20	15940	53	50
1539	4	8	20	15950	26660	47
1540	4	14	15	15960	1740	48
1541	4	8	10	15970	7255	42
1542	4	14	30	16000	9992	37
1543	4	14	30	16009	18706	53
1544	3	1	30	16018	17552	40
1545	4	14	20	16027	558	60
1546	3	1	15	16036	9454	47
1547	4	8	30	16045	362	40
1548	4	14	20	16054	16236	59
1549	4	14	15	16063	1772	45
1550	4	14	30	16072	21257	61
1551	4	14	10	16081	1220	40
1552	0	12	30	16090	9328	64
1553	3	1	30	16099	4326	58
1554	4	8	15	16108	13362	48
1555	4	8	20	16117	7813	37
1556	3	1	20	16126	1856	43
1557	4	8	20	16135	13443	47
1558	4	8	15	16144	812	70
1559	4	14	15	16153	19696	45
1560	4	8	20	16162	184	50
1561	0	12	20	16171	868	61
1562	3	1	10	16180	16620	43
1563	4	14	20	16189	7829	60
1564	4	8	20	16198	3593	42
1565	0	12	30	16207	564	42
1566	3	1	10	16216	5908	52
1567	0	12	10	16225	256	53
1568	3	1	30	16234	20805	36
1569	4	8	15	16243	4143	39
1570	3	1	30	16252	19185	46
1571	4	14	30	16261	141	62
1572	3	1	10	16270	255	46
1573	0	12	30	16279	843	44
1574	3	1	30	16288	2775	69
1575	4	8	30	16297	2921	48
1576	4	8	30	16306	14057	55
1577	0	12	15	16315	33320	43
1578	3	1	30	16324	5433	63
1579	4	14	10	16333	3289	67
1580	4	14	10	16342	2078	52
1581	3	1	10	16351	15630	55
1582	4	8	20	16360	2298	45
1583	4	8	15	16369	947	46
1584	4	8	15	16400	1954	68
1585	3	1	10	16410	2220	41
1586	4	14	10	16420	4683	67
1587	3	1	20	16430	4224	43
1588	0	12	20	16440	5186	58
1589	4	14	10	16450	6598	49
1590	0	12	30	16460	354	45
1591	0	12	15	16470	23402	54
1592	0	12	30	16480	35526	57
1593	3	1	15	16490	771	41
1594	0	12	10	16500	22710	67
1595	3	1	30	16510	778	57
1596	4	14	10	16520	10225	70
1597	4	14	10	16530	746	48
1598	4	8	15	16540	6240	47
1599	4	8	30	16550	13737	69
1600	0	12	20	16560	6303	43
1601	3	1	10	16570	8669	64
1602	3	1	10	16580	1009	39
1603	4	8	15	16590	4994	56
1604	4	8	20	16600	2735	70
1605	4	14	10	16610	19474	70
1606	4	8	30	16620	932	65
1607	4	14	10	16630	7100	55
1608	4	14	10	16640	1064	59
1609	4	14	15	16650	5640	36
1610	0	12	20	16660	12716	52
1611	4	8	10	16670	2014	36
1612	3	1	20	16680	3093	55
1613	3	1	10	16690	11400	39
1614	4	14	10	16700	9265	63
1615	4	14	20	16710	1437	66
1616	4	14	30	16720	15348	52
1617	4	8	20	16730	11519	67
1618	3	1	15	16740	4186	63
1619	3	1	15	16750	1018	36
1620	4	8	30	16760	7846	46
1621	4	14	20	16770	949	44
1622	0	12	20	16800	6469	66
1623	3	1	20	16810	3621	57
1624	4	8	15	16820	3581	65
1625	4	8	15	16830	26323	63
1626	4	14	30	16840	237	41
1627	4	14	30	16850	22438	41
1628	0	12	20	16860	1381	48
1629	4	14	10	16870	1789	47
1630	3	1	30	16880	7024	48
1631	4	8	20	16890	10727	43
1632	3	1	10	16900	4679	66
1633	4	8	30	16910	8931	64
1634	3	1	20	16920	12557	60
1635	4	8	30	16930	6698	58
1636	0	12	30	16940	10767	51
1637	0	12	15	16950	12308	60
1638	4	14	30	16960	13810	47
1639	4	8	10	16970	2904	68
1640	4	8	10	16980	1135	47
1641	4	14	10	16990	15436	47
1642	3	1	20	17000	2691	54
1643	0	12	15	17010	28368	58
1644	4	14	15	17020	11608	68
1645	4	14	20	17030	13750	45
1646	4	8	30	17040	7860	69
1647	4	8	30	17050	2077	54
1648	4	14	10	17060	4166	48
1649	0	12	20	17070	12004	37
1650	4	14	30	17080	2190	41
1651	4	8	20	17090	25438	38
1652	4	8	30	17100	9156	55
1653	4	14	30	17110	4386	46
1654	4	14	10	17120	1739	58
1655	4	8	10	17130	4543	69
1656	4	8	20	17140	906	69
1657	4	14	15	17150	11233	52
1658	0	12	30	17160	873	62
1659	4	14	10	17170	3166	42
1660	0	12	15	17180	17168	65
1661	3	1	10	17200	1496	59
1662	3	1	15	17209	4493	43
1663	0	12	30	17218	20639	48
1664	0	12	20	17227	20355	58
1665	3	1	30	17236	474	45
1666	3	1	10	17245	12103	40
1667	0	12	20	17254	8356	61
1668	0	12	15	17263	27440	49
1669	3	1	10	17272	1012	41
1670	4	14	20	17281	4424	50
1671	4	14	20	17290	562	62
1672	3	1	30	17299	22641	56
1673	0	12	10	17308	869	65
1674	0	12	10	17317	34903	60
1675	4	8	20	17326	11763	69
1676	4	8	30	17335	14001	60
1677	4	14	10	17344	7004	43
1678	4	14	15	17353	7299	60
1679	4	8	20	17362	6215	55
1680	0	12	20	17371	3289	64
1681	4	8	10	17380	12898	57
1682	0	12	20	17389	6100	63
1683	0	12	10	17398	3844	46
1684	4	14	10	17407	25936	41
1685	4	8	10	17416	7868	46
1686	4	14	30	17425	467	59
1687	4	14	10	17434	167	55
1688	4	8	30	17443	5187	42
1689	0	12	20	17452	3552	61
1690	4	14	15	17461	4929	59
1691	0	12	15	17470	33743	70
1692	4	14	15	17479	9161	69
1693	4	14	20	17488	5468	40
1694	0	12	30	17497	4376	39
1695	4	14	10	17506	26096	58
1696	4	8	20	17515	4427	39
1697	3	1	20	17524	3588	42
1698	0	12	30	17533	407	36
1699	4	8	20	17542	9850	59
1700	0	12	20	17551	334	40
1701	0	12	10	17560	30349	44
1702	0	12	15	17569	2420	40
1703	4	8	30	17600	2707	42
1704	4	8	30	17612	3473	57
1705	0	12	15	17624	1506	49
1706	4	14	30	17636	140	52
1707	4	8	20	17648	6914	60
1708	3	1	30	17660	4565	56
1709	4	8	15	17672	4430	59
1710	4	14	10	17684	7472	44
1711	3	1	15	17696	5934	62
1712	0	12	10	17708	1356	63
1713	3	1	15	17720	6627	42
1714	4	14	20	17732	36647	49
1715	4	14	10	17744	688	43
1716	3	1	15	17756	8108	66
1717	3	1	15	17768	395	68
1718	0	12	30	17780	26439	42
1719	4	14	15	17792	2801	47
1720	3	1	10	17804	6	57
1721	4	14	10	17816	11383	55
1722	3	1	30	17828	1500	55
1723	4	14	30	17840	7513	59
1724	3	1	30	17852	8604	53
1725	3	1	15	17864	4631	51
1726	4	14	15	17876	3902	64
1727	3	1	10	17888	4722	52
1728	4	14	15	17900	9156	61
1729	4	8	10	17912	207	38
1730	0	12	10	17924	3386	66
1731	4	14	15	17936	5001	54
1732	4	14	15	17948	6103	42
1733	3	1	30	17960	17683	37
1734	4	8	10	17972	5533	51
1735	4	14	20	17984	3565	56
1736	0	12	20	18000	6203	52
1737	4	14	30	18010	2263	56
1738	3	1	10	18020	238	60
1739	4	14	20	18030	12458	62
1740	3	1	15	18040	7504	65
1741	3	1	15	18050	5202	69
1742	0	12	15	18060	7053	70
1743	0	12	15	18070	426	53
1744	0	12	15	18080	11138	52
1745	0	12	10	18090	22016	67
1746	4	14	10	18100	14141	42
1747	0	12	10	18110	1009	63
1748	0	12	30	18120	5632	62
1749	4	8	20	18130	3310	67
1750	4	8	20	18140	3140	62
1751	3	1	15	18150	3783	42
1752	4	8	20	18160	4061	70
1753	4	8	20	18170	11226	60
1754	3	1	15	18180	9828	37
1755	4	8	15	18190	2650	55
1756	4	8	10	18200	13138	59
1757	4	8	15	18210	8445	52
1758	3	1	10	18220	7915	60
1759	3	1	20	18230	19502	42
1760	0	12	10	18240	12318	56
1761	4	8	20	18250	6781	70
1762	4	8	10	18260	18186	69
1763	4	8	20	18270	4211	54
1764	0	12	10	18280	667	64
1765	0	12	20	18290	1227	61
1766	4	14	30	18300	36904	56
1767	3	1	15	18310	2470	61
1768	4	8	10	18320	529	61
1769	0	12	10	18330	7956	63
1770	3	1	20	18340	6264	62
1771	3	1	20	18350	3962	45
1772	0	12	10	18360	151	43
1773	4	8	10	18370	1529	51
1774	4	8	30	18380	9288	52
1775	4	14	30	18400	5917	58
1776	3	1	30	18410	1520	56
1777	3	1	15	18420	1015	37
1778	3	1	20	18430	15590	43
1779	4	8	30	18440	10260	56
1780	4	14	10	18450	7538	44
1781	4	14	15	18460	2489	37
1782	4	8	10	18470	22562	61
1783	3	1	20	18480	3357	65
1784	0	12	15	18490	9656	46
1785	3	1	30	18500	27624	59
1786	4	8	20	18510	552	55
1787	4	8	30	18520	12093	52
1788	4	14	15	18530	1617	70
1789	4	14	20	18540	1959	67
1790	4	8	15	18550	6444	67
1791	4	14	15	18560	17473	36
1792	0	12	20	18570	7703	67
1793	4	14	20	18580	993	53
1794	3	1	20	18590	29	42
1795	0	12	30	18600	301	65
1796	4	8	10	18610	6960	70
1797	4	14	20	18620	1555	51
1798	4	14	10	18630	28534	59
1799	0	12	30	18640	7517	61
1800	4	8	10	18650	23368	47
1801	4	8	20	18660	6633	52
1802	3	1	30	18670	449	37
1803	0	12	30	18680	16654	69
1804	3	1	10	18690	12713	40
1805	3	1	30	18700	21745	52
1806	3	1	10	18710	3545	69
1807	0	12	15	18720	2030	55
1808	0	12	20	18730	558	43
1809	3	1	20	18740	1632	50
1810	4	14	20	18750	922	69
1811	4	14	20	18760	9300	58
1812	3	1	30	18770	12658	44
1813	0	12	15	18780	18877	40
1814	4	14	15	18800	2880	68
1815	4	8	30	18808	5841	55
1816	4	14	15	18816	7979	45
1817	4	14	20	18824	6465	40
1818	4	8	15	18832	9856	43
1819	3	1	15	18840	948	41
1820	4	14	30	18848	628	42
1821	4	8	10	18856	1891	39
1822	4	14	10	18864	689	62
1823	3	1	15	18872	15004	65
1824	4	14	20	18880	640	67
1825	4	14	15	18888	8526	61
1826	3	1	30	18896	11842	49
1827	0	12	20	18904	18587	61
1828	3	1	20	18912	1493	44
1829	0	12	10	18920	8394	57
1830	3	1	20	18928	22732	59
1831	3	1	10	18936	44978	41
1832	4	14	10	18944	1275	49
1833	3	1	20	18952	2283	52
1834	0	12	20	18960	11988	45
1835	4	8	15	18968	382	63
1836	0	12	15	18976	1914	70
1837	4	8	10	18984	538	62
1838	4	14	20	18992	6331	60
1839	4	8	20	19000	11651	65
1840	0	12	20	19008	7539	60
1841	4	8	10	19016	14789	70
1842	4	8	10	19024	9960	45
1843	0	12	20	19032	52155	56
1844	0	12	30	19040	917	68
1845	4	8	20	19048	16071	45
1846	0	12	15	19056	780	62
1847	0	12	15	19064	9976	62
1848	4	14	10	19072	13471	56
1849	0	12	20	19080	5317	57
1850	4	8	15	19088	4165	56
1851	4	8	15	19096	216	66
1852	3	1	15	19104	5054	44
1853	0	12	30	19112	15728	54
1854	4	8	30	19120	6103	55
1855	4	14	10	19128	10639	43
1856	3	1	15	19136	5247	60
1857	0	12	20	19144	1864	43
1858	0	12	15	19152	12810	38
1859	4	14	30	19160	1209	50
1860	0	12	10	19168	1409	38
1861	4	8	20	19200	4869	44
1862	4	8	30	19211	442	46
1863	0	12	20	19222	4324	57
1864	0	12	10	19233	2225	62
1865	0	12	20	19244	955	64
1866	4	14	20	19255	6210	44
1867	0	12	10	19266	6320	62
1868	4	14	20	19277	1104	65
1869	3	1	10	19288	2362	41
1870	4	8	20	19299	2914	56
1871	4	8	10	19310	6678	53
1872	0	12	30	19321	60	50
1873	4	14	30	19332	22695	49
1874	4	8	20	19343	5567	51
1875	4	8	20	19354	2121	42
1876	0	12	30	19365	5521	65
1877	3	1	20	19376	702	42
1878	3	1	15	19387	10727	67
1879	4	8	30	19398	1896	57
1880	3	1	30	19409	6615	69
1881	4	8	15	19420	492	57
1882	4	8	15	19431	734	41
1883	3	1	30	19442	9235	58
1884	3	1	20	19453	2237	37
1885	4	8	10	19464	19712	63
1886	0	12	30	19475	6006	68
1887	3	1	15	19486	2710	65
1888	4	8	30	19497	10030	68
1889	4	8	20	19508	335	37
1890	4	14	30	19519	6670	38
1891	4	14	30	19530	39	62
1892	0	12	30	19541	2482	60
1893	4	14	30	19552	4173	46
1894	4	8	15	19563	7437	62
1895	4	14	10	19574	1341	52
1896	0	12	15	19585	12437	60
1897	4	8	15	19600	2791	58
1898	0	12	20	19609	11273	64
1899	4	14	15	19618	43735	40
1900	3	1	10	19627	3155	36
1901	0	12	10	19636	6330	70
1902	4	8	30	19645	7010	68
1903	4	8	10	19654	6542	50
1904	4	14	10	19663	1589	37
1905	4	14	10	19672	14651	39
1906	0	12	20	19681	155	51
1907	3	1	20	19690	5988	65
1908	4	14	15	19699	3552	38
1909	4	14	10	19708	2861	48
1910	4	14	10	19717	2163	49
1911	4	14	30	19726	4046	54
1912	3	1	10	19735	5070	47
1913	4	14	20	19744	7079	51
1914	0	12	30	19753	6897	51
1915	3	1	20	19762	859	52
1916	4	14	15	19771	3674	39
1917	4	14	30	19780	3684	59
1918	4	8	10	19789	1525	56
1919	3	1	30	19798	3179	69
1920	4	14	20	19807	7026	66
1921	0	12	10	19816	2328	49
1922	3	1	15	19825	14250	65
1923	3	1	10	19834	736	64
1924	3	1	10	19843	9372	38
1925	4	8	20	19852	2857	64
1926	0	12	15	19861	2845	63
1927	0	12	10	19870	7351	40
1928	3	1	15	19879	3276	58
1929	3	1	15	19888	3409	70
1930	4	8	15	19897	4699	53
1931	3	1	15	19906	1825	42
1932	4	8	10	19915	3184	48
1933	3	1	30	19924	10858	62
1934	3	1	20	19933	17310	57
1935	4	8	20	19942	127	69
1936	0	12	20	19951	5171	60
1937	4	14	15	19960	6024	61
1938	3	1	20	19969	5617	56
1939	4	14	15	19978	4141	68
1940	0	12	20	19987	18081	48
1941	3	1	15	20000	8	38
1942	4	14	10	20008	21140	63
1943	4	8	20	20016	4273	55
1944	4	8	15	20024	13038	59
1945	4	14	10	20032	1477	55
1946	4	8	20	20040	6134	51
1947	4	8	15	20048	9102	45
1948	3	1	30	20056	14114	66
1949	3	1	30	20064	5601	46
1950	4	14	30	20072	12339	48
1951	0	12	20	20080	4353	37
1952	0	12	15	20088	1030	38
1953	4	8	30	20096	4464	66
1954	0	12	30	20104	4238	44
1955	4	8	30	20112	610	57
1956	4	8	30	20120	10046	41
1957	3	1	30	20128	5476	40
1958	3	1	10	20136	16229	48
1959	4	8	15	20144	16953	44
1960	3	1	30	20152	6221	46
1961	0	12	20	20160	4332	47
1962	0	12	15	20168	1694	43
1963	0	12	30	20176	93	39
1964	3	1	30	20184	15529	66
1965	0	12	30	20192	268	42
1966	3	1	30	20200	568	42
1967	0	12	10	20208	10380	55
1968	0	12	30	20216	9689	65
1969	3	1	15	20224	6602	52
1970	3	1	30	20232	7862	62
1971	4	14	30	20240	14619	49
1972	0	12	10	20248	15993	38
1973	4	8	20	20256	11740	58
1974	3	1	10	20264	4529	56
1975	4	8	15	20272	7005	64
1976	4	8	10	20280	3128	57
1977	0	12	20	20288	4326	46
1978	0	12	20	20296	2671	40
1979	3	1	30	20304	5896	53
1980	0	12	30	20312	11579	48
1981	4	14	30	20320	7737	54
1982	4	8	10	20328	11839	45
1983	4	14	15	20336	14296	48
1984	3	1	20	20344	6583	57
1985	0	12	20	20352	199	52
1986	3	1	30	20400	694	39
1987	4	14	15	20428	18479	53
1988	3	1	10	20456	3220	53
1989	4	8	30	20484	13355	70
1990	0	12	30	20512	2861	64
1991	4	8	20	20540	31453	56
1992	4	8	10	20568	8644	48
1993	4	8	10	20596	7839	47
1994	0	12	15	20624	15938	58
1995	0	12	10	20652	5192	37
1996	4	8	10	20680	13293	66
1997	3	1	10	20708	19934	59
1998	4	14	20	20736	6520	59
1999	4	8	15	20764	11793	52
