0	4	8	20	0	3915	41
1	0	12	30	10	2776	42
2	4	8	30	20	5342	35
3	3	1	10	30	1417	41
4	0	12	40	40	327	42
5	4	8	10	50	15882	45
6	3	1	20	60	1520	43
7	4	14	40	70	3007	45
8	4	8	20	80	2012	40
9	0	12	30	90	4327	42
10	3	1	20	100	2315	43
11	4	8	40	110	927	42
12	4	8	20	120	819	40
13	0	12	30	130	1465	38
14	4	14	30	140	711	43
15	0	12	30	150	3763	39
16	4	14	20	160	1520	41
17	0	12	20	170	6564	40
18	3	1	10	180	1002	41
19	4	14	20	190	1262	36
20	3	1	10	200	611	39
21	0	12	20	210	755	35
22	4	14	30	220	4017	38
23	3	1	40	230	2719	44
24	4	14	10	240	93	35
25	4	8	10	250	2051	42
26	4	14	20	260	4330	44
27	0	12	30	270	10777	40
28	3	1	20	280	7883	44
29	4	14	10	290	2348	39
30	4	14	40	300	2525	43
31	0	12	10	310	316	41
32	0	12	30	320	4937	36
33	4	14	30	330	2026	40
34	3	1	20	340	2270	35
35	3	1	20	350	1868	37
36	3	1	30	360	6907	42
37	4	8	40	370	2888	42
38	4	8	20	380	391	43
39	4	14	30	390	9706	44
40	4	8	40	400	1443	36
41	0	12	10	412	1071	40
42	0	12	30	424	2925	42
43	0	12	40	436	1571	36
44	3	1	30	448	3780	37
45	4	8	30	460	15907	38
46	0	12	20	472	5808	35
47	0	12	30	484	4362	40
48	4	14	20	496	5966	42
49	4	8	30	508	1505	44
50	4	14	30	520	3476	40
51	3	1	20	532	2934	45
52	3	1	40	544	375	43
53	4	8	30	556	6836	37
54	0	12	20	568	913	40
55	0	12	40	580	2406	41
56	4	8	10	592	8061	39
57	3	1	30	604	1117	37
58	4	14	10	616	1287	41
59	4	14	40	628	4526	45
60	3	1	30	640	1541	36
61	4	8	30	652	1936	38
62	4	8	20	664	4408	35
63	4	8	10	676	12086	36
64	4	8	40	688	857	45
65	4	8	20	700	1807	36
66	0	12	20	712	2755	40
67	3	1	30	724	6199	35
68	3	1	20	736	8274	38
69	4	8	10	748	6238	41
70	4	8	10	760	6196	43
71	4	8	30	772	6477	44
72	4	14	40	800	4993	42
73	4	14	30	810	1484	43
74	3	1	30	820	13741	35
75	3	1	40	830	9489	44
76	0	12	40	840	4238	38
77	4	14	40	850	1478	36
78	0	12	20	860	8546	41
79	4	8	30	870	171	42
80	4	8	30	880	4034	42
81	4	14	40	890	23641	39
82	4	8	20	900	685	44
83	4	8	40	910	3167	35
84	0	12	20	920	7963	44
85	0	12	20	930	11851	44
86	3	1	20	940	17188	43
87	4	14	40	950	8828	44
88	3	1	10	960	859	45
89	3	1	20	970	15864	39
90	4	8	20	980	2824	43
91	4	14	40	990	3455	40
92	3	1	40	1000	1092	36
93	3	1	30	1010	2149	43
94	4	8	40	1020	3584	42
95	4	14	10	1030	10059	44
96	4	14	40	1040	3348	39
97	4	14	20	1050	3352	41
98	3	1	40	1060	565	36
99	0	12	20	1070	1139	36
100	0	12	20	1080	2641	43
101	4	8	40	1090	15310	35
102	4	8	10	1100	6249	36
103	3	1	20	1110	16862	36
104	4	14	20	1120	2986	35
105	4	8	10	1130	6031	41
106	4	14	20	1140	6575	37
107	4	14	10	1150	6048	35
108	4	14	10	1160	7620	37
109	3	1	30	1170	1411	41
110	4	14	10	1180	6410	37
111	3	1	10	1200	3264	37
112	3	1	20	1208	1796	41
113	4	8	30	1216	1063	44
114	4	8	20	1224	172	38
115	3	1	40	1232	1557	43
116	0	12	10	1240	1026	40
117	0	12	20	1248	515	35
118	4	8	40	1256	367	38
119	0	12	20	1264	1121	36
120	4	14	40	1272	1893	38
121	4	8	30	1280	3745	41
122	4	14	20	1288	3608	35
123	4	14	40	1296	8924	44
124	0	12	30	1304	1332	43
125	3	1	10	1312	938	38
126	4	14	40	1320	3311	43
127	4	8	20	1328	1411	45
128	3	1	30	1336	5066	35
129	3	1	20	1344	199	36
130	3	1	10	1352	1659	39
131	4	8	30	1360	359	43
132	0	12	40	1368	779	35
133	4	14	10	1376	4022	39
134	4	8	20	1384	3270	45
135	0	12	40	1392	4280	42
136	4	8	30	1400	927	37
137	3	1	10	1408	755	43
138	3	1	20	1416	85	45
139	3	1	20	1424	354	37
140	4	8	10	1432	610	41
141	4	14	10	1440	926	43
142	0	12	30	1448	158	42
143	4	14	30	1456	9054	39
144	3	1	20	1464	805	37
145	4	14	20	1472	11879	41
146	4	8	20	1480	976	44
147	4	8	20	1488	22	38
148	0	12	10	1496	1870	40
149	3	1	10	1504	1255	45
150	4	14	40	1512	4721	39
151	4	14	20	1520	2364	39
152	4	8	20	1528	2613	37
153	3	1	30	1536	8733	35
154	4	8	20	1544	8181	43
155	4	14	30	1552	8331	36
156	4	8	20	1560	1937	45
157	3	1	20	1568	9122	38
158	4	8	30	1576	4842	38
159	0	12	20	1584	1524	43
160	3	1	20	1600	971	44
161	4	8	10	1610	2848	38
162	4	8	30	1620	253	45
163	0	12	40	1630	6489	35
164	4	14	30	1640	12655	36
165	3	1	30	1650	4988	40
166	4	8	20	1660	1917	37
167	4	14	20	1670	5202	37
168	0	12	10	1680	4494	45
169	4	8	20	1690	1946	42
170	0	12	20	1700	491	40
171	4	8	10	1710	222	43
172	3	1	10	1720	420	35
173	3	1	20	1730	12	35
174	3	1	10	1740	434	40
175	0	12	30	1750	746	40
176	4	8	10	1760	3367	45
177	0	12	40	1770	4793	41
178	4	8	20	1780	4953	42
179	4	8	20	1790	1629	37
180	0	12	30	1800	19563	40
181	4	8	20	1810	3261	40
182	4	8	10	1820	10299	39
183	4	14	30	1830	2383	36
184	3	1	20	1840	1759	43
185	4	14	40	1850	8953	35
186	4	14	10	1860	3728	40
187	4	8	10	1870	1368	45
188	4	8	30	1880	5766	42
189	4	8	30	1890	4596	43
190	3	1	30	1900	1275	42
191	4	14	20	1910	1479	44
192	0	12	20	1920	2541	39
193	4	8	10	1930	4871	36
194	4	14	10	1940	8137	38
195	0	12	10	1950	4000	38
196	3	1	30	1960	629	44
197	4	14	40	1970	1077	41
198	4	14	10	1980	11140	38
199	0	12	40	1990	2537	42
200	4	8	10	2000	3356	38
201	3	1	10	2010	2685	42
202	4	8	10	2020	1605	39
203	4	14	30	2030	17770	43
204	4	8	30	2040	667	39
205	4	8	40	2050	4072	42
206	4	8	20	2060	1701	38
207	3	1	10	2070	2589	37
208	0	12	20	2080	6135	41
209	4	8	30	2090	4820	37
210	3	1	30	2100	1462	37
211	4	8	20	2110	4628	38
212	4	8	40	2120	831	42
213	0	12	20	2130	1831	36
214	0	12	30	2140	1568	38
215	0	12	40	2150	4292	39
216	0	12	40	2160	3523	44
217	4	8	10	2170	3791	44
218	4	8	20	2180	2367	38
219	0	12	30	2190	266	35
220	3	1	20	2200	450	35
221	0	12	10	2210	382	38
222	4	8	40	2220	13314	40
223	3	1	30	2230	19213	36
224	4	14	40	2240	475	45
225	4	8	10	2250	6570	42
226	0	12	30	2260	3507	38
227	0	12	40	2270	2014	44
228	4	14	20	2280	574	43
229	3	1	10	2290	2546	36
230	4	8	10	2300	100	42
231	4	8	10	2310	1619	39
232	0	12	40	2320	5708	38
233	0	12	30	2330	1100	45
234	0	12	10	2340	5821	44
235	3	1	30	2350	2800	43
236	0	12	20	2360	1029	36
237	4	8	20	2370	10970	42
238	4	8	40	2400	1399	42
239	0	12	30	2408	5051	36
240	3	1	30	2416	3166	42
241	0	12	10	2424	555	38
242	4	8	30	2432	2815	38
243	0	12	40	2440	260	39
244	4	14	40	2448	1891	41
245	0	12	10	2456	3541	38
246	3	1	20	2464	518	37
247	0	12	10	2472	433	38
248	4	8	20	2480	1910	44
249	3	1	10	2488	948	45
250	0	12	10	2496	190	39
251	0	12	20	2504	3046	35
252	4	8	20	2512	6233	38
253	4	14	20	2520	8283	37
254	4	8	20	2528	1805	42
255	0	12	40	2536	2590	35
256	0	12	20	2544	2976	36
257	3	1	20	2552	1655	37
258	0	12	40	2560	8351	44
259	0	12	30	2568	1705	43
260	4	8	10	2576	225	38
261	0	12	20	2584	12050	39
262	4	14	30	2592	1679	40
263	3	1	10	2600	1504	39
264	4	14	30	2608	4502	41
265	0	12	20	2616	14509	43
266	4	8	30	2624	10394	35
267	0	12	10	2632	11761	42
268	0	12	10	2640	3672	37
269	4	8	10	2648	6880	40
270	0	12	20	2656	2256	38
271	3	1	30	2664	4199	37
272	4	14	10	2672	1526	36
273	0	12	30	2680	5231	36
274	4	8	10	2688	2914	39
275	3	1	20	2696	15049	43
276	4	14	20	2704	3525	35
277	4	8	40	2712	9251	36
278	4	14	30	2720	3818	41
279	3	1	40	2728	2975	42
280	4	14	30	2736	4620	40
281	0	12	30	2744	2624	45
282	4	14	30	2752	64	35
283	0	12	10	2760	10236	43
284	4	8	10	2768	2209	43
285	4	8	40	2776	2706	42
286	4	14	30	2800	3135	35
287	0	12	20	2809	8689	35
288	4	14	10	2818	8387	38
289	4	14	20	2827	1369	44
290	4	8	10	2836	15379	42
291	3	1	40	2845	8757	44
292	4	8	30	2854	245	43
293	4	8	20	2863	11832	44
294	4	14	20	2872	4343	43
295	3	1	10	2881	3625	38
296	4	8	20	2890	6182	44
297	4	14	30	2899	852	44
298	0	12	20	2908	1961	43
299	3	1	20	2917	2065	43
300	4	14	20	2926	4336	37
301	3	1	10	2935	766	40
302	4	14	40	2944	2789	35
303	4	14	10	2953	3272	38
304	3	1	30	2962	6055	42
305	4	8	30	2971	2019	37
306	4	8	10	2980	973	44
307	4	8	40	2989	247	36
308	3	1	10	2998	1763	44
309	3	1	10	3007	1954	45
310	4	8	30	3016	8865	35
311	4	14	20	3025	3910	45
312	4	14	30	3034	5147	41
313	4	8	40	3043	1731	36
314	4	8	40	3052	4340	38
315	0	12	30	3061	3409	39
316	0	12	40	3070	10927	38
317	3	1	20	3079	2180	42
318	0	12	10	3088	8794	42
319	3	1	40	3097	813	45
320	4	8	30	3106	2248	43
321	0	12	10	3115	161	35
322	0	12	10	3124	290	39
323	4	8	40	3133	1489	39
324	4	14	40	3142	7388	43
325	4	8	30	3151	3134	39
326	0	12	40	3160	3571	39
327	3	1	40	3200	1842	38
328	4	8	10	3210	278	39
329	4	14	40	3220	10174	36
330	4	8	40	3230	842	45
331	4	14	40	3240	2002	36
332	4	8	20	3250	2882	38
333	0	12	10	3260	951	44
334	3	1	20	3270	7949	39
335	0	12	20	3280	2858	35
336	4	8	30	3290	15468	44
337	0	12	20	3300	2443	43
338	3	1	20	3310	615	36
339	4	14	30	3320	113	41
340	0	12	30	3330	1290	43
341	3	1	40	3340	2642	45
342	3	1	20	3350	3016	36
343	0	12	10	3360	2698	38
344	4	8	30	3370	2036	44
345	3	1	40	3380	1752	43
346	3	1	10	3390	717	38
347	0	12	40	3400	4927	41
348	0	12	20	3410	1347	41
349	3	1	40	3420	371	39
350	3	1	20	3430	4328	45
351	3	1	40	3440	1826	36
352	4	14	20	3450	1443	37
353	4	8	30	3460	910	44
354	4	8	40	3470	14497	35
355	3	1	20	3480	3894	37
356	4	8	10	3490	440	35
357	4	8	40	3500	848	42
358	4	14	10	3510	5041	40
359	4	8	10	3520	1080	37
360	4	8	30	3530	6559	43
361	3	1	20	3540	7505	41
362	0	12	30	3550	19695	43
363	4	14	10	3560	2283	43
364	4	8	10	3600	875	35
365	4	8	40	3611	2750	44
366	3	1	40	3622	467	41
367	4	14	30	3633	2871	43
368	3	1	20	3644	2680	43
369	0	12	20	3655	657	38
370	4	14	40	3666	3610	40
371	4	14	20	3677	2598	41
372	0	12	10	3688	1300	40
373	0	12	20	3699	7897	36
374	3	1	10	3710	9553	36
375	3	1	40	3721	11718	43
376	3	1	40	3732	2852	44
377	4	14	40	3743	3463	35
378	4	14	20	3754	9718	40
379	4	8	10	3765	2674	35
380	3	1	20	3776	1905	36
381	0	12	10	3787	8557	43
382	4	8	20	3798	347	42
383	3	1	20	3809	15348	45
384	0	12	30	3820	1205	36
385	3	1	10	3831	6934	43
386	0	12	20	3842	381	44
387	4	14	40	3853	1483	40
388	4	14	20	3864	1088	43
389	0	12	10	3875	1101	36
390	3	1	20	3886	2085	45
391	4	14	40	3897	6201	37
392	0	12	10	3908	5399	37
393	4	8	20	3919	9454	44
394	3	1	40	3930	1003	43
395	4	8	20	3941	2240	37
396	3	1	20	3952	2699	37
397	4	14	10	3963	397	39
398	4	14	10	3974	1393	38
399	0	12	40	3985	9280	45
400	4	14	40	4000	1121	36
401	4	14	30	4010	4221	40
402	4	8	20	4020	993	44
403	4	14	10	4030	577	38
404	4	14	10	4040	2726	45
405	3	1	40	4050	810	38
406	4	8	40	4060	373	41
407	3	1	10	4070	2331	36
408	4	14	20	4080	1400	42
409	3	1	40	4090	108	37
410	4	14	30	4100	476	39
411	3	1	20	4110	2977	45
412	3	1	30	4120	1310	36
413	3	1	10	4130	1039	40
414	3	1	40	4140	7799	36
415	4	8	30	4150	10294	45
416	4	8	40	4160	5771	44
417	4	8	10	4170	57	43
418	3	1	30	4180	768	41
419	3	1	40	4190	1868	37
420	0	12	20	4200	2084	45
421	3	1	10	4210	6446	36
422	0	12	10	4220	1280	45
423	3	1	20	4230	1138	42
424	4	8	10	4240	5468	38
425	0	12	10	4250	6573	38
426	4	14	20	4260	5343	39
427	4	14	40	4270	1858	42
428	4	8	30	4280	4078	38
429	4	8	40	4290	2610	45
430	0	12	20	4300	2434	41
431	4	14	30	4310	2146	39
432	0	12	40	4320	1343	43
433	4	14	20	4330	40	41
434	4	8	20	4340	1114	44
435	4	14	30	4350	5194	41
436	4	14	40	4360	4343	45
437	4	8	20	4370	11877	38
438	4	14	20	4400	2648	35
439	3	1	30	4410	320	44
440	4	8	20	4420	5301	36
441	3	1	20	4430	4190	43
442	0	12	20	4440	58	43
443	0	12	20	4450	950	41
444	0	12	20	4460	549	43
445	0	12	10	4470	8525	45
446	4	8	10	4480	2841	35
447	3	1	10	4490	2868	42
448	3	1	20	4500	197	43
449	4	8	20	4510	1416	44
450	4	14	20	4520	4376	38
451	0	12	10	4530	2588	40
452	4	8	30	4540	10094	43
453	0	12	10	4550	10148	35
454	4	14	20	4560	2736	45
455	4	8	40	4570	2348	35
456	4	14	30	4580	1899	40
457	3	1	40	4590	14328	37
458	3	1	10	4600	1972	35
459	3	1	40	4610	4652	42
460	3	1	30	4620	2364	44
461	4	8	10	4630	5055	45
462	4	8	20	4640	6488	43
463	4	8	30	4650	6771	43
464	4	8	30	4660	3384	42
465	0	12	40	4670	4776	45
466	3	1	20	4680	1096	37
467	3	1	10	4690	1254	41
468	0	12	40	4700	17023	42
469	4	14	10	4710	560	40
470	4	8	40	4720	1211	35
471	4	14	30	4730	6750	40
472	3	1	40	4740	3020	42
473	4	14	40	4750	411	42
474	4	8	30	4760	4074	36
475	3	1	10	4770	5658	37
476	3	1	30	4780	6165	39
477	4	14	30	4790	257	39
478	3	1	40	4800	508	44
479	0	12	10	4810	7974	38
480	3	1	10	4820	1416	38
481	4	8	20	4830	1020	43
482	0	12	20	4840	1562	44
483	0	12	20	4850	1668	40
484	4	8	20	4860	6733	41
485	0	12	10	4870	15532	35
486	3	1	40	4880	2736	42
487	4	14	40	4890	1812	42
488	4	14	10	4900	2891	41
489	0	12	30	4910	6418	43
490	4	14	10	4920	1716	36
491	0	12	40	4930	4687	43
492	4	14	20	4940	3278	38
493	0	12	20	4950	6372	39
494	0	12	10	4960	3983	35
495	4	14	10	4970	68	36
496	0	12	40	4980	7501	45
497	3	1	40	4990	884	45
498	4	14	40	5000	4093	44
499	4	14	20	5010	2257	44
500	3	1	30	5020	4104	43
501	3	1	40	5030	1094	39
502	4	8	20	5040	2985	45
503	4	14	10	5050	9983	37
504	4	14	20	5060	150	44
505	0	12	40	5070	7590	44
506	4	8	20	5080	11704	43
507	4	8	30	5090	6903	36
508	3	1	20	5100	1325	45
509	0	12	10	5110	5365	43
510	3	1	10	5120	4293	42
511	0	12	40	5130	1518	35
512	0	12	40	5140	7664	38
513	4	8	10	5150	2981	42
514	4	14	40	5160	1972	39
515	4	8	10	5200	999	36
516	4	8	30	5213	2003	36
517	0	12	10	5226	2475	38
518	0	12	10	5239	7	37
519	4	8	20	5252	3580	41
520	3	1	10	5265	900	38
521	3	1	20	5278	8328	41
522	3	1	10	5291	5617	45
523	0	12	10	5304	826	44
524	4	14	10	5317	6087	39
525	0	12	40	5330	3386	37
526	0	12	20	5343	1181	37
527	3	1	20	5356	5286	37
528	4	14	40	5369	2518	42
529	3	1	20	5382	3891	45
530	4	8	20	5395	9645	37
531	0	12	40	5408	3541	39
532	0	12	40	5421	2190	41
533	3	1	20	5434	4659	35
534	3	1	20	5447	1005	41
535	0	12	10	5460	242	44
536	4	14	10	5473	4806	43
537	4	8	10	5486	2082	41
538	0	12	40	5499	1450	41
539	4	8	30	5512	13314	43
540	3	1	40	5525	134	38
541	0	12	20	5538	4477	41
542	0	12	30	5551	343	42
543	3	1	10	5564	5987	44
544	3	1	20	5600	607	36
545	3	1	10	5609	134	35
546	0	12	40	5618	7265	40
547	4	8	20	5627	137	42
548	0	12	20	5636	2092	35
549	3	1	40	5645	2107	45
550	3	1	30	5654	3899	35
551	4	14	30	5663	1946	42
552	3	1	30	5672	876	42
553	4	8	20	5681	201	37
554	4	8	20	5690	1044	40
555	4	14	20	5699	5814	37
556	4	14	40	5708	2654	39
557	4	8	10	5717	1657	35
558	4	14	10	5726	584	44
559	4	14	20	5735	2507	41
560	4	14	30	5744	3609	41
561	4	14	40	5753	958	40
562	3	1	30	5762	1752	39
563	0	12	40	5771	4315	45
564	4	14	40	5780	7045	41
565	3	1	20	5789	293	37
566	0	12	10	5798	8983	40
567	4	8	20	5807	720	37
568	4	14	30	5816	1445	36
569	4	14	30	5825	1605	40
570	3	1	10	5834	2950	38
571	4	14	30	5843	17772	40
572	0	12	20	5852	684	42
573	4	14	30	5861	153	40
574	3	1	30	5870	3269	38
575	3	1	30	5879	3003	43
576	4	8	40	5888	6300	44
577	0	12	10	5897	15319	36
578	4	8	40	5906	187	42
579	0	12	10	5915	5522	38
580	0	12	10	5924	5293	43
581	3	1	40	5933	1003	40
582	3	1	10	5942	1577	37
583	0	12	10	5951	237	43
584	0	12	40	5960	28579	44
585	4	8	30	5969	2978	40
586	4	8	10	5978	1982	43
587	3	1	20	5987	1863	38
588	4	8	10	6000	2451	40
589	3	1	10	6011	2434	38
590	0	12	20	6022	3411	39
591	4	8	10	6033	1785	42
592	4	8	40	6044	1258	43
593	4	8	20	6055	7293	35
594	4	8	40	6066	1846	36
595	3	1	40	6077	6858	43
596	4	8	30	6088	1535	36
597	0	12	30	6099	2194	43
598	4	14	10	6110	11823	38
599	0	12	10	6121	291	45
600	3	1	10	6132	598	41
601	3	1	20	6143	4466	37
602	3	1	30	6154	5245	40
603	0	12	40	6165	319	40
604	0	12	30	6176	8749	41
605	3	1	40	6187	4026	41
606	4	14	20	6198	1034	45
607	4	14	10	6209	692	37
608	3	1	40	6220	2698	45
609	3	1	40	6231	4840	43
610	3	1	20	6242	14490	39
611	4	14	30	6253	2826	38
612	4	14	10	6264	1389	39
613	4	14	10	6275	1959	40
614	3	1	20	6286	5266	43
615	4	8	30	6297	1864	35
616	4	8	40	6308	8725	38
617	3	1	30	6319	1409	42
618	4	14	40	6330	4324	35
619	4	8	20	6341	1444	35
620	0	12	10	6352	4556	40
621	4	8	30	6363	2949	36
622	0	12	20	6374	4904	42
623	0	12	30	6400	7519	43
624	3	1	10	6409	5655	36
625	0	12	10	6418	705	41
626	3	1	30	6427	5067	43
627	4	14	40	6436	1535	42
628	4	8	40	6445	4408	39
629	0	12	30	6454	5365	41
630	4	8	10	6463	938	41
631	4	8	10	6472	1852	36
632	0	12	40	6481	123	44
633	4	8	40	6490	14849	43
634	3	1	40	6499	3762	43
635	4	8	30	6508	252	41
636	0	12	20	6517	2703	35
637	4	8	10	6526	1146	42
638	0	12	20	6535	745	36
639	3	1	40	6544	1814	38
640	3	1	10	6553	1410	41
641	3	1	10	6562	1054	40
642	4	14	30	6571	8540	39
643	3	1	10	6580	5649	43
644	0	12	30	6589	2635	45
645	4	8	30	6598	277	35
646	3	1	40	6607	276	38
647	3	1	40	6616	8569	37
648	3	1	10	6625	450	37
649	0	12	10	6634	23606	35
650	4	8	10	6643	10803	39
651	4	14	40	6652	88	40
652	0	12	40	6661	5733	42
653	3	1	40	6670	4140	37
654	4	14	40	6679	1979	40
655	0	12	20	6688	3841	39
656	4	8	40	6697	13528	40
657	4	8	40	6706	8586	43
658	3	1	30	6715	1542	39
659	0	12	30	6724	5180	35
660	4	14	20	6733	9919	44
661	0	12	30	6742	9596	37
662	4	8	20	6751	2702	44
663	3	1	10	6760	5580	39
664	4	8	40	6769	2714	36
665	4	8	20	6800	3691	37
666	4	14	40	6809	2587	40
667	4	8	20	6818	1529	42
668	0	12	10	6827	6015	43
669	0	12	30	6836	4443	37
670	0	12	10	6845	8521	35
671	0	12	30	6854	4063	41
672	4	8	20	6863	543	40
673	4	8	40	6872	1404	43
674	3	1	10	6881	24	40
675	4	8	10	6890	2378	45
676	3	1	10	6899	4085	43
677	3	1	10	6908	11993	45
678	0	12	10	6917	1815	43
679	4	8	30	6926	4681	35
680	3	1	10	6935	398	37
681	0	12	30	6944	7223	40
682	0	12	30	6953	954	39
683	4	8	30	6962	4441	38
684	3	1	30	6971	6552	36
685	4	8	10	6980	829	36
686	0	12	20	6989	3758	40
687	4	8	40	6998	1947	41
688	3	1	40	7007	3520	37
689	4	8	30	7016	19460	39
690	4	14	30	7025	399	35
691	3	1	30	7034	3747	38
692	3	1	30	7043	10595	37
693	0	12	30	7052	2346	35
694	4	14	30	7061	2379	40
695	3	1	20	7070	1963	38
696	4	8	30	7079	5396	42
697	4	8	20	7088	555	45
698	0	12	20	7097	1224	41
699	4	14	10	7106	8481	42
700	3	1	40	7115	3573	41
701	0	12	20	7124	5528	42
702	4	8	40	7133	443	40
703	4	8	20	7142	2289	45
704	4	14	40	7151	493	45
705	4	8	20	7160	1397	43
706	4	8	20	7200	9008	45
707	4	14	40	7208	2504	44
708	4	14	30	7216	4074	43
709	3	1	30	7224	11396	41
710	3	1	10	7232	15156	41
711	4	14	40	7240	64	41
712	4	8	30	7248	2922	45
713	4	8	10	7256	3979	39
714	3	1	20	7264	3990	44
715	3	1	30	7272	335	38
716	4	14	40	7280	4776	43
717	4	14	30	7288	6872	40
718	0	12	30	7296	11716	38
719	4	14	30	7304	1457	35
720	0	12	40	7312	20088	43
721	4	8	40	7320	381	44
722	4	14	20	7328	5275	39
723	4	14	20	7336	6156	38
724	4	8	40	7344	3428	36
725	3	1	30	7352	1275	43
726	4	8	40	7360	4932	39
727	4	8	40	7368	4598	39
728	3	1	20	7376	7529	37
729	0	12	40	7384	3849	36
730	4	14	30	7392	4919	37
731	0	12	30	7400	2856	44
732	3	1	40	7408	4637	38
733	4	8	40	7416	2652	36
734	3	1	30	7424	416	40
735	4	8	30	7432	1698	40
736	4	14	40	7440	5249	35
737	4	14	20	7448	5991	40
738	3	1	30	7456	3234	39
739	4	8	10	7464	2859	38
740	0	12	30	7472	1383	36
741	4	8	30	7480	621	41
742	4	8	20	7488	5490	44
743	4	14	20	7496	4121	41
744	3	1	30	7504	60	44
745	0	12	40	7512	330	40
746	0	12	40	7520	376	39
747	4	8	30	7528	1421	44
748	3	1	10	7536	6698	37
749	0	12	40	7544	1834	37
750	4	14	30	7552	4696	40
751	3	1	10	7600	10097	36
752	0	12	40	7608	808	42
753	0	12	40	7616	12724	41
754	3	1	10	7624	8707	44
755	0	12	40	7632	2771	42
756	0	12	10	7640	66	38
757	3	1	20	7648	1539	36
758	0	12	30	7656	7869	44
759	0	12	10	7664	7406	37
760	4	14	20	7672	3530	39
761	4	14	30	7680	950	40
762	0	12	20	7688	3844	42
763	4	14	40	7696	84	42
764	3	1	10	7704	1068	38
765	4	8	20	7712	2517	43
766	4	8	40	7720	1599	37
767	0	12	40	7728	136	44
768	3	1	20	7736	3030	45
769	0	12	30	7744	1342	38
770	4	14	30	7752	1721	37
771	0	12	30	7760	10132	38
772	0	12	40	7768	1237	36
773	3	1	20	7776	2289	45
774	4	14	40	7784	51	44
775	4	14	20	7792	7576	37
776	0	12	30	7800	1688	35
777	0	12	10	7808	374	44
778	0	12	40	7816	5888	40
779	0	12	10	7824	2743	42
780	4	8	40	7832	809	39
781	0	12	20	7840	2107	40
782	4	14	30	7848	8180	37
783	4	8	30	7856	2615	35
784	4	8	10	7864	10476	41
785	0	12	20	7872	6200	36
786	0	12	40	7880	1585	36
787	4	8	40	7888	5206	43
788	3	1	30	7896	3646	37
789	3	1	40	7904	3656	43
790	4	8	30	7912	1599	37
791	0	12	30	7920	2120	45
792	3	1	30	7928	9919	42
793	3	1	20	7936	4972	36
794	3	1	40	7944	10326	44
795	4	8	10	7952	337	41
796	0	12	10	8000	2988	45
797	4	8	20	8009	5175	37
798	0	12	20	8018	2101	38
799	0	12	10	8027	3175	36
800	4	14	40	8036	5540	38
801	0	12	10	8045	231	41
802	3	1	20	8054	5840	45
803	4	8	20	8063	2998	44
804	4	8	10	8072	73	45
805	3	1	40	8081	5884	36
806	3	1	10	8090	4243	35
807	3	1	30	8099	5500	42
808	4	8	40	8108	11646	42
809	4	14	40	8117	151	42
810	0	12	10	8126	676	41
811	0	12	10	8135	10467	39
812	4	8	20	8144	3183	41
813	4	14	20	8153	1809	36
814	3	1	20	8162	4312	43
815	4	14	10	8171	777	45
816	4	14	40	8180	1667	38
817	4	14	40	8189	592	41
818	3	1	30	8198	393	35
819	4	8	30	8207	2366	37
820	4	8	30	8216	602	41
821	4	14	10	8225	3681	39
822	4	8	10	8234	2286	41
823	4	14	20	8243	10763	36
824	3	1	10	8252	12455	36
825	3	1	10	8261	11144	37
826	4	8	40	8270	17	42
827	3	1	20	8279	3234	45
828	0	12	20	8288	2865	36
829	4	8	40	8297	10750	38
830	3	1	20	8306	1562	38
831	3	1	10	8315	3855	44
832	4	14	30	8324	4566	40
833	4	14	30	8333	1007	39
834	4	8	10	8342	5491	38
835	4	8	40	8351	543	44
836	4	8	40	8360	4106	41
837	4	8	20	8369	1681	39
838	0	12	20	8400	2478	35
839	3	1	20	8417	682	39
840	3	1	20	8434	575	36
841	4	8	20	8451	3471	39
842	0	12	10	8468	6098	36
843	4	14	40	8485	3293	40
844	3	1	30	8502	2344	37
845	0	12	30	8519	2061	43
846	4	14	10	8536	7937	39
847	3	1	20	8553	3215	40
848	4	14	10	8570	212	39
849	4	14	30	8587	5507	45
850	4	8	10	8604	5386	38
851	4	8	20	8621	1968	38
852	4	14	40	8638	3999	36
853	3	1	40	8655	13093	35
854	3	1	30	8672	2097	40
855	4	14	40	8689	640	44
856	3	1	40	8706	3878	45
857	4	14	10	8723	7221	44
858	3	1	20	8740	3393	42
859	3	1	40	8757	332	43
860	4	8	10	8774	5809	40
861	0	12	30	8800	418	35
862	3	1	10	8809	1074	41
863	4	14	40	8818	55	39
864	0	12	20	8827	5003	38
865	4	8	10	8836	3080	42
866	0	12	20	8845	1131	45
867	4	8	30	8854	1579	36
868	3	1	20	8863	3840	43
869	4	8	30	8872	3044	45
870	4	8	10	8881	3062	39
871	4	8	30	8890	24399	45
872	3	1	20	8899	4506	41
873	0	12	20	8908	11049	41
874	4	14	10	8917	1499	36
875	0	12	20	8926	3280	36
876	4	14	40	8935	6845	38
877	3	1	20	8944	8296	35
878	4	8	30	8953	2682	44
879	3	1	20	8962	3220	38
880	4	14	10	8971	315	44
881	4	14	30	8980	2405	37
882	3	1	20	8989	2795	41
883	4	8	30	8998	5773	36
884	0	12	40	9007	852	45
885	4	8	10	9016	10914	35
886	4	14	10	9025	17202	43
887	0	12	40	9034	5071	39
888	0	12	10	9043	6740	44
889	4	8	10	9052	3651	40
890	4	14	40	9061	2822	45
891	3	1	40	9070	6563	42
892	4	14	40	9079	5902	42
893	3	1	20	9088	1925	38
894	4	8	20	9097	1982	45
895	3	1	30	9106	141	35
896	4	14	10	9115	1689	44
897	0	12	10	9124	5854	42
898	3	1	20	9133	7518	36
899	0	12	30	9142	9481	40
900	4	14	20	9151	680	44
901	4	8	20	9160	3074	37
902	0	12	40	9200	10948	42
903	4	8	30	9209	2926	39
904	4	8	30	9218	956	40
905	4	14	20	9227	5421	38
906	3	1	40	9236	4989	43
907	3	1	30	9245	4752	41
908	4	14	30	9254	4193	45
909	3	1	20	9263	7548	39
910	4	14	40	9272	1593	40
911	4	14	30	9281	5488	44
912	4	8	20	9290	1704	45
913	0	12	40	9299	76	38
914	4	14	40	9308	15	44
915	4	8	20	9317	1507	37
916	4	8	20	9326	3629	39
917	4	8	20	9335	2552	39
918	4	14	10	9344	6895	39
919	4	14	20	9353	6039	38
920	3	1	40	9362	3199	45
921	0	12	30	9371	3001	40
922	0	12	30	9380	2866	38
923	0	12	10	9389	75	38
924	3	1	30	9398	107	35
925	4	14	20	9407	5219	42
926	3	1	40	9416	1026	38
927	0	12	10	9425	1391	37
928	4	14	40	9434	3158	41
929	0	12	20	9443	1302	35
930	4	8	10	9452	968	38
931	4	14	40	9461	208	41
932	4	14	40	9470	109	45
933	0	12	10	9479	3489	39
934	3	1	10	9488	2020	40
935	4	8	30	9497	3101	42
936	4	14	30	9506	2908	41
937	4	8	40	9515	16510	36
938	0	12	10	9524	3205	41
939	0	12	20	9533	2390	42
940	4	14	20	9542	1003	37
941	0	12	30	9551	1376	36
942	0	12	20	9560	286	40
943	3	1	40	9569	13534	40
944	3	1	10	9578	1258	45
945	4	14	20	9587	5704	35
946	0	12	20	9600	2458	43
947	3	1	40	9614	5584	38
948	3	1	20	9628	1899	39
949	4	14	40	9642	319	43
950	4	8	20	9656	2306	42
951	3	1	30	9670	8244	39
952	4	8	40	9684	11748	38
953	4	14	10	9698	282	44
954	3	1	30	9712	1760	40
955	4	14	40	9726	3961	39
956	4	8	40	9740	100	45
957	4	14	30	9754	9938	38
958	4	14	40	9768	2711	39
959	4	8	10	9782	2645	44
960	0	12	30	9796	2900	35
961	4	8	30	9810	2171	40
962	4	14	30	9824	646	45
963	3	1	10	9838	1858	45
964	4	8	10	9852	4013	36
965	0	12	10	9866	1302	45
966	0	12	30	9880	5083	45
967	4	8	20	9894	5791	40
968	3	1	40	9908	3895	44
969	3	1	20	9922	2498	37
970	3	1	30	9936	6385	42
971	4	14	20	9950	3793	37
972	0	12	20	9964	10129	44
973	3	1	40	10000	1859	43
974	0	12	10	10010	3257	35
975	4	8	20	10020	1200	44
976	4	14	10	10030	2455	35
977	3	1	40	10040	3154	43
978	3	1	40	10050	5524	38
979	4	14	10	10060	1241	45
980	4	14	10	10070	1256	44
981	0	12	40	10080	2569	45
982	3	1	30	10090	9892	44
983	0	12	10	10100	2533	43
984	4	14	10	10110	7322	39
985	3	1	30	10120	1676	45
986	4	8	40	10130	438	37
987	0	12	30	10140	12751	35
988	4	8	20	10150	1025	44
989	3	1	20	10160	5843	36
990	0	12	40	10170	2891	43
991	4	14	40	10180	3665	37
992	4	8	40	10190	2705	42
993	3	1	10	10200	278	43
994	4	14	40	10210	10878	41
995	4	8	30	10220	6497	43
996	4	8	40	10230	612	36
997	3	1	10	10240	4782	40
998	0	12	30	10250	1618	39
999	4	8	10	10260	19332	35
1000	4	14	30	10270	164	36
1001	3	1	10	10280	4740	37
1002	4	14	10	10290	557	39
1003	0	12	10	10300	9793	37
1004	4	8	10	10310	1310	36
1005	4	8	10	10320	6986	39
1006	4	8	20	10330	12161	41
1007	3	1	10	10340	3425	41
1008	4	14	10	10350	2862	43
1009	0	12	20	10360	406	42
1010	4	14	30	10370	744	39
1011	3	1	40	10380	2610	36
1012	0	12	40	10400	735	35
1013	0	12	40	10410	1021	40
1014	3	1	10	10420	964	45
1015	0	12	30	10430	171	35
1016	4	14	10	10440	2799	41
1017	4	14	30	10450	4557	37
1018	4	14	10	10460	3036	41
1019	3	1	30	10470	1375	36
1020	4	14	20	10480	765	42
1021	4	14	10	10490	5720	44
1022	4	14	10	10500	3096	42
1023	0	12	20	10510	7706	43
1024	3	1	20	10520	11974	40
1025	3	1	30	10530	879	39
1026	3	1	30	10540	515	40
1027	3	1	20	10550	7673	35
1028	3	1	10	10560	2302	36
1029	3	1	20	10570	5612	38
1030	0	12	20	10580	499	42
1031	4	8	40	10590	5728	40
1032	4	8	20	10600	957	39
1033	4	8	40	10610	5652	38
1034	4	14	20	10620	1027	43
1035	0	12	10	10630	3425	42
1036	0	12	30	10640	1685	41
1037	3	1	30	10650	8	42
1038	4	14	40	10660	842	42
1039	4	8	10	10670	56	45
1040	4	8	20	10680	1978	38
1041	3	1	40	10690	3007	42
1042	0	12	30	10700	2373	38
1043	4	8	40	10710	554	36
1044	3	1	40	10720	3646	43
1045	4	8	40	10730	144	41
1046	4	14	10	10740	2263	37
1047	0	12	10	10750	1237	37
1048	0	12	40	10760	7669	43
1049	4	14	10	10800	8911	40
1050	4	8	30	10809	1424	36
1051	3	1	10	10818	2479	45
1052	3	1	10	10827	724	45
1053	3	1	40	10836	170	37
1054	4	8	30	10845	6813	39
1055	4	14	30	10854	1311	38
1056	4	14	40	10863	675	41
1057	4	14	40	10872	1290	42
1058	4	8	30	10881	13261	42
1059	3	1	30	10890	342	42
1060	4	14	20	10899	4878	44
1061	4	14	40	10908	417	40
1062	0	12	10	10917	592	39
1063	0	12	30	10926	5658	40
1064	0	12	40	10935	15504	35
1065	3	1	30	10944	2101	44
1066	0	12	30	10953	1239	43
1067	4	14	40	10962	2119	42
1068	0	12	20	10971	27129	43
1069	4	8	10	10980	4076	38
1070	4	14	10	10989	4789	40
1071	4	8	20	10998	2782	45
1072	0	12	40	11007	2694	40
1073	3	1	10	11016	2917	41
1074	0	12	20	11025	9238	44
1075	0	12	30	11034	4148	45
1076	3	1	20	11043	1502	41
1077	3	1	10	11052	2106	40
1078	4	8	30	11061	1184	45
1079	0	12	20	11070	9837	44
1080	4	14	30	11079	5796	37
1081	4	8	30	11088	7721	38
1082	4	8	20	11097	0	37
1083	4	14	40	11106	3153	42
1084	4	8	40	11115	2424	36
1085	4	8	10	11124	4260	42
1086	4	14	40	11133	3621	41
1087	4	14	20	11142	750	36
1088	4	14	20	11151	11167	45
1089	0	12	30	11160	11746	39
1090	4	8	10	11169	2177	36
1091	4	8	40	11178	282	44
1092	0	12	40	11187	156	45
1093	0	12	20	11200	455	35
1094	3	1	30	11211	1480	36
1095	3	1	20	11222	1376	44
1096	3	1	30	11233	1983	37
1097	0	12	10	11244	4693	43
1098	0	12	40	11255	650	36
1099	0	12	10	11266	840	44
1100	0	12	20	11277	5860	44
1101	4	14	20	11288	83	40
1102	0	12	30	11299	1243	39
1103	4	14	40	11310	962	40
1104	4	14	10	11321	863	45
1105	0	12	10	11332	6407	37
1106	3	1	20	11343	14291	40
1107	4	14	10	11354	4173	38
1108	4	8	30	11365	608	39
1109	4	8	10	11376	756	39
1110	0	12	20	11387	13588	43
1111	0	12	40	11398	5482	35
1112	4	8	10	11409	78	42
1113	0	12	10	11420	201	44
1114	4	14	10	11431	1524	39
1115	4	8	40	11442	7581	40
1116	4	8	30	11453	416	37
1117	0	12	10	11464	3588	43
1118	4	14	30	11475	1440	39
1119	3	1	40	11486	1565	38
1120	4	14	40	11497	6707	38
1121	4	8	20	11508	401	41
1122	0	12	30	11519	2559	43
1123	0	12	30	11530	213	38
1124	4	14	40	11541	989	36
1125	3	1	10	11552	3976	42
1126	0	12	30	11563	2485	35
1127	4	14	30	11600	1927	40
1128	4	14	20	11609	934	40
1129	3	1	10	11618	3760	45
1130	4	8	40	11627	1175	43
1131	3	1	10	11636	3896	43
1132	4	8	10	11645	1200	39
1133	4	8	20	11654	276	36
1134	0	12	10	11663	629	35
1135	0	12	10	11672	5457	42
1136	4	8	40	11681	3543	45
1137	3	1	20	11690	6171	42
1138	0	12	40	11699	1730	42
1139	0	12	40	11708	4269	44
1140	4	14	40	11717	4600	37
1141	4	14	30	11726	11816	37
1142	3	1	30	11735	121	43
1143	4	8	10	11744	5814	40
1144	4	14	20	11753	15734	42
1145	0	12	10	11762	4480	36
1146	4	14	30	11771	199	36
1147	4	14	40	11780	18138	36
1148	4	8	20	11789	6257	41
1149	4	8	30	11798	2462	41
1150	4	8	30	11807	854	41
1151	3	1	30	11816	6411	40
1152	4	8	20	11825	1965	39
1153	4	8	10	11834	6999	43
1154	4	8	20	11843	1889	40
1155	4	14	10	11852	4477	37
1156	4	14	30	11861	3177	43
1157	4	14	40	11870	970	36
1158	4	14	40	11879	20953	39
1159	4	8	40	11888	3322	37
1160	4	14	20	11897	1636	37
1161	3	1	40	11906	3561	45
1162	0	12	40	11915	2314	43
1163	4	14	30	11924	3033	39
1164	4	14	10	11933	9992	42
1165	3	1	10	11942	1686	45
1166	3	1	30	11951	2668	41
1167	0	12	40	11960	12200	41
1168	0	12	10	11969	9356	43
1169	4	14	40	12000	3398	43
1170	4	14	40	12008	1215	41
1171	4	14	20	12016	1499	41
1172	0	12	20	12024	1103	35
1173	3	1	40	12032	4157	40
1174	4	14	10	12040	4092	35
1175	4	14	20	12048	8014	35
1176	4	14	30	12056	270	44
1177	3	1	20	12064	4901	37
1178	0	12	20	12072	296	41
1179	3	1	40	12080	3153	35
1180	3	1	20	12088	3482	41
1181	4	8	40	12096	2565	44
1182	3	1	20	12104	3582	45
1183	3	1	30	12112	5525	45
1184	4	8	20	12120	2158	39
1185	4	14	20	12128	2435	37
1186	4	8	40	12136	1067	38
1187	4	14	10	12144	2269	41
1188	0	12	40	12152	4690	42
1189	4	8	40	12160	2555	44
1190	0	12	30	12168	874	45
1191	4	8	10	12176	1862	44
1192	3	1	20	12184	6271	38
1193	3	1	40	12192	6183	40
1194	4	8	20	12200	1544	42
1195	0	12	40	12208	394	38
1196	4	14	40	12216	2841	40
1197	3	1	10	12224	2759	38
1198	4	8	10	12232	7549	44
1199	0	12	10	12240	4046	42
1200	3	1	20	12248	828	40
1201	4	14	40	12256	403	41
1202	4	14	30	12264	358	38
1203	3	1	30	12272	985	44
1204	4	8	40	12280	880	45
1205	4	8	20	12288	8473	35
1206	4	8	10	12296	3261	40
1207	3	1	30	12304	5417	44
1208	3	1	10	12312	821	43
1209	4	8	10	12320	2863	39
1210	4	14	30	12328	3747	38
1211	0	12	10	12336	7374	40
1212	4	14	30	12344	621	40
1213	0	12	10	12352	2385	38
1214	4	14	30	12360	16274	42
1215	3	1	30	12368	7928	38
1216	0	12	30	12400	24680	35
1217	4	8	10	12408	4691	43
1218	3	1	20	12416	486	35
1219	0	12	40	12424	2478	40
1220	4	8	20	12432	465	41
1221	3	1	30	12440	221	35
1222	0	12	40	12448	1216	45
1223	3	1	10	12456	2259	45
1224	3	1	10	12464	1886	43
1225	4	8	40	12472	8822	43
1226	0	12	40	12480	2945	37
1227	4	8	20	12488	2421	41
1228	0	12	20	12496	1577	44
1229	3	1	10	12504	3164	43
1230	0	12	20	12512	1764	41
1231	0	12	30	12520	3348	41
1232	0	12	20	12528	7803	38
1233	4	14	10	12536	2284	44
1234	0	12	20	12544	1775	41
1235	3	1	30	12552	2657	45
1236	4	8	10	12560	1962	40
1237	4	14	30	12568	1868	36
1238	4	8	40	12576	3204	45
1239	4	14	10	12584	3082	38
1240	3	1	10	12592	9147	42
1241	3	1	10	12600	2711	39
1242	4	8	40	12608	1136	44
1243	3	1	40	12616	789	37
1244	4	8	20	12624	7978	41
1245	0	12	20	12632	1751	39
1246	3	1	30	12640	1037	38
1247	3	1	10	12648	1675	35
1248	4	14	20	12656	6518	43
1249	4	14	30	12664	2451	38
1250	4	14	10	12672	403	38
1251	4	8	40	12680	6814	42
1252	0	12	40	12688	1937	37
1253	4	8	10	12696	1955	39
1254	4	14	40	12704	2989	36
1255	4	14	40	12712	571	40
1256	4	14	40	12720	7176	42
1257	0	12	30	12728	4246	39
1258	0	12	20	12736	7387	35
1259	4	14	10	12744	1471	37
1260	0	12	20	12752	1776	44
1261	4	14	40	12760	436	45
1262	3	1	20	12800	2150	35
1263	4	14	40	12812	4075	45
1264	0	12	30	12824	671	44
1265	3	1	10	12836	167	42
1266	0	12	40	12848	16519	36
1267	4	14	20	12860	4933	41
1268	4	14	40	12872	380	43
1269	0	12	10	12884	2752	42
1270	0	12	30	12896	2573	43
1271	0	12	40	12908	3919	45
1272	0	12	10	12920	600	43
1273	3	1	10	12932	3443	42
1274	4	8	30	12944	3314	43
1275	4	14	20	12956	3845	36
1276	4	8	40	12968	6567	36
1277	4	8	40	12980	346	42
1278	0	12	40	12992	3353	38
1279	3	1	40	13004	86	38
1280	4	14	20	13016	4331	39
1281	3	1	40	13028	787	36
1282	3	1	10	13040	4201	43
1283	0	12	30	13052	8094	40
1284	3	1	40	13064	2396	40
1285	3	1	30	13076	3094	44
1286	0	12	40	13088	809	38
1287	3	1	10	13100	2547	45
1288	0	12	20	13112	9575	43
1289	4	8	20	13124	1020	35
1290	4	14	30	13136	4218	38
1291	0	12	20	13148	5291	35
1292	4	14	20	13160	3028	35
1293	4	8	40	13200	1115	43
1294	3	1	30	13216	787	40
1295	3	1	20	13232	6339	43
1296	0	12	40	13248	317	39
1297	4	8	40	13264	3749	44
1298	3	1	10	13280	99	38
1299	3	1	20	13296	6922	44
1300	4	14	30	13312	1852	38
1301	3	1	20	13328	2933	43
1302	3	1	10	13344	1158	38
1303	4	14	20	13360	1464	35
1304	4	14	40	13376	16471	40
1305	3	1	20	13392	2549	39
1306	4	8	30	13408	4540	44
1307	4	8	30	13424	6573	40
1308	0	12	20	13440	6934	42
1309	0	12	20	13456	9579	45
1310	4	8	10	13472	1583	38
1311	3	1	10	13488	5555	45
1312	0	12	30	13504	362	35
1313	3	1	30	13520	6876	43
1314	0	12	30	13536	4158	43
1315	3	1	30	13552	793	42
1316	4	8	30	13568	2414	36
1317	4	8	30	13584	3177	40
1318	0	12	10	13600	834	40
1319	4	8	10	13609	3828	45
1320	3	1	20	13618	7806	38
1321	4	8	30	13627	2876	37
1322	4	14	40	13636	6437	43
1323	3	1	30	13645	8027	42
1324	0	12	20	13654	7478	39
1325	4	14	10	13663	5400	42
1326	4	8	20	13672	393	44
1327	3	1	20	13681	9053	45
1328	0	12	30	13690	2033	37
1329	4	14	20	13699	5850	45
1330	4	14	20	13708	3116	43
1331	4	14	40	13717	882	38
1332	3	1	40	13726	241	39
1333	4	8	30	13735	5462	40
1334	3	1	20	13744	4208	35
1335	0	12	10	13753	611	42
1336	4	14	30	13762	10486	44
1337	3	1	40	13771	1684	43
1338	4	8	40	13780	8620	45
1339	4	14	30	13789	15530	36
1340	4	8	10	13798	7865	35
1341	3	1	10	13807	1889	44
1342	3	1	30	13816	4173	38
1343	0	12	40	13825	37409	44
1344	4	14	20	13834	9145	43
1345	4	8	30	13843	9251	39
1346	0	12	30	13852	4166	45
1347	4	8	40	13861	4954	38
1348	0	12	10	13870	3635	35
1349	0	12	40	13879	26869	44
1350	4	8	40	13888	1673	41
1351	3	1	20	13897	3005	44
1352	0	12	40	13906	2179	38
1353	4	8	10	13915	2100	38
1354	0	12	10	13924	13394	41
1355	3	1	40	13933	7804	35
1356	4	14	20	13942	5088	35
1357	0	12	30	13951	1950	42
1358	4	14	40	13960	2469	42
1359	4	14	30	13969	1113	43
1360	4	8	40	13978	1896	40
1361	3	1	10	13987	6104	44
1362	4	8	40	14000	2097	38
1363	0	12	10	14008	226	42
1364	4	8	10	14016	1832	36
1365	4	8	10	14024	551	35
1366	4	14	10	14032	4712	40
1367	3	1	10	14040	1672	41
1368	4	14	20	14048	745	43
1369	0	12	30	14056	2810	36
1370	3	1	10	14064	1164	44
1371	3	1	30	14072	463	39
1372	4	14	30	14080	4362	41
1373	4	8	20	14088	937	39
1374	0	12	40	14096	5642	45
1375	4	14	10	14104	2627	40
1376	4	14	10	14112	8012	45
1377	4	14	40	14120	6438	44
1378	3	1	10	14128	13672	44
1379	3	1	40	14136	11585	45
1380	4	14	20	14144	393	42
1381	0	12	30	14152	1934	41
1382	4	8	20	14160	1421	45
1383	4	14	40	14168	2041	39
1384	4	8	30	14176	2223	39
1385	0	12	10	14184	52	45
1386	4	14	40	14192	6018	45
1387	4	8	30	14200	4199	35
1388	4	8	30	14208	6054	45
1389	0	12	20	14216	6298	45
1390	0	12	30	14224	2192	41
1391	4	14	10	14232	3118	37
1392	4	14	10	14240	8581	36
1393	3	1	10	14248	4099	37
1394	3	1	30	14256	3682	41
1395	3	1	40	14264	322	36
1396	4	8	20	14272	13816	40
1397	4	8	30	14280	3593	41
1398	4	14	40	14288	4002	43
1399	4	8	10	14296	5870	42
1400	3	1	20	14304	937	44
1401	4	8	30	14312	1457	39
1402	4	8	30	14320	3107	41
1403	0	12	20	14328	387	45
1404	3	1	40	14336	5485	45
1405	4	14	10	14344	1057	37
1406	4	14	30	14352	7987	38
1407	4	14	20	14360	949	45
1408	0	12	20	14368	4228	39
1409	0	12	40	14400	2641	35
1410	3	1	40	14414	19733	36
1411	0	12	30	14428	10087	36
1412	4	8	20	14442	2169	43
1413	0	12	40	14456	2902	42
1414	4	14	10	14470	646	35
1415	4	8	10	14484	20553	45
1416	0	12	40	14498	2643	45
1417	3	1	10	14512	33	45
1418	4	14	20	14526	3961	38
1419	0	12	40	14540	1751	37
1420	3	1	20	14554	1729	36
1421	4	8	30	14568	172	40
1422	4	8	30	14582	3301	42
1423	4	14	40	14596	1893	43
1424	4	14	10	14610	345	40
1425	3	1	40	14624	4967	42
1426	3	1	30	14638	1027	37
1427	0	12	30	14652	92	38
1428	3	1	40	14666	3736	43
1429	4	8	40	14680	4540	44
1430	3	1	30	14694	2878	35
1431	4	8	20	14708	1271	38
1432	0	12	40	14722	734	36
1433	4	8	40	14736	881	37
1434	0	12	30	14750	5325	36
1435	4	8	40	14764	6210	38
1436	3	1	10	14800	7413	35
1437	4	8	40	14810	926	45
1438	4	8	40	14820	4239	39
1439	3	1	30	14830	863	36
1440	0	12	20	14840	644	41
1441	4	14	30	14850	3344	45
1442	0	12	20	14860	23926	42
1443	0	12	30	14870	1406	44
1444	4	8	30	14880	6440	43
1445	0	12	40	14890	2790	40
1446	4	8	30	14900	523	39
1447	4	14	10	14910	1829	40
1448	4	14	40	14920	2707	36
1449	0	12	30	14930	3742	42
1450	4	8	10	14940	3603	36
1451	4	14	20	14950	12882	41
1452	3	1	10	14960	13321	38
1453	3	1	40	14970	1301	40
1454	3	1	40	14980	2168	40
1455	0	12	30	14990	729	38
1456	0	12	40	15000	5441	42
1457	4	8	40	15010	712	43
1458	4	8	10	15020	37	39
1459	4	14	40	15030	142	38
1460	0	12	30	15040	23	35
1461	4	14	40	15050	7364	45
1462	0	12	30	15060	3707	36
1463	4	14	20	15070	14590	40
1464	4	8	20	15080	14062	35
1465	4	8	20	15090	5098	44
1466	0	12	30	15100	5576	45
1467	0	12	30	15110	998	40
1468	4	14	20	15120	6057	40
1469	4	8	20	15130	1791	42
1470	3	1	10	15140	653	44
1471	4	14	40	15150	1296	45
1472	0	12	10	15160	1752	41
1473	0	12	40	15170	2279	37
1474	0	12	30	15200	921	41
1475	3	1	30	15208	6136	37
1476	4	8	20	15216	182	44
1477	0	12	10	15224	1233	44
1478	3	1	10	15232	3441	35
1479	3	1	10	15240	3475	45
1480	0	12	20	15248	3551	37
1481	4	14	20	15256	7849	43
1482	4	8	40	15264	3028	37
1483	4	8	20	15272	29929	36
1484	0	12	40	15280	354	42
1485	4	14	20	15288	3221	40
1486	4	14	10	15296	1473	35
1487	4	8	40	15304	8828	41
1488	3	1	40	15312	6041	43
1489	0	12	40	15320	3367	43
1490	0	12	10	15328	183	42
1491	0	12	20	15336	4560	38
1492	4	14	40	15344	879	41
1493	3	1	40	15352	3854	35
1494	3	1	10	15360	834	35
1495	4	8	20	15368	1469	42
1496	4	14	40	15376	13125	43
1497	4	8	10	15384	95	36
1498	3	1	10	15392	1579	44
1499	0	12	20	15400	332	45
1500	0	12	20	15408	5549	40
1501	4	8	40	15416	9280	45
1502	4	14	40	15424	3537	45
1503	4	8	30	15432	561	39
1504	3	1	20	15440	2441	43
1505	3	1	10	15448	1524	37
1506	3	1	10	15456	3718	45
1507	4	8	20	15464	3018	36
1508	4	8	20	15472	298	45
1509	0	12	10	15480	4022	38
1510	4	14	20	15488	520	40
1511	0	12	30	15496	2601	44
1512	4	14	30	15504	3529	43
1513	4	14	10	15512	2240	40
1514	3	1	30	15520	2366	36
1515	4	8	10	15528	633	37
1516	3	1	10	15536	1486	43
1517	4	14	20	15544	3712	35
1518	4	14	30	15552	8799	44
1519	3	1	40	15560	2159	41
1520	3	1	10	15568	2126	44
1521	3	1	30	15576	7921	39
1522	4	8	30	15600	2332	43
1523	4	14	20	15612	947	43
1524	4	8	10	15624	1519	35
1525	4	8	40	15636	2544	41
1526	4	14	10	15648	331	39
1527	3	1	20	15660	5332	40
1528	3	1	40	15672	1129	36
1529	4	14	10	15684	9147	45
1530	4	14	40	15696	6902	39
1531	0	12	10	15708	85	42
1532	4	8	10	15720	11193	45
1533	3	1	40	15732	2750	36
1534	4	8	40	15744	7095	40
1535	4	14	20	15756	4642	38
1536	4	14	30	15768	1272	43
1537	4	14	10	15780	2044	44
1538	4	14	40	15792	3128	38
1539	3	1	30	15804	5840	39
1540	0	12	20	15816	11805	40
1541	4	8	40	15828	6025	44
1542	0	12	30	15840	6816	42
1543	4	8	30	15852	626	39
1544	4	8	20	15864	2369	37
1545	4	14	30	15876	3345	43
1546	4	8	30	15888	394	40
1547	0	12	30	15900	5852	35
1548	0	12	20	15912	754	44
1549	0	12	40	15924	171	43
1550	4	14	20	15936	23330	44
1551	4	14	30	15948	1770	43
1552	4	8	20	15960	577	37
1553	0	12	10	15972	9588	37
1554	4	8	10	16000	4402	35
1555	3	1	30	16008	8766	36
1556	0	12	20	16016	2464	36
1557	0	12	20	16024	1886	36
1558	4	14	20	16032	6744	38
1559	0	12	30	16040	17124	36
1560	3	1	10	16048	1084	44
1561	0	12	30	16056	8129	39
1562	4	14	20	16064	1334	45
1563	3	1	20	16072	762	45
1564	0	12	20	16080	6690	44
1565	4	14	10	16088	425	43
1566	4	14	30	16096	3097	44
1567	0	12	40	16104	372	42
1568	4	8	10	16112	3650	35
1569	4	14	10	16120	5707	44
1570	3	1	30	16128	8282	40
1571	3	1	40	16136	9640	45
1572	4	14	20	16144	256	42
1573	4	8	10	16152	517	39
1574	4	8	30	16160	2535	36
1575	0	12	10	16168	4021	45
1576	3	1	10	16176	179	43
1577	4	14	40	16184	1408	38
1578	3	1	40	16192	5774	40
1579	4	8	30	16200	5534	38
1580	0	12	20	16208	1890	35
1581	4	14	20	16216	1490	38
1582	4	8	10	16224	3325	42
1583	4	8	40	16232	913	38
1584	0	12	40	16240	9264	35
1585	4	14	10	16248	2496	42
1586	3	1	40	16256	8713	40
1587	0	12	40	16264	122	43
1588	0	12	30	16272	7087	35
1589	4	14	10	16280	11393	39
1590	4	14	10	16288	1028	36
1591	3	1	10	16296	9068	41
1592	4	14	40	16304	3521	40
1593	4	14	20	16312	3251	36
1594	4	14	20	16320	3023	41
1595	0	12	30	16328	328	35
1596	3	1	20	16336	2729	44
1597	4	8	20	16344	4137	42
1598	4	8	20	16352	1618	41
1599	3	1	20	16400	1698	39
1600	0	12	40	16410	112	44
1601	0	12	40	16420	20	44
1602	4	14	30	16430	745	35
1603	4	8	10	16440	2123	45
1604	3	1	20	16450	735	38
1605	4	8	20	16460	363	45
1606	0	12	10	16470	1401	35
1607	0	12	20	16480	52	44
1608	4	14	20	16490	2315	36
1609	4	8	40	16500	135	36
1610	0	12	30	16510	7440	38
1611	0	12	20	16520	712	43
1612	3	1	30	16530	3788	42
1613	3	1	40	16540	270	35
1614	0	12	10	16550	3761	36
1615	4	14	30	16560	10437	40
1616	3	1	30	16570	1452	43
1617	4	8	30	16580	331	42
1618	3	1	30	16590	1270	45
1619	4	8	20	16600	1710	37
1620	0	12	20	16610	964	38
1621	3	1	40	16620	2844	36
1622	0	12	10	16630	1198	42
1623	3	1	10	16640	4273	42
1624	4	14	10	16650	3047	43
1625	4	14	20	16660	15178	44
1626	3	1	10	16670	1571	39
1627	0	12	10	16680	2818	41
1628	4	8	30	16690	3576	43
1629	4	8	10	16700	1981	35
1630	4	8	30	16710	600	35
1631	0	12	40	16720	2039	36
1632	3	1	30	16730	13300	43
1633	0	12	30	16740	2164	35
1634	0	12	30	16750	5114	39
1635	4	14	20	16760	1857	36
1636	0	12	40	16770	608	38
1637	0	12	40	16800	662	42
1638	3	1	20	16810	147	45
1639	4	14	20	16820	6738	35
1640	4	14	10	16830	739	42
1641	4	8	20	16840	8280	41
1642	4	8	20	16850	3571	41
1643	3	1	40	16860	6372	44
1644	3	1	30	16870	411	35
1645	3	1	30	16880	262	38
1646	0	12	30	16890	1337	45
1647	4	8	40	16900	2935	40
1648	3	1	10	16910	11741	35
1649	0	12	30	16920	3704	36
1650	4	8	40	16930	5954	37
1651	4	8	40	16940	2144	37
1652	4	14	30	16950	1863	43
1653	4	14	10	16960	16736	39
1654	4	8	40	16970	565	36
1655	4	8	10	16980	2926	43
1656	4	14	30	16990	5485	37
1657	0	12	30	17000	2882	39
1658	4	8	10	17010	8439	37
1659	4	14	10	17020	845	40
1660	3	1	20	17030	5742	41
1661	0	12	10	17040	6240	39
1662	4	14	40	17050	2192	35
1663	4	8	20	17060	200	35
1664	0	12	10	17070	8968	36
1665	4	14	40	17080	2354	37
1666	4	8	40	17090	888	45
1667	4	8	40	17100	864	41
1668	4	8	10	17110	1685	42
1669	0	12	40	17120	1087	45
1670	4	14	40	17130	6155	37
1671	4	8	40	17140	658	36
1672	3	1	10	17150	177	43
1673	4	14	10	17160	2447	44
1674	3	1	10	17200	790	40
1675	4	14	40	17208	1664	42
1676	0	12	20	17216	10023	40
1677	4	8	20	17224	2481	43
1678	4	14	20	17232	3272	41
1679	4	8	20	17240	2536	39
1680	3	1	40	17248	4727	44
1681	0	12	10	17256	6536	45
1682	4	8	40	17264	3272	40
1683	0	12	40	17272	17406	42
1684	4	14	10	17280	3833	43
1685	0	12	40	17288	5156	44
1686	0	12	10	17296	109	38
1687	3	1	30	17304	15503	39
1688	4	14	30	17312	1347	45
1689	4	14	30	17320	906	41
1690	4	14	40	17328	3925	45
1691	4	14	20	17336	3949	44
1692	4	14	30	17344	1280	39
1693	4	14	20	17352	7473	39
1694	0	12	10	17360	215	40
1695	3	1	10	17368	1904	37
1696	3	1	30	17376	2405	41
1697	4	14	40	17384	3121	40
1698	3	1	30	17392	9329	43
1699	3	1	30	17400	4231	44
1700	4	8	40	17408	7993	38
1701	4	14	30	17416	377	39
1702	4	14	40	17424	774	43
1703	3	1	20	17432	4934	36
1704	4	8	40	17440	6826	45
1705	4	14	40	17448	3895	36
1706	3	1	30	17456	1858	40
1707	0	12	30	17464	9844	44
1708	4	8	40	17472	6548	44
1709	4	8	40	17480	6270	39
1710	0	12	40	17488	3669	37
1711	3	1	20	17496	1336	40
1712	4	8	10	17504	12392	43
1713	0	12	40	17512	2104	44
1714	4	8	20	17520	2750	42
1715	4	8	10	17528	12600	41
1716	3	1	10	17536	1051	45
1717	3	1	40	17544	2282	39
1718	3	1	10	17552	2265	37
1719	4	14	20	17560	741	38
1720	4	14	30	17568	2164	44
1721	3	1	10	17576	993	41
1722	3	1	20	17584	9553	42
1723	3	1	30	17592	608	35
1724	0	12	40	17600	3795	35
1725	4	14	30	17611	687	38
1726	3	1	20	17622	8415	42
1727	4	14	40	17633	881	38
1728	3	1	10	17644	2078	39
1729	4	14	10	17655	6447	37
1730	4	8	20	17666	8772	36
1731	4	8	20	17677	1890	35
1732	4	14	40	17688	3277	35
1733	0	12	30	17699	9454	43
1734	4	14	20	17710	3716	35
1735	4	14	10	17721	3698	40
1736	0	12	20	17732	3964	36
1737	3	1	30	17743	7588	38
1738	4	14	40	17754	738	42
1739	4	14	10	17765	20482	41
1740	4	8	10	17776	1741	39
1741	0	12	30	17787	476	39
1742	4	8	40	17798	763	41
1743	4	8	30	17809	2729	41
1744	3	1	40	17820	3688	39
1745	4	8	20	17831	1669	39
1746	4	8	20	17842	4465	35
1747	4	14	30	17853	8000	40
1748	4	8	10	17864	1713	43
1749	3	1	40	17875	400	44
1750	0	12	40	17886	639	38
1751	4	14	30	17897	69	37
1752	4	8	40	17908	463	37
1753	3	1	10	17919	5292	39
1754	4	14	10	17930	1070	45
1755	3	1	30	17941	4137	43
1756	0	12	20	17952	802	43
1757	4	8	20	17963	142	43
1758	4	8	20	17974	403	36
1759	4	8	20	18000	4321	41
1760	4	8	30	18010	5456	40
1761	4	14	40	18020	763	36
1762	4	8	20	18030	2848	40
1763	3	1	30	18040	20	41
1764	4	14	30	18050	9334	38
1765	4	14	20	18060	1013	37
1766	3	1	20	18070	5160	39
1767	4	8	20	18080	200	35
1768	0	12	20	18090	6519	44
1769	3	1	10	18100	8974	36
1770	0	12	30	18110	1591	40
1771	4	14	30	18120	1919	41
1772	3	1	40	18130	1238	42
1773	3	1	40	18140	2307	41
1774	3	1	10	18150	6777	45
1775	3	1	10	18160	1458	39
1776	4	8	20	18170	188	35
1777	0	12	30	18180	2135	36
1778	0	12	30	18190	3096	41
1779	4	14	30	18200	1267	41
1780	3	1	20	18210	2657	37
1781	4	14	30	18220	53	36
1782	4	8	30	18230	7571	41
1783	0	12	10	18240	1484	40
1784	4	14	20	18250	4230	45
1785	4	8	30	18260	8200	44
1786	4	14	30	18270	1243	43
1787	0	12	30	18280	6985	41
1788	0	12	30	18290	4447	44
1789	4	8	40	18300	12932	37
1790	3	1	30	18310	2189	43
1791	4	14	10	18320	3604	39
1792	4	8	10	18330	5610	37
1793	4	8	30	18340	2837	36
1794	3	1	30	18350	1148	36
1795	4	8	20	18360	789	37
1796	3	1	10	18370	3695	45
1797	4	14	20	18380	739	45
1798	4	8	10	18400	3581	37
1799	3	1	20	18412	1902	37
1800	3	1	40	18424	3833	45
1801	0	12	40	18436	3908	35
1802	4	14	10	18448	250	42
1803	4	14	40	18460	2424	41
1804	4	8	20	18472	5826	39
1805	0	12	20	18484	5820	43
1806	0	12	30	18496	5560	41
1807	3	1	40	18508	4447	41
1808	0	12	40	18520	9974	40
1809	4	8	40	18532	10602	40
1810	4	8	20	18544	3650	43
1811	4	14	40	18556	5845	42
1812	4	8	30	18568	2741	36
1813	3	1	40	18580	6955	41
1814	4	14	10	18592	770	39
1815	3	1	10	18604	5253	38
1816	3	1	10	18616	1568	41
1817	4	8	10	18628	889	35
1818	3	1	10	18640	1737	42
1819	3	1	40	18652	129	39
1820	0	12	40	18664	12545	40
1821	3	1	40	18676	9176	44
1822	0	12	30	18688	1898	37
1823	3	1	30	18700	7418	42
1824	4	14	30	18712	2557	39
1825	4	8	30	18724	5302	35
1826	3	1	20	18736	3945	38
1827	4	8	20	18748	5678	41
1828	0	12	20	18760	836	40
1829	0	12	40	18800	4054	42
1830	4	14	40	18816	4849	40
1831	3	1	10	18832	8391	35
1832	4	14	20	18848	6906	44
1833	4	8	20	18864	699	39
1834	0	12	30	18880	4259	41
1835	3	1	20	18896	7915	37
1836	4	14	20	18912	12202	40
1837	4	8	40	18928	2009	45
1838	3	1	40	18944	3132	36
1839	4	14	10	18960	8689	36
1840	4	8	40	18976	512	38
1841	4	8	30	18992	3627	36
1842	4	14	40	19008	9552	35
1843	4	14	40	19024	5413	38
1844	0	12	20	19040	1798	39
1845	3	1	30	19056	4238	36
1846	4	8	30	19072	411	37
1847	4	14	10	19088	10624	42
1848	3	1	30	19104	1618	42
1849	0	12	30	19120	2923	43
1850	4	14	20	19136	7716	42
1851	4	8	10	19152	2067	45
1852	0	12	10	19168	6782	37
1853	4	14	20	19184	3281	43
1854	3	1	30	19200	2192	43
1855	0	12	10	19214	5053	36
1856	4	14	20	19228	1127	44
1857	0	12	30	19242	979	35
1858	0	12	10	19256	16089	37
1859	4	14	40	19270	132	38
1860	4	8	40	19284	601	39
1861	4	14	20	19298	19702	35
1862	3	1	30	19312	2634	36
1863	4	14	10	19326	1315	44
1864	4	8	10	19340	1029	35
1865	3	1	20	19354	5109	42
1866	0	12	30	19368	11673	43
1867	4	14	10	19382	1635	43
1868	4	8	20	19396	740	45
1869	4	8	30	19410	1504	37
1870	3	1	30	19424	6027	44
1871	4	8	10	19438	10610	41
1872	3	1	20	19452	4271	45
1873	4	14	10	19466	2510	40
1874	0	12	40	19480	9695	36
1875	3	1	10	19494	1787	38
1876	3	1	40	19508	18816	43
1877	4	8	40	19522	4045	44
1878	3	1	20	19536	2626	37
1879	0	12	40	19550	6835	38
1880	4	14	40	19564	4048	44
1881	4	14	20	19600	4779	42
1882	3	1	40	19608	2216	44
1883	0	12	40	19616	4436	42
1884	4	8	20	19624	6100	35
1885	3	1	40	19632	1419	41
1886	4	8	40	19640	250	44
1887	4	14	10	19648	1217	35
1888	3	1	30	19656	5364	42
1889	0	12	20	19664	11115	39
1890	3	1	40	19672	3829	38
1891	4	14	40	19680	5319	40
1892	4	8	30	19688	2129	43
1893	3	1	10	19696	2857	43
1894	4	8	10	19704	5489	43
1895	4	8	30	19712	546	38
1896	3	1	10	19720	483	45
1897	4	14	30	19728	3954	37
1898	4	8	30	19736	2892	38
1899	4	8	10	19744	4096	42
1900	4	8	10	19752	4916	38
1901	4	8	20	19760	5745	40
1902	4	8	40	19768	5720	42
1903	4	8	40	19776	78	40
1904	4	8	40	19784	5390	45
1905	3	1	10	19792	10371	35
1906	3	1	30	19800	5503	45
1907	0	12	40	19808	1725	43
1908	3	1	20	19816	4179	42
1909	4	14	20	19824	254	39
1910	4	8	10	19832	5183	39
1911	4	8	30	19840	3760	45
1912	3	1	20	19848	5324	43
1913	4	14	20	19856	712	44
1914	0	12	40	19864	2017	40
1915	3	1	30	19872	2336	42
1916	4	8	30	19880	3351	37
1917	3	1	40	19888	6690	39
1918	3	1	30	19896	2755	44
1919	3	1	10	19904	10529	39
1920	0	12	20	19912	4320	44
1921	4	8	30	19920	4602	43
1922	4	8	30	19928	3637	36
1923	4	8	10	19936	1051	41
1924	3	1	40	19944	4780	44
1925	4	14	40	19952	175	39
1926	4	14	30	19960	2908	44
1927	4	14	10	19968	630	36
1928	3	1	10	19976	5086	43
1929	4	14	10	19984	6126	44
1930	0	12	10	20000	1132	39
1931	4	14	20	20008	1803	41
1932	4	14	10	20016	518	41
1933	0	12	10	20024	7343	40
1934	3	1	40	20032	472	45
1935	4	8	30	20040	8296	38
1936	3	1	30	20048	11029	35
1937	0	12	10	20056	2083	38
1938	3	1	40	20064	10635	43
1939	4	14	20	20072	7785	45
1940	4	14	10	20080	3206	41
1941	4	8	10	20088	4956	36
1942	0	12	30	20096	3808	38
1943	4	14	10	20104	4519	37
1944	3	1	10	20112	950	35
1945	0	12	20	20120	26	38
1946	4	8	30	20128	32363	42
1947	4	8	20	20136	1148	44
1948	3	1	10	20144	486	37
1949	4	14	30	20152	1450	35
1950	0	12	10	20160	3285	35
1951	0	12	10	20168	1435	40
1952	4	8	40	20176	557	39
1953	3	1	30	20184	3533	44
1954	0	12	30	20192	15735	44
1955	0	12	30	20200	96	41
1956	0	12	40	20208	721	39
1957	4	14	40	20216	3016	35
1958	4	14	10	20224	1555	42
1959	3	1	10	20232	4779	40
1960	3	1	30	20240	2100	37
1961	4	14	20	20248	3680	44
1962	3	1	40	20256	3984	45
1963	4	14	10	20264	7994	44
1964	4	14	20	20272	6748	35
1965	3	1	40	20280	1806	43
1966	4	8	20	20288	2676	39
1967	4	8	10	20296	9025	38
1968	0	12	20	20304	212	44
1969	3	1	20	20312	2950	36
1970	4	14	10	20320	2819	42
1971	0	12	30	20328	704	44
1972	4	14	10	20336	8557	42
1973	3	1	20	20344	4093	44
1974	4	14	10	20352	1890	44
1975	4	14	20	20400	11987	43
1976	0	12	40	20416	287	39
1977	4	8	20	20432	10119	44
1978	4	14	40	20448	79	40
1979	4	8	20	20464	4692	41
1980	4	8	20	20480	176	43
1981	3	1	10	20496	1242	35
1982	0	12	40	20512	127	44
1983	3	1	20	20528	2147	42
1984	4	14	10	20544	1012	43
1985	4	14	10	20560	11605	44
1986	4	8	20	20576	1060	37
1987	4	8	30	20592	3062	43
1988	0	12	20	20608	7866	42
1989	3	1	10	20624	366	39
1990	0	12	30	20640	4942	45
1991	4	14	40	20656	2090	45
1992	4	8	40	20672	350	42
1993	0	12	30	20688	1059	37
1994	4	8	40	20704	2382	43
1995	0	12	30	20720	11974	43
1996	3	1	10	20736	332	36
1997	4	8	20	20752	5539	40
1998	0	12	40	20768	7920	37
1999	0	12	10	20784	7539	37
