0	0	12	15	0	25536	39
1	0	12	20	8	1689	57
2	4	14	15	16	6588	42
3	0	12	15	24	4113	51
4	4	8	30	32	41973	63
5	3	1	15	40	32453	67
6	0	12	20	48	4830	66
7	0	12	15	56	16677	41
8	3	1	10	64	17128	59
9	3	1	15	72	5590	70
10	3	1	20	80	8935	51
11	3	1	30	88	8296	61
12	4	8	20	96	21563	36
13	4	8	10	104	10965	55
14	4	8	30	112	10855	64
15	0	12	20	120	7112	69
16	3	1	20	128	4155	61
17	0	12	10	136	1141	50
18	3	1	15	144	5181	62
19	0	12	10	152	1707	63
20	4	8	30	160	8534	36
21	4	14	10	168	10672	57
22	0	12	30	176	3390	43
23	4	8	10	184	672	52
24	3	1	20	192	29001	39
25	3	1	20	200	2756	58
26	4	14	10	208	14302	45
27	3	1	10	216	7716	43
28	3	1	15	224	3021	63
29	4	14	30	232	2758	68
30	4	14	30	240	5069	48
31	4	8	20	248	1706	46
32	4	8	20	256	7767	53
33	4	14	20	264	3430	56
34	4	14	20	272	126	53
35	4	14	30	280	6678	49
36	0	12	10	288	3991	59
37	4	8	30	296	11086	52
38	0	12	20	304	707	42
39	0	12	15	312	6341	50
40	4	8	15	320	3647	43
41	4	8	15	328	8172	49
42	4	8	10	336	18882	49
43	4	14	30	344	263	50
44	3	1	10	352	10527	43
45	4	14	10	360	104	45
46	4	8	15	400	2182	55
47	4	14	30	406	17646	51
48	4	14	15	412	2908	42
49	4	14	10	418	2151	39
50	3	1	20	424	5703	40
51	3	1	10	430	5751	60
52	0	12	20	436	2471	46
53	0	12	30	442	6044	63
54	3	1	20	448	10035	36
55	4	8	15	454	2011	52
56	0	12	20	460	14910	49
57	3	1	15	466	5238	60
58	3	1	30	472	4478	47
59	4	14	10	478	9719	41
60	4	14	10	484	1300	58
61	3	1	20	490	14388	58
62	4	8	30	496	6588	48
63	3	1	15	502	7148	61
64	4	14	15	508	272	57
65	0	12	30	514	5240	41
66	4	8	10	520	196	44
67	3	1	10	526	7011	51
68	4	8	20	532	10484	37
69	3	1	10	538	1553	50
70	4	14	15	544	1746	46
71	0	12	20	550	8519	45
72	4	14	20	556	396	44
73	4	8	10	562	21205	47
74	4	14	20	568	13992	56
75	0	12	15	574	128	57
76	4	8	30	580	14221	44
77	0	12	10	586	3003	64
78	4	14	30	592	3432	45
79	3	1	15	598	25830	65
80	0	12	15	604	432	38
81	4	14	10	610	22896	64
82	3	1	30	616	3015	37
83	4	14	15	622	655	60
84	4	8	10	628	12181	64
85	0	12	20	634	25096	58
86	4	8	30	640	20865	70
87	0	12	30	646	763	60
88	4	8	30	652	8040	55
89	3	1	15	658	12614	36
90	3	1	10	664	10216	70
91	3	1	30	670	19482	70
92	3	1	10	676	3099	40
93	4	8	15	682	3841	37
94	0	12	15	688	4051	63
95	3	1	30	694	6069	55
96	4	14	20	700	657	37
97	4	14	30	706	3024	58
98	0	12	15	712	54845	63
99	4	8	10	718	2314	38
100	4	8	30	724	35888	36
101	4	14	15	730	8514	40
102	4	8	15	736	1389	50
103	4	8	10	742	1098	62
104	0	12	30	748	324	64
105	4	8	10	754	15422	66
106	3	1	20	760	4995	52
107	4	14	20	766	3280	69
108	4	8	10	772	9743	43
109	4	8	15	778	9601	50
110	4	14	15	784	3972	44
111	0	12	20	800	6072	56
112	3	1	20	806	1128	51
113	0	12	15	812	5052	53
114	3	1	30	818	8412	38
115	4	14	30	824	1857	65
116	0	12	20	830	5878	56
117	3	1	20	836	5269	59
118	0	12	15	842	13239	68
119	3	1	20	848	640	69
120	4	14	10	854	6463	41
121	4	8	15	860	21646	54
122	0	12	10	866	23932	67
123	4	14	15	872	22114	37
124	4	14	30	878	4861	50
125	0	12	20	884	2669	46
126	3	1	20	890	3252	40
127	3	1	10	896	8796	42
128	0	12	20	902	6074	55
129	0	12	30	908	2789	36
130	0	12	30	914	22128	56
131	3	1	10	920	5807	56
132	4	14	20	926	3015	36
133	3	1	20	932	822	42
134	0	12	20	938	28508	64
135	4	8	10	944	4054	69
136	3	1	30	950	12236	50
137	4	8	20	956	1644	46
138	4	14	20	962	317	66
139	0	12	10	968	20976	68
140	3	1	30	974	5421	42
141	4	8	10	980	7131	36
142	4	14	20	986	3913	53
143	4	14	20	992	21880	40
144	3	1	30	998	4113	62
145	3	1	15	1004	1678	50
146	0	12	15	1010	12145	55
147	3	1	20	1016	15337	57
148	3	1	15	1022	10496	69
149	4	8	15	1028	1687	68
150	3	1	15	1034	90	70
151	4	8	30	1040	7258	49
152	3	1	20	1046	5640	60
153	4	8	30	1052	20411	65
154	3	1	10	1058	9550	68
155	0	12	20	1064	457	53
156	3	1	10	1070	9773	43
157	3	1	10	1076	2013	48
158	4	8	10	1082	8939	47
159	4	14	10	1088	11286	53
160	3	1	15	1094	5880	61
161	0	12	20	1100	12772	45
162	3	1	30	1106	13052	50
163	0	12	15	1112	4218	43
164	0	12	20	1118	11475	65
165	0	12	10	1124	16649	59
166	0	12	10	1130	1965	55
167	4	14	30	1136	275	44
168	4	14	30	1142	5490	60
169	4	8	30	1200	2333	39
170	4	8	10	1206	4410	51
171	4	14	30	1212	3259	45
172	3	1	10	1218	4688	63
173	0	12	10	1224	17066	36
174	0	12	20	1230	7030	63
175	4	8	30	1236	26666	40
176	3	1	20	1242	6322	37
177	4	8	20	1248	118	62
178	0	12	15	1254	6125	45
179	0	12	20	1260	2475	36
180	4	14	15	1266	5589	62
181	0	12	30	1272	5247	54
182	4	14	20	1278	22024	44
183	4	14	15	1284	3346	57
184	3	1	15	1290	2661	36
185	4	14	30	1296	3332	42
186	0	12	20	1302	82	66
187	3	1	30	1308	3980	42
188	0	12	20	1314	4096	45
189	4	14	10	1320	19826	47
190	3	1	30	1326	9430	61
191	4	14	30	1332	6583	37
192	4	14	20	1338	5753	70
193	4	14	15	1344	2660	48
194	4	8	20	1350	4178	42
195	3	1	15	1356	9493	67
196	4	14	10	1362	12317	57
197	3	1	15	1368	30191	46
198	3	1	10	1374	1523	46
199	3	1	30	1380	5985	39
200	3	1	15	1386	28426	65
201	4	8	15	1392	10997	47
202	3	1	30	1398	3525	68
203	4	8	20	1404	5196	66
204	4	14	15	1410	11632	53
205	4	14	15	1416	9032	60
206	4	14	30	1422	1327	56
207	3	1	15	1428	7832	60
208	0	12	10	1434	3291	37
209	0	12	10	1440	10552	63
210	3	1	30	1446	5694	51
211	4	8	20	1452	9384	52
212	3	1	20	1458	9306	39
213	0	12	20	1464	4176	46
214	4	14	30	1470	2336	62
215	3	1	15	1476	322	43
216	0	12	30	1482	15794	37
217	3	1	20	1488	4967	63
218	4	8	30	1494	1084	42
219	4	8	20	1500	4372	58
220	0	12	20	1506	16019	63
221	3	1	15	1512	13981	49
222	4	14	15	1518	8020	69
223	4	14	30	1524	6949	48
224	4	14	30	1530	6579	48
225	4	8	10	1536	15899	50
226	4	14	15	1542	13797	46
227	3	1	30	1548	1400	50
228	3	1	20	1554	5150	64
229	3	1	15	1600	17655	67
230	4	8	30	1605	1575	53
231	4	14	15	1610	6738	61
232	3	1	20	1615	14727	52
233	3	1	20	1620	65	41
234	3	1	10	1625	2794	41
235	3	1	10	1630	11274	51
236	4	8	10	1635	1065	56
237	3	1	10	1640	4907	49
238	0	12	30	1645	6853	40
239	4	14	10	1650	7459	46
240	0	12	30	1655	1664	57
241	4	8	15	1660	3900	42
242	4	8	20	1665	450	40
243	4	14	15	1670	8824	53
244	0	12	10	1675	4178	66
245	4	8	10	1680	14	45
246	4	8	10	1685	16528	68
247	3	1	30	1690	897	59
248	4	14	15	1695	240	57
249	3	1	10	1700	3662	70
250	4	8	15	1705	14348	65
251	4	8	20	1710	3120	64
252	0	12	15	1715	15190	39
253	0	12	15	1720	11163	58
254	4	8	15	1725	8672	47
255	4	14	10	1730	1258	51
256	4	8	30	1735	968	48
257	3	1	30	1740	11965	55
258	3	1	20	1745	19919	53
259	4	8	15	1750	18700	39
260	4	14	10	1755	15442	50
261	0	12	10	1760	38881	41
262	4	14	20	1765	1296	67
263	4	8	20	1770	4743	41
264	3	1	15	1775	6456	45
265	4	14	15	1780	22499	60
266	3	1	10	1785	15137	36
267	4	14	10	1790	9099	68
268	3	1	15	1795	949	41
269	4	8	30	1800	5506	47
270	4	8	10	1805	19704	58
271	4	8	30	1810	4121	59
272	4	8	30	1815	17450	59
273	3	1	30	1820	5878	66
274	4	8	20	1825	2124	37
275	3	1	10	1830	5218	57
276	0	12	20	1835	11795	45
277	4	14	10	1840	26794	52
278	3	1	20	1845	1525	53
279	3	1	20	1850	6547	38
280	0	12	10	1855	36558	52
281	4	8	15	1860	10059	57
282	4	14	15	1865	1123	64
283	4	14	15	1870	908	65
284	4	8	30	1875	463	37
285	0	12	15	1880	15490	60
286	3	1	30	1885	10156	58
287	4	8	10	1890	745	64
288	0	12	15	1895	3402	65
289	4	14	10	1900	1292	60
290	0	12	10	1905	8209	38
291	3	1	15	1910	3430	36
292	0	12	15	1915	6237	66
293	4	14	20	1920	8918	36
294	4	14	30	1925	11138	67
295	4	14	30	1930	1740	51
296	3	1	20	1935	2156	46
297	4	14	30	1940	7479	70
298	0	12	10	1945	971	43
299	4	8	20	2000	5032	41
300	3	1	10	2006	1323	45
301	4	8	30	2012	1725	70
302	0	12	15	2018	41175	54
303	3	1	15	2024	6074	45
304	4	8	10	2030	4819	47
305	4	14	20	2036	4511	41
306	4	14	30	2042	4580	40
307	3	1	20	2048	3202	44
308	4	14	20	2054	5855	57
309	3	1	10	2060	1613	61
310	3	1	15	2066	3752	42
311	3	1	30	2072	1292	67
312	0	12	15	2078	7376	38
313	0	12	10	2084	3547	50
314	0	12	10	2090	19608	57
315	3	1	20	2096	1199	64
316	4	8	20	2102	15798	48
317	4	14	15	2108	345	37
318	0	12	30	2114	3967	39
319	3	1	10	2120	9580	56
320	0	12	15	2126	1997	38
321	0	12	30	2132	11424	43
322	3	1	30	2138	3238	38
323	3	1	15	2144	26313	51
324	0	12	20	2150	15499	44
325	3	1	30	2156	6679	57
326	4	8	20	2162	15795	63
327	3	1	10	2168	1937	58
328	3	1	30	2174	11719	70
329	4	8	30	2180	307	57
330	0	12	20	2186	2225	46
331	4	8	20	2192	1430	45
332	3	1	30	2198	15208	44
333	4	8	30	2204	9811	48
334	4	14	20	2210	4172	64
335	3	1	10	2216	12703	52
336	0	12	30	2222	10225	39
337	0	12	30	2228	7310	54
338	3	1	15	2234	8510	53
339	4	8	15	2240	7853	67
340	0	12	15	2246	4355	55
341	0	12	15	2252	3943	49
342	3	1	20	2258	6751	42
343	3	1	10	2264	1430	40
344	0	12	30	2270	11925	53
345	3	1	15	2276	5426	42
346	3	1	10	2282	10976	69
347	4	14	10	2288	1619	52
348	3	1	15	2294	11357	50
349	4	8	15	2300	7578	38
350	3	1	10	2306	3255	38
351	3	1	15	2312	1725	44
352	3	1	10	2318	1950	67
353	3	1	10	2324	4306	57
354	0	12	15	2330	2259	38
355	4	8	10	2336	3984	38
356	3	1	10	2342	15788	68
357	4	8	10	2400	255	38
358	4	8	30	2406	9018	36
359	3	1	10	2412	17403	61
360	4	8	30	2418	6749	48
361	4	8	20	2424	1996	52
362	4	14	30	2430	6585	44
363	3	1	30	2436	5252	36
364	3	1	15	2442	22475	50
365	4	8	30	2448	1893	68
366	4	14	30	2454	2837	58
367	3	1	15	2460	18081	61
368	0	12	15	2466	24258	57
369	3	1	10	2472	1005	40
370	4	8	30	2478	4327	61
371	0	12	30	2484	2432	64
372	4	8	30	2490	3920	55
373	4	14	20	2496	11608	42
374	3	1	20	2502	2608	37
375	0	12	10	2508	14258	59
376	3	1	15	2514	1688	36
377	0	12	20	2520	1482	68
378	3	1	15	2526	1665	68
379	3	1	15	2532	3613	38
380	0	12	30	2538	13703	58
381	4	8	15	2544	9062	47
382	0	12	20	2550	4883	44
383	4	8	20	2556	1363	67
384	3	1	20	2562	9721	54
385	4	8	15	2568	401	38
386	3	1	20	2574	23543	49
387	0	12	20	2580	4558	58
388	4	8	20	2586	4938	45
389	4	8	15	2592	113	61
390	4	14	10	2598	21821	55
391	4	14	20	2604	9368	36
392	4	14	10	2610	20502	53
393	4	14	10	2616	11702	62
394	4	14	15	2622	456	54
395	3	1	30	2628	1775	38
396	0	12	20	2634	14091	41
397	0	12	20	2640	742	42
398	4	14	30	2646	2028	61
399	3	1	10	2652	6641	56
400	3	1	20	2658	1724	55
401	4	14	20	2664	15217	44
402	4	14	30	2670	2106	66
403	4	14	10	2676	8175	45
404	4	14	15	2682	1729	48
405	3	1	15	2688	598	45
406	0	12	15	2694	13144	60
407	4	14	20	2700	4793	60
408	0	12	20	2706	1188	56
409	4	14	10	2712	4279	49
410	4	14	30	2718	1805	38
411	4	8	15	2724	9417	70
412	3	1	30	2730	14839	40
413	3	1	20	2736	2999	69
414	3	1	15	2742	553	39
415	4	14	20	2748	17803	37
416	4	8	30	2754	11549	44
417	4	8	10	2760	4144	48
418	4	14	15	2766	12040	52
419	0	12	10	2772	17721	48
420	3	1	10	2778	2446	55
421	4	14	10	2800	15974	36
422	4	8	20	2806	4567	51
423	3	1	10	2812	22202	66
424	3	1	10	2818	1621	56
425	3	1	10	2824	10411	60
426	4	8	20	2830	3315	46
427	3	1	20	2836	7719	63
428	0	12	15	2842	9909	59
429	4	14	20	2848	659	69
430	0	12	20	2854	28	54
431	4	8	20	2860	857	65
432	4	8	30	2866	23230	43
433	4	14	15	2872	7822	48
434	0	12	20	2878	1485	54
435	0	12	10	2884	27763	49
436	3	1	20	2890	4730	52
437	0	12	20	2896	13577	70
438	3	1	10	2902	26214	54
439	0	12	10	2908	7980	45
440	4	8	30	2914	2219	48
441	4	14	30	2920	5490	59
442	0	12	10	2926	2811	37
443	4	8	20	2932	379	66
444	3	1	20	2938	13374	59
445	4	8	20	2944	2224	56
446	0	12	30	2950	14989	66
447	4	8	20	2956	7537	55
448	0	12	30	2962	9674	59
449	4	14	20	2968	1427	52
450	4	8	30	2974	4569	65
451	3	1	15	2980	4411	63
452	4	8	15	2986	2976	60
453	4	14	20	2992	3241	49
454	0	12	30	2998	2860	37
455	3	1	15	3004	3200	54
456	3	1	30	3010	4299	63
457	0	12	20	3016	2782	70
458	4	8	10	3022	4879	60
459	0	12	15	3028	5027	58
460	4	8	30	3034	10558	69
461	4	8	30	3040	1662	67
462	4	14	10	3046	10791	36
463	0	12	30	3052	485	58
464	4	14	20	3058	4231	66
465	4	8	10	3064	846	43
466	0	12	20	3070	10984	62
467	4	14	15	3076	1984	63
468	3	1	30	3082	1236	50
469	4	8	10	3088	824	60
470	4	8	10	3094	4718	56
471	0	12	15	3100	23521	45
472	4	14	10	3106	4667	65
473	3	1	10	3112	1269	43
474	3	1	10	3118	8366	70
475	3	1	15	3124	11650	66
476	4	14	10	3130	6713	69
477	0	12	10	3136	3937	55
478	0	12	15	3142	1073	43
479	0	12	20	3148	22606	36
480	3	1	15	3154	17056	65
481	4	14	10	3160	10446	61
482	4	8	20	3166	19947	40
483	0	12	20	3172	6330	42
484	4	8	20	3200	8263	40
485	4	8	10	3207	6932	62
486	0	12	10	3214	12520	40
487	3	1	10	3221	7575	65
488	4	14	20	3228	3124	47
489	4	8	15	3235	14650	70
490	3	1	15	3242	6444	56
491	3	1	30	3249	1324	53
492	4	14	20	3256	3572	46
493	4	8	30	3263	5476	66
494	4	14	15	3270	18294	46
495	4	14	10	3277	449	51
496	0	12	30	3284	11286	58
497	4	14	10	3291	2168	50
498	4	8	30	3298	8076	36
499	0	12	15	3305	9948	51
500	4	8	10	3312	5482	64
501	0	12	20	3319	7884	39
502	4	14	20	3326	5035	40
503	4	14	30	3333	7405	70
504	3	1	20	3340	10124	67
505	4	8	20	3347	5355	56
506	4	14	15	3354	32082	69
507	3	1	15	3361	1432	53
508	0	12	15	3368	9230	49
509	4	8	20	3375	6103	41
510	3	1	15	3382	11476	55
511	4	8	20	3389	219	43
512	4	14	10	3396	1473	62
513	0	12	15	3403	5802	59
514	4	8	10	3410	7038	64
515	4	8	20	3417	30	43
516	0	12	10	3424	2520	63
517	3	1	20	3431	1722	65
518	3	1	15	3438	4287	53
519	3	1	20	3445	14228	39
520	4	8	10	3452	2962	39
521	3	1	15	3459	1156	68
522	4	14	20	3466	18134	52
523	0	12	15	3473	2891	51
524	4	14	20	3480	6294	39
525	3	1	10	3487	2772	38
526	4	8	30	3494	7073	69
527	4	8	10	3501	23403	69
528	4	14	30	3508	2283	67
529	4	14	10	3515	7209	54
530	3	1	20	3522	87	43
531	0	12	30	3529	3209	55
532	3	1	15	3536	11189	55
533	0	12	10	3543	4274	63
534	4	14	15	3550	4705	42
535	4	8	20	3600	2350	62
536	0	12	15	3606	2430	57
537	3	1	30	3612	3010	41
538	3	1	30	3618	14121	45
539	0	12	10	3624	1357	55
540	4	8	20	3630	7285	63
541	3	1	30	3636	7889	57
542	4	8	20	3642	20994	52
543	3	1	10	3648	12470	41
544	4	14	10	3654	649	50
545	0	12	20	3660	5974	49
546	3	1	20	3666	33281	61
547	3	1	10	3672	14881	57
548	0	12	30	3678	19310	37
549	3	1	20	3684	18004	39
550	4	14	10	3690	12275	59
551	3	1	10	3696	6610	64
552	0	12	30	3702	13833	67
553	4	14	15	3708	13056	67
554	3	1	15	3714	4115	47
555	3	1	20	3720	3588	66
556	4	8	30	3726	10487	57
557	3	1	15	3732	1430	60
558	0	12	15	3738	486	66
559	4	14	15	3744	4426	64
560	4	14	30	3750	18504	57
561	4	8	15	3756	289	36
562	4	14	15	3762	19773	57
563	4	8	15	3768	760	65
564	3	1	10	3774	5919	68
565	3	1	15	3780	4515	36
566	4	14	15	3786	2561	59
567	3	1	10	3792	11230	70
568	0	12	30	3798	590	53
569	4	14	15	3804	3210	38
570	0	12	15	3810	10831	57
571	4	8	15	3816	25098	58
572	0	12	20	3822	3631	55
573	3	1	15	3828	2395	68
574	0	12	30	3834	2126	47
575	4	14	10	3840	9177	53
576	0	12	30	3846	1856	52
577	0	12	20	3852	903	46
578	4	8	15	3858	2042	36
579	3	1	30	3864	150	61
580	0	12	20	3870	2951	48
581	3	1	30	3876	10856	48
582	4	8	15	3882	291	67
583	0	12	10	3888	3491	63
584	4	14	10	3894	13263	66
585	0	12	15	3900	4760	50
586	4	14	10	3906	5672	58
587	4	14	30	3912	23743	58
588	4	8	20	3918	94	51
589	4	8	30	3924	694	46
590	0	12	20	3930	5942	40
591	3	1	10	3936	827	67
592	3	1	20	3942	2351	45
593	3	1	20	3948	4138	52
594	0	12	10	3954	2355	69
595	0	12	15	3960	6608	63
596	3	1	15	4000	9943	70
597	0	12	10	4006	14505	57
598	4	14	10	4012	2482	44
599	0	12	20	4018	8323	50
600	4	8	15	4024	2324	60
601	4	14	15	4030	2091	62
602	4	8	10	4036	11868	40
603	0	12	20	4042	6939	70
604	3	1	15	4048	1327	52
605	3	1	20	4054	14073	36
606	4	8	20	4060	1759	45
607	3	1	20	4066	6636	70
608	3	1	15	4072	6772	56
609	4	14	10	4078	10174	65
610	4	8	20	4084	1341	50
611	0	12	15	4090	7818	47
612	4	8	30	4096	22294	60
613	4	8	15	4102	330	41
614	4	14	30	4108	990	52
615	0	12	10	4114	1380	44
616	0	12	10	4120	64371	39
617	3	1	15	4126	6601	64
618	4	8	10	4132	2641	69
619	3	1	20	4138	618	54
620	3	1	15	4144	20552	48
621	4	14	15	4150	3148	36
622	0	12	15	4156	10856	54
623	4	14	10	4162	35410	42
624	4	14	20	4168	13132	69
625	3	1	10	4174	8251	60
626	4	14	30	4180	9684	49
627	4	8	10	4186	25957	38
628	4	8	10	4192	30	70
629	0	12	20	4198	8896	54
630	0	12	30	4204	28327	53
631	4	14	20	4210	3699	65
632	4	8	15	4216	14660	38
633	0	12	20	4222	6913	56
634	4	8	20	4228	11633	36
635	0	12	10	4234	653	56
636	4	8	20	4240	27897	44
637	4	8	30	4246	4868	68
638	3	1	30	4252	1793	46
639	4	8	15	4258	31987	65
640	3	1	30	4264	2312	40
641	4	8	20	4270	23077	59
642	4	8	15	4276	3791	38
643	3	1	15	4282	2763	57
644	4	14	10	4288	21136	67
645	4	14	15	4294	18462	64
646	0	12	10	4300	1393	43
647	0	12	10	4306	1928	39
648	4	14	20	4312	2710	70
649	0	12	10	4318	812	61
650	0	12	15	4324	6614	60
651	0	12	10	4330	1296	42
652	4	14	10	4336	6489	58
653	0	12	15	4342	1709	60
654	4	8	10	4348	10279	38
655	4	8	10	4354	20918	59
656	4	14	30	4400	5347	44
657	3	1	30	4406	12301	68
658	0	12	30	4412	11885	37
659	4	14	10	4418	5696	63
660	3	1	30	4424	1076	58
661	4	14	15	4430	2158	42
662	4	8	15	4436	6567	70
663	4	8	30	4442	18419	38
664	4	14	15	4448	11047	48
665	3	1	10	4454	12265	55
666	4	14	30	4460	12248	45
667	4	8	10	4466	3567	39
668	4	14	30	4472	2561	40
669	3	1	20	4478	309	66
670	4	14	15	4484	1676	70
671	3	1	15	4490	6279	42
672	4	14	15	4496	3583	53
673	0	12	30	4502	2847	40
674	0	12	30	4508	13867	49
675	4	8	30	4514	31007	59
676	3	1	30	4520	23634	69
677	3	1	30	4526	4789	67
678	0	12	30	4532	488	46
679	4	14	10	4538	18899	40
680	4	8	30	4544	5287	53
681	3	1	20	4550	5351	45
682	3	1	15	4556	8957	39
683	4	8	30	4562	19020	44
684	0	12	15	4568	919	65
685	0	12	30	4574	13781	46
686	0	12	20	4580	13479	42
687	0	12	30	4586	8344	48
688	3	1	20	4592	15464	53
689	0	12	15	4598	14639	48
690	4	8	10	4604	7151	48
691	3	1	30	4610	1629	47
692	4	8	30	4616	9170	66
693	3	1	20	4622	9406	54
694	3	1	15	4628	15491	42
695	3	1	15	4634	117	68
696	0	12	10	4640	3877	59
697	0	12	20	4646	5192	36
698	4	14	10	4652	6272	44
699	4	8	10	4658	1249	47
700	0	12	15	4664	993	55
701	4	14	10	4670	12880	39
702	4	8	15	4676	22533	69
703	0	12	30	4682	2295	39
704	0	12	30	4688	19044	61
705	4	8	30	4694	151	54
706	0	12	20	4700	12430	59
707	3	1	10	4706	2367	54
708	0	12	20	4712	3684	47
709	0	12	15	4718	10902	50
710	4	14	10	4724	30878	61
711	0	12	30	4730	301	47
712	4	8	30	4736	10352	58
713	0	12	20	4742	16190	67
714	3	1	10	4748	208	45
715	0	12	15	4754	8131	49
716	4	8	10	4760	6619	39
717	0	12	20	4766	8462	62
718	0	12	20	4772	12538	43
719	4	14	20	4778	20964	37
720	4	8	15	4800	27945	49
721	3	1	30	4806	1170	67
722	3	1	20	4812	5616	56
723	4	14	15	4818	4559	63
724	4	8	20	4824	4739	54
725	0	12	15	4830	38	59
726	4	8	15	4836	15824	46
727	0	12	20	4842	8859	69
728	3	1	15	4848	4691	68
729	4	8	20	4854	13232	52
730	4	8	30	4860	7233	70
731	3	1	15	4866	5084	69
732	4	14	30	4872	19003	58
733	3	1	30	4878	19684	69
734	3	1	30	4884	12446	56
735	3	1	30	4890	9204	49
736	4	8	10	4896	6344	46
737	4	8	15	4902	4416	70
738	4	8	10	4908	65735	53
739	4	14	15	4914	753	47
740	4	14	10	4920	267	58
741	4	8	15	4926	6538	59
742	0	12	15	4932	2611	37
743	3	1	10	4938	943	39
744	0	12	15	4944	15766	58
745	0	12	10	4950	6458	36
746	4	8	30	4956	4906	59
747	0	12	10	4962	13469	70
748	0	12	20	4968	8766	45
749	3	1	10	4974	1963	63
750	0	12	10	4980	4808	65
751	4	14	20	4986	10514	68
752	4	14	10	4992	9269	63
753	4	14	20	4998	7661	43
754	4	14	20	5004	1539	69
755	4	8	15	5010	31600	58
756	4	8	15	5016	2803	53
757	4	8	10	5022	5637	42
758	3	1	15	5028	12970	55
759	4	14	15	5034	18642	38
760	0	12	20	5040	1366	43
761	0	12	10	5046	1013	60
762	0	12	30	5052	13390	56
763	3	1	30	5058	6573	65
764	3	1	20	5064	1289	51
765	4	8	30	5070	5682	62
766	4	8	10	5076	1114	60
767	4	14	10	5082	13338	59
768	3	1	30	5088	657	46
769	4	14	10	5094	3350	67
770	3	1	10	5100	759	39
771	0	12	20	5106	1193	39
772	4	14	20	5112	8468	44
773	4	8	15	5118	9673	67
774	0	12	15	5124	17982	50
775	0	12	10	5130	4237	60
776	3	1	20	5136	15588	66
777	4	14	20	5142	3996	53
778	3	1	30	5148	6822	41
779	4	8	15	5154	17886	54
780	4	14	20	5160	6322	70
781	4	8	10	5166	387	46
782	4	14	10	5172	31	60
783	4	14	10	5178	2050	40
784	0	12	15	5184	3531	58
785	4	8	15	5200	15948	37
786	3	1	15	5206	12271	42
787	4	14	10	5212	2749	51
788	4	14	10	5218	10763	36
789	4	8	15	5224	13211	69
790	4	8	20	5230	3926	66
791	4	14	30	5236	341	40
792	3	1	10	5242	7779	51
793	3	1	20	5248	816	51
794	3	1	30	5254	21599	39
795	3	1	30	5260	19620	68
796	0	12	15	5266	10960	38
797	4	8	15	5272	10133	42
798	4	14	20	5278	26229	59
799	4	14	15	5284	3472	66
800	4	14	10	5290	4412	47
801	3	1	20	5296	8334	70
802	3	1	15	5302	10637	59
803	0	12	15	5308	3127	49
804	4	14	30	5314	1087	60
805	0	12	20	5320	3005	61
806	0	12	30	5326	652	60
807	3	1	20	5332	33356	66
808	4	14	10	5338	10236	63
809	4	14	20	5344	11544	44
810	4	14	30	5350	1051	62
811	4	8	30	5356	18618	36
812	4	14	10	5362	21501	36
813	4	8	10	5368	19199	37
814	4	14	30	5374	3525	38
815	4	14	15	5380	929	67
816	0	12	10	5386	977	70
817	0	12	30	5392	7062	52
818	4	8	20	5398	1819	43
819	4	8	10	5404	2685	49
820	3	1	20	5410	10305	56
821	4	8	30	5416	14620	44
822	4	14	30	5422	594	59
823	4	8	20	5428	2524	48
824	3	1	20	5434	24690	36
825	4	14	15	5440	400	70
826	4	8	20	5446	5817	59
827	4	8	30	5452	6496	64
828	3	1	15	5458	11714	64
829	4	8	20	5464	31478	52
830	4	14	20	5470	8756	58
831	4	8	10	5476	1200	60
832	4	14	30	5482	4509	64
833	3	1	20	5488	2004	46
834	4	8	15	5494	5066	43
835	4	8	30	5500	18351	36
836	4	14	30	5506	2990	57
837	3	1	20	5512	9123	47
838	0	12	15	5518	833	50
839	0	12	30	5524	357	67
840	0	12	15	5530	12315	48
841	0	12	20	5536	12866	46
842	0	12	10	5542	6732	58
843	4	14	20	5548	29758	63
844	4	8	15	5554	9241	42
845	4	14	30	5600	5315	66
846	4	14	30	5608	930	39
847	0	12	30	5616	9974	50
848	3	1	30	5624	10794	48
849	4	14	15	5632	13855	42
850	3	1	30	5640	12829	68
851	4	14	20	5648	1390	56
852	4	14	30	5656	5785	69
853	3	1	15	5664	9045	46
854	4	8	30	5672	7908	46
855	3	1	10	5680	7031	38
856	3	1	30	5688	6855	47
857	4	8	30	5696	5000	47
858	3	1	30	5704	3686	48
859	4	14	20	5712	651	61
860	4	14	10	5720	12735	38
861	4	14	10	5728	5909	67
862	4	14	15	5736	1944	38
863	3	1	20	5744	10819	47
864	0	12	30	5752	829	57
865	4	8	30	5760	33034	38
866	3	1	30	5768	5102	42
867	0	12	20	5776	9911	61
868	4	14	30	5784	4640	65
869	4	8	30	5792	4889	38
870	4	14	15	5800	12789	46
871	4	8	15	5808	4563	59
872	0	12	15	5816	5346	37
873	4	8	30	5824	1391	47
874	0	12	30	5832	5539	36
875	3	1	10	5840	20665	45
876	4	8	30	5848	2520	56
877	0	12	10	5856	806	67
878	4	14	10	5864	7048	41
879	4	14	20	5872	5062	40
880	4	14	15	5880	22372	66
881	0	12	20	5888	13043	45
882	3	1	10	5896	13519	51
883	3	1	30	5904	23304	58
884	3	1	20	5912	1603	54
885	4	14	30	5920	5638	37
886	4	8	10	5928	7835	61
887	4	8	15	5936	11209	54
888	4	8	20	5944	7206	70
889	4	14	10	5952	17260	40
890	4	14	10	5960	3127	59
891	3	1	10	5968	15023	46
892	0	12	20	5976	2981	69
893	0	12	20	5984	167	60
894	4	8	30	5992	2272	64
895	4	8	15	6000	2444	52
896	0	12	15	6007	7016	44
897	4	8	20	6014	14062	47
898	4	14	30	6021	16783	42
899	0	12	20	6028	9661	40
900	4	8	30	6035	111	59
901	4	14	10	6042	4080	48
902	0	12	10	6049	2544	56
903	4	8	10	6056	2664	46
904	4	14	10	6063	204	67
905	4	8	15	6070	3622	45
906	4	14	10	6077	8920	55
907	3	1	10	6084	3509	57
908	3	1	20	6091	1564	45
909	3	1	20	6098	9723	36
910	0	12	15	6105	3021	52
911	3	1	20	6112	5225	51
912	4	8	20	6119	16906	42
913	4	14	10	6126	18444	44
914	0	12	10	6133	1199	65
915	3	1	15	6140	38931	64
916	4	8	30	6147	9814	51
917	0	12	15	6154	2518	50
918	0	12	30	6161	6564	63
919	0	12	10	6168	7184	55
920	0	12	20	6175	3562	48
921	0	12	15	6182	10122	58
922	4	14	30	6189	990	61
923	0	12	20	6196	6490	60
924	3	1	20	6203	1148	50
925	4	8	15	6210	24086	70
926	4	8	20	6217	1055	60
927	4	14	30	6224	5028	47
928	0	12	30	6231	19480	54
929	4	14	20	6238	2157	55
930	4	8	30	6245	3330	36
931	4	14	10	6252	4676	45
932	0	12	15	6259	1973	61
933	3	1	15	6266	17269	37
934	4	8	20	6273	4856	51
935	0	12	15	6280	6202	54
936	4	14	15	6287	6069	59
937	0	12	10	6294	6077	41
938	3	1	30	6301	20252	61
939	4	8	10	6308	13606	45
940	0	12	20	6315	14352	52
941	4	14	10	6322	2510	39
942	3	1	30	6329	6866	45
943	3	1	10	6336	17685	70
944	3	1	30	6343	6749	58
945	4	8	20	6350	14862	43
946	0	12	15	6357	27519	39
947	0	12	20	6364	4232	61
948	0	12	15	6400	17058	66
949	4	14	15	6404	2354	70
950	4	14	15	6408	6504	36
951	4	14	10	6412	3013	64
952	4	8	20	6416	2493	55
953	4	14	20	6420	2679	57
954	4	14	10	6424	3344	62
955	0	12	20	6428	2808	37
956	4	14	10	6432	2661	58
957	0	12	15	6436	10090	66
958	4	14	15	6440	1296	67
959	4	8	30	6444	619	67
960	0	12	30	6448	2201	56
961	4	14	15	6452	1839	43
962	3	1	10	6456	4677	39
963	3	1	10	6460	22672	60
964	4	8	30	6464	3606	36
965	4	8	10	6468	16439	43
966	4	8	10	6472	2419	61
967	3	1	10	6476	41828	41
968	4	8	20	6480	4714	63
969	4	14	30	6484	7326	47
970	3	1	30	6488	4938	40
971	0	12	30	6492	1534	46
972	4	8	15	6496	3441	60
973	4	14	30	6500	10848	53
974	0	12	15	6504	11381	38
975	0	12	15	6508	754	44
976	3	1	15	6512	1222	49
977	0	12	30	6516	2050	62
978	4	8	30	6520	34076	38
979	0	12	10	6524	2736	42
980	4	8	30	6528	32509	67
981	0	12	10	6532	9979	69
982	4	14	15	6536	7040	52
983	4	8	20	6540	8570	54
984	4	14	15	6544	9112	55
985	4	8	30	6548	215	42
986	3	1	20	6552	1537	61
987	4	8	20	6556	21743	39
988	4	14	15	6560	6261	45
989	4	8	10	6564	1385	50
990	0	12	10	6568	2370	66
991	4	14	30	6572	13497	64
992	4	8	20	6576	3857	44
993	0	12	10	6580	14966	65
994	4	8	15	6584	6881	60
995	0	12	15	6588	7917	44
996	4	8	10	6592	14018	70
997	0	12	30	6596	8060	55
998	4	8	10	6600	5996	70
999	4	8	20	6604	9577	51
1000	4	14	15	6608	6997	53
1001	4	8	10	6612	28982	69
1002	4	14	30	6616	26951	69
1003	0	12	20	6620	2645	55
1004	0	12	15	6624	12653	66
1005	3	1	15	6628	3849	60
1006	3	1	20	6632	26650	40
1007	3	1	30	6636	5963	37
1008	4	14	15	6640	5967	54
1009	4	14	20	6644	2318	54
1010	3	1	10	6648	1340	59
1011	4	14	15	6652	468	66
1012	4	14	20	6656	10500	64
1013	3	1	15	6660	15722	60
1014	0	12	30	6664	769	70
1015	4	14	20	6668	6002	57
1016	4	14	30	6672	7745	62
1017	0	12	20	6676	12307	56
1018	4	14	30	6680	2423	41
1019	4	14	10	6684	3279	64
1020	3	1	20	6688	9553	53
1021	0	12	15	6692	3168	58
1022	4	14	30	6696	4809	66
1023	0	12	15	6700	2697	48
1024	4	14	20	6704	3365	51
1025	3	1	10	6708	8299	47
1026	4	14	15	6712	12560	37
1027	0	12	15	6716	5603	65
1028	4	8	20	6720	1446	64
1029	4	14	30	6800	1120	64
1030	4	14	15	6808	2445	44
1031	3	1	20	6816	5655	64
1032	3	1	20	6824	9596	63
1033	0	12	10	6832	2716	58
1034	4	8	20	6840	9813	60
1035	0	12	30	6848	76	69
1036	0	12	10	6856	11000	36
1037	4	14	30	6864	2894	67
1038	0	12	10	6872	15906	58
1039	4	8	30	6880	2829	65
1040	4	14	10	6888	515	38
1041	0	12	20	6896	8385	59
1042	3	1	15	6904	4197	55
1043	4	14	30	6912	2753	62
1044	3	1	10	6920	38	62
1045	4	8	30	6928	1780	70
1046	0	12	15	6936	702	36
1047	4	14	15	6944	5917	55
1048	0	12	10	6952	11230	65
1049	4	8	20	6960	403	38
1050	4	8	15	6968	64	53
1051	0	12	15	6976	337	49
1052	0	12	10	6984	3741	50
1053	3	1	10	6992	1697	42
1054	4	14	10	7000	7	68
1055	3	1	10	7008	2365	66
1056	4	8	15	7016	5896	38
1057	3	1	20	7024	9098	56
1058	0	12	30	7032	22273	40
1059	4	8	15	7040	1288	55
1060	4	14	10	7048	7131	58
1061	4	8	15	7056	4938	45
1062	0	12	15	7064	3571	43
1063	4	14	15	7072	4020	61
1064	4	14	10	7080	35531	45
1065	0	12	15	7088	8339	65
1066	0	12	20	7096	3547	39
1067	3	1	15	7104	4680	41
1068	0	12	20	7112	1330	36
1069	4	14	10	7120	685	37
1070	4	14	15	7128	12134	57
1071	0	12	10	7136	3045	65
1072	0	12	15	7144	20429	69
1073	4	8	30	7152	26462	47
1074	0	12	30	7160	2561	61
1075	4	8	30	7168	390	64
1076	3	1	10	7176	20079	38
1077	4	14	30	7184	1400	40
1078	3	1	15	7192	2644	56
1079	4	8	30	7200	1242	51
1080	3	1	30	7208	6595	46
1081	4	14	30	7216	2509	53
1082	0	12	10	7224	11068	36
1083	0	12	30	7232	988	62
1084	4	8	20	7240	1046	47
1085	4	14	30	7248	2008	65
1086	4	8	20	7256	1144	50
1087	0	12	20	7264	5666	57
1088	0	12	10	7272	2706	60
1089	3	1	20	7280	4793	65
1090	4	14	15	7288	5356	67
1091	3	1	20	7296	562	50
1092	3	1	30	7304	3638	63
1093	3	1	30	7312	10023	39
1094	4	8	30	7320	9847	42
1095	3	1	30	7328	7365	63
1096	0	12	15	7336	2732	52
1097	3	1	30	7344	106	65
1098	0	12	20	7352	2887	52
1099	3	1	20	7360	3537	68
1100	0	12	10	7368	14729	67
1101	4	8	30	7376	8198	65
1102	3	1	20	7384	3690	54
1103	0	12	30	7392	8922	64
1104	3	1	10	7400	2502	51
1105	4	8	10	7408	9407	58
1106	4	14	10	7416	1014	51
1107	4	14	10	7424	4222	38
1108	3	1	10	7432	19929	51
1109	4	8	15	7440	24511	40
1110	0	12	30	7448	3290	63
1111	4	8	15	7456	3581	68
1112	0	12	10	7464	4057	70
1113	4	14	10	7472	12653	59
1114	4	14	20	7480	7078	44
1115	4	14	10	7488	3093	41
1116	4	8	10	7496	9939	45
1117	4	14	15	7504	2236	51
1118	4	8	30	7512	2545	49
1119	4	14	10	7520	11624	50
1120	4	14	30	7528	5772	51
1121	4	14	30	7536	15211	53
1122	4	8	15	7544	1356	52
1123	4	8	30	7552	9696	42
1124	0	12	20	7560	7213	40
1125	0	12	30	7600	9978	43
1126	4	8	15	7606	24159	38
1127	3	1	20	7612	1864	65
1128	0	12	30	7618	2359	40
1129	4	8	10	7624	8923	69
1130	4	8	15	7630	11360	47
1131	0	12	15	7636	18873	43
1132	4	14	10	7642	15596	59
1133	4	14	20	7648	20628	59
1134	0	12	20	7654	2881	54
1135	4	8	30	7660	20244	52
1136	4	8	10	7666	18397	69
1137	4	14	10	7672	642	42
1138	3	1	20	7678	15051	46
1139	0	12	15	7684	4512	60
1140	4	14	30	7690	868	49
1141	4	8	15	7696	10276	47
1142	3	1	20	7702	7139	42
1143	4	14	30	7708	3248	55
1144	3	1	30	7714	963	37
1145	3	1	30	7720	1088	70
1146	3	1	15	7726	8869	50
1147	4	14	20	7732	6770	40
1148	3	1	10	7738	1087	66
1149	3	1	30	7744	3918	36
1150	0	12	20	7750	17688	53
1151	4	8	10	7756	372	36
1152	0	12	30	7762	10799	51
1153	0	12	15	7768	6156	37
1154	4	14	20	7774	14829	52
1155	4	8	10	7780	37443	50
1156	4	14	15	7786	5311	48
1157	0	12	30	7792	8799	48
1158	0	12	15	7798	650	59
1159	4	8	15	7804	6492	44
1160	4	14	20	7810	10785	56
1161	4	8	15	7816	19379	57
1162	3	1	15	7822	1344	69
1163	0	12	30	7828	2248	52
1164	0	12	30	7834	1735	64
1165	0	12	15	7840	4521	55
1166	4	8	15	7846	5596	44
1167	0	12	15	7852	5135	47
1168	3	1	15	7858	5416	40
1169	3	1	20	7864	8792	62
1170	4	8	30	7870	4371	42
1171	3	1	30	7876	8045	38
1172	4	8	30	7882	4036	41
1173	4	8	15	7888	14731	60
1174	0	12	15	7894	8707	36
1175	4	8	20	7900	12516	40
1176	4	8	15	7906	2411	47
1177	3	1	20	7912	13820	67
1178	4	14	10	7918	7111	40
1179	3	1	20	7924	5032	41
1180	3	1	15	7930	349	64
1181	4	8	30	7936	3826	69
1182	4	14	15	7942	673	69
1183	4	8	10	7948	16207	39
1184	4	8	15	7954	12178	51
1185	0	12	15	7960	9980	47
1186	4	14	20	7966	1440	63
1187	3	1	20	7972	3095	57
1188	0	12	10	7978	673	43
1189	4	14	15	7984	2988	40
1190	4	8	15	7990	4570	39
1191	0	12	15	8000	2117	57
1192	3	1	30	8007	55522	54
1193	0	12	10	8014	2759	38
1194	0	12	30	8021	9389	40
1195	3	1	15	8028	1701	63
1196	3	1	10	8035	6724	49
1197	3	1	20	8042	3389	60
1198	4	14	30	8049	1194	62
1199	3	1	15	8056	9158	52
1200	0	12	20	8063	7824	61
1201	4	8	30	8070	1748	39
1202	4	8	10	8077	659	70
1203	0	12	15	8084	4934	39
1204	0	12	10	8091	27121	65
1205	3	1	20	8098	2368	50
1206	0	12	10	8105	8382	66
1207	4	14	15	8112	18367	62
1208	0	12	10	8119	16543	36
1209	4	8	10	8126	431	48
1210	4	14	20	8133	10487	38
1211	4	8	30	8140	8699	51
1212	0	12	20	8147	651	44
1213	3	1	20	8154	7556	53
1214	4	14	10	8161	5758	51
1215	4	8	30	8168	3571	57
1216	3	1	10	8175	14202	58
1217	4	8	10	8182	2701	65
1218	4	14	20	8189	4976	36
1219	0	12	20	8196	5265	53
1220	0	12	30	8203	2484	63
1221	4	14	20	8210	1610	57
1222	0	12	15	8217	3992	39
1223	3	1	30	8224	1589	36
1224	0	12	15	8231	2107	59
1225	0	12	15	8238	1670	56
1226	4	14	30	8245	8066	55
1227	0	12	20	8252	882	38
1228	0	12	20	8259	1305	56
1229	4	8	10	8266	5103	44
1230	3	1	20	8273	2011	61
1231	4	14	30	8280	19711	57
1232	4	14	20	8287	9205	41
1233	4	8	30	8294	19018	58
1234	3	1	10	8301	14809	51
1235	0	12	15	8308	14988	60
1236	0	12	20	8315	2865	69
1237	3	1	30	8322	7748	66
1238	4	8	10	8329	18567	45
1239	3	1	20	8336	5965	37
1240	0	12	10	8343	524	51
1241	0	12	10	8350	2467	37
1242	4	8	20	8357	4743	57
1243	3	1	30	8364	229	65
1244	0	12	20	8371	6964	37
1245	0	12	15	8400	11837	58
1246	0	12	30	8406	1341	49
1247	0	12	15	8412	3926	36
1248	4	8	10	8418	12063	58
1249	3	1	30	8424	3211	53
1250	4	14	15	8430	3583	40
1251	4	8	30	8436	2649	55
1252	4	14	10	8442	17109	59
1253	4	14	15	8448	8547	45
1254	4	8	15	8454	4285	60
1255	0	12	30	8460	4661	39
1256	4	8	15	8466	13010	70
1257	3	1	15	8472	18336	70
1258	0	12	10	8478	2077	51
1259	4	14	20	8484	12036	44
1260	4	14	30	8490	7762	66
1261	4	14	20	8496	6296	63
1262	3	1	30	8502	11049	41
1263	4	14	10	8508	4112	63
1264	4	14	20	8514	14186	57
1265	0	12	30	8520	13522	52
1266	3	1	15	8526	31026	46
1267	4	14	30	8532	1500	56
1268	0	12	15	8538	11695	38
1269	3	1	20	8544	8790	61
1270	4	8	15	8550	486	59
1271	0	12	10	8556	1887	63
1272	4	14	10	8562	3886	55
1273	0	12	30	8568	22195	70
1274	0	12	15	8574	4339	37
1275	0	12	30	8580	12	62
1276	3	1	10	8586	10626	36
1277	4	8	20	8592	3628	44
1278	3	1	10	8598	7307	69
1279	0	12	30	8604	4919	36
1280	0	12	20	8610	276	43
1281	3	1	20	8616	2272	54
1282	4	14	15	8622	3154	51
1283	4	8	30	8628	13715	39
1284	3	1	30	8634	937	39
1285	0	12	20	8640	22557	42
1286	4	14	30	8646	266	68
1287	4	14	10	8652	219	67
1288	0	12	15	8658	5425	69
1289	4	8	10	8664	4104	47
1290	4	14	30	8670	352	61
1291	4	8	15	8676	4115	70
1292	3	1	20	8682	3976	50
1293	3	1	15	8688	1058	37
1294	3	1	30	8694	18790	42
1295	0	12	20	8700	5849	59
1296	4	8	15	8706	5817	66
1297	3	1	20	8712	371	64
1298	4	14	10	8718	1765	44
1299	4	14	30	8724	11611	56
1300	3	1	30	8730	12599	48
1301	0	12	30	8736	32787	63
1302	0	12	10	8742	7733	69
1303	3	1	20	8748	949	67
1304	4	8	15	8754	2535	65
1305	4	14	10	8760	1308	48
1306	3	1	20	8766	18196	36
1307	3	1	10	8772	23142	60
1308	3	1	10	8778	2172	43
1309	0	12	20	8784	4264	69
1310	4	8	30	8800	9808	38
1311	4	14	30	8807	4619	61
1312	0	12	10	8814	2854	36
1313	4	14	15	8821	11736	50
1314	3	1	30	8828	10896	36
1315	0	12	10	8835	3744	47
1316	0	12	10	8842	1977	48
1317	4	8	30	8849	21135	38
1318	0	12	10	8856	2755	59
1319	3	1	30	8863	17647	51
1320	0	12	30	8870	12216	54
1321	3	1	15	8877	24324	49
1322	4	14	15	8884	9078	58
1323	3	1	10	8891	3657	61
1324	4	14	20	8898	7817	36
1325	4	14	10	8905	8558	59
1326	4	8	20	8912	13653	49
1327	4	8	20	8919	2417	53
1328	3	1	30	8926	269	64
1329	4	14	30	8933	18421	49
1330	4	14	20	8940	5306	66
1331	0	12	20	8947	9362	43
1332	3	1	15	8954	1458	36
1333	3	1	15	8961	14322	48
1334	4	8	30	8968	8780	59
1335	0	12	20	8975	415	50
1336	3	1	20	8982	7903	56
1337	0	12	30	8989	1925	55
1338	0	12	15	8996	6357	45
1339	3	1	30	9003	25696	62
1340	3	1	30	9010	353	42
1341	4	8	20	9017	738	44
1342	4	8	30	9024	12460	59
1343	4	14	30	9031	660	70
1344	4	14	15	9038	9493	45
1345	4	14	10	9045	7419	70
1346	4	8	10	9052	861	69
1347	3	1	15	9059	7788	70
1348	4	14	20	9066	3825	36
1349	4	8	30	9073	6053	65
1350	4	14	15	9080	2849	47
1351	0	12	15	9087	7092	64
1352	4	8	15	9094	11219	41
1353	0	12	10	9101	2947	63
1354	3	1	30	9108	32570	38
1355	0	12	20	9115	14700	69
1356	4	8	20	9122	2909	41
1357	3	1	30	9129	2330	43
1358	4	14	30	9136	5359	66
1359	4	8	15	9143	7630	41
1360	4	8	20	9150	3231	69
1361	0	12	10	9157	8091	53
1362	0	12	15	9164	19396	66
1363	4	14	15	9200	3297	65
1364	4	8	30	9208	21087	38
1365	4	8	15	9216	135	66
1366	4	8	15	9224	2539	60
1367	4	8	20	9232	5033	59
1368	4	8	20	9240	870	62
1369	3	1	15	9248	9454	56
1370	3	1	20	9256	10966	61
1371	4	14	10	9264	40	63
1372	0	12	20	9272	3830	64
1373	3	1	15	9280	3223	67
1374	0	12	10	9288	14999	44
1375	3	1	15	9296	9491	45
1376	4	8	15	9304	1421	61
1377	0	12	20	9312	7315	58
1378	3	1	30	9320	8921	52
1379	4	14	20	9328	155	37
1380	3	1	30	9336	6475	60
1381	4	14	10	9344	1747	49
1382	4	8	10	9352	17013	52
1383	0	12	10	9360	5582	69
1384	0	12	15	9368	7336	37
1385	3	1	10	9376	18175	37
1386	4	14	10	9384	21955	37
1387	4	8	10	9392	15641	44
1388	4	14	15	9400	15184	46
1389	4	8	15	9408	13968	61
1390	4	14	10	9416	10955	45
1391	0	12	30	9424	3758	48
1392	4	8	10	9432	10346	59
1393	3	1	10	9440	21694	39
1394	0	12	10	9448	7898	63
1395	4	8	30	9456	4179	59
1396	4	8	10	9464	1554	48
1397	4	8	20	9472	4805	64
1398	4	8	30	9480	1308	68
1399	3	1	10	9488	9063	49
1400	4	8	20	9496	3232	45
1401	4	14	15	9504	8064	46
1402	0	12	30	9512	5858	44
1403	4	8	10	9520	9287	50
1404	4	14	10	9528	12283	40
1405	4	14	10	9536	2791	54
1406	4	14	30	9544	1860	36
1407	4	14	30	9552	4390	44
1408	0	12	10	9600	4952	54
1409	0	12	20	9605	2720	63
1410	4	14	10	9610	9064	43
1411	4	8	30	9615	9782	54
1412	4	14	30	9620	6951	61
1413	4	14	15	9625	5064	65
1414	4	14	15	9630	493	51
1415	3	1	15	9635	1169	56
1416	3	1	30	9640	11270	36
1417	4	14	15	9645	4209	68
1418	4	14	30	9650	10698	63
1419	3	1	20	9655	255	36
1420	3	1	10	9660	676	64
1421	0	12	15	9665	4269	52
1422	3	1	15	9670	7674	48
1423	0	12	10	9675	2600	36
1424	4	14	10	9680	23578	47
1425	3	1	30	9685	3711	48
1426	3	1	10	9690	2622	40
1427	3	1	15	9695	4737	60
1428	4	8	15	9700	9745	40
1429	3	1	10	9705	4634	56
1430	4	8	10	9710	5839	67
1431	4	14	20	9715	9937	68
1432	3	1	30	9720	4758	61
1433	0	12	30	9725	41238	39
1434	3	1	30	9730	9288	62
1435	3	1	15	9735	20187	50
1436	3	1	15	9740	9043	40
1437	0	12	30	9745	1725	38
1438	0	12	30	9750	10118	65
1439	0	12	15	9755	2919	54
1440	4	14	15	9760	9354	37
1441	0	12	10	9765	5761	64
1442	4	8	30	9770	4045	60
1443	4	14	30	9775	6602	53
1444	3	1	10	9780	1277	53
1445	4	8	15	9785	327	62
1446	0	12	30	9790	12650	57
1447	3	1	20	9795	2371	64
1448	4	14	30	9800	16554	58
1449	3	1	30	9805	5407	43
1450	4	14	10	9810	8429	59
1451	4	8	30	9815	11671	51
1452	3	1	30	9820	10017	36
1453	3	1	10	9825	1017	67
1454	4	14	30	9830	7266	56
1455	4	8	15	9835	20088	63
1456	4	8	10	9840	147	68
1457	0	12	20	9845	2212	44
1458	3	1	10	9850	10754	39
1459	4	8	15	9855	4267	62
1460	4	8	30	9860	122	49
1461	4	8	15	9865	11436	46
1462	4	8	20	9870	10131	39
1463	4	8	10	9875	176	69
1464	3	1	20	9880	11764	66
1465	4	14	20	9885	27213	46
1466	3	1	10	9890	2379	64
1467	3	1	10	9895	7062	58
1468	4	8	15	9900	12194	39
1469	0	12	30	9905	1206	37
1470	0	12	30	9910	4914	51
1471	3	1	30	9915	6596	69
1472	4	14	15	9920	9406	39
1473	3	1	15	9925	4521	45
1474	4	14	15	9930	3349	70
1475	3	1	30	9935	6710	70
1476	3	1	15	9940	134	63
1477	3	1	20	9945	452	65
1478	4	8	10	9950	1113	53
1479	4	8	30	10000	19034	56
1480	4	8	10	10008	6881	61
1481	0	12	15	10016	185	47
1482	4	14	20	10024	6810	38
1483	4	14	15	10032	1914	68
1484	4	14	10	10040	12424	67
1485	4	14	10	10048	11107	52
1486	0	12	20	10056	46843	67
1487	4	14	20	10064	3190	64
1488	4	8	30	10072	4052	54
1489	0	12	20	10080	11689	69
1490	4	8	15	10088	18549	52
1491	4	8	30	10096	4573	67
1492	4	8	30	10104	4851	69
1493	4	14	20	10112	2902	38
1494	3	1	15	10120	2746	41
1495	4	8	10	10128	21142	61
1496	3	1	20	10136	12685	60
1497	4	14	30	10144	3761	61
1498	0	12	15	10152	12550	58
1499	3	1	15	10160	1596	43
1500	4	14	10	10168	12217	68
1501	3	1	20	10176	1864	69
1502	0	12	15	10184	5144	61
1503	3	1	30	10192	10584	56
1504	3	1	30	10200	263	62
1505	4	8	10	10208	752	60
1506	3	1	20	10216	632	47
1507	0	12	15	10224	2654	62
1508	4	14	30	10232	12019	68
1509	0	12	10	10240	235	56
1510	3	1	30	10248	18595	36
1511	3	1	20	10256	26434	39
1512	4	14	15	10264	947	61
1513	4	8	10	10272	14265	54
1514	0	12	15	10280	14487	36
1515	4	8	20	10288	38876	38
1516	3	1	20	10296	1660	44
1517	3	1	15	10304	5630	42
1518	3	1	30	10312	2126	37
1519	4	14	15	10320	158	50
1520	4	14	30	10328	27932	50
1521	3	1	15	10336	21095	70
1522	4	8	15	10344	1675	40
1523	0	12	30	10352	114	40
1524	3	1	20	10360	2179	56
1525	3	1	10	10368	190	55
1526	0	12	10	10376	904	70
1527	0	12	20	10384	3917	36
1528	0	12	10	10392	1217	40
1529	4	8	15	10400	4264	44
1530	0	12	15	10406	11849	46
1531	3	1	20	10412	8207	37
1532	4	8	10	10418	2443	43
1533	3	1	30	10424	23810	46
1534	4	8	20	10430	1064	58
1535	3	1	15	10436	3683	62
1536	4	14	10	10442	6362	57
1537	0	12	30	10448	14634	52
1538	4	8	20	10454	1592	42
1539	4	8	10	10460	9595	43
1540	0	12	20	10466	8978	40
1541	0	12	10	10472	10034	41
1542	0	12	30	10478	6413	67
1543	0	12	30	10484	3676	68
1544	3	1	30	10490	16071	69
1545	3	1	20	10496	22287	49
1546	3	1	15	10502	3129	42
1547	0	12	20	10508	7799	51
1548	3	1	15	10514	5045	38
1549	4	8	30	10520	2834	38
1550	4	14	15	10526	10820	53
1551	4	14	15	10532	2738	54
1552	4	8	30	10538	1222	59
1553	4	8	30	10544	11829	43
1554	4	14	15	10550	1899	64
1555	0	12	20	10556	15416	69
1556	0	12	15	10562	153	65
1557	0	12	15	10568	4931	56
1558	4	14	15	10574	5469	36
1559	4	14	20	10580	71	42
1560	4	8	10	10586	32539	60
1561	3	1	30	10592	9341	46
1562	0	12	15	10598	1218	57
1563	4	8	15	10604	3622	59
1564	0	12	20	10610	2369	45
1565	4	14	15	10616	2415	69
1566	0	12	15	10622	9632	66
1567	0	12	20	10628	1420	50
1568	4	14	15	10634	9830	66
1569	4	8	30	10640	5040	44
1570	3	1	15	10646	4691	51
1571	3	1	30	10652	3420	62
1572	4	8	20	10658	3141	36
1573	0	12	30	10664	6122	65
1574	4	14	30	10670	3386	45
1575	4	14	20	10676	2352	44
1576	4	8	20	10682	3785	39
1577	4	8	20	10688	13738	42
1578	3	1	10	10694	1284	41
1579	4	14	30	10700	2854	42
1580	4	14	20	10706	9625	49
1581	4	14	15	10712	5294	55
1582	4	8	10	10718	20144	69
1583	3	1	15	10724	14801	37
1584	3	1	30	10730	8912	62
1585	0	12	10	10736	5273	63
1586	4	8	20	10742	5543	49
1587	0	12	15	10748	5405	70
1588	3	1	15	10754	10704	53
1589	4	8	10	10760	2519	60
1590	4	8	10	10766	3446	68
1591	4	14	20	10800	740	36
1592	0	12	20	10807	3375	51
1593	4	8	30	10814	1506	70
1594	0	12	30	10821	10063	53
1595	4	8	20	10828	33919	64
1596	4	14	30	10835	6816	54
1597	4	14	15	10842	1658	43
1598	4	14	10	10849	951	58
1599	3	1	15	10856	7436	36
1600	3	1	15	10863	2177	53
1601	4	8	30	10870	1404	62
1602	4	8	10	10877	19762	55
1603	4	8	20	10884	2	64
1604	4	14	15	10891	15428	57
1605	4	8	15	10898	4000	61
1606	3	1	20	10905	26841	53
1607	0	12	10	10912	7469	64
1608	3	1	10	10919	4453	69
1609	4	14	30	10926	25090	55
1610	3	1	10	10933	5192	66
1611	4	14	30	10940	1770	58
1612	4	8	15	10947	2989	51
1613	0	12	15	10954	1736	64
1614	0	12	30	10961	2958	64
1615	4	8	30	10968	5525	41
1616	4	8	20	10975	11740	48
1617	4	8	10	10982	2835	56
1618	3	1	15	10989	9432	68
1619	0	12	20	10996	11885	53
1620	4	8	30	11003	11441	56
1621	0	12	10	11010	1874	66
1622	4	8	15	11017	4427	68
1623	3	1	15	11024	4599	42
1624	4	14	30	11031	999	46
1625	3	1	30	11038	3512	51
1626	4	8	15	11045	29	47
1627	0	12	20	11052	1330	36
1628	0	12	30	11059	13676	48
1629	4	8	10	11066	3564	51
1630	4	14	30	11073	9149	60
1631	3	1	10	11080	1683	66
1632	4	8	15	11087	9857	55
1633	4	14	20	11094	6265	40
1634	4	8	20	11101	510	60
1635	4	8	30	11108	6190	58
1636	3	1	10	11115	6726	70
1637	0	12	20	11122	20112	41
1638	4	14	30	11129	35489	50
1639	4	8	20	11136	2609	36
1640	4	8	15	11143	5832	45
1641	0	12	15	11150	17878	55
1642	3	1	10	11157	531	37
1643	4	14	20	11164	12152	68
1644	3	1	30	11171	12587	64
1645	3	1	10	11178	1314	46
1646	4	8	15	11185	11988	55
1647	0	12	10	11192	1291	58
1648	0	12	10	11200	15872	42
1649	4	14	10	11205	1956	47
1650	0	12	30	11210	1947	52
1651	3	1	20	11215	2572	69
1652	4	8	30	11220	5462	45
1653	3	1	20	11225	3305	41
1654	0	12	20	11230	14891	51
1655	4	8	10	11235	238	57
1656	4	14	20	11240	10654	64
1657	3	1	30	11245	5203	49
1658	4	8	20	11250	17158	53
1659	0	12	20	11255	5534	42
1660	4	14	10	11260	3951	50
1661	3	1	30	11265	13365	52
1662	0	12	10	11270	12403	52
1663	0	12	10	11275	557	53
1664	0	12	30	11280	2574	65
1665	0	12	10	11285	2714	70
1666	4	8	15	11290	5389	39
1667	3	1	30	11295	11715	46
1668	3	1	30	11300	1144	40
1669	4	14	10	11305	11770	42
1670	3	1	20	11310	21291	42
1671	4	8	10	11315	15201	42
1672	3	1	10	11320	2972	41
1673	4	8	30	11325	4277	68
1674	3	1	10	11330	2365	44
1675	0	12	15	11335	16183	37
1676	4	8	30	11340	1249	65
1677	3	1	30	11345	8261	36
1678	4	14	20	11350	8275	48
1679	4	8	20	11355	27018	36
1680	4	8	15	11360	6916	66
1681	4	8	10	11365	15430	59
1682	4	14	20	11370	2748	65
1683	0	12	30	11375	7372	37
1684	0	12	15	11380	1239	69
1685	4	8	10	11385	4171	62
1686	0	12	10	11390	9497	57
1687	4	14	20	11395	3694	49
1688	3	1	30	11400	9592	60
1689	4	14	15	11405	263	39
1690	4	8	15	11410	12986	64
1691	4	14	15	11415	758	57
1692	3	1	30	11420	294	58
1693	3	1	15	11425	5368	44
1694	4	8	20	11430	17553	57
1695	4	14	20	11435	9786	64
1696	0	12	15	11440	888	38
1697	4	8	10	11445	46189	55
1698	3	1	20	11450	5639	38
1699	4	8	20	11455	5625	65
1700	0	12	20	11460	8662	43
1701	3	1	15	11465	62	45
1702	4	8	15	11470	126	54
1703	4	8	30	11475	773	36
1704	0	12	20	11480	2703	41
1705	4	14	30	11485	3640	45
1706	0	12	20	11490	26744	63
1707	4	14	10	11495	673	48
1708	4	14	20	11500	688	67
1709	4	14	15	11505	30114	50
1710	0	12	15	11510	17286	63
1711	4	8	30	11515	772	64
1712	4	14	10	11520	14349	36
1713	0	12	10	11525	19916	53
1714	3	1	10	11530	20258	47
1715	3	1	30	11600	6126	61
1716	3	1	10	11606	5891	58
1717	4	14	15	11612	1643	51
1718	0	12	30	11618	20602	54
1719	4	14	20	11624	16250	39
1720	4	14	10	11630	7187	49
1721	3	1	30	11636	1025	60
1722	0	12	30	11642	582	57
1723	3	1	20	11648	850	37
1724	4	8	20	11654	27440	48
1725	3	1	15	11660	14646	55
1726	3	1	10	11666	13469	55
1727	4	14	30	11672	13783	68
1728	4	14	15	11678	5964	47
1729	4	14	15	11684	6393	51
1730	0	12	10	11690	11503	69
1731	4	14	30	11696	1278	46
1732	0	12	10	11702	1188	68
1733	4	8	30	11708	1202	53
1734	0	12	30	11714	2904	63
1735	3	1	30	11720	6770	57
1736	4	14	30	11726	14608	41
1737	3	1	20	11732	1771	65
1738	4	14	15	11738	3030	66
1739	4	8	15	11744	12035	59
1740	0	12	20	11750	4662	70
1741	0	12	10	11756	7619	44
1742	4	14	10	11762	2710	53
1743	3	1	20	11768	10232	45
1744	4	14	10	11774	1278	46
1745	0	12	20	11780	9922	36
1746	0	12	15	11786	2374	57
1747	3	1	30	11792	1014	41
1748	4	14	10	11798	6720	67
1749	4	14	20	11804	3489	66
1750	0	12	15	11810	1632	42
1751	4	8	10	11816	20145	58
1752	4	8	15	11822	606	36
1753	4	14	10	11828	8107	70
1754	4	8	20	11834	19458	52
1755	3	1	30	11840	6231	54
1756	3	1	20	11846	22179	58
1757	4	14	20	11852	19703	52
1758	4	14	10	11858	1063	59
1759	3	1	10	11864	4740	56
1760	0	12	20	11870	6411	61
1761	0	12	30	11876	1236	65
1762	0	12	20	11882	6480	37
1763	4	14	10	11888	6077	52
1764	4	14	15	11894	1928	52
1765	0	12	15	11900	10685	52
1766	0	12	30	11906	24625	66
1767	4	8	10	11912	9475	53
1768	4	14	10	11918	7585	60
1769	0	12	10	11924	3440	60
1770	3	1	30	11930	9528	56
1771	0	12	20	11936	3115	63
1772	4	14	30	11942	16350	55
1773	3	1	15	11948	1262	65
1774	3	1	30	11954	4457	40
1775	4	14	30	11960	30760	40
1776	4	14	20	12000	14312	42
1777	4	8	10	12007	3428	47
1778	3	1	20	12014	24505	61
1779	4	8	10	12021	2375	47
1780	3	1	10	12028	6996	69
1781	0	12	10	12035	9505	49
1782	4	14	20	12042	2334	36
1783	0	12	20	12049	1510	51
1784	4	14	10	12056	3642	45
1785	4	14	30	12063	14821	46
1786	3	1	20	12070	621	45
1787	4	8	30	12077	5561	68
1788	0	12	15	12084	2064	37
1789	3	1	30	12091	11531	44
1790	0	12	15	12098	8030	69
1791	0	12	15	12105	20630	59
1792	3	1	15	12112	615	42
1793	4	8	10	12119	16212	45
1794	0	12	20	12126	2054	69
1795	4	14	30	12133	2836	40
1796	0	12	15	12140	486	43
1797	4	14	30	12147	11260	36
1798	3	1	15	12154	5665	64
1799	4	14	20	12161	4229	64
1800	4	14	20	12168	11309	41
1801	4	14	10	12175	6617	39
1802	3	1	30	12182	5650	51
1803	4	14	10	12189	1975	43
1804	0	12	30	12196	8568	46
1805	4	14	30	12203	15843	49
1806	4	8	10	12210	401	39
1807	3	1	30	12217	20938	41
1808	0	12	10	12224	1884	66
1809	3	1	30	12231	21690	48
1810	3	1	15	12238	9853	47
1811	4	8	20	12245	7111	47
1812	0	12	10	12252	26068	62
1813	3	1	10	12259	16176	47
1814	0	12	10	12266	15968	58
1815	0	12	20	12273	15509	48
1816	4	8	10	12280	17663	65
1817	0	12	30	12287	3864	56
1818	0	12	30	12294	1456	43
1819	0	12	15	12301	3709	42
1820	4	8	20	12308	8685	43
1821	4	14	30	12315	4825	68
1822	4	8	30	12322	5028	52
1823	4	8	10	12329	15132	51
1824	0	12	30	12336	10069	62
1825	3	1	20	12343	11826	67
1826	3	1	10	12350	2285	57
1827	3	1	30	12400	18	45
1828	4	8	20	12408	20155	67
1829	3	1	10	12416	1101	70
1830	3	1	15	12424	20164	67
1831	4	14	20	12432	646	42
1832	3	1	20	12440	14717	54
1833	3	1	30	12448	6258	67
1834	4	8	20	12456	5547	42
1835	3	1	30	12464	163	66
1836	3	1	15	12472	1672	68
1837	4	14	20	12480	279	64
1838	4	14	30	12488	5783	41
1839	0	12	15	12496	5605	66
1840	4	8	30	12504	12648	42
1841	4	14	20	12512	1278	40
1842	0	12	20	12520	2752	38
1843	4	8	20	12528	2783	59
1844	4	14	20	12536	454	68
1845	4	14	30	12544	365	58
1846	4	14	10	12552	26283	67
1847	4	14	15	12560	1850	65
1848	4	8	30	12568	32	58
1849	0	12	10	12576	3701	57
1850	3	1	20	12584	4199	46
1851	0	12	20	12592	9014	58
1852	3	1	10	12600	7109	63
1853	3	1	10	12608	1173	58
1854	4	8	10	12616	11036	57
1855	4	14	30	12624	2897	43
1856	3	1	15	12632	807	58
1857	0	12	20	12640	8568	36
1858	4	14	10	12648	5590	51
1859	3	1	10	12656	17329	49
1860	0	12	20	12664	7605	62
1861	4	14	10	12672	382	64
1862	4	8	10	12680	60	45
1863	4	8	10	12688	677	66
1864	0	12	15	12696	112	52
1865	3	1	20	12704	7966	40
1866	3	1	30	12712	11019	63
1867	4	8	15	12720	4342	66
1868	0	12	15	12728	3664	41
1869	4	8	15	12736	14857	63
1870	4	8	15	12744	8807	50
1871	4	8	20	12752	15489	36
1872	0	12	10	12760	16223	50
1873	0	12	20	12800	8693	47
1874	3	1	15	12806	6879	70
1875	3	1	30	12812	5782	39
1876	4	14	10	12818	1411	66
1877	4	14	15	12824	1517	63
1878	4	8	15	12830	12636	54
1879	4	8	10	12836	8902	39
1880	3	1	15	12842	13260	70
1881	3	1	20	12848	343	63
1882	0	12	10	12854	50481	58
1883	0	12	20	12860	6371	46
1884	0	12	20	12866	10190	60
1885	3	1	30	12872	2233	44
1886	4	8	20	12878	5368	49
1887	0	12	20	12884	9758	66
1888	4	8	20	12890	12652	45
1889	4	8	20	12896	1748	69
1890	0	12	20	12902	20635	43
1891	4	8	20	12908	6062	68
1892	0	12	15	12914	6065	49
1893	4	8	20	12920	7939	62
1894	4	14	20	12926	17675	40
1895	3	1	20	12932	11012	49
1896	3	1	20	12938	1208	65
1897	3	1	20	12944	1884	42
1898	4	8	10	12950	2627	43
1899	0	12	10	12956	4422	63
1900	0	12	30	12962	2817	65
1901	3	1	20	12968	6276	37
1902	3	1	30	12974	14610	59
1903	0	12	15	12980	1396	65
1904	4	14	20	12986	9711	42
1905	0	12	30	12992	6435	45
1906	4	14	15	12998	13183	44
1907	3	1	20	13004	20843	51
1908	0	12	30	13010	6560	59
1909	4	14	10	13016	2129	54
1910	0	12	20	13022	1225	47
1911	3	1	30	13028	20542	65
1912	4	14	10	13034	15927	52
1913	3	1	10	13040	14246	47
1914	4	14	20	13046	632	50
1915	3	1	10	13052	6780	70
1916	3	1	10	13058	397	42
1917	0	12	20	13064	4906	69
1918	4	8	20	13070	3582	42
1919	4	8	15	13076	11768	43
1920	4	8	30	13082	1222	61
1921	3	1	10	13088	352	68
1922	0	12	20	13094	7837	56
1923	4	14	30	13100	1502	43
1924	0	12	30	13106	20175	55
1925	0	12	20	13112	1170	52
1926	4	8	15	13118	3135	58
1927	4	14	15	13124	2185	58
1928	4	8	30	13130	11843	43
1929	4	14	20	13136	14139	57
1930	0	12	15	13142	3752	44
1931	4	8	20	13148	24271	60
1932	3	1	10	13154	17868	56
1933	0	12	15	13160	3687	61
1934	0	12	10	13166	3753	45
1935	0	12	30	13172	2471	68
1936	0	12	20	13178	1815	39
1937	0	12	20	13184	14560	63
1938	4	8	30	13190	14971	39
1939	4	14	20	13200	1467	50
1940	3	1	15	13206	4582	36
1941	3	1	10	13212	6616	68
1942	0	12	30	13218	1254	43
1943	4	8	20	13224	6579	61
1944	4	8	10	13230	445	57
1945	3	1	20	13236	7	49
1946	4	8	15	13242	8818	51
1947	4	8	10	13248	9631	37
1948	4	8	30	13254	6447	48
1949	4	8	15	13260	3070	41
1950	4	14	20	13266	9607	43
1951	4	8	30	13272	9160	66
1952	0	12	10	13278	15120	36
1953	4	14	30	13284	5700	70
1954	3	1	10	13290	2660	37
1955	3	1	20	13296	2342	68
1956	4	8	10	13302	20115	51
1957	4	14	10	13308	8816	52
1958	4	14	20	13314	2200	46
1959	3	1	10	13320	6693	60
1960	4	14	20	13326	2074	58
1961	0	12	10	13332	6723	56
1962	4	8	20	13338	1334	44
1963	0	12	10	13344	10485	38
1964	3	1	30	13350	15691	46
1965	4	14	30	13356	1687	58
1966	4	14	20	13362	247	44
1967	3	1	30	13368	5451	61
1968	3	1	30	13374	4884	38
1969	4	14	30	13380	13296	52
1970	4	8	20	13386	3677	66
1971	3	1	20	13392	1890	49
1972	3	1	30	13398	7581	66
1973	4	8	30	13404	1719	62
1974	4	14	30	13410	3254	43
1975	4	14	30	13416	6922	63
1976	4	8	15	13422	18254	60
1977	3	1	10	13428	528	65
1978	4	8	20	13434	995	56
1979	4	8	10	13440	20086	42
1980	3	1	15	13446	5052	36
1981	4	14	10	13452	7831	56
1982	4	8	20	13458	9260	45
1983	4	14	15	13464	4837	38
1984	4	14	10	13470	1115	49
1985	3	1	20	13476	9436	48
1986	0	12	20	13482	869	60
1987	4	14	15	13488	3866	57
1988	4	8	10	13494	722	60
1989	4	8	15	13500	1029	48
1990	3	1	20	13506	3405	53
1991	0	12	15	13512	6128	58
1992	0	12	30	13518	7280	53
1993	4	14	30	13524	2619	49
1994	0	12	10	13530	22400	63
1995	4	8	15	13536	16175	50
1996	4	8	20	13542	4207	60
1997	4	14	20	13548	4286	41
1998	4	14	30	13554	9665	51
1999	4	8	10	13560	15962	70
