0	4	14	20	0	2147483647	43
1	4	8	30	1	2147483647	45
2	3	1	40	2	2147483647	43
3	0	12	20	3	2147483647	41
4	4	8	30	4	2147483647	38
5	4	8	30	5	2147483647	45
6	3	1	30	6	2147483647	40
7	4	14	10	7	2147483647	38
8	0	12	30	8	2147483647	40
9	3	1	20	9	2147483647	43
10	4	8	20	10	2147483647	44
11	3	1	40	11	2147483647	43
12	0	12	30	12	2147483647	36
13	4	14	20	13	2147483647	40
14	3	1	10	14	2147483647	43
15	4	14	30	15	2147483647	37
16	3	1	20	16	2147483647	43
17	3	1	30	17	2147483647	41
18	4	14	30	18	2147483647	45
19	3	1	30	19	2147483647	38
20	4	14	30	20	2147483647	44
21	3	1	30	21	2147483647	36
22	4	14	40	22	2147483647	41
23	4	14	20	23	2147483647	39
24	4	8	40	24	2147483647	40
25	4	14	40	25	2147483647	39
26	3	1	30	26	2147483647	41
27	4	14	10	27	2147483647	39
28	3	1	40	28	2147483647	44
29	0	12	30	29	2147483647	36
30	4	14	40	30	2147483647	40
31	0	12	20	31	2147483647	45
32	0	12	20	32	2147483647	41
33	4	14	10	33	2147483647	42
34	4	14	10	34	2147483647	38
35	4	14	20	35	2147483647	39
36	3	1	20	36	2147483647	38
37	0	12	40	37	2147483647	37
38	0	12	40	38	2147483647	44
39	3	1	10	39	2147483647	37
40	0	12	10	40	2147483647	36
41	0	12	20	41	2147483647	44
42	3	1	40	42	2147483647	44
43	4	8	10	43	2147483647	43
44	3	1	30	44	2147483647	37
45	3	1	40	45	2147483647	37
46	4	8	40	46	2147483647	44
47	4	14	40	47	2147483647	42
48	0	12	30	48	2147483647	39
49	4	8	10	49	2147483647	40
50	4	14	30	50	2147483647	39
51	3	1	30	51	2147483647	42
52	3	1	40	52	2147483647	44
53	4	14	10	53	2147483647	44
54	3	1	20	54	2147483647	39
55	0	12	30	55	2147483647	41
56	4	8	30	56	2147483647	39
57	4	14	20	57	2147483647	38
58	4	14	20	58	2147483647	36
59	3	1	40	59	2147483647	44
60	4	14	10	60	2147483647	39
61	4	14	20	61	2147483647	36
62	0	12	20	62	2147483647	40
63	0	12	10	63	2147483647	38
64	4	14	20	64	2147483647	38
65	0	12	10	65	2147483647	44
66	4	8	20	66	2147483647	37
67	0	12	30	67	2147483647	39
68	0	12	10	68	2147483647	37
69	3	1	30	69	2147483647	38
70	4	8	10	70	2147483647	45
71	3	1	20	71	2147483647	40
72	3	1	40	72	2147483647	42
73	4	8	30	73	2147483647	43
74	3	1	20	74	2147483647	36
75	3	1	20	75	2147483647	35
76	4	14	40	76	2147483647	37
77	3	1	40	77	2147483647	43
78	0	12	40	78	2147483647	36
79	3	1	10	79	2147483647	38
80	4	8	40	80	2147483647	40
81	3	1	30	81	2147483647	45
82	3	1	30	82	2147483647	45
83	0	12	40	83	2147483647	39
84	0	12	40	84	2147483647	42
85	0	12	20	85	2147483647	43
86	3	1	20	86	2147483647	36
87	4	8	20	87	2147483647	43
88	4	8	40	88	2147483647	37
89	3	1	20	89	2147483647	42
90	3	1	40	90	2147483647	35
91	3	1	10	91	2147483647	45
92	0	12	30	92	2147483647	36
93	4	8	10	93	2147483647	45
94	4	14	10	94	2147483647	43
95	0	12	40	95	2147483647	35
96	4	14	10	96	2147483647	39
97	3	1	30	97	2147483647	41
98	4	8	40	98	2147483647	40
99	3	1	20	99	2147483647	39
100	0	12	20	100	2147483647	35
101	4	8	20	101	2147483647	40
102	3	1	30	102	2147483647	39
103	3	1	40	103	2147483647	36
104	0	12	40	104	2147483647	40
105	0	12	20	105	2147483647	45
106	0	12	40	106	2147483647	35
107	4	8	10	107	2147483647	35
108	4	8	30	108	2147483647	42
109	4	14	40	109	2147483647	39
110	4	8	30	110	2147483647	39
111	3	1	40	111	2147483647	42
112	4	14	20	112	2147483647	36
113	0	12	20	113	2147483647	43
114	4	8	40	114	2147483647	38
115	0	12	20	115	2147483647	39
116	4	8	30	116	2147483647	36
117	4	14	30	117	2147483647	35
118	4	14	10	118	2147483647	41
119	3	1	40	119	2147483647	40
120	3	1	30	120	2147483647	42
121	0	12	10	121	2147483647	39
122	4	14	40	122	2147483647	37
123	3	1	30	123	2147483647	41
124	0	12	30	124	2147483647	38
125	3	1	10	125	2147483647	45
126	3	1	40	126	2147483647	39
127	0	12	40	127	2147483647	42
128	4	8	30	128	2147483647	45
129	4	8	30	129	2147483647	35
130	3	1	10	130	2147483647	41
131	0	12	10	131	2147483647	42
132	0	12	10	132	2147483647	37
133	4	8	30	133	2147483647	43
134	3	1	30	134	2147483647	37
135	4	14	30	135	2147483647	35
136	0	12	40	136	2147483647	41
137	0	12	40	137	2147483647	44
138	0	12	40	138	2147483647	44
139	4	14	30	139	2147483647	43
140	4	14	30	140	2147483647	43
141	0	12	10	141	2147483647	35
142	4	14	30	142	2147483647	35
143	4	8	40	143	2147483647	43
144	4	8	40	144	2147483647	38
145	4	14	10	145	2147483647	38
146	4	14	30	146	2147483647	44
147	4	14	10	147	2147483647	38
148	0	12	10	148	2147483647	42
149	4	14	30	149	2147483647	38
150	3	1	10	150	2147483647	45
151	0	12	20	151	2147483647	38
152	3	1	30	152	2147483647	45
153	4	14	40	153	2147483647	35
154	4	14	30	154	2147483647	42
155	0	12	20	155	2147483647	42
156	3	1	30	156	2147483647	38
157	0	12	10	157	2147483647	44
158	3	1	10	158	2147483647	44
159	4	8	40	159	2147483647	41
160	3	1	20	160	2147483647	41
161	0	12	40	161	2147483647	38
162	4	14	30	162	2147483647	36
163	4	14	10	163	2147483647	42
164	0	12	40	164	2147483647	44
165	0	12	20	165	2147483647	42
166	3	1	40	166	2147483647	39
167	4	8	40	167	2147483647	39
168	3	1	40	168	2147483647	41
169	4	8	20	169	2147483647	37
170	0	12	20	170	2147483647	44
171	4	8	40	171	2147483647	38
172	3	1	30	172	2147483647	37
173	0	12	20	173	2147483647	43
174	3	1	20	174	2147483647	42
175	4	8	20	175	2147483647	41
176	0	12	20	176	2147483647	38
177	4	8	10	177	2147483647	39
178	4	8	40	178	2147483647	38
179	0	12	30	179	2147483647	45
180	4	14	20	180	2147483647	36
181	3	1	30	181	2147483647	35
182	4	14	30	182	2147483647	35
183	3	1	40	183	2147483647	41
184	4	14	20	184	2147483647	36
185	3	1	30	185	2147483647	37
186	4	8	30	186	2147483647	43
187	4	8	10	187	2147483647	37
188	4	8	40	188	2147483647	35
189	3	1	10	189	2147483647	41
190	4	8	40	190	2147483647	43
191	4	14	40	191	2147483647	43
192	3	1	30	192	2147483647	35
193	4	14	40	193	2147483647	38
194	4	8	10	194	2147483647	37
195	4	14	30	195	2147483647	40
196	4	8	30	196	2147483647	45
197	4	14	30	197	2147483647	39
198	0	12	40	198	2147483647	45
199	0	12	20	199	2147483647	41
200	0	12	20	200	2147483647	45
201	4	8	40	201	2147483647	39
202	0	12	20	202	2147483647	43
203	4	14	40	203	2147483647	39
204	3	1	10	204	2147483647	40
205	4	8	20	205	2147483647	41
206	4	8	40	206	2147483647	36
207	3	1	10	207	2147483647	37
208	0	12	30	208	2147483647	39
209	4	8	20	209	2147483647	35
210	4	14	40	210	2147483647	38
211	0	12	30	211	2147483647	44
212	4	14	10	212	2147483647	40
213	4	8	20	213	2147483647	44
214	4	8	30	214	2147483647	39
215	0	12	40	215	2147483647	40
216	4	8	20	216	2147483647	37
217	0	12	40	217	2147483647	40
218	0	12	40	218	2147483647	40
219	3	1	10	219	2147483647	41
220	3	1	40	220	2147483647	45
221	0	12	30	221	2147483647	37
222	4	14	10	222	2147483647	39
223	0	12	30	223	2147483647	35
224	4	14	20	224	2147483647	40
225	0	12	30	225	2147483647	36
226	3	1	10	226	2147483647	37
227	3	1	40	227	2147483647	45
228	4	14	10	228	2147483647	40
229	4	14	30	229	2147483647	36
230	0	12	40	230	2147483647	42
231	4	8	40	231	2147483647	45
232	4	8	10	232	2147483647	40
233	0	12	30	233	2147483647	42
234	4	14	20	234	2147483647	35
235	3	1	30	235	2147483647	42
236	4	8	10	236	2147483647	38
237	4	14	30	237	2147483647	42
238	4	14	40	238	2147483647	36
239	4	8	40	239	2147483647	40
240	0	12	40	240	2147483647	36
241	4	14	20	241	2147483647	40
242	4	8	30	242	2147483647	43
243	0	12	30	243	2147483647	45
244	3	1	10	244	2147483647	37
245	4	8	20	245	2147483647	44
246	0	12	40	246	2147483647	37
247	0	12	10	247	2147483647	36
248	3	1	20	248	2147483647	44
249	0	12	20	249	2147483647	43
250	3	1	10	250	2147483647	37
251	0	12	40	251	2147483647	39
252	3	1	30	252	2147483647	45
253	3	1	40	253	2147483647	38
254	4	8	30	254	2147483647	42
255	0	12	30	255	2147483647	42
256	4	8	30	256	2147483647	45
257	0	12	40	257	2147483647	42
258	4	14	30	258	2147483647	44
259	3	1	30	259	2147483647	38
260	3	1	20	260	2147483647	39
261	3	1	40	261	2147483647	37
262	4	14	10	262	2147483647	42
263	0	12	40	263	2147483647	37
264	4	8	20	264	2147483647	39
265	3	1	10	265	2147483647	39
266	4	14	20	266	2147483647	39
267	3	1	30	267	2147483647	44
268	4	8	10	268	2147483647	44
269	4	14	40	269	2147483647	42
270	3	1	40	270	2147483647	37
271	4	8	30	271	2147483647	41
272	0	12	10	272	2147483647	39
273	4	14	40	273	2147483647	45
274	4	8	10	274	2147483647	40
275	4	14	20	275	2147483647	39
276	4	14	10	276	2147483647	39
277	4	14	30	277	2147483647	40
278	4	8	20	278	2147483647	43
279	3	1	40	279	2147483647	41
280	0	12	40	280	2147483647	45
281	3	1	40	281	2147483647	36
282	0	12	30	282	2147483647	35
283	3	1	40	283	2147483647	43
284	4	8	20	284	2147483647	45
285	0	12	10	285	2147483647	38
286	3	1	20	286	2147483647	45
287	3	1	10	287	2147483647	37
288	4	14	10	288	2147483647	35
289	4	14	30	289	2147483647	38
290	0	12	40	290	2147483647	43
291	4	8	20	291	2147483647	41
292	0	12	10	292	2147483647	43
293	4	8	10	293	2147483647	43
294	3	1	30	294	2147483647	36
295	3	1	10	295	2147483647	44
296	4	14	20	296	2147483647	44
297	0	12	30	297	2147483647	41
298	3	1	10	298	2147483647	41
299	0	12	10	299	2147483647	44
300	3	1	40	300	2147483647	40
301	3	1	20	301	2147483647	38
302	3	1	10	302	2147483647	38
303	4	14	20	303	2147483647	36
304	3	1	30	304	2147483647	41
305	4	8	20	305	2147483647	42
306	4	14	30	306	2147483647	45
307	4	14	30	307	2147483647	35
308	4	8	40	308	2147483647	43
309	3	1	10	309	2147483647	37
310	0	12	20	310	2147483647	37
311	4	8	10	311	2147483647	40
312	3	1	20	312	2147483647	45
313	4	8	30	313	2147483647	38
314	4	8	40	314	2147483647	39
315	0	12	20	315	2147483647	37
316	4	8	20	316	2147483647	36
317	4	8	10	317	2147483647	44
318	4	14	30	318	2147483647	37
319	0	12	20	319	2147483647	35
320	4	14	40	320	2147483647	39
321	0	12	20	321	2147483647	37
322	4	14	30	322	2147483647	44
323	3	1	20	323	2147483647	40
324	3	1	10	324	2147483647	45
325	0	12	30	325	2147483647	41
326	4	8	30	326	2147483647	43
327	4	14	40	327	2147483647	41
328	0	12	20	328	2147483647	43
329	3	1	10	329	2147483647	41
330	0	12	40	330	2147483647	40
331	4	14	30	331	2147483647	43
332	0	12	20	332	2147483647	45
333	4	8	10	333	2147483647	45
334	0	12	10	334	2147483647	36
335	4	8	20	335	2147483647	41
336	4	14	40	336	2147483647	44
337	4	8	20	337	2147483647	45
338	4	14	20	338	2147483647	37
339	0	12	40	339	2147483647	37
340	4	8	20	340	2147483647	38
341	3	1	30	341	2147483647	45
342	4	8	20	342	2147483647	39
343	0	12	40	343	2147483647	43
344	4	14	10	344	2147483647	36
345	4	14	30	345	2147483647	37
346	4	14	40	346	2147483647	42
347	3	1	30	347	2147483647	40
348	0	12	20	348	2147483647	39
349	3	1	20	349	2147483647	44
350	0	12	30	350	2147483647	43
351	4	8	10	351	2147483647	35
352	4	8	40	352	2147483647	38
353	3	1	40	353	2147483647	40
354	4	8	20	354	2147483647	39
355	4	8	30	355	2147483647	38
356	4	14	40	356	2147483647	40
357	0	12	30	357	2147483647	43
358	4	8	10	358	2147483647	36
359	3	1	10	359	2147483647	45
360	4	14	40	360	2147483647	44
361	0	12	40	361	2147483647	38
362	3	1	20	362	2147483647	37
363	3	1	40	363	2147483647	36
364	4	8	20	364	2147483647	43
365	4	8	40	365	2147483647	39
366	0	12	40	366	2147483647	41
367	4	8	20	367	2147483647	35
368	4	8	20	368	2147483647	36
369	0	12	20	369	2147483647	44
370	4	8	20	370	2147483647	39
371	0	12	10	371	2147483647	37
372	3	1	40	372	2147483647	42
373	4	14	30	373	2147483647	45
374	3	1	40	374	2147483647	42
375	0	12	10	375	2147483647	40
376	3	1	40	376	2147483647	43
377	3	1	30	377	2147483647	36
378	3	1	10	378	2147483647	39
379	3	1	20	379	2147483647	43
380	4	8	30	380	2147483647	45
381	3	1	40	381	2147483647	38
382	3	1	20	382	2147483647	37
383	3	1	10	383	2147483647	44
384	3	1	20	384	2147483647	44
385	3	1	30	385	2147483647	40
386	4	8	30	386	2147483647	40
387	3	1	20	387	2147483647	40
388	4	14	40	388	2147483647	40
389	3	1	20	389	2147483647	44
390	3	1	30	390	2147483647	35
391	3	1	20	391	2147483647	35
392	0	12	10	392	2147483647	43
393	4	8	20	393	2147483647	37
394	0	12	10	394	2147483647	39
395	4	8	20	395	2147483647	35
396	0	12	20	396	2147483647	43
397	4	14	30	397	2147483647	38
398	4	14	30	398	2147483647	45
399	3	1	20	399	2147483647	42
400	3	1	40	400	2147483647	42
401	3	1	20	401	2147483647	41
402	4	8	10	402	2147483647	38
403	4	14	10	403	2147483647	41
404	4	8	40	404	2147483647	40
405	0	12	30	405	2147483647	41
406	4	14	20	406	2147483647	39
407	4	8	20	407	2147483647	38
408	4	14	10	408	2147483647	43
409	0	12	10	409	2147483647	45
410	4	14	30	410	2147483647	40
411	4	8	10	411	2147483647	39
412	3	1	20	412	2147483647	38
413	3	1	30	413	2147483647	39
414	0	12	20	414	2147483647	35
415	4	8	40	415	2147483647	41
416	4	8	30	416	2147483647	36
417	0	12	10	417	2147483647	39
418	4	14	20	418	2147483647	38
419	3	1	30	419	2147483647	38
420	4	14	10	420	2147483647	45
421	3	1	20	421	2147483647	36
422	4	8	30	422	2147483647	41
423	3	1	40	423	2147483647	38
424	4	8	30	424	2147483647	43
425	3	1	10	425	2147483647	38
426	4	14	40	426	2147483647	39
427	4	8	30	427	2147483647	39
428	3	1	30	428	2147483647	41
429	4	8	20	429	2147483647	42
430	0	12	40	430	2147483647	43
431	3	1	20	431	2147483647	40
432	3	1	10	432	2147483647	36
433	0	12	40	433	2147483647	43
434	0	12	30	434	2147483647	35
435	4	14	10	435	2147483647	38
436	4	8	40	436	2147483647	45
437	4	14	10	437	2147483647	42
438	4	8	10	438	2147483647	38
439	3	1	30	439	2147483647	37
440	4	14	20	440	2147483647	35
441	4	14	20	441	2147483647	36
442	3	1	20	442	2147483647	42
443	4	14	30	443	2147483647	40
444	4	14	40	444	2147483647	38
445	4	8	30	445	2147483647	42
446	0	12	40	446	2147483647	42
447	3	1	20	447	2147483647	38
448	0	12	40	448	2147483647	37
449	4	14	10	449	2147483647	43
450	0	12	40	450	2147483647	44
451	4	14	10	451	2147483647	38
452	0	12	10	452	2147483647	45
453	0	12	10	453	2147483647	42
454	3	1	10	454	2147483647	42
455	0	12	30	455	2147483647	41
456	0	12	40	456	2147483647	35
457	3	1	10	457	2147483647	45
458	3	1	30	458	2147483647	43
459	3	1	40	459	2147483647	37
460	0	12	30	460	2147483647	36
461	3	1	30	461	2147483647	45
462	4	14	30	462	2147483647	43
463	3	1	30	463	2147483647	35
464	4	14	20	464	2147483647	37
465	0	12	20	465	2147483647	45
466	3	1	40	466	2147483647	37
467	4	8	30	467	2147483647	41
468	3	1	10	468	2147483647	38
469	4	8	10	469	2147483647	42
470	4	14	10	470	2147483647	41
471	3	1	30	471	2147483647	40
472	4	14	10	472	2147483647	35
473	0	12	40	473	2147483647	35
474	4	14	10	474	2147483647	37
475	4	14	40	475	2147483647	44
476	0	12	40	476	2147483647	39
477	4	8	10	477	2147483647	35
478	4	14	10	478	2147483647	45
479	0	12	40	479	2147483647	36
480	3	1	10	480	2147483647	41
481	4	8	30	481	2147483647	36
482	0	12	30	482	2147483647	36
483	4	14	30	483	2147483647	44
484	0	12	30	484	2147483647	44
485	0	12	40	485	2147483647	39
486	3	1	20	486	2147483647	40
487	3	1	10	487	2147483647	40
488	4	8	40	488	2147483647	36
489	0	12	10	489	2147483647	40
490	3	1	20	490	2147483647	38
491	3	1	30	491	2147483647	45
492	0	12	20	492	2147483647	44
493	3	1	10	493	2147483647	36
494	4	8	40	494	2147483647	36
495	4	8	40	495	2147483647	36
496	0	12	40	496	2147483647	38
497	4	14	40	497	2147483647	42
498	4	14	10	498	2147483647	37
499	3	1	20	499	2147483647	39
