0	0	12	10	0	2147483647	42
1	3	1	20	5	2147483647	44
2	3	1	30	10	2147483647	43
3	4	8	10	15	2147483647	40
4	3	1	30	20	2147483647	40
5	3	1	40	25	2147483647	44
6	0	12	10	30	2147483647	43
7	4	8	10	35	2147483647	41
8	4	14	40	40	2147483647	45
9	4	14	20	45	2147483647	35
10	4	8	10	50	2147483647	43
11	3	1	20	55	2147483647	38
12	0	12	40	60	2147483647	35
13	4	14	40	65	2147483647	36
14	4	14	30	70	2147483647	39
15	3	1	10	75	2147483647	44
16	0	12	10	80	2147483647	35
17	4	8	10	85	2147483647	45
18	0	12	10	90	2147483647	43
19	3	1	10	95	2147483647	44
20	3	1	40	100	2147483647	44
21	3	1	20	105	2147483647	43
22	4	8	30	110	2147483647	39
23	0	12	20	115	2147483647	35
24	4	8	10	120	2147483647	35
25	4	14	20	125	2147483647	41
26	3	1	20	130	2147483647	44
27	0	12	20	135	2147483647	43
28	0	12	30	140	2147483647	39
29	3	1	40	145	2147483647	40
30	4	14	10	150	2147483647	39
31	4	14	10	155	2147483647	36
32	0	12	40	160	2147483647	40
33	4	8	30	165	2147483647	44
34	3	1	30	170	2147483647	42
35	4	14	10	175	2147483647	45
36	0	12	10	180	2147483647	42
37	4	14	40	185	2147483647	45
38	0	12	10	190	2147483647	38
39	3	1	20	195	2147483647	43
40	3	1	40	200	2147483647	39
41	0	12	20	205	2147483647	36
42	4	8	10	210	2147483647	39
43	4	14	20	215	2147483647	44
44	4	14	10	220	2147483647	39
45	4	14	20	225	2147483647	43
46	3	1	20	230	2147483647	38
47	4	8	20	235	2147483647	42
48	0	12	10	240	2147483647	45
49	0	12	30	245	2147483647	38
50	3	1	10	250	2147483647	43
51	0	12	20	255	2147483647	44
52	4	8	30	260	2147483647	42
53	0	12	10	265	2147483647	40
54	0	12	30	270	2147483647	35
55	3	1	30	275	2147483647	44
56	4	8	40	280	2147483647	40
57	4	8	20	285	2147483647	42
58	0	12	40	290	2147483647	40
59	4	14	20	295	2147483647	45
60	0	12	20	300	2147483647	45
61	0	12	40	305	2147483647	45
62	4	8	30	310	2147483647	37
63	0	12	10	315	2147483647	39
64	4	14	10	320	2147483647	41
65	3	1	40	325	2147483647	42
66	3	1	20	330	2147483647	43
67	3	1	10	335	2147483647	37
68	4	8	10	340	2147483647	39
69	4	14	20	345	2147483647	39
70	4	8	10	350	2147483647	37
71	0	12	20	355	2147483647	35
72	0	12	10	360	2147483647	41
73	4	8	40	365	2147483647	45
74	0	12	10	370	2147483647	39
75	4	8	20	375	2147483647	43
76	0	12	10	380	2147483647	38
77	4	8	10	385	2147483647	40
78	4	8	10	390	2147483647	42
79	3	1	40	395	2147483647	37
80	4	8	10	400	2147483647	37
81	0	12	10	405	2147483647	37
82	4	14	10	410	2147483647	43
83	4	14	40	415	2147483647	35
84	0	12	30	420	2147483647	43
85	4	14	40	425	2147483647	40
86	4	8	30	430	2147483647	39
87	0	12	40	435	2147483647	35
88	0	12	10	440	2147483647	43
89	4	14	10	445	2147483647	44
90	3	1	20	450	2147483647	40
91	3	1	40	455	2147483647	45
92	4	14	10	460	2147483647	40
93	4	8	30	465	2147483647	38
94	4	8	40	470	2147483647	44
95	4	8	10	475	2147483647	40
96	4	14	40	480	2147483647	44
97	4	8	10	485	2147483647	45
98	4	14	20	490	2147483647	37
99	0	12	20	495	2147483647	42
100	0	12	10	500	2147483647	35
101	4	14	10	505	2147483647	36
102	0	12	10	510	2147483647	38
103	4	8	30	515	2147483647	41
104	3	1	30	520	2147483647	36
105	3	1	40	525	2147483647	43
106	4	14	20	530	2147483647	38
107	0	12	40	535	2147483647	42
108	4	14	40	540	2147483647	35
109	4	14	10	545	2147483647	38
110	4	8	20	550	2147483647	41
111	4	14	30	555	2147483647	45
112	0	12	10	560	2147483647	45
113	3	1	10	565	2147483647	37
114	3	1	10	570	2147483647	43
115	4	14	20	575	2147483647	43
116	0	12	30	580	2147483647	36
117	4	8	40	585	2147483647	36
118	4	14	30	590	2147483647	42
119	0	12	20	595	2147483647	36
120	0	12	20	600	2147483647	38
121	3	1	30	605	2147483647	42
122	4	8	10	610	2147483647	39
123	4	8	10	615	2147483647	41
124	0	12	40	620	2147483647	44
125	4	14	20	625	2147483647	37
126	0	12	20	630	2147483647	40
127	4	14	20	635	2147483647	38
128	0	12	40	640	2147483647	36
129	3	1	10	645	2147483647	45
130	3	1	30	650	2147483647	44
131	4	14	10	655	2147483647	38
132	4	8	40	660	2147483647	37
133	0	12	40	665	2147483647	35
134	4	8	30	670	2147483647	37
135	4	8	40	675	2147483647	35
136	0	12	40	680	2147483647	44
137	3	1	30	685	2147483647	36
138	0	12	20	690	2147483647	45
139	3	1	30	695	2147483647	35
140	4	14	20	700	2147483647	37
141	4	8	30	705	2147483647	42
142	0	12	40	710	2147483647	35
143	4	8	40	715	2147483647	40
144	4	8	30	720	2147483647	37
145	4	14	30	725	2147483647	40
146	3	1	30	730	2147483647	45
147	4	8	40	735	2147483647	37
148	4	14	30	740	2147483647	41
149	4	8	30	745	2147483647	36
150	4	8	30	750	2147483647	38
151	4	8	40	755	2147483647	43
152	4	8	30	760	2147483647	38
153	4	14	10	765	2147483647	36
154	0	12	40	770	2147483647	39
155	3	1	30	775	2147483647	38
156	4	8	10	780	2147483647	42
157	3	1	10	785	2147483647	42
158	0	12	30	790	2147483647	43
159	4	14	10	795	2147483647	44
160	3	1	30	800	2147483647	37
161	0	12	10	805	2147483647	45
162	4	14	10	810	2147483647	41
163	0	12	40	815	2147483647	35
164	0	12	30	820	2147483647	39
165	3	1	20	825	2147483647	37
166	4	8	30	830	2147483647	43
167	4	14	20	835	2147483647	45
168	4	8	20	840	2147483647	35
169	0	12	20	845	2147483647	42
170	3	1	30	850	2147483647	44
171	4	8	40	855	2147483647	35
172	0	12	20	860	2147483647	37
173	4	8	40	865	2147483647	42
174	4	8	40	870	2147483647	44
175	4	14	30	875	2147483647	41
176	4	8	30	880	2147483647	42
177	4	14	10	885	2147483647	45
178	4	14	30	890	2147483647	38
179	4	8	20	895	2147483647	38
180	4	8	40	900	2147483647	38
181	3	1	20	905	2147483647	37
182	4	14	40	910	2147483647	42
183	3	1	10	915	2147483647	45
184	4	8	30	920	2147483647	42
185	0	12	30	925	2147483647	36
186	3	1	20	930	2147483647	35
187	3	1	40	935	2147483647	36
188	0	12	40	940	2147483647	42
189	3	1	10	945	2147483647	44
190	0	12	40	950	2147483647	38
191	3	1	40	955	2147483647	37
192	3	1	40	960	2147483647	39
193	4	8	10	965	2147483647	36
194	0	12	40	970	2147483647	43
195	4	14	20	975	2147483647	37
196	4	8	30	980	2147483647	35
197	4	14	10	985	2147483647	45
198	4	8	20	990	2147483647	35
199	4	14	10	995	2147483647	35
200	3	1	40	1000	2147483647	43
201	3	1	10	1005	2147483647	45
202	0	12	30	1010	2147483647	37
203	4	14	10	1015	2147483647	45
204	3	1	10	1020	2147483647	37
205	4	14	30	1025	2147483647	38
206	0	12	30	1030	2147483647	41
207	4	14	40	1035	2147483647	42
208	3	1	10	1040	2147483647	37
209	0	12	20	1045	2147483647	43
210	0	12	40	1050	2147483647	41
211	4	8	10	1055	2147483647	42
212	4	14	30	1060	2147483647	38
213	3	1	20	1065	2147483647	39
214	3	1	20	1070	2147483647	40
215	4	14	20	1075	2147483647	35
216	0	12	20	1080	2147483647	38
217	4	8	40	1085	2147483647	41
218	4	14	10	1090	2147483647	39
219	4	14	40	1095	2147483647	37
220	4	14	10	1100	2147483647	37
221	3	1	40	1105	2147483647	41
222	3	1	30	1110	2147483647	38
223	3	1	10	1115	2147483647	36
224	0	12	30	1120	2147483647	38
225	0	12	30	1125	2147483647	41
226	4	14	10	1130	2147483647	41
227	4	14	20	1135	2147483647	35
228	4	8	40	1140	2147483647	44
229	3	1	30	1145	2147483647	42
230	4	8	40	1150	2147483647	40
231	3	1	30	1155	2147483647	43
232	3	1	30	1160	2147483647	45
233	4	14	20	1165	2147483647	38
234	4	14	20	1170	2147483647	41
235	3	1	30	1175	2147483647	38
236	4	8	30	1180	2147483647	45
237	0	12	30	1185	2147483647	43
238	4	14	10	1190	2147483647	43
239	3	1	10	1195	2147483647	39
240	0	12	10	1200	2147483647	41
241	3	1	30	1205	2147483647	38
242	0	12	30	1210	2147483647	44
243	4	14	30	1215	2147483647	44
244	4	8	20	1220	2147483647	38
245	3	1	30	1225	2147483647	41
246	4	14	20	1230	2147483647	44
247	4	14	20	1235	2147483647	35
248	3	1	40	1240	2147483647	41
249	0	12	30	1245	2147483647	42
250	3	1	10	1250	2147483647	45
251	0	12	40	1255	2147483647	40
252	0	12	40	1260	2147483647	40
253	4	8	20	1265	2147483647	43
254	0	12	40	1270	2147483647	44
255	4	14	10	1275	2147483647	37
256	0	12	30	1280	2147483647	42
257	4	8	20	1285	2147483647	35
258	4	14	30	1290	2147483647	41
259	3	1	20	1295	2147483647	41
260	0	12	20	1300	2147483647	42
261	0	12	10	1305	2147483647	40
262	3	1	40	1310	2147483647	43
263	4	14	30	1315	2147483647	41
264	3	1	20	1320	2147483647	37
265	3	1	10	1325	2147483647	44
266	3	1	20	1330	2147483647	43
267	4	14	10	1335	2147483647	35
268	4	14	10	1340	2147483647	44
269	0	12	30	1345	2147483647	37
270	4	8	30	1350	2147483647	35
271	0	12	40	1355	2147483647	41
272	3	1	30	1360	2147483647	44
273	0	12	10	1365	2147483647	35
274	4	14	40	1370	2147483647	42
275	4	8	30	1375	2147483647	44
276	3	1	20	1380	2147483647	42
277	3	1	10	1385	2147483647	39
278	0	12	40	1390	2147483647	44
279	4	8	40	1395	2147483647	42
280	4	8	20	1400	2147483647	43
281	4	14	30	1405	2147483647	41
282	4	8	30	1410	2147483647	39
283	0	12	10	1415	2147483647	36
284	4	14	30	1420	2147483647	43
285	4	8	10	1425	2147483647	35
286	4	8	40	1430	2147483647	37
287	4	8	20	1435	2147483647	36
288	4	14	30	1440	2147483647	40
289	4	14	20	1445	2147483647	39
290	3	1	10	1450	2147483647	41
291	4	14	10	1455	2147483647	45
292	4	8	40	1460	2147483647	36
293	4	8	30	1465	2147483647	36
294	4	8	30	1470	2147483647	42
295	4	14	40	1475	2147483647	35
296	0	12	30	1480	2147483647	41
297	0	12	40	1485	2147483647	38
298	4	8	10	1490	2147483647	41
299	4	14	10	1495	2147483647	39
300	4	14	20	1500	2147483647	43
301	4	14	10	1505	2147483647	44
302	0	12	20	1510	2147483647	37
303	3	1	10	1515	2147483647	39
304	4	14	40	1520	2147483647	42
305	3	1	10	1525	2147483647	39
306	3	1	10	1530	2147483647	41
307	4	14	30	1535	2147483647	39
308	4	8	30	1540	2147483647	36
309	3	1	20	1545	2147483647	45
310	4	8	40	1550	2147483647	40
311	4	8	20	1555	2147483647	37
312	0	12	30	1560	2147483647	36
313	4	8	40	1565	2147483647	44
314	0	12	40	1570	2147483647	44
315	4	8	40	1575	2147483647	36
316	4	14	30	1580	2147483647	35
317	4	8	30	1585	2147483647	41
318	0	12	10	1590	2147483647	43
319	4	8	20	1595	2147483647	37
320	0	12	20	1600	2147483647	41
321	4	8	10	1605	2147483647	42
322	4	14	20	1610	2147483647	41
323	4	14	40	1615	2147483647	39
324	3	1	30	1620	2147483647	41
325	4	8	30	1625	2147483647	36
326	3	1	40	1630	2147483647	39
327	0	12	40	1635	2147483647	43
328	4	14	30	1640	2147483647	39
329	0	12	40	1645	2147483647	41
330	0	12	10	1650	2147483647	38
331	4	8	20	1655	2147483647	38
332	4	8	40	1660	2147483647	44
333	4	8	30	1665	2147483647	40
334	4	8	20	1670	2147483647	44
335	4	8	10	1675	2147483647	44
336	3	1	10	1680	2147483647	39
337	3	1	20	1685	2147483647	35
338	4	8	20	1690	2147483647	40
339	4	8	20	1695	2147483647	39
340	4	14	40	1700	2147483647	39
341	3	1	10	1705	2147483647	43
342	0	12	30	1710	2147483647	45
343	0	12	20	1715	2147483647	40
344	3	1	20	1720	2147483647	44
345	0	12	30	1725	2147483647	39
346	3	1	30	1730	2147483647	43
347	0	12	40	1735	2147483647	38
348	0	12	40	1740	2147483647	37
349	0	12	30	1745	2147483647	41
350	4	14	10	1750	2147483647	35
351	3	1	40	1755	2147483647	45
352	0	12	40	1760	2147483647	40
353	4	14	40	1765	2147483647	38
354	4	14	30	1770	2147483647	44
355	3	1	10	1775	2147483647	36
356	0	12	40	1780	2147483647	37
357	0	12	30	1785	2147483647	43
358	0	12	20	1790	2147483647	43
359	4	8	20	1795	2147483647	41
360	4	14	20	1800	2147483647	45
361	4	8	10	1805	2147483647	44
362	0	12	40	1810	2147483647	35
363	0	12	30	1815	2147483647	40
364	3	1	10	1820	2147483647	42
365	0	12	30	1825	2147483647	36
366	4	14	20	1830	2147483647	39
367	4	14	40	1835	2147483647	42
368	0	12	20	1840	2147483647	45
369	3	1	30	1845	2147483647	45
370	3	1	30	1850	2147483647	43
371	0	12	10	1855	2147483647	45
372	0	12	20	1860	2147483647	36
373	3	1	40	1865	2147483647	39
374	4	8	20	1870	2147483647	43
375	4	8	20	1875	2147483647	43
376	0	12	20	1880	2147483647	42
377	3	1	10	1885	2147483647	36
378	4	8	20	1890	2147483647	41
379	4	8	40	1895	2147483647	37
380	3	1	40	1900	2147483647	38
381	3	1	10	1905	2147483647	36
382	4	14	10	1910	2147483647	41
383	3	1	10	1915	2147483647	43
384	0	12	40	1920	2147483647	41
385	3	1	20	1925	2147483647	38
386	0	12	20	1930	2147483647	43
387	4	8	10	1935	2147483647	40
388	3	1	10	1940	2147483647	41
389	3	1	20	1945	2147483647	43
390	4	8	20	1950	2147483647	41
391	3	1	30	1955	2147483647	42
392	3	1	10	1960	2147483647	38
393	4	14	10	1965	2147483647	44
394	4	8	40	1970	2147483647	39
395	3	1	30	1975	2147483647	41
396	3	1	20	1980	2147483647	42
397	4	14	10	1985	2147483647	39
398	3	1	10	1990	2147483647	43
399	4	8	40	1995	2147483647	43
400	4	8	20	2000	2147483647	35
401	4	14	30	2005	2147483647	35
402	4	14	20	2010	2147483647	38
403	3	1	10	2015	2147483647	37
404	4	8	40	2020	2147483647	44
405	3	1	40	2025	2147483647	35
406	3	1	20	2030	2147483647	43
407	3	1	40	2035	2147483647	36
408	3	1	20	2040	2147483647	41
409	4	8	20	2045	2147483647	35
410	3	1	40	2050	2147483647	39
411	4	8	30	2055	2147483647	36
412	3	1	20	2060	2147483647	37
413	4	14	30	2065	2147483647	41
414	3	1	20	2070	2147483647	37
415	4	8	10	2075	2147483647	44
416	4	8	10	2080	2147483647	38
417	4	8	40	2085	2147483647	37
418	0	12	30	2090	2147483647	45
419	0	12	40	2095	2147483647	39
420	4	14	10	2100	2147483647	38
421	4	8	20	2105	2147483647	44
422	0	12	40	2110	2147483647	36
423	4	8	10	2115	2147483647	37
424	0	12	10	2120	2147483647	38
425	0	12	10	2125	2147483647	35
426	3	1	10	2130	2147483647	42
427	0	12	20	2135	2147483647	37
428	0	12	40	2140	2147483647	35
429	3	1	30	2145	2147483647	37
430	4	14	40	2150	2147483647	35
431	4	8	10	2155	2147483647	37
432	0	12	40	2160	2147483647	38
433	0	12	20	2165	2147483647	43
434	4	14	30	2170	2147483647	37
435	4	14	20	2175	2147483647	38
436	3	1	30	2180	2147483647	43
437	4	8	40	2185	2147483647	38
438	4	8	10	2190	2147483647	45
439	3	1	40	2195	2147483647	40
440	4	14	40	2200	2147483647	40
441	3	1	20	2205	2147483647	42
442	4	14	40	2210	2147483647	45
443	4	8	30	2215	2147483647	41
444	0	12	20	2220	2147483647	38
445	0	12	40	2225	2147483647	39
446	4	14	10	2230	2147483647	40
447	4	14	20	2235	2147483647	42
448	4	8	30	2240	2147483647	42
449	0	12	40	2245	2147483647	40
450	0	12	30	2250	2147483647	38
451	0	12	20	2255	2147483647	40
452	4	14	20	2260	2147483647	40
453	3	1	20	2265	2147483647	39
454	3	1	40	2270	2147483647	39
455	4	14	40	2275	2147483647	36
456	3	1	40	2280	2147483647	45
457	3	1	20	2285	2147483647	36
458	4	8	40	2290	2147483647	44
459	0	12	30	2295	2147483647	43
460	0	12	30	2300	2147483647	39
461	4	8	10	2305	2147483647	40
462	4	8	10	2310	2147483647	35
463	4	14	30	2315	2147483647	38
464	4	8	20	2320	2147483647	45
465	0	12	30	2325	2147483647	36
466	0	12	40	2330	2147483647	44
467	3	1	10	2335	2147483647	39
468	4	14	10	2340	2147483647	39
469	4	14	10	2345	2147483647	45
470	3	1	30	2350	2147483647	36
471	0	12	10	2355	2147483647	45
472	4	14	30	2360	2147483647	38
473	4	8	40	2365	2147483647	40
474	0	12	10	2370	2147483647	44
475	4	8	30	2375	2147483647	41
476	3	1	20	2380	2147483647	45
477	4	14	10	2385	2147483647	40
478	4	8	40	2390	2147483647	44
479	0	12	20	2395	2147483647	44
480	4	8	10	2400	2147483647	41
481	4	14	40	2405	2147483647	45
482	4	14	30	2410	2147483647	41
483	0	12	10	2415	2147483647	41
484	3	1	10	2420	2147483647	44
485	3	1	20	2425	2147483647	41
486	4	8	30	2430	2147483647	43
487	3	1	30	2435	2147483647	45
488	4	8	20	2440	2147483647	38
489	4	14	30	2445	2147483647	36
490	0	12	20	2450	2147483647	39
491	0	12	10	2455	2147483647	42
492	4	14	10	2460	2147483647	39
493	0	12	20	2465	2147483647	37
494	3	1	10	2470	2147483647	36
495	4	8	30	2475	2147483647	45
496	0	12	20	2480	2147483647	42
497	4	14	10	2485	2147483647	41
498	4	14	20	2490	2147483647	42
499	4	14	30	2495	2147483647	36
500	4	14	40	2500	2147483647	41
501	0	12	10	2505	2147483647	35
502	4	14	20	2510	2147483647	38
503	4	8	30	2515	2147483647	42
504	4	8	10	2520	2147483647	39
505	0	12	30	2525	2147483647	38
506	4	8	40	2530	2147483647	36
507	4	8	30	2535	2147483647	45
508	4	8	20	2540	2147483647	40
509	0	12	20	2545	2147483647	44
510	4	8	30	2550	2147483647	36
511	4	14	30	2555	2147483647	40
512	0	12	30	2560	2147483647	37
513	0	12	20	2565	2147483647	35
514	4	14	30	2570	2147483647	36
515	0	12	40	2575	2147483647	39
516	3	1	20	2580	2147483647	45
517	0	12	10	2585	2147483647	40
518	4	8	30	2590	2147483647	40
519	4	14	40	2595	2147483647	38
520	4	14	40	2600	2147483647	39
521	3	1	10	2605	2147483647	45
522	0	12	30	2610	2147483647	35
523	4	14	20	2615	2147483647	38
524	4	14	30	2620	2147483647	41
525	3	1	20	2625	2147483647	40
526	0	12	40	2630	2147483647	41
527	4	14	20	2635	2147483647	35
528	4	14	30	2640	2147483647	38
529	3	1	20	2645	2147483647	44
530	0	12	20	2650	2147483647	45
531	3	1	10	2655	2147483647	39
532	4	14	40	2660	2147483647	43
533	4	8	10	2665	2147483647	42
534	4	8	20	2670	2147483647	38
535	0	12	10	2675	2147483647	40
536	4	14	20	2680	2147483647	42
537	4	8	10	2685	2147483647	44
538	4	14	10	2690	2147483647	37
539	4	8	20	2695	2147483647	41
540	4	8	30	2700	2147483647	39
541	0	12	10	2705	2147483647	43
542	0	12	20	2710	2147483647	39
543	0	12	10	2715	2147483647	40
544	3	1	10	2720	2147483647	45
545	0	12	40	2725	2147483647	45
546	4	14	30	2730	2147483647	39
547	4	14	30	2735	2147483647	39
548	0	12	30	2740	2147483647	35
549	4	8	10	2745	2147483647	43
550	4	14	10	2750	2147483647	35
551	4	14	20	2755	2147483647	37
552	3	1	30	2760	2147483647	36
553	0	12	20	2765	2147483647	39
554	0	12	30	2770	2147483647	43
555	0	12	40	2775	2147483647	42
556	0	12	20	2780	2147483647	35
557	0	12	10	2785	2147483647	35
558	4	8	10	2790	2147483647	36
559	3	1	30	2795	2147483647	44
560	4	14	30	2800	2147483647	43
561	4	8	30	2805	2147483647	36
562	4	8	10	2810	2147483647	42
563	4	14	40	2815	2147483647	42
564	0	12	40	2820	2147483647	45
565	3	1	20	2825	2147483647	43
566	4	14	40	2830	2147483647	42
567	4	14	20	2835	2147483647	40
568	4	14	40	2840	2147483647	42
569	4	14	30	2845	2147483647	41
570	4	8	30	2850	2147483647	42
571	0	12	20	2855	2147483647	35
572	4	8	40	2860	2147483647	38
573	4	14	10	2865	2147483647	44
574	4	8	20	2870	2147483647	44
575	3	1	40	2875	2147483647	41
576	3	1	40	2880	2147483647	41
577	4	14	30	2885	2147483647	41
578	0	12	20	2890	2147483647	38
579	3	1	40	2895	2147483647	41
580	4	14	30	2900	2147483647	36
581	4	8	20	2905	2147483647	37
582	3	1	30	2910	2147483647	45
583	3	1	20	2915	2147483647	41
584	3	1	20	2920	2147483647	44
585	0	12	40	2925	2147483647	42
586	0	12	30	2930	2147483647	37
587	4	14	30	2935	2147483647	39
588	0	12	20	2940	2147483647	45
589	0	12	30	2945	2147483647	42
590	0	12	30	2950	2147483647	40
591	3	1	20	2955	2147483647	42
592	0	12	40	2960	2147483647	43
593	0	12	20	2965	2147483647	38
594	4	8	30	2970	2147483647	43
595	0	12	10	2975	2147483647	38
596	3	1	10	2980	2147483647	36
597	0	12	30	2985	2147483647	42
598	0	12	10	2990	2147483647	41
599	4	14	30	2995	2147483647	37
600	0	12	40	3000	2147483647	37
601	0	12	20	3005	2147483647	44
602	4	14	30	3010	2147483647	42
603	4	8	10	3015	2147483647	40
604	4	14	30	3020	2147483647	35
605	3	1	30	3025	2147483647	35
606	3	1	20	3030	2147483647	44
607	3	1	20	3035	2147483647	37
608	3	1	10	3040	2147483647	40
609	4	8	40	3045	2147483647	36
610	3	1	40	3050	2147483647	35
611	0	12	30	3055	2147483647	40
612	4	14	30	3060	2147483647	42
613	4	14	20	3065	2147483647	40
614	4	14	40	3070	2147483647	43
615	3	1	20	3075	2147483647	40
616	3	1	10	3080	2147483647	36
617	4	14	30	3085	2147483647	35
618	0	12	30	3090	2147483647	44
619	0	12	40	3095	2147483647	37
620	3	1	30	3100	2147483647	40
621	0	12	20	3105	2147483647	37
622	3	1	40	3110	2147483647	41
623	4	14	20	3115	2147483647	35
624	4	14	40	3120	2147483647	36
625	3	1	20	3125	2147483647	35
626	0	12	30	3130	2147483647	38
627	0	12	30	3135	2147483647	45
628	4	8	30	3140	2147483647	36
629	4	8	10	3145	2147483647	40
630	0	12	40	3150	2147483647	40
631	4	8	20	3155	2147483647	44
632	4	14	20	3160	2147483647	45
633	4	8	30	3165	2147483647	35
634	4	8	40	3170	2147483647	39
635	3	1	20	3175	2147483647	37
636	3	1	40	3180	2147483647	41
637	4	8	30	3185	2147483647	40
638	3	1	40	3190	2147483647	40
639	0	12	30	3195	2147483647	43
640	4	8	30	3200	2147483647	43
641	4	8	20	3205	2147483647	35
642	0	12	20	3210	2147483647	44
643	4	14	30	3215	2147483647	43
644	3	1	40	3220	2147483647	41
645	4	14	40	3225	2147483647	35
646	4	14	30	3230	2147483647	45
647	0	12	30	3235	2147483647	37
648	4	8	20	3240	2147483647	40
649	4	14	20	3245	2147483647	38
650	4	8	10	3250	2147483647	37
651	3	1	30	3255	2147483647	35
652	0	12	40	3260	2147483647	44
653	0	12	10	3265	2147483647	39
654	0	12	10	3270	2147483647	43
655	0	12	30	3275	2147483647	45
656	4	8	20	3280	2147483647	37
657	0	12	20	3285	2147483647	41
658	3	1	10	3290	2147483647	38
659	4	8	10	3295	2147483647	35
660	3	1	10	3300	2147483647	43
661	4	8	30	3305	2147483647	45
662	4	8	40	3310	2147483647	36
663	0	12	40	3315	2147483647	45
664	4	8	40	3320	2147483647	42
665	0	12	30	3325	2147483647	37
666	4	8	20	3330	2147483647	40
667	3	1	40	3335	2147483647	42
668	4	8	20	3340	2147483647	36
669	0	12	30	3345	2147483647	40
670	0	12	20	3350	2147483647	45
671	4	8	20	3355	2147483647	41
672	0	12	30	3360	2147483647	41
673	0	12	40	3365	2147483647	35
674	3	1	20	3370	2147483647	39
675	4	8	20	3375	2147483647	40
676	0	12	40	3380	2147483647	39
677	4	14	20	3385	2147483647	43
678	0	12	20	3390	2147483647	40
679	4	14	10	3395	2147483647	35
680	4	14	30	3400	2147483647	36
681	4	14	10	3405	2147483647	35
682	4	14	10	3410	2147483647	40
683	3	1	10	3415	2147483647	44
684	0	12	10	3420	2147483647	38
685	4	8	20	3425	2147483647	39
686	4	8	20	3430	2147483647	45
687	4	14	10	3435	2147483647	41
688	0	12	30	3440	2147483647	38
689	4	8	20	3445	2147483647	39
690	4	8	40	3450	2147483647	35
691	4	8	20	3455	2147483647	45
692	3	1	20	3460	2147483647	36
693	4	8	30	3465	2147483647	40
694	4	8	30	3470	2147483647	35
695	0	12	40	3475	2147483647	44
696	4	14	30	3480	2147483647	44
697	4	14	30	3485	2147483647	44
698	4	8	30	3490	2147483647	36
699	4	8	20	3495	2147483647	38
700	3	1	30	3500	2147483647	40
701	0	12	30	3505	2147483647	38
702	4	14	10	3510	2147483647	35
703	0	12	40	3515	2147483647	35
704	4	14	10	3520	2147483647	38
705	4	14	30	3525	2147483647	41
706	4	8	40	3530	2147483647	40
707	0	12	10	3535	2147483647	44
708	4	8	40	3540	2147483647	45
709	4	14	30	3545	2147483647	37
710	0	12	30	3550	2147483647	41
711	3	1	10	3555	2147483647	40
712	4	14	40	3560	2147483647	36
713	4	14	10	3565	2147483647	38
714	4	8	30	3570	2147483647	44
715	3	1	10	3575	2147483647	42
716	3	1	20	3580	2147483647	39
717	4	14	40	3585	2147483647	38
718	0	12	30	3590	2147483647	42
719	4	14	30	3595	2147483647	37
720	4	14	10	3600	2147483647	38
721	4	8	10	3605	2147483647	44
722	3	1	20	3610	2147483647	38
723	4	14	10	3615	2147483647	43
724	4	14	30	3620	2147483647	40
725	3	1	40	3625	2147483647	35
726	3	1	10	3630	2147483647	39
727	4	14	40	3635	2147483647	35
728	3	1	20	3640	2147483647	45
729	4	8	20	3645	2147483647	40
730	4	8	40	3650	2147483647	41
731	0	12	10	3655	2147483647	40
732	4	8	30	3660	2147483647	42
733	4	14	10	3665	2147483647	36
734	0	12	20	3670	2147483647	40
735	4	14	40	3675	2147483647	43
736	0	12	40	3680	2147483647	35
737	3	1	20	3685	2147483647	40
738	3	1	40	3690	2147483647	40
739	0	12	30	3695	2147483647	43
740	4	14	20	3700	2147483647	45
741	0	12	20	3705	2147483647	35
742	4	8	20	3710	2147483647	41
743	0	12	10	3715	2147483647	35
744	4	8	40	3720	2147483647	43
745	4	14	40	3725	2147483647	40
746	3	1	30	3730	2147483647	43
747	4	14	20	3735	2147483647	44
748	4	14	10	3740	2147483647	41
749	3	1	30	3745	2147483647	39
750	3	1	20	3750	2147483647	39
751	0	12	30	3755	2147483647	41
752	4	14	10	3760	2147483647	37
753	3	1	10	3765	2147483647	44
754	4	8	10	3770	2147483647	35
755	0	12	30	3775	2147483647	42
756	3	1	20	3780	2147483647	45
757	4	14	10	3785	2147483647	38
758	4	8	10	3790	2147483647	40
759	0	12	10	3795	2147483647	37
760	0	12	30	3800	2147483647	36
761	3	1	40	3805	2147483647	39
762	4	8	30	3810	2147483647	45
763	4	14	20	3815	2147483647	40
764	3	1	40	3820	2147483647	42
765	4	14	20	3825	2147483647	36
766	0	12	30	3830	2147483647	43
767	0	12	30	3835	2147483647	45
768	3	1	30	3840	2147483647	43
769	3	1	30	3845	2147483647	36
770	3	1	10	3850	2147483647	41
771	4	14	10	3855	2147483647	45
772	0	12	40	3860	2147483647	43
773	4	14	40	3865	2147483647	44
774	4	14	10	3870	2147483647	38
775	3	1	40	3875	2147483647	37
776	0	12	30	3880	2147483647	37
777	4	8	20	3885	2147483647	37
778	3	1	20	3890	2147483647	45
779	0	12	30	3895	2147483647	45
780	4	14	20	3900	2147483647	37
781	4	14	30	3905	2147483647	41
782	4	14	30	3910	2147483647	39
783	0	12	40	3915	2147483647	40
784	4	14	10	3920	2147483647	35
785	0	12	10	3925	2147483647	45
786	0	12	10	3930	2147483647	37
787	4	14	30	3935	2147483647	43
788	4	8	10	3940	2147483647	36
789	4	14	30	3945	2147483647	44
790	4	8	30	3950	2147483647	44
791	0	12	40	3955	2147483647	43
792	4	8	20	3960	2147483647	45
793	3	1	40	3965	2147483647	38
794	4	14	10	3970	2147483647	41
795	4	8	20	3975	2147483647	40
796	4	14	30	3980	2147483647	36
797	4	8	40	3985	2147483647	36
798	3	1	10	3990	2147483647	39
799	4	8	20	3995	2147483647	42
800	3	1	20	4000	2147483647	43
801	3	1	40	4005	2147483647	44
802	4	8	40	4010	2147483647	36
803	4	8	30	4015	2147483647	40
804	4	14	20	4020	2147483647	43
805	3	1	20	4025	2147483647	40
806	0	12	40	4030	2147483647	44
807	4	14	10	4035	2147483647	39
808	3	1	40	4040	2147483647	40
809	4	14	20	4045	2147483647	43
810	0	12	40	4050	2147483647	39
811	0	12	10	4055	2147483647	42
812	4	8	30	4060	2147483647	38
813	4	8	20	4065	2147483647	40
814	4	8	30	4070	2147483647	35
815	4	8	40	4075	2147483647	41
816	3	1	10	4080	2147483647	45
817	0	12	40	4085	2147483647	39
818	4	14	20	4090	2147483647	40
819	4	8	30	4095	2147483647	42
820	3	1	20	4100	2147483647	44
821	4	8	10	4105	2147483647	45
822	3	1	30	4110	2147483647	44
823	3	1	40	4115	2147483647	44
824	4	8	40	4120	2147483647	37
825	3	1	10	4125	2147483647	44
826	3	1	40	4130	2147483647	35
827	3	1	40	4135	2147483647	40
828	4	14	40	4140	2147483647	37
829	3	1	30	4145	2147483647	44
830	4	14	10	4150	2147483647	36
831	3	1	30	4155	2147483647	36
832	4	14	10	4160	2147483647	44
833	0	12	40	4165	2147483647	38
834	4	8	20	4170	2147483647	37
835	4	8	30	4175	2147483647	39
836	4	8	40	4180	2147483647	39
837	3	1	10	4185	2147483647	45
838	0	12	20	4190	2147483647	42
839	4	8	30	4195	2147483647	41
840	0	12	10	4200	2147483647	36
841	4	8	40	4205	2147483647	44
842	0	12	30	4210	2147483647	38
843	3	1	40	4215	2147483647	39
844	3	1	40	4220	2147483647	40
845	0	12	30	4225	2147483647	36
846	4	14	10	4230	2147483647	39
847	4	14	40	4235	2147483647	39
848	4	8	20	4240	2147483647	38
849	4	8	10	4245	2147483647	35
850	4	14	20	4250	2147483647	40
851	3	1	40	4255	2147483647	42
852	4	8	30	4260	2147483647	42
853	0	12	30	4265	2147483647	42
854	3	1	40	4270	2147483647	43
855	0	12	20	4275	2147483647	43
856	4	14	20	4280	2147483647	35
857	4	14	40	4285	2147483647	37
858	0	12	30	4290	2147483647	37
859	4	8	20	4295	2147483647	45
860	0	12	30	4300	2147483647	39
861	4	8	10	4305	2147483647	39
862	4	14	20	4310	2147483647	36
863	0	12	10	4315	2147483647	42
864	0	12	10	4320	2147483647	42
865	3	1	10	4325	2147483647	37
866	4	8	10	4330	2147483647	43
867	0	12	40	4335	2147483647	35
868	4	14	10	4340	2147483647	38
869	4	14	10	4345	2147483647	41
870	0	12	10	4350	2147483647	36
871	4	14	10	4355	2147483647	35
872	0	12	20	4360	2147483647	42
873	3	1	30	4365	2147483647	44
874	0	12	20	4370	2147483647	41
875	4	8	30	4375	2147483647	35
876	4	8	20	4380	2147483647	42
877	0	12	40	4385	2147483647	40
878	4	14	10	4390	2147483647	39
879	0	12	20	4395	2147483647	36
880	3	1	40	4400	2147483647	39
881	3	1	10	4405	2147483647	41
882	4	8	20	4410	2147483647	37
883	4	8	30	4415	2147483647	37
884	3	1	20	4420	2147483647	38
885	0	12	20	4425	2147483647	39
886	0	12	10	4430	2147483647	40
887	3	1	20	4435	2147483647	37
888	3	1	10	4440	2147483647	40
889	4	8	10	4445	2147483647	40
890	4	8	10	4450	2147483647	39
891	3	1	40	4455	2147483647	37
892	3	1	20	4460	2147483647	42
893	3	1	40	4465	2147483647	43
894	4	8	10	4470	2147483647	36
895	4	14	10	4475	2147483647	43
896	4	8	20	4480	2147483647	42
897	4	14	30	4485	2147483647	41
898	3	1	30	4490	2147483647	42
899	0	12	30	4495	2147483647	37
900	4	14	30	4500	2147483647	38
901	3	1	20	4505	2147483647	39
902	0	12	30	4510	2147483647	36
903	4	8	20	4515	2147483647	42
904	4	8	40	4520	2147483647	44
905	4	14	10	4525	2147483647	39
906	3	1	20	4530	2147483647	45
907	4	14	40	4535	2147483647	43
908	0	12	10	4540	2147483647	36
909	0	12	10	4545	2147483647	42
910	4	14	40	4550	2147483647	35
911	4	14	30	4555	2147483647	41
912	4	14	30	4560	2147483647	44
913	4	14	20	4565	2147483647	36
914	4	14	30	4570	2147483647	40
915	4	8	30	4575	2147483647	43
916	0	12	30	4580	2147483647	36
917	4	8	40	4585	2147483647	45
918	3	1	30	4590	2147483647	39
919	4	14	40	4595	2147483647	37
920	3	1	10	4600	2147483647	43
921	3	1	30	4605	2147483647	41
922	3	1	30	4610	2147483647	40
923	3	1	40	4615	2147483647	44
924	3	1	40	4620	2147483647	37
925	3	1	10	4625	2147483647	45
926	4	8	40	4630	2147483647	39
927	4	8	30	4635	2147483647	45
928	0	12	30	4640	2147483647	42
929	4	8	20	4645	2147483647	43
930	0	12	20	4650	2147483647	39
931	4	8	40	4655	2147483647	36
932	3	1	10	4660	2147483647	43
933	4	14	30	4665	2147483647	36
934	4	8	40	4670	2147483647	44
935	4	14	20	4675	2147483647	35
936	3	1	20	4680	2147483647	40
937	0	12	10	4685	2147483647	40
938	0	12	30	4690	2147483647	39
939	4	14	20	4695	2147483647	44
940	4	8	40	4700	2147483647	40
941	0	12	10	4705	2147483647	42
942	3	1	20	4710	2147483647	36
943	4	8	40	4715	2147483647	44
944	4	8	10	4720	2147483647	39
945	4	8	30	4725	2147483647	44
946	3	1	10	4730	2147483647	39
947	4	14	10	4735	2147483647	41
948	4	14	20	4740	2147483647	37
949	4	14	30	4745	2147483647	38
950	4	14	30	4750	2147483647	41
951	4	14	30	4755	2147483647	43
952	4	8	40	4760	2147483647	36
953	3	1	40	4765	2147483647	40
954	3	1	20	4770	2147483647	40
955	0	12	40	4775	2147483647	43
956	0	12	40	4780	2147483647	45
957	4	8	40	4785	2147483647	37
958	3	1	20	4790	2147483647	39
959	4	14	30	4795	2147483647	45
960	4	8	20	4800	2147483647	35
961	0	12	40	4805	2147483647	35
962	3	1	20	4810	2147483647	36
963	3	1	40	4815	2147483647	38
964	0	12	40	4820	2147483647	38
965	4	8	10	4825	2147483647	44
966	4	8	20	4830	2147483647	43
967	0	12	10	4835	2147483647	42
968	4	8	20	4840	2147483647	38
969	4	14	10	4845	2147483647	40
970	4	14	20	4850	2147483647	38
971	4	14	20	4855	2147483647	42
972	4	8	10	4860	2147483647	41
973	3	1	20	4865	2147483647	40
974	3	1	40	4870	2147483647	43
975	4	8	10	4875	2147483647	36
976	0	12	10	4880	2147483647	39
977	0	12	30	4885	2147483647	41
978	0	12	40	4890	2147483647	39
979	0	12	10	4895	2147483647	39
980	4	14	10	4900	2147483647	41
981	3	1	30	4905	2147483647	43
982	3	1	10	4910	2147483647	42
983	4	8	10	4915	2147483647	38
984	3	1	30	4920	2147483647	37
985	0	12	30	4925	2147483647	41
986	0	12	40	4930	2147483647	45
987	0	12	10	4935	2147483647	37
988	0	12	10	4940	2147483647	42
989	4	8	40	4945	2147483647	35
990	4	14	30	4950	2147483647	35
991	0	12	20	4955	2147483647	37
992	4	8	40	4960	2147483647	36
993	4	8	40	4965	2147483647	39
994	4	8	10	4970	2147483647	44
995	4	8	10	4975	2147483647	39
996	3	1	40	4980	2147483647	41
997	4	14	20	4985	2147483647	44
998	0	12	40	4990	2147483647	41
999	0	12	40	4995	2147483647	40
1000	0	12	10	5000	2147483647	35
1001	4	8	10	5005	2147483647	42
1002	4	8	30	5010	2147483647	38
1003	0	12	20	5015	2147483647	43
1004	0	12	10	5020	2147483647	35
1005	4	14	10	5025	2147483647	45
1006	3	1	30	5030	2147483647	37
1007	3	1	30	5035	2147483647	42
1008	4	14	40	5040	2147483647	43
1009	0	12	20	5045	2147483647	39
1010	4	14	40	5050	2147483647	38
1011	4	14	10	5055	2147483647	38
1012	4	8	40	5060	2147483647	44
1013	3	1	20	5065	2147483647	45
1014	4	14	30	5070	2147483647	38
1015	4	14	30	5075	2147483647	37
1016	3	1	40	5080	2147483647	38
1017	4	8	20	5085	2147483647	43
1018	0	12	10	5090	2147483647	36
1019	0	12	20	5095	2147483647	42
1020	4	8	20	5100	2147483647	45
1021	0	12	20	5105	2147483647	41
1022	4	14	10	5110	2147483647	35
1023	0	12	30	5115	2147483647	37
1024	0	12	20	5120	2147483647	39
1025	4	14	40	5125	2147483647	35
1026	3	1	30	5130	2147483647	40
1027	0	12	10	5135	2147483647	36
1028	4	8	20	5140	2147483647	42
1029	4	8	40	5145	2147483647	38
1030	4	14	10	5150	2147483647	40
1031	4	8	40	5155	2147483647	41
1032	0	12	30	5160	2147483647	35
1033	4	14	10	5165	2147483647	44
1034	4	14	40	5170	2147483647	39
1035	4	8	40	5175	2147483647	44
1036	0	12	40	5180	2147483647	40
1037	3	1	30	5185	2147483647	45
1038	0	12	40	5190	2147483647	38
1039	4	14	30	5195	2147483647	37
1040	3	1	10	5200	2147483647	39
1041	4	8	20	5205	2147483647	38
1042	0	12	10	5210	2147483647	39
1043	0	12	40	5215	2147483647	38
1044	4	8	10	5220	2147483647	43
1045	4	14	30	5225	2147483647	43
1046	3	1	30	5230	2147483647	39
1047	3	1	20	5235	2147483647	36
1048	4	8	10	5240	2147483647	36
1049	4	8	20	5245	2147483647	41
1050	4	14	20	5250	2147483647	36
1051	0	12	30	5255	2147483647	44
1052	4	14	10	5260	2147483647	43
1053	0	12	30	5265	2147483647	44
1054	4	14	30	5270	2147483647	41
1055	4	14	40	5275	2147483647	39
1056	3	1	10	5280	2147483647	42
1057	4	8	10	5285	2147483647	36
1058	0	12	10	5290	2147483647	38
1059	4	8	20	5295	2147483647	35
1060	0	12	30	5300	2147483647	39
1061	4	8	20	5305	2147483647	36
1062	0	12	10	5310	2147483647	45
1063	3	1	10	5315	2147483647	40
1064	4	8	10	5320	2147483647	44
1065	3	1	10	5325	2147483647	42
1066	4	14	20	5330	2147483647	37
1067	4	8	40	5335	2147483647	45
1068	3	1	20	5340	2147483647	41
1069	3	1	30	5345	2147483647	40
1070	3	1	30	5350	2147483647	43
1071	4	14	10	5355	2147483647	39
1072	0	12	20	5360	2147483647	39
1073	4	8	30	5365	2147483647	44
1074	4	8	10	5370	2147483647	38
1075	4	14	40	5375	2147483647	42
1076	0	12	10	5380	2147483647	36
1077	4	14	20	5385	2147483647	43
1078	3	1	20	5390	2147483647	39
1079	4	8	40	5395	2147483647	41
1080	0	12	10	5400	2147483647	41
1081	4	14	10	5405	2147483647	39
1082	4	14	40	5410	2147483647	45
1083	0	12	10	5415	2147483647	36
1084	4	8	20	5420	2147483647	37
1085	3	1	30	5425	2147483647	42
1086	4	8	30	5430	2147483647	44
1087	4	14	10	5435	2147483647	37
1088	0	12	20	5440	2147483647	38
1089	4	14	40	5445	2147483647	35
1090	4	14	40	5450	2147483647	37
1091	4	14	40	5455	2147483647	39
1092	4	8	30	5460	2147483647	41
1093	4	14	20	5465	2147483647	38
1094	3	1	40	5470	2147483647	44
1095	0	12	30	5475	2147483647	37
1096	0	12	10	5480	2147483647	38
1097	4	8	40	5485	2147483647	45
1098	3	1	30	5490	2147483647	39
1099	4	14	10	5495	2147483647	36
1100	4	14	10	5500	2147483647	41
1101	4	8	30	5505	2147483647	40
1102	0	12	10	5510	2147483647	40
1103	3	1	20	5515	2147483647	41
1104	3	1	30	5520	2147483647	43
1105	4	14	20	5525	2147483647	43
1106	0	12	10	5530	2147483647	39
1107	3	1	30	5535	2147483647	45
1108	3	1	20	5540	2147483647	41
1109	0	12	30	5545	2147483647	45
1110	4	14	40	5550	2147483647	37
1111	3	1	30	5555	2147483647	44
1112	4	14	40	5560	2147483647	42
1113	4	14	10	5565	2147483647	42
1114	0	12	10	5570	2147483647	39
1115	4	8	20	5575	2147483647	45
1116	3	1	30	5580	2147483647	36
1117	0	12	10	5585	2147483647	44
1118	0	12	30	5590	2147483647	37
1119	4	14	20	5595	2147483647	36
1120	0	12	20	5600	2147483647	44
1121	0	12	20	5605	2147483647	35
1122	0	12	20	5610	2147483647	41
1123	4	14	20	5615	2147483647	41
1124	3	1	40	5620	2147483647	37
1125	4	14	40	5625	2147483647	39
1126	4	8	20	5630	2147483647	43
1127	0	12	10	5635	2147483647	36
1128	3	1	30	5640	2147483647	45
1129	0	12	30	5645	2147483647	35
1130	3	1	30	5650	2147483647	38
1131	4	14	10	5655	2147483647	36
1132	0	12	30	5660	2147483647	38
1133	4	14	20	5665	2147483647	38
1134	4	8	30	5670	2147483647	35
1135	3	1	30	5675	2147483647	36
1136	4	14	10	5680	2147483647	44
1137	0	12	20	5685	2147483647	39
1138	4	8	20	5690	2147483647	38
1139	3	1	10	5695	2147483647	40
1140	4	8	30	5700	2147483647	38
1141	4	14	10	5705	2147483647	45
1142	0	12	30	5710	2147483647	41
1143	0	12	40	5715	2147483647	38
1144	0	12	10	5720	2147483647	43
1145	0	12	10	5725	2147483647	38
1146	0	12	40	5730	2147483647	42
1147	3	1	20	5735	2147483647	45
1148	4	14	10	5740	2147483647	44
1149	0	12	30	5745	2147483647	44
1150	4	8	10	5750	2147483647	36
1151	0	12	10	5755	2147483647	40
1152	0	12	20	5760	2147483647	43
1153	4	14	10	5765	2147483647	37
1154	3	1	30	5770	2147483647	37
1155	4	14	40	5775	2147483647	40
1156	0	12	10	5780	2147483647	44
1157	0	12	30	5785	2147483647	45
1158	0	12	30	5790	2147483647	39
1159	3	1	30	5795	2147483647	39
1160	4	8	40	5800	2147483647	45
1161	4	14	40	5805	2147483647	37
1162	4	14	40	5810	2147483647	45
1163	3	1	40	5815	2147483647	41
1164	4	8	40	5820	2147483647	41
1165	4	14	40	5825	2147483647	36
1166	4	8	10	5830	2147483647	41
1167	4	14	20	5835	2147483647	39
1168	4	8	30	5840	2147483647	41
1169	3	1	30	5845	2147483647	38
1170	4	8	20	5850	2147483647	36
1171	3	1	10	5855	2147483647	43
1172	4	14	30	5860	2147483647	40
1173	3	1	30	5865	2147483647	43
1174	4	8	40	5870	2147483647	44
1175	4	8	20	5875	2147483647	44
1176	4	14	40	5880	2147483647	40
1177	0	12	30	5885	2147483647	38
1178	3	1	20	5890	2147483647	43
1179	4	8	30	5895	2147483647	45
1180	4	14	40	5900	2147483647	42
1181	4	14	40	5905	2147483647	43
1182	4	8	10	5910	2147483647	37
1183	4	8	10	5915	2147483647	36
1184	4	14	20	5920	2147483647	44
1185	3	1	30	5925	2147483647	44
1186	4	14	40	5930	2147483647	39
1187	0	12	20	5935	2147483647	35
1188	4	8	30	5940	2147483647	35
1189	3	1	30	5945	2147483647	41
1190	3	1	20	5950	2147483647	37
1191	3	1	20	5955	2147483647	45
1192	4	14	30	5960	2147483647	45
1193	3	1	40	5965	2147483647	45
1194	4	8	10	5970	2147483647	40
1195	4	8	40	5975	2147483647	35
1196	0	12	10	5980	2147483647	35
1197	3	1	30	5985	2147483647	45
1198	3	1	10	5990	2147483647	43
1199	0	12	20	5995	2147483647	42
1200	4	14	10	6000	2147483647	43
1201	0	12	30	6005	2147483647	38
1202	4	8	30	6010	2147483647	38
1203	0	12	20	6015	2147483647	41
1204	4	14	20	6020	2147483647	43
1205	4	14	40	6025	2147483647	39
1206	0	12	20	6030	2147483647	45
1207	3	1	30	6035	2147483647	45
1208	3	1	20	6040	2147483647	39
1209	0	12	10	6045	2147483647	39
1210	0	12	10	6050	2147483647	35
1211	4	14	30	6055	2147483647	41
1212	3	1	20	6060	2147483647	36
1213	3	1	10	6065	2147483647	39
1214	4	14	30	6070	2147483647	42
1215	3	1	10	6075	2147483647	36
1216	3	1	40	6080	2147483647	35
1217	4	8	30	6085	2147483647	43
1218	3	1	20	6090	2147483647	43
1219	4	14	20	6095	2147483647	43
1220	0	12	40	6100	2147483647	42
1221	0	12	30	6105	2147483647	40
1222	3	1	40	6110	2147483647	38
1223	4	14	10	6115	2147483647	35
1224	0	12	20	6120	2147483647	35
1225	4	14	40	6125	2147483647	36
1226	3	1	30	6130	2147483647	43
1227	0	12	40	6135	2147483647	40
1228	4	8	20	6140	2147483647	37
1229	4	14	40	6145	2147483647	44
1230	4	8	10	6150	2147483647	44
1231	0	12	10	6155	2147483647	40
1232	3	1	20	6160	2147483647	40
1233	4	8	10	6165	2147483647	36
1234	3	1	20	6170	2147483647	37
1235	3	1	20	6175	2147483647	39
1236	4	8	10	6180	2147483647	40
1237	0	12	30	6185	2147483647	42
1238	3	1	40	6190	2147483647	38
1239	4	14	30	6195	2147483647	40
1240	4	8	10	6200	2147483647	45
1241	4	8	10	6205	2147483647	39
1242	3	1	40	6210	2147483647	42
1243	0	12	30	6215	2147483647	42
1244	3	1	30	6220	2147483647	40
1245	3	1	30	6225	2147483647	41
1246	0	12	10	6230	2147483647	43
1247	4	8	20	6235	2147483647	41
1248	3	1	10	6240	2147483647	37
1249	4	14	10	6245	2147483647	38
1250	4	14	40	6250	2147483647	35
1251	3	1	30	6255	2147483647	37
1252	4	14	10	6260	2147483647	37
1253	3	1	40	6265	2147483647	45
1254	0	12	20	6270	2147483647	45
1255	3	1	20	6275	2147483647	37
1256	4	8	40	6280	2147483647	45
1257	3	1	30	6285	2147483647	37
1258	0	12	40	6290	2147483647	40
1259	4	14	20	6295	2147483647	41
1260	0	12	20	6300	2147483647	41
1261	0	12	30	6305	2147483647	39
1262	0	12	20	6310	2147483647	43
1263	4	14	20	6315	2147483647	41
1264	4	14	40	6320	2147483647	41
1265	4	14	40	6325	2147483647	40
1266	4	8	20	6330	2147483647	35
1267	0	12	20	6335	2147483647	45
1268	4	14	40	6340	2147483647	37
1269	0	12	10	6345	2147483647	38
1270	0	12	40	6350	2147483647	42
1271	4	8	10	6355	2147483647	38
1272	3	1	30	6360	2147483647	40
1273	4	14	40	6365	2147483647	38
1274	3	1	10	6370	2147483647	44
1275	4	14	40	6375	2147483647	38
1276	3	1	30	6380	2147483647	44
1277	3	1	10	6385	2147483647	42
1278	0	12	30	6390	2147483647	41
1279	4	8	40	6395	2147483647	40
1280	3	1	40	6400	2147483647	39
1281	4	8	10	6405	2147483647	37
1282	4	8	30	6410	2147483647	38
1283	3	1	10	6415	2147483647	45
1284	4	14	10	6420	2147483647	44
1285	3	1	30	6425	2147483647	42
1286	0	12	10	6430	2147483647	38
1287	0	12	30	6435	2147483647	41
1288	4	8	30	6440	2147483647	37
1289	0	12	40	6445	2147483647	45
1290	0	12	30	6450	2147483647	39
1291	4	14	30	6455	2147483647	37
1292	4	14	30	6460	2147483647	36
1293	4	14	30	6465	2147483647	43
1294	4	14	10	6470	2147483647	44
1295	4	8	30	6475	2147483647	40
1296	0	12	30	6480	2147483647	42
1297	4	14	20	6485	2147483647	36
1298	0	12	30	6490	2147483647	36
1299	3	1	30	6495	2147483647	45
1300	4	8	20	6500	2147483647	41
1301	0	12	40	6505	2147483647	43
1302	4	8	30	6510	2147483647	38
1303	3	1	10	6515	2147483647	44
1304	3	1	20	6520	2147483647	42
1305	4	8	30	6525	2147483647	42
1306	4	14	40	6530	2147483647	43
1307	0	12	10	6535	2147483647	45
1308	0	12	30	6540	2147483647	36
1309	0	12	30	6545	2147483647	42
1310	4	14	30	6550	2147483647	39
1311	4	14	30	6555	2147483647	38
1312	4	8	10	6560	2147483647	42
1313	3	1	10	6565	2147483647	35
1314	4	8	30	6570	2147483647	37
1315	3	1	20	6575	2147483647	39
1316	3	1	40	6580	2147483647	36
1317	3	1	20	6585	2147483647	43
1318	4	14	20	6590	2147483647	43
1319	0	12	20	6595	2147483647	45
1320	3	1	40	6600	2147483647	37
1321	0	12	30	6605	2147483647	40
1322	3	1	30	6610	2147483647	43
1323	4	14	40	6615	2147483647	38
1324	4	14	20	6620	2147483647	45
1325	0	12	20	6625	2147483647	39
1326	3	1	30	6630	2147483647	37
1327	4	14	10	6635	2147483647	42
1328	4	14	40	6640	2147483647	39
1329	4	8	30	6645	2147483647	38
1330	4	14	10	6650	2147483647	41
1331	3	1	20	6655	2147483647	42
1332	3	1	30	6660	2147483647	41
1333	3	1	40	6665	2147483647	41
1334	0	12	30	6670	2147483647	44
1335	3	1	40	6675	2147483647	41
1336	0	12	20	6680	2147483647	44
1337	4	14	30	6685	2147483647	39
1338	4	14	40	6690	2147483647	37
1339	3	1	20	6695	2147483647	36
1340	3	1	40	6700	2147483647	44
1341	0	12	40	6705	2147483647	39
1342	0	12	10	6710	2147483647	39
1343	4	8	10	6715	2147483647	41
1344	0	12	10	6720	2147483647	40
1345	4	8	10	6725	2147483647	35
1346	3	1	20	6730	2147483647	41
1347	4	8	20	6735	2147483647	36
1348	4	8	40	6740	2147483647	41
1349	0	12	40	6745	2147483647	39
1350	3	1	40	6750	2147483647	38
1351	4	8	20	6755	2147483647	44
1352	0	12	40	6760	2147483647	38
1353	4	14	20	6765	2147483647	37
1354	4	14	40	6770	2147483647	43
1355	0	12	30	6775	2147483647	35
1356	3	1	20	6780	2147483647	35
1357	4	8	40	6785	2147483647	35
1358	3	1	30	6790	2147483647	45
1359	4	8	40	6795	2147483647	37
1360	4	14	10	6800	2147483647	39
1361	0	12	30	6805	2147483647	35
1362	4	8	20	6810	2147483647	40
1363	3	1	10	6815	2147483647	44
1364	4	8	20	6820	2147483647	35
1365	0	12	20	6825	2147483647	42
1366	4	8	40	6830	2147483647	42
1367	4	14	10	6835	2147483647	36
1368	3	1	30	6840	2147483647	36
1369	4	14	30	6845	2147483647	41
1370	3	1	10	6850	2147483647	41
1371	4	14	10	6855	2147483647	43
1372	4	14	30	6860	2147483647	40
1373	0	12	10	6865	2147483647	41
1374	4	8	30	6870	2147483647	35
1375	3	1	40	6875	2147483647	43
1376	0	12	20	6880	2147483647	36
1377	4	8	20	6885	2147483647	37
1378	3	1	30	6890	2147483647	43
1379	3	1	20	6895	2147483647	44
1380	3	1	40	6900	2147483647	44
1381	4	8	10	6905	2147483647	35
1382	4	8	10	6910	2147483647	36
1383	3	1	40	6915	2147483647	35
1384	3	1	40	6920	2147483647	45
1385	3	1	40	6925	2147483647	42
1386	3	1	20	6930	2147483647	38
1387	3	1	20	6935	2147483647	39
1388	3	1	10	6940	2147483647	43
1389	0	12	40	6945	2147483647	44
1390	4	14	30	6950	2147483647	40
1391	3	1	20	6955	2147483647	44
1392	4	8	10	6960	2147483647	39
1393	4	8	40	6965	2147483647	35
1394	4	14	10	6970	2147483647	42
1395	3	1	10	6975	2147483647	44
1396	3	1	30	6980	2147483647	45
1397	4	8	10	6985	2147483647	41
1398	4	14	40	6990	2147483647	40
1399	0	12	30	6995	2147483647	43
1400	0	12	10	7000	2147483647	39
1401	4	14	20	7005	2147483647	39
1402	3	1	40	7010	2147483647	35
1403	3	1	10	7015	2147483647	45
1404	3	1	40	7020	2147483647	44
1405	4	14	30	7025	2147483647	41
1406	4	8	40	7030	2147483647	38
1407	4	14	40	7035	2147483647	43
1408	4	8	40	7040	2147483647	36
1409	0	12	40	7045	2147483647	45
1410	4	14	20	7050	2147483647	45
1411	4	8	40	7055	2147483647	44
1412	4	14	20	7060	2147483647	37
1413	0	12	20	7065	2147483647	35
1414	3	1	40	7070	2147483647	39
1415	3	1	10	7075	2147483647	39
1416	3	1	20	7080	2147483647	45
1417	3	1	20	7085	2147483647	39
1418	4	14	20	7090	2147483647	44
1419	4	14	20	7095	2147483647	39
1420	3	1	10	7100	2147483647	38
1421	3	1	30	7105	2147483647	38
1422	0	12	40	7110	2147483647	38
1423	4	8	40	7115	2147483647	38
1424	4	14	10	7120	2147483647	36
1425	0	12	30	7125	2147483647	42
1426	4	8	10	7130	2147483647	38
1427	4	8	30	7135	2147483647	40
1428	4	8	10	7140	2147483647	44
1429	4	14	20	7145	2147483647	36
1430	4	14	20	7150	2147483647	44
1431	4	14	20	7155	2147483647	41
1432	4	8	30	7160	2147483647	42
1433	3	1	40	7165	2147483647	45
1434	4	8	10	7170	2147483647	40
1435	4	14	30	7175	2147483647	39
1436	3	1	10	7180	2147483647	35
1437	3	1	40	7185	2147483647	37
1438	0	12	10	7190	2147483647	36
1439	4	14	10	7195	2147483647	39
1440	0	12	10	7200	2147483647	38
1441	4	14	30	7205	2147483647	41
1442	0	12	30	7210	2147483647	37
1443	4	8	20	7215	2147483647	43
1444	0	12	30	7220	2147483647	44
1445	3	1	40	7225	2147483647	42
1446	3	1	10	7230	2147483647	42
1447	0	12	40	7235	2147483647	38
1448	3	1	40	7240	2147483647	41
1449	0	12	10	7245	2147483647	38
1450	0	12	30	7250	2147483647	45
1451	0	12	10	7255	2147483647	40
1452	4	8	30	7260	2147483647	43
1453	0	12	20	7265	2147483647	36
1454	4	8	30	7270	2147483647	40
1455	4	8	20	7275	2147483647	35
1456	3	1	20	7280	2147483647	35
1457	4	8	10	7285	2147483647	42
1458	4	14	10	7290	2147483647	44
1459	3	1	10	7295	2147483647	36
1460	4	8	30	7300	2147483647	38
1461	4	14	10	7305	2147483647	44
1462	4	8	30	7310	2147483647	45
1463	3	1	20	7315	2147483647	45
1464	0	12	30	7320	2147483647	36
1465	0	12	40	7325	2147483647	39
1466	4	14	10	7330	2147483647	36
1467	4	8	30	7335	2147483647	37
1468	3	1	20	7340	2147483647	41
1469	4	14	20	7345	2147483647	45
1470	4	14	40	7350	2147483647	39
1471	4	14	20	7355	2147483647	42
1472	4	8	20	7360	2147483647	37
1473	0	12	10	7365	2147483647	39
1474	3	1	10	7370	2147483647	35
1475	4	14	30	7375	2147483647	43
1476	3	1	10	7380	2147483647	35
1477	3	1	30	7385	2147483647	40
1478	0	12	20	7390	2147483647	39
1479	0	12	10	7395	2147483647	39
1480	4	8	30	7400	2147483647	35
1481	4	8	20	7405	2147483647	45
1482	3	1	40	7410	2147483647	44
1483	0	12	10	7415	2147483647	40
1484	4	14	40	7420	2147483647	37
1485	4	14	10	7425	2147483647	38
1486	4	8	40	7430	2147483647	44
1487	0	12	20	7435	2147483647	41
1488	0	12	20	7440	2147483647	40
1489	4	14	30	7445	2147483647	39
1490	4	8	20	7450	2147483647	39
1491	0	12	10	7455	2147483647	38
1492	4	14	40	7460	2147483647	39
1493	3	1	40	7465	2147483647	35
1494	3	1	30	7470	2147483647	36
1495	0	12	10	7475	2147483647	40
1496	4	8	40	7480	2147483647	41
1497	3	1	10	7485	2147483647	37
1498	0	12	40	7490	2147483647	42
1499	0	12	30	7495	2147483647	40
1500	3	1	40	7500	2147483647	41
1501	4	8	20	7505	2147483647	39
1502	4	8	30	7510	2147483647	43
1503	4	14	30	7515	2147483647	42
1504	0	12	10	7520	2147483647	45
1505	0	12	10	7525	2147483647	37
1506	3	1	30	7530	2147483647	37
1507	4	8	30	7535	2147483647	38
1508	3	1	10	7540	2147483647	36
1509	3	1	40	7545	2147483647	42
1510	4	14	20	7550	2147483647	35
1511	4	14	30	7555	2147483647	40
1512	0	12	40	7560	2147483647	38
1513	4	14	40	7565	2147483647	39
1514	0	12	30	7570	2147483647	36
1515	0	12	20	7575	2147483647	38
1516	4	8	10	7580	2147483647	45
1517	0	12	30	7585	2147483647	39
1518	3	1	30	7590	2147483647	42
1519	4	8	20	7595	2147483647	43
1520	3	1	10	7600	2147483647	40
1521	4	14	40	7605	2147483647	40
1522	0	12	20	7610	2147483647	42
1523	3	1	30	7615	2147483647	36
1524	4	8	40	7620	2147483647	41
1525	4	14	40	7625	2147483647	35
1526	0	12	30	7630	2147483647	38
1527	4	14	30	7635	2147483647	37
1528	3	1	30	7640	2147483647	38
1529	4	8	10	7645	2147483647	40
1530	4	8	40	7650	2147483647	36
1531	4	14	40	7655	2147483647	43
1532	4	8	40	7660	2147483647	44
1533	0	12	30	7665	2147483647	44
1534	4	8	20	7670	2147483647	44
1535	4	14	10	7675	2147483647	41
1536	4	14	40	7680	2147483647	36
1537	3	1	20	7685	2147483647	37
1538	4	14	40	7690	2147483647	41
1539	4	14	30	7695	2147483647	35
1540	0	12	20	7700	2147483647	35
1541	0	12	10	7705	2147483647	40
1542	3	1	10	7710	2147483647	40
1543	3	1	20	7715	2147483647	44
1544	0	12	20	7720	2147483647	39
1545	4	8	40	7725	2147483647	44
1546	0	12	20	7730	2147483647	45
1547	4	14	40	7735	2147483647	45
1548	4	8	10	7740	2147483647	44
1549	4	8	20	7745	2147483647	43
1550	4	14	40	7750	2147483647	41
1551	0	12	10	7755	2147483647	37
1552	4	14	30	7760	2147483647	40
1553	4	14	20	7765	2147483647	45
1554	4	8	30	7770	2147483647	45
1555	4	14	40	7775	2147483647	35
1556	4	8	10	7780	2147483647	42
1557	4	14	40	7785	2147483647	42
1558	3	1	40	7790	2147483647	36
1559	4	8	20	7795	2147483647	44
1560	4	14	30	7800	2147483647	44
1561	3	1	10	7805	2147483647	35
1562	3	1	10	7810	2147483647	35
1563	0	12	10	7815	2147483647	41
1564	0	12	40	7820	2147483647	40
1565	4	14	20	7825	2147483647	37
1566	4	8	30	7830	2147483647	42
1567	0	12	20	7835	2147483647	39
1568	4	8	30	7840	2147483647	41
1569	0	12	20	7845	2147483647	40
1570	0	12	30	7850	2147483647	36
1571	3	1	40	7855	2147483647	43
1572	4	8	30	7860	2147483647	44
1573	4	14	10	7865	2147483647	42
1574	0	12	40	7870	2147483647	42
1575	4	8	40	7875	2147483647	35
1576	4	8	30	7880	2147483647	35
1577	3	1	40	7885	2147483647	44
1578	3	1	20	7890	2147483647	42
1579	0	12	40	7895	2147483647	43
1580	4	14	30	7900	2147483647	35
1581	0	12	40	7905	2147483647	39
1582	4	8	20	7910	2147483647	39
1583	0	12	20	7915	2147483647	40
1584	3	1	10	7920	2147483647	44
1585	4	8	30	7925	2147483647	45
1586	0	12	20	7930	2147483647	37
1587	3	1	30	7935	2147483647	45
1588	3	1	40	7940	2147483647	44
1589	4	8	20	7945	2147483647	44
1590	3	1	10	7950	2147483647	44
1591	0	12	40	7955	2147483647	40
1592	0	12	20	7960	2147483647	35
1593	3	1	30	7965	2147483647	42
1594	4	14	40	7970	2147483647	37
1595	4	8	10	7975	2147483647	35
1596	4	8	10	7980	2147483647	40
1597	4	8	10	7985	2147483647	44
1598	4	8	20	7990	2147483647	38
1599	0	12	10	7995	2147483647	37
1600	4	14	20	8000	2147483647	36
1601	4	14	10	8005	2147483647	41
1602	3	1	20	8010	2147483647	39
1603	4	8	40	8015	2147483647	38
1604	4	8	40	8020	2147483647	42
1605	4	8	10	8025	2147483647	44
1606	4	14	30	8030	2147483647	38
1607	4	14	30	8035	2147483647	44
1608	3	1	30	8040	2147483647	37
1609	4	14	40	8045	2147483647	45
1610	3	1	10	8050	2147483647	45
1611	3	1	20	8055	2147483647	44
1612	0	12	30	8060	2147483647	45
1613	4	8	40	8065	2147483647	39
1614	3	1	40	8070	2147483647	44
1615	4	14	40	8075	2147483647	40
1616	4	8	40	8080	2147483647	41
1617	3	1	30	8085	2147483647	40
1618	3	1	40	8090	2147483647	43
1619	4	14	20	8095	2147483647	41
1620	4	14	10	8100	2147483647	45
1621	4	14	10	8105	2147483647	43
1622	3	1	20	8110	2147483647	41
1623	4	14	10	8115	2147483647	42
1624	4	8	20	8120	2147483647	41
1625	0	12	30	8125	2147483647	42
1626	4	8	20	8130	2147483647	42
1627	4	14	10	8135	2147483647	36
1628	0	12	10	8140	2147483647	40
1629	4	14	30	8145	2147483647	41
1630	4	14	30	8150	2147483647	41
1631	4	14	30	8155	2147483647	36
1632	4	8	20	8160	2147483647	41
1633	3	1	20	8165	2147483647	40
1634	0	12	30	8170	2147483647	41
1635	4	14	30	8175	2147483647	40
1636	3	1	30	8180	2147483647	45
1637	0	12	20	8185	2147483647	35
1638	4	14	20	8190	2147483647	44
1639	0	12	10	8195	2147483647	35
1640	3	1	10	8200	2147483647	41
1641	0	12	30	8205	2147483647	39
1642	0	12	40	8210	2147483647	42
1643	3	1	10	8215	2147483647	45
1644	4	14	10	8220	2147483647	44
1645	0	12	30	8225	2147483647	35
1646	4	14	20	8230	2147483647	40
1647	4	14	30	8235	2147483647	42
1648	4	14	40	8240	2147483647	44
1649	0	12	10	8245	2147483647	42
1650	0	12	20	8250	2147483647	40
1651	4	14	20	8255	2147483647	45
1652	4	14	10	8260	2147483647	36
1653	3	1	10	8265	2147483647	43
1654	0	12	40	8270	2147483647	37
1655	0	12	10	8275	2147483647	39
1656	4	8	30	8280	2147483647	45
1657	3	1	10	8285	2147483647	42
1658	4	14	20	8290	2147483647	42
1659	0	12	10	8295	2147483647	45
1660	0	12	30	8300	2147483647	36
1661	0	12	20	8305	2147483647	37
1662	3	1	30	8310	2147483647	39
1663	3	1	10	8315	2147483647	41
1664	0	12	10	8320	2147483647	39
1665	4	14	30	8325	2147483647	43
1666	4	8	40	8330	2147483647	37
1667	3	1	20	8335	2147483647	40
1668	0	12	10	8340	2147483647	43
1669	3	1	20	8345	2147483647	38
1670	0	12	20	8350	2147483647	40
1671	0	12	30	8355	2147483647	40
1672	4	14	20	8360	2147483647	42
1673	4	8	30	8365	2147483647	42
1674	0	12	10	8370	2147483647	45
1675	4	14	20	8375	2147483647	41
1676	3	1	10	8380	2147483647	35
1677	4	14	20	8385	2147483647	42
1678	0	12	40	8390	2147483647	44
1679	4	8	30	8395	2147483647	41
1680	0	12	20	8400	2147483647	36
1681	3	1	40	8405	2147483647	45
1682	4	14	10	8410	2147483647	38
1683	0	12	10	8415	2147483647	43
1684	3	1	20	8420	2147483647	36
1685	0	12	10	8425	2147483647	41
1686	4	14	20	8430	2147483647	35
1687	4	14	10	8435	2147483647	44
1688	4	8	20	8440	2147483647	37
1689	0	12	20	8445	2147483647	36
1690	3	1	40	8450	2147483647	40
1691	0	12	20	8455	2147483647	38
1692	0	12	40	8460	2147483647	39
1693	3	1	20	8465	2147483647	44
1694	0	12	30	8470	2147483647	45
1695	3	1	30	8475	2147483647	39
1696	4	8	10	8480	2147483647	35
1697	4	8	40	8485	2147483647	35
1698	3	1	40	8490	2147483647	40
1699	4	14	30	8495	2147483647	35
1700	3	1	30	8500	2147483647	44
1701	4	8	10	8505	2147483647	35
1702	3	1	20	8510	2147483647	44
1703	0	12	30	8515	2147483647	40
1704	4	14	30	8520	2147483647	37
1705	4	14	30	8525	2147483647	45
1706	0	12	10	8530	2147483647	37
1707	3	1	30	8535	2147483647	40
1708	4	8	10	8540	2147483647	43
1709	4	8	30	8545	2147483647	42
1710	3	1	40	8550	2147483647	38
1711	4	8	20	8555	2147483647	38
1712	4	8	20	8560	2147483647	44
1713	4	8	30	8565	2147483647	36
1714	4	14	40	8570	2147483647	43
1715	4	8	40	8575	2147483647	36
1716	0	12	10	8580	2147483647	44
1717	3	1	20	8585	2147483647	41
1718	0	12	40	8590	2147483647	40
1719	4	14	10	8595	2147483647	43
1720	0	12	10	8600	2147483647	43
1721	3	1	40	8605	2147483647	39
1722	0	12	40	8610	2147483647	38
1723	0	12	40	8615	2147483647	42
1724	0	12	20	8620	2147483647	43
1725	0	12	10	8625	2147483647	37
1726	4	14	30	8630	2147483647	36
1727	0	12	40	8635	2147483647	43
1728	0	12	10	8640	2147483647	43
1729	3	1	30	8645	2147483647	40
1730	4	8	20	8650	2147483647	40
1731	0	12	20	8655	2147483647	45
1732	4	8	20	8660	2147483647	36
1733	0	12	20	8665	2147483647	43
1734	4	14	40	8670	2147483647	43
1735	4	14	10	8675	2147483647	36
1736	4	14	20	8680	2147483647	36
1737	3	1	30	8685	2147483647	44
1738	4	8	20	8690	2147483647	41
1739	4	14	30	8695	2147483647	37
1740	0	12	40	8700	2147483647	38
1741	0	12	40	8705	2147483647	41
1742	4	8	10	8710	2147483647	35
1743	4	14	30	8715	2147483647	40
1744	3	1	20	8720	2147483647	43
1745	0	12	30	8725	2147483647	37
1746	3	1	10	8730	2147483647	40
1747	4	14	20	8735	2147483647	37
1748	4	14	20	8740	2147483647	35
1749	3	1	30	8745	2147483647	43
1750	4	8	20	8750	2147483647	41
1751	4	14	30	8755	2147483647	39
1752	4	8	10	8760	2147483647	41
1753	3	1	40	8765	2147483647	42
1754	4	14	20	8770	2147483647	38
1755	4	14	40	8775	2147483647	39
1756	4	8	10	8780	2147483647	42
1757	4	8	30	8785	2147483647	37
1758	0	12	10	8790	2147483647	42
1759	4	14	30	8795	2147483647	35
1760	4	14	10	8800	2147483647	43
1761	0	12	20	8805	2147483647	39
1762	3	1	20	8810	2147483647	42
1763	3	1	20	8815	2147483647	37
1764	0	12	10	8820	2147483647	37
1765	4	8	30	8825	2147483647	39
1766	0	12	40	8830	2147483647	36
1767	0	12	10	8835	2147483647	35
1768	3	1	40	8840	2147483647	39
1769	0	12	30	8845	2147483647	41
1770	3	1	20	8850	2147483647	35
1771	3	1	30	8855	2147483647	35
1772	4	8	10	8860	2147483647	35
1773	0	12	10	8865	2147483647	37
1774	4	14	10	8870	2147483647	40
1775	4	14	10	8875	2147483647	36
1776	0	12	30	8880	2147483647	38
1777	0	12	20	8885	2147483647	44
1778	3	1	20	8890	2147483647	44
1779	0	12	40	8895	2147483647	41
1780	4	8	40	8900	2147483647	43
1781	0	12	20	8905	2147483647	44
1782	0	12	20	8910	2147483647	42
1783	4	8	20	8915	2147483647	35
1784	4	8	10	8920	2147483647	45
1785	3	1	40	8925	2147483647	36
1786	4	14	20	8930	2147483647	39
1787	3	1	30	8935	2147483647	40
1788	4	8	40	8940	2147483647	40
1789	4	14	10	8945	2147483647	38
1790	3	1	10	8950	2147483647	40
1791	3	1	40	8955	2147483647	44
1792	4	8	20	8960	2147483647	36
1793	4	8	30	8965	2147483647	40
1794	4	14	20	8970	2147483647	40
1795	4	14	30	8975	2147483647	44
1796	4	8	30	8980	2147483647	44
1797	4	14	30	8985	2147483647	44
1798	4	14	30	8990	2147483647	38
1799	0	12	40	8995	2147483647	39
1800	4	14	40	9000	2147483647	35
1801	3	1	10	9005	2147483647	39
1802	0	12	20	9010	2147483647	44
1803	4	14	40	9015	2147483647	40
1804	0	12	10	9020	2147483647	42
1805	3	1	40	9025	2147483647	41
1806	4	8	20	9030	2147483647	38
1807	0	12	40	9035	2147483647	38
1808	4	14	40	9040	2147483647	37
1809	4	14	20	9045	2147483647	36
1810	4	14	10	9050	2147483647	35
1811	0	12	40	9055	2147483647	44
1812	4	14	20	9060	2147483647	39
1813	0	12	20	9065	2147483647	36
1814	3	1	40	9070	2147483647	38
1815	3	1	40	9075	2147483647	44
1816	4	14	40	9080	2147483647	42
1817	4	8	40	9085	2147483647	42
1818	0	12	10	9090	2147483647	37
1819	4	8	20	9095	2147483647	35
1820	3	1	10	9100	2147483647	45
1821	3	1	10	9105	2147483647	42
1822	4	14	10	9110	2147483647	41
1823	4	14	30	9115	2147483647	35
1824	3	1	30	9120	2147483647	36
1825	0	12	30	9125	2147483647	36
1826	0	12	10	9130	2147483647	44
1827	4	14	30	9135	2147483647	41
1828	4	8	30	9140	2147483647	43
1829	4	14	20	9145	2147483647	41
1830	3	1	30	9150	2147483647	37
1831	4	8	40	9155	2147483647	40
1832	4	8	30	9160	2147483647	40
1833	4	8	20	9165	2147483647	39
1834	0	12	40	9170	2147483647	40
1835	3	1	40	9175	2147483647	38
1836	0	12	40	9180	2147483647	35
1837	4	8	30	9185	2147483647	37
1838	0	12	20	9190	2147483647	38
1839	3	1	20	9195	2147483647	39
1840	0	12	20	9200	2147483647	43
1841	3	1	30	9205	2147483647	36
1842	4	14	30	9210	2147483647	37
1843	4	8	20	9215	2147483647	38
1844	0	12	40	9220	2147483647	38
1845	3	1	20	9225	2147483647	41
1846	3	1	30	9230	2147483647	40
1847	4	8	10	9235	2147483647	35
1848	4	14	40	9240	2147483647	36
1849	0	12	30	9245	2147483647	41
1850	0	12	40	9250	2147483647	36
1851	0	12	40	9255	2147483647	37
1852	3	1	20	9260	2147483647	41
1853	4	8	10	9265	2147483647	37
1854	3	1	40	9270	2147483647	40
1855	4	8	30	9275	2147483647	39
1856	4	14	40	9280	2147483647	44
1857	4	8	40	9285	2147483647	43
1858	4	8	10	9290	2147483647	38
1859	0	12	20	9295	2147483647	41
1860	4	8	30	9300	2147483647	42
1861	3	1	40	9305	2147483647	43
1862	4	14	10	9310	2147483647	40
1863	4	14	30	9315	2147483647	42
1864	4	8	30	9320	2147483647	44
1865	4	8	20	9325	2147483647	40
1866	3	1	10	9330	2147483647	38
1867	4	8	40	9335	2147483647	35
1868	4	14	20	9340	2147483647	41
1869	4	14	40	9345	2147483647	45
1870	3	1	10	9350	2147483647	44
1871	3	1	10	9355	2147483647	40
1872	0	12	30	9360	2147483647	39
1873	3	1	40	9365	2147483647	44
1874	4	8	40	9370	2147483647	38
1875	4	14	30	9375	2147483647	44
1876	3	1	30	9380	2147483647	39
1877	4	8	40	9385	2147483647	37
1878	3	1	40	9390	2147483647	43
1879	0	12	10	9395	2147483647	41
1880	4	8	10	9400	2147483647	42
1881	3	1	10	9405	2147483647	43
1882	4	14	30	9410	2147483647	39
1883	0	12	10	9415	2147483647	37
1884	4	14	20	9420	2147483647	39
1885	4	8	40	9425	2147483647	35
1886	3	1	20	9430	2147483647	45
1887	0	12	30	9435	2147483647	38
1888	4	14	30	9440	2147483647	44
1889	4	14	20	9445	2147483647	35
1890	4	14	10	9450	2147483647	40
1891	3	1	10	9455	2147483647	37
1892	0	12	20	9460	2147483647	45
1893	0	12	40	9465	2147483647	43
1894	4	8	30	9470	2147483647	42
1895	4	8	30	9475	2147483647	45
1896	4	14	20	9480	2147483647	41
1897	4	14	10	9485	2147483647	41
1898	0	12	30	9490	2147483647	40
1899	3	1	30	9495	2147483647	43
1900	4	14	10	9500	2147483647	37
1901	4	8	30	9505	2147483647	40
1902	3	1	30	9510	2147483647	40
1903	0	12	10	9515	2147483647	37
1904	3	1	30	9520	2147483647	43
1905	4	8	40	9525	2147483647	42
1906	0	12	10	9530	2147483647	43
1907	0	12	30	9535	2147483647	42
1908	4	14	10	9540	2147483647	44
1909	3	1	10	9545	2147483647	41
1910	3	1	10	9550	2147483647	35
1911	4	8	40	9555	2147483647	41
1912	3	1	40	9560	2147483647	45
1913	0	12	40	9565	2147483647	43
1914	4	14	10	9570	2147483647	44
1915	3	1	30	9575	2147483647	45
1916	3	1	10	9580	2147483647	39
1917	3	1	10	9585	2147483647	38
1918	4	14	20	9590	2147483647	37
1919	0	12	40	9595	2147483647	44
1920	3	1	40	9600	2147483647	41
1921	3	1	30	9605	2147483647	35
1922	3	1	10	9610	2147483647	36
1923	4	14	40	9615	2147483647	40
1924	0	12	30	9620	2147483647	40
1925	4	14	10	9625	2147483647	41
1926	3	1	30	9630	2147483647	40
1927	0	12	30	9635	2147483647	42
1928	4	8	10	9640	2147483647	36
1929	4	14	20	9645	2147483647	39
1930	0	12	10	9650	2147483647	38
1931	4	14	20	9655	2147483647	43
1932	4	8	10	9660	2147483647	43
1933	4	14	20	9665	2147483647	35
1934	0	12	10	9670	2147483647	38
1935	4	14	30	9675	2147483647	36
1936	0	12	20	9680	2147483647	38
1937	4	14	30	9685	2147483647	37
1938	3	1	30	9690	2147483647	39
1939	3	1	20	9695	2147483647	42
1940	4	8	30	9700	2147483647	37
1941	3	1	40	9705	2147483647	37
1942	0	12	20	9710	2147483647	39
1943	0	12	20	9715	2147483647	37
1944	0	12	20	9720	2147483647	35
1945	4	8	10	9725	2147483647	44
1946	4	14	10	9730	2147483647	37
1947	4	14	30	9735	2147483647	37
1948	0	12	30	9740	2147483647	44
1949	3	1	40	9745	2147483647	43
1950	4	14	20	9750	2147483647	40
1951	4	8	20	9755	2147483647	37
1952	0	12	40	9760	2147483647	39
1953	4	14	40	9765	2147483647	42
1954	0	12	30	9770	2147483647	37
1955	4	8	30	9775	2147483647	37
1956	4	14	20	9780	2147483647	39
1957	3	1	30	9785	2147483647	45
1958	4	14	20	9790	2147483647	42
1959	3	1	20	9795	2147483647	36
1960	4	14	20	9800	2147483647	36
1961	4	14	30	9805	2147483647	36
1962	4	14	20	9810	2147483647	41
1963	0	12	30	9815	2147483647	40
1964	3	1	10	9820	2147483647	38
1965	4	14	30	9825	2147483647	37
1966	0	12	40	9830	2147483647	44
1967	4	14	20	9835	2147483647	45
1968	0	12	40	9840	2147483647	39
1969	4	14	30	9845	2147483647	42
1970	3	1	20	9850	2147483647	41
1971	3	1	30	9855	2147483647	37
1972	4	14	20	9860	2147483647	44
1973	4	8	40	9865	2147483647	41
1974	3	1	20	9870	2147483647	41
1975	0	12	10	9875	2147483647	38
1976	3	1	10	9880	2147483647	41
1977	4	8	40	9885	2147483647	44
1978	3	1	20	9890	2147483647	39
1979	3	1	20	9895	2147483647	42
1980	0	12	40	9900	2147483647	38
1981	3	1	10	9905	2147483647	38
1982	0	12	10	9910	2147483647	43
1983	4	14	10	9915	2147483647	39
1984	0	12	10	9920	2147483647	44
1985	3	1	40	9925	2147483647	35
1986	3	1	20	9930	2147483647	39
1987	4	8	20	9935	2147483647	36
1988	4	14	30	9940	2147483647	44
1989	4	14	20	9945	2147483647	36
1990	0	12	10	9950	2147483647	43
1991	4	8	40	9955	2147483647	39
1992	0	12	10	9960	2147483647	40
1993	0	12	10	9965	2147483647	37
1994	3	1	10	9970	2147483647	40
1995	4	8	10	9975	2147483647	36
1996	4	14	20	9980	2147483647	42
1997	0	12	40	9985	2147483647	45
1998	3	1	20	9990	2147483647	45
1999	4	8	40	9995	2147483647	44
