0	4	8	15	0	2147483647	145
1	4	14	10	5	2147483647	137
2	4	14	10	10	2147483647	137
3	3	1	20	15	2147483647	143
4	3	1	10	20	2147483647	142
5	3	1	10	25	2147483647	141
6	4	14	30	30	2147483647	140
7	0	12	10	35	2147483647	138
8	0	12	30	40	2147483647	138
9	4	8	20	45	2147483647	144
10	0	12	10	50	2147483647	140
11	3	1	30	55	2147483647	143
12	3	1	30	60	2147483647	143
13	3	1	20	65	2147483647	143
14	4	14	15	70	2147483647	137
15	4	14	10	75	2147483647	139
16	4	14	15	80	2147483647	140
17	0	12	15	85	2147483647	138
18	3	1	20	90	2147483647	136
19	3	1	20	95	2147483647	144
20	0	12	20	100	2147483647	143
21	3	1	10	105	2147483647	138
22	4	8	20	110	2147483647	138
23	4	14	30	115	2147483647	144
24	4	14	30	120	2147483647	145
25	4	8	20	125	2147483647	135
26	0	12	30	130	2147483647	141
27	4	8	10	135	2147483647	135
28	0	12	15	140	2147483647	136
29	4	14	30	145	2147483647	141
30	4	8	30	150	2147483647	145
31	4	14	10	155	2147483647	142
32	4	8	20	160	2147483647	135
33	0	12	20	165	2147483647	140
34	4	8	20	170	2147483647	145
35	0	12	20	175	2147483647	137
36	3	1	20	180	2147483647	144
37	4	14	20	185	2147483647	136
38	4	8	30	190	2147483647	142
39	4	8	30	195	2147483647	139
40	4	14	20	200	2147483647	139
41	3	1	15	205	2147483647	137
42	3	1	10	210	2147483647	141
43	4	14	10	215	2147483647	144
44	0	12	15	220	2147483647	140
45	0	12	30	225	2147483647	143
46	4	14	10	230	2147483647	142
47	0	12	15	235	2147483647	139
48	3	1	20	240	2147483647	141
49	4	14	20	245	2147483647	142
50	4	8	15	250	2147483647	139
51	4	8	15	255	2147483647	136
52	4	8	10	260	2147483647	143
53	3	1	10	265	2147483647	136
54	0	12	15	270	2147483647	143
55	4	14	10	275	2147483647	142
56	3	1	20	280	2147483647	145
57	0	12	10	285	2147483647	139
58	4	14	30	290	2147483647	143
59	0	12	15	295	2147483647	141
60	3	1	15	300	2147483647	135
61	3	1	30	305	2147483647	140
62	0	12	30	310	2147483647	136
63	4	8	30	315	2147483647	143
64	0	12	20	320	2147483647	144
65	0	12	30	325	2147483647	144
66	0	12	10	330	2147483647	142
67	4	8	15	335	2147483647	137
68	0	12	30	340	2147483647	144
69	3	1	30	345	2147483647	135
70	4	8	20	350	2147483647	141
71	0	12	20	355	2147483647	138
72	3	1	15	360	2147483647	141
73	4	8	20	365	2147483647	143
74	3	1	10	370	2147483647	139
75	4	8	10	375	2147483647	141
76	0	12	10	380	2147483647	143
77	3	1	20	385	2147483647	140
78	3	1	15	390	2147483647	139
79	3	1	30	395	2147483647	137
80	3	1	20	400	2147483647	138
81	4	14	20	405	2147483647	137
82	3	1	20	410	2147483647	140
83	0	12	30	415	2147483647	140
84	3	1	20	420	2147483647	136
85	4	14	20	425	2147483647	143
86	4	8	10	430	2147483647	144
87	4	14	20	435	2147483647	145
88	4	14	15	440	2147483647	143
89	3	1	20	445	2147483647	138
90	3	1	10	450	2147483647	137
91	3	1	15	455	2147483647	139
92	4	14	30	460	2147483647	138
93	4	8	20	465	2147483647	135
94	4	14	20	470	2147483647	139
95	4	8	20	475	2147483647	145
96	3	1	15	480	2147483647	135
97	0	12	15	485	2147483647	143
98	4	14	15	490	2147483647	145
99	0	12	20	495	2147483647	141
100	4	14	30	500	2147483647	135
101	3	1	30	505	2147483647	139
102	4	14	15	510	2147483647	140
103	4	14	30	515	2147483647	140
104	3	1	10	520	2147483647	136
105	0	12	20	525	2147483647	136
106	3	1	30	530	2147483647	141
107	0	12	15	535	2147483647	135
108	4	14	30	540	2147483647	142
109	4	14	10	545	2147483647	137
110	3	1	10	550	2147483647	144
111	0	12	10	555	2147483647	140
112	4	8	30	560	2147483647	135
113	4	8	30	565	2147483647	141
114	3	1	30	570	2147483647	138
115	3	1	20	575	2147483647	144
116	4	14	15	580	2147483647	145
117	4	14	10	585	2147483647	142
118	4	14	10	590	2147483647	141
119	0	12	10	595	2147483647	136
120	3	1	30	600	2147483647	145
121	4	8	20	605	2147483647	143
122	4	8	10	610	2147483647	140
123	3	1	15	615	2147483647	140
124	0	12	20	620	2147483647	143
125	3	1	10	625	2147483647	136
126	0	12	30	630	2147483647	145
127	4	8	30	635	2147483647	140
128	4	8	10	640	2147483647	139
129	0	12	15	645	2147483647	140
130	3	1	30	650	2147483647	141
131	4	14	30	655	2147483647	145
132	4	14	10	660	2147483647	140
133	3	1	30	665	2147483647	143
134	3	1	10	670	2147483647	137
135	4	14	30	675	2147483647	144
136	0	12	10	680	2147483647	142
137	4	14	30	685	2147483647	145
138	4	8	20	690	2147483647	138
139	4	8	30	695	2147483647	135
140	4	8	20	700	2147483647	137
141	4	8	20	705	2147483647	144
142	4	14	20	710	2147483647	137
143	0	12	10	715	2147483647	141
144	4	14	20	720	2147483647	139
145	3	1	10	725	2147483647	143
146	0	12	20	730	2147483647	139
147	3	1	30	735	2147483647	143
148	3	1	30	740	2147483647	143
149	4	8	30	745	2147483647	140
150	4	8	15	750	2147483647	135
151	3	1	15	755	2147483647	138
152	4	8	10	760	2147483647	137
153	3	1	10	765	2147483647	144
154	4	8	30	770	2147483647	142
155	3	1	10	775	2147483647	137
156	0	12	20	780	2147483647	145
157	0	12	10	785	2147483647	135
158	4	14	10	790	2147483647	142
159	0	12	30	795	2147483647	135
160	0	12	30	800	2147483647	136
161	4	8	30	805	2147483647	135
162	3	1	15	810	2147483647	141
163	4	14	15	815	2147483647	137
164	0	12	15	820	2147483647	142
165	4	14	15	825	2147483647	145
166	4	8	30	830	2147483647	145
167	4	14	30	835	2147483647	138
168	3	1	30	840	2147483647	138
169	3	1	30	845	2147483647	139
170	4	8	20	850	2147483647	137
171	0	12	15	855	2147483647	145
172	4	8	15	860	2147483647	139
173	4	8	10	865	2147483647	141
174	4	14	15	870	2147483647	144
175	0	12	10	875	2147483647	135
176	4	8	30	880	2147483647	141
177	4	8	30	885	2147483647	145
178	4	14	20	890	2147483647	135
179	3	1	15	895	2147483647	135
180	4	8	20	900	2147483647	143
181	4	8	30	905	2147483647	136
182	4	14	10	910	2147483647	143
183	0	12	10	915	2147483647	144
184	3	1	30	920	2147483647	140
185	0	12	15	925	2147483647	137
186	4	8	20	930	2147483647	143
187	0	12	10	935	2147483647	141
188	0	12	10	940	2147483647	135
189	0	12	30	945	2147483647	135
190	3	1	10	950	2147483647	145
191	4	14	30	955	2147483647	141
192	0	12	20	960	2147483647	137
193	4	8	30	965	2147483647	138
194	4	8	10	970	2147483647	144
195	0	12	20	975	2147483647	136
196	4	14	10	980	2147483647	137
197	0	12	15	985	2147483647	145
198	4	14	30	990	2147483647	145
199	4	14	15	995	2147483647	140
200	4	8	15	1000	2147483647	143
201	4	8	20	1005	2147483647	136
202	0	12	10	1010	2147483647	140
203	4	14	30	1015	2147483647	138
204	4	14	15	1020	2147483647	138
205	4	8	30	1025	2147483647	135
206	0	12	10	1030	2147483647	145
207	4	14	30	1035	2147483647	141
208	3	1	20	1040	2147483647	145
209	0	12	20	1045	2147483647	141
210	0	12	15	1050	2147483647	141
211	4	14	20	1055	2147483647	145
212	4	8	15	1060	2147483647	135
213	4	8	20	1065	2147483647	142
214	3	1	10	1070	2147483647	137
215	3	1	30	1075	2147483647	145
216	4	8	30	1080	2147483647	138
217	4	8	15	1085	2147483647	143
218	0	12	15	1090	2147483647	143
219	0	12	10	1095	2147483647	139
220	4	8	20	1100	2147483647	137
221	0	12	20	1105	2147483647	138
222	3	1	30	1110	2147483647	137
223	4	8	30	1115	2147483647	138
224	0	12	30	1120	2147483647	140
225	3	1	20	1125	2147483647	141
226	0	12	30	1130	2147483647	143
227	0	12	15	1135	2147483647	135
228	0	12	10	1140	2147483647	143
229	4	14	30	1145	2147483647	143
230	4	8	30	1150	2147483647	143
231	4	8	20	1155	2147483647	142
232	4	8	10	1160	2147483647	135
233	4	14	15	1165	2147483647	141
234	4	8	10	1170	2147483647	138
235	4	14	10	1175	2147483647	142
236	4	8	20	1180	2147483647	142
237	4	14	15	1185	2147483647	139
238	4	8	30	1190	2147483647	140
239	4	8	10	1195	2147483647	139
240	4	14	10	1200	2147483647	138
241	3	1	30	1205	2147483647	136
242	4	8	15	1210	2147483647	142
243	4	14	20	1215	2147483647	139
244	4	14	20	1220	2147483647	139
245	4	14	15	1225	2147483647	145
246	3	1	15	1230	2147483647	141
247	4	14	30	1235	2147483647	141
248	4	14	20	1240	2147483647	135
249	3	1	10	1245	2147483647	144
250	3	1	30	1250	2147483647	144
251	4	8	30	1255	2147483647	140
252	0	12	30	1260	2147483647	136
253	4	14	30	1265	2147483647	140
254	3	1	20	1270	2147483647	137
255	0	12	20	1275	2147483647	139
256	4	14	30	1280	2147483647	144
257	3	1	15	1285	2147483647	136
258	4	14	10	1290	2147483647	144
259	0	12	20	1295	2147483647	142
260	4	8	10	1300	2147483647	138
261	0	12	20	1305	2147483647	144
262	3	1	30	1310	2147483647	143
263	4	14	30	1315	2147483647	137
264	4	14	20	1320	2147483647	144
265	4	14	30	1325	2147483647	145
266	3	1	20	1330	2147483647	145
267	4	8	10	1335	2147483647	139
268	4	14	20	1340	2147483647	138
269	3	1	30	1345	2147483647	141
270	4	8	10	1350	2147483647	138
271	3	1	15	1355	2147483647	144
272	0	12	15	1360	2147483647	137
273	4	14	15	1365	2147483647	138
274	4	8	30	1370	2147483647	135
275	4	14	20	1375	2147483647	135
276	3	1	15	1380	2147483647	142
277	3	1	15	1385	2147483647	143
278	3	1	15	1390	2147483647	145
279	4	8	15	1395	2147483647	140
280	4	14	10	1400	2147483647	135
281	0	12	10	1405	2147483647	136
282	0	12	30	1410	2147483647	145
283	3	1	30	1415	2147483647	145
284	4	8	30	1420	2147483647	145
285	0	12	10	1425	2147483647	138
286	0	12	30	1430	2147483647	140
287	3	1	15	1435	2147483647	140
288	4	8	20	1440	2147483647	138
289	0	12	20	1445	2147483647	144
290	0	12	15	1450	2147483647	143
291	3	1	15	1455	2147483647	140
292	0	12	15	1460	2147483647	140
293	0	12	10	1465	2147483647	144
294	4	14	30	1470	2147483647	136
295	3	1	20	1475	2147483647	140
296	4	14	10	1480	2147483647	138
297	3	1	20	1485	2147483647	139
298	0	12	30	1490	2147483647	141
299	4	14	20	1495	2147483647	139
300	0	12	30	1500	2147483647	135
301	0	12	15	1505	2147483647	137
302	4	14	10	1510	2147483647	137
303	0	12	20	1515	2147483647	140
304	0	12	10	1520	2147483647	141
305	0	12	20	1525	2147483647	145
306	4	8	15	1530	2147483647	137
307	4	8	15	1535	2147483647	144
308	4	8	30	1540	2147483647	139
309	3	1	10	1545	2147483647	136
310	3	1	15	1550	2147483647	143
311	0	12	20	1555	2147483647	136
312	0	12	30	1560	2147483647	137
313	3	1	20	1565	2147483647	139
314	0	12	15	1570	2147483647	142
315	0	12	30	1575	2147483647	136
316	4	14	30	1580	2147483647	144
317	0	12	30	1585	2147483647	144
318	4	8	10	1590	2147483647	138
319	3	1	20	1595	2147483647	140
320	3	1	10	1600	2147483647	140
321	4	14	15	1605	2147483647	139
322	0	12	15	1610	2147483647	135
323	4	14	10	1615	2147483647	140
324	3	1	20	1620	2147483647	143
325	4	14	30	1625	2147483647	143
326	4	8	10	1630	2147483647	138
327	4	14	15	1635	2147483647	139
328	4	14	20	1640	2147483647	136
329	3	1	15	1645	2147483647	141
330	4	14	15	1650	2147483647	142
331	4	14	20	1655	2147483647	137
332	3	1	15	1660	2147483647	136
333	3	1	20	1665	2147483647	141
334	0	12	15	1670	2147483647	139
335	4	14	20	1675	2147483647	144
336	4	8	30	1680	2147483647	144
337	0	12	10	1685	2147483647	140
338	4	8	30	1690	2147483647	139
339	4	8	15	1695	2147483647	145
340	4	14	20	1700	2147483647	135
341	4	14	15	1705	2147483647	141
342	0	12	15	1710	2147483647	135
343	3	1	20	1715	2147483647	137
344	3	1	10	1720	2147483647	136
345	4	14	30	1725	2147483647	142
346	3	1	15	1730	2147483647	138
347	3	1	20	1735	2147483647	136
348	4	14	20	1740	2147483647	136
349	4	14	30	1745	2147483647	135
350	3	1	20	1750	2147483647	141
351	3	1	15	1755	2147483647	140
352	4	8	15	1760	2147483647	136
353	3	1	15	1765	2147483647	136
354	0	12	20	1770	2147483647	144
355	4	8	15	1775	2147483647	142
356	0	12	10	1780	2147483647	136
357	0	12	10	1785	2147483647	143
358	3	1	10	1790	2147483647	142
359	4	8	15	1795	2147483647	143
360	3	1	15	1800	2147483647	141
361	4	8	10	1805	2147483647	144
362	4	8	30	1810	2147483647	142
363	3	1	20	1815	2147483647	144
364	4	14	20	1820	2147483647	139
365	3	1	20	1825	2147483647	140
366	3	1	10	1830	2147483647	145
367	4	8	15	1835	2147483647	142
368	4	8	10	1840	2147483647	145
369	4	8	20	1845	2147483647	144
370	3	1	10	1850	2147483647	138
371	4	14	30	1855	2147483647	139
372	4	14	10	1860	2147483647	140
373	0	12	30	1865	2147483647	138
374	4	14	30	1870	2147483647	140
375	3	1	20	1875	2147483647	144
376	3	1	30	1880	2147483647	138
377	4	8	20	1885	2147483647	144
378	0	12	30	1890	2147483647	139
379	3	1	30	1895	2147483647	136
380	4	8	15	1900	2147483647	139
381	4	14	20	1905	2147483647	137
382	0	12	20	1910	2147483647	137
383	0	12	20	1915	2147483647	136
384	0	12	20	1920	2147483647	135
385	0	12	10	1925	2147483647	137
386	3	1	10	1930	2147483647	136
387	4	14	30	1935	2147483647	135
388	3	1	30	1940	2147483647	142
389	3	1	10	1945	2147483647	143
390	3	1	20	1950	2147483647	142
391	4	8	20	1955	2147483647	136
392	3	1	10	1960	2147483647	143
393	4	14	20	1965	2147483647	141
394	3	1	30	1970	2147483647	139
395	3	1	20	1975	2147483647	136
396	3	1	20	1980	2147483647	145
397	4	8	20	1985	2147483647	137
398	4	14	30	1990	2147483647	143
399	0	12	20	1995	2147483647	141
400	4	8	20	2000	2147483647	143
401	0	12	10	2005	2147483647	142
402	0	12	15	2010	2147483647	136
403	4	8	30	2015	2147483647	138
404	0	12	30	2020	2147483647	143
405	4	14	30	2025	2147483647	137
406	4	14	15	2030	2147483647	145
407	0	12	20	2035	2147483647	144
408	3	1	15	2040	2147483647	141
409	4	8	10	2045	2147483647	145
410	3	1	20	2050	2147483647	138
411	4	14	15	2055	2147483647	138
412	4	14	15	2060	2147483647	138
413	4	14	10	2065	2147483647	141
414	0	12	30	2070	2147483647	139
415	4	14	30	2075	2147483647	139
416	4	8	15	2080	2147483647	142
417	4	8	10	2085	2147483647	141
418	3	1	10	2090	2147483647	143
419	3	1	15	2095	2147483647	137
420	4	14	15	2100	2147483647	139
421	3	1	10	2105	2147483647	144
422	4	14	15	2110	2147483647	145
423	4	14	10	2115	2147483647	137
424	4	14	10	2120	2147483647	136
425	4	8	15	2125	2147483647	136
426	4	8	20	2130	2147483647	141
427	4	14	15	2135	2147483647	145
428	4	8	30	2140	2147483647	145
429	0	12	15	2145	2147483647	138
430	0	12	30	2150	2147483647	145
431	0	12	10	2155	2147483647	136
432	3	1	30	2160	2147483647	136
433	0	12	10	2165	2147483647	143
434	0	12	10	2170	2147483647	139
435	0	12	10	2175	2147483647	143
436	3	1	10	2180	2147483647	135
437	3	1	20	2185	2147483647	145
438	4	14	20	2190	2147483647	139
439	0	12	20	2195	2147483647	144
440	0	12	30	2200	2147483647	138
441	4	8	20	2205	2147483647	137
442	4	8	15	2210	2147483647	140
443	0	12	30	2215	2147483647	142
444	4	14	15	2220	2147483647	139
445	3	1	10	2225	2147483647	139
446	3	1	15	2230	2147483647	143
447	3	1	30	2235	2147483647	136
448	4	14	20	2240	2147483647	137
449	4	14	10	2245	2147483647	145
450	4	8	10	2250	2147483647	140
451	0	12	15	2255	2147483647	139
452	4	14	20	2260	2147483647	139
453	4	8	15	2265	2147483647	141
454	0	12	15	2270	2147483647	137
455	4	14	20	2275	2147483647	144
456	4	8	20	2280	2147483647	142
457	4	8	10	2285	2147483647	145
458	3	1	30	2290	2147483647	136
459	4	14	15	2295	2147483647	141
460	3	1	10	2300	2147483647	141
461	0	12	30	2305	2147483647	145
462	4	14	30	2310	2147483647	145
463	3	1	10	2315	2147483647	138
464	4	8	15	2320	2147483647	135
465	3	1	15	2325	2147483647	137
466	4	8	20	2330	2147483647	137
467	4	14	10	2335	2147483647	141
468	4	14	10	2340	2147483647	137
469	4	14	20	2345	2147483647	141
470	0	12	20	2350	2147483647	139
471	3	1	20	2355	2147483647	142
472	4	8	20	2360	2147483647	136
473	3	1	15	2365	2147483647	145
474	4	8	20	2370	2147483647	144
475	3	1	30	2375	2147483647	136
476	4	8	20	2380	2147483647	139
477	4	14	20	2385	2147483647	138
478	4	14	30	2390	2147483647	143
479	0	12	30	2395	2147483647	143
480	4	14	30	2400	2147483647	138
481	3	1	30	2405	2147483647	139
482	4	14	20	2410	2147483647	143
483	3	1	20	2415	2147483647	145
484	4	14	10	2420	2147483647	143
485	4	14	15	2425	2147483647	141
486	4	8	15	2430	2147483647	142
487	0	12	15	2435	2147483647	140
488	4	14	30	2440	2147483647	140
489	4	8	20	2445	2147483647	140
490	4	14	20	2450	2147483647	136
491	4	8	10	2455	2147483647	135
492	0	12	30	2460	2147483647	144
493	0	12	10	2465	2147483647	143
494	3	1	15	2470	2147483647	137
495	0	12	10	2475	2147483647	138
496	3	1	20	2480	2147483647	138
497	3	1	15	2485	2147483647	136
498	3	1	20	2490	2147483647	142
499	4	8	10	2495	2147483647	137
500	4	8	20	2500	2147483647	137
501	3	1	15	2505	2147483647	137
502	4	14	20	2510	2147483647	145
503	4	14	30	2515	2147483647	141
504	3	1	20	2520	2147483647	141
505	3	1	20	2525	2147483647	144
506	3	1	30	2530	2147483647	137
507	0	12	15	2535	2147483647	139
508	4	14	30	2540	2147483647	142
509	3	1	15	2545	2147483647	136
510	4	8	30	2550	2147483647	140
511	3	1	10	2555	2147483647	139
512	4	8	15	2560	2147483647	137
513	4	8	30	2565	2147483647	139
514	0	12	20	2570	2147483647	138
515	4	14	15	2575	2147483647	136
516	4	8	10	2580	2147483647	137
517	0	12	10	2585	2147483647	145
518	3	1	10	2590	2147483647	140
519	4	8	30	2595	2147483647	140
520	0	12	30	2600	2147483647	140
521	0	12	15	2605	2147483647	142
522	4	14	10	2610	2147483647	135
523	4	8	15	2615	2147483647	142
524	0	12	10	2620	2147483647	140
525	3	1	15	2625	2147483647	138
526	3	1	20	2630	2147483647	144
527	4	8	15	2635	2147483647	139
528	0	12	30	2640	2147483647	142
529	4	8	15	2645	2147483647	140
530	4	14	10	2650	2147483647	144
531	3	1	15	2655	2147483647	137
532	0	12	10	2660	2147483647	141
533	4	8	20	2665	2147483647	140
534	4	14	15	2670	2147483647	140
535	0	12	20	2675	2147483647	135
536	4	14	10	2680	2147483647	140
537	4	14	30	2685	2147483647	136
538	4	14	10	2690	2147483647	138
539	4	8	20	2695	2147483647	145
540	0	12	15	2700	2147483647	138
541	0	12	10	2705	2147483647	137
542	4	8	15	2710	2147483647	143
543	4	8	15	2715	2147483647	139
544	4	14	30	2720	2147483647	135
545	0	12	20	2725	2147483647	143
546	4	14	30	2730	2147483647	143
547	4	14	10	2735	2147483647	140
548	0	12	20	2740	2147483647	140
549	3	1	10	2745	2147483647	136
550	4	14	30	2750	2147483647	136
551	4	8	15	2755	2147483647	138
552	0	12	15	2760	2147483647	142
553	4	8	20	2765	2147483647	137
554	4	8	15	2770	2147483647	142
555	4	8	10	2775	2147483647	141
556	4	14	10	2780	2147483647	137
557	4	8	10	2785	2147483647	138
558	4	14	20	2790	2147483647	136
559	4	14	10	2795	2147483647	137
560	0	12	30	2800	2147483647	145
561	4	8	20	2805	2147483647	144
562	0	12	15	2810	2147483647	142
563	3	1	15	2815	2147483647	137
564	3	1	15	2820	2147483647	138
565	4	14	20	2825	2147483647	137
566	4	8	30	2830	2147483647	143
567	0	12	20	2835	2147483647	142
568	3	1	15	2840	2147483647	144
569	4	14	10	2845	2147483647	137
570	0	12	10	2850	2147483647	142
571	4	8	15	2855	2147483647	136
572	4	8	10	2860	2147483647	141
573	0	12	15	2865	2147483647	140
574	0	12	20	2870	2147483647	136
575	4	14	30	2875	2147483647	138
576	4	14	30	2880	2147483647	144
577	4	8	30	2885	2147483647	141
578	4	8	20	2890	2147483647	141
579	4	14	20	2895	2147483647	142
580	4	14	20	2900	2147483647	141
581	3	1	20	2905	2147483647	139
582	4	8	30	2910	2147483647	144
583	4	8	30	2915	2147483647	141
584	3	1	20	2920	2147483647	139
585	3	1	30	2925	2147483647	140
586	4	8	10	2930	2147483647	141
587	4	14	15	2935	2147483647	139
588	0	12	15	2940	2147483647	143
589	4	8	15	2945	2147483647	145
590	4	8	15	2950	2147483647	143
591	3	1	30	2955	2147483647	136
592	0	12	10	2960	2147483647	145
593	4	14	30	2965	2147483647	136
594	0	12	30	2970	2147483647	145
595	4	14	30	2975	2147483647	140
596	4	14	20	2980	2147483647	140
597	3	1	30	2985	2147483647	141
598	4	14	10	2990	2147483647	136
599	0	12	15	2995	2147483647	144
600	3	1	20	3000	2147483647	145
601	4	14	10	3005	2147483647	135
602	4	8	30	3010	2147483647	141
603	0	12	20	3015	2147483647	137
604	3	1	10	3020	2147483647	139
605	4	8	20	3025	2147483647	135
606	0	12	15	3030	2147483647	142
607	4	14	30	3035	2147483647	136
608	0	12	10	3040	2147483647	136
609	4	8	15	3045	2147483647	139
610	3	1	15	3050	2147483647	142
611	4	8	15	3055	2147483647	142
612	4	14	15	3060	2147483647	142
613	0	12	10	3065	2147483647	139
614	0	12	20	3070	2147483647	142
615	4	8	15	3075	2147483647	141
616	0	12	30	3080	2147483647	145
617	4	14	20	3085	2147483647	136
618	0	12	30	3090	2147483647	144
619	0	12	15	3095	2147483647	143
620	4	8	15	3100	2147483647	141
621	3	1	15	3105	2147483647	139
622	4	14	15	3110	2147483647	145
623	0	12	10	3115	2147483647	144
624	3	1	30	3120	2147483647	139
625	3	1	10	3125	2147483647	140
626	0	12	15	3130	2147483647	136
627	4	8	10	3135	2147483647	140
628	4	14	20	3140	2147483647	140
629	4	8	20	3145	2147483647	141
630	0	12	10	3150	2147483647	143
631	0	12	30	3155	2147483647	138
632	3	1	20	3160	2147483647	139
633	4	8	15	3165	2147483647	143
634	0	12	10	3170	2147483647	143
635	4	14	15	3175	2147483647	140
636	4	8	20	3180	2147483647	143
637	0	12	15	3185	2147483647	142
638	4	14	30	3190	2147483647	136
639	0	12	10	3195	2147483647	138
640	4	8	20	3200	2147483647	144
641	4	8	10	3205	2147483647	140
642	4	14	15	3210	2147483647	138
643	4	14	30	3215	2147483647	139
644	4	14	30	3220	2147483647	138
645	4	14	30	3225	2147483647	136
646	3	1	20	3230	2147483647	140
647	0	12	30	3235	2147483647	140
648	3	1	15	3240	2147483647	140
649	4	14	15	3245	2147483647	139
650	3	1	10	3250	2147483647	141
651	0	12	30	3255	2147483647	139
652	3	1	10	3260	2147483647	143
653	4	14	20	3265	2147483647	139
654	3	1	30	3270	2147483647	137
655	0	12	10	3275	2147483647	141
656	0	12	30	3280	2147483647	136
657	4	8	20	3285	2147483647	143
658	4	8	20	3290	2147483647	144
659	4	14	30	3295	2147483647	145
660	0	12	10	3300	2147483647	144
661	3	1	10	3305	2147483647	137
662	0	12	10	3310	2147483647	141
663	3	1	15	3315	2147483647	140
664	0	12	10	3320	2147483647	141
665	3	1	15	3325	2147483647	139
666	3	1	20	3330	2147483647	137
667	3	1	10	3335	2147483647	144
668	4	14	30	3340	2147483647	142
669	4	8	10	3345	2147483647	137
670	4	14	20	3350	2147483647	143
671	0	12	15	3355	2147483647	138
672	4	14	30	3360	2147483647	145
673	4	14	30	3365	2147483647	140
674	3	1	30	3370	2147483647	145
675	0	12	10	3375	2147483647	136
676	4	14	10	3380	2147483647	136
677	0	12	15	3385	2147483647	140
678	0	12	10	3390	2147483647	141
679	3	1	30	3395	2147483647	137
680	4	14	20	3400	2147483647	135
681	0	12	15	3405	2147483647	141
682	3	1	30	3410	2147483647	135
683	0	12	10	3415	2147483647	136
684	3	1	20	3420	2147483647	135
685	4	14	15	3425	2147483647	139
686	4	8	30	3430	2147483647	140
687	4	14	10	3435	2147483647	135
688	3	1	20	3440	2147483647	141
689	0	12	10	3445	2147483647	136
690	4	14	20	3450	2147483647	138
691	0	12	10	3455	2147483647	135
692	3	1	20	3460	2147483647	143
693	4	14	30	3465	2147483647	137
694	4	14	30	3470	2147483647	140
695	4	14	15	3475	2147483647	142
696	4	8	10	3480	2147483647	144
697	0	12	10	3485	2147483647	143
698	3	1	20	3490	2147483647	143
699	4	8	20	3495	2147483647	144
700	4	8	10	3500	2147483647	144
701	4	14	20	3505	2147483647	141
702	0	12	30	3510	2147483647	143
703	4	8	10	3515	2147483647	137
704	4	14	30	3520	2147483647	141
705	3	1	20	3525	2147483647	138
706	4	8	10	3530	2147483647	139
707	3	1	15	3535	2147483647	138
708	0	12	20	3540	2147483647	139
709	3	1	20	3545	2147483647	135
710	0	12	30	3550	2147483647	140
711	4	14	15	3555	2147483647	142
712	0	12	20	3560	2147483647	136
713	4	14	30	3565	2147483647	141
714	0	12	15	3570	2147483647	144
715	0	12	30	3575	2147483647	138
716	0	12	10	3580	2147483647	136
717	4	14	30	3585	2147483647	140
718	4	14	20	3590	2147483647	140
719	4	8	30	3595	2147483647	137
720	0	12	15	3600	2147483647	144
721	4	14	20	3605	2147483647	137
722	0	12	15	3610	2147483647	138
723	4	14	30	3615	2147483647	141
724	3	1	15	3620	2147483647	144
725	4	14	20	3625	2147483647	143
726	4	8	30	3630	2147483647	140
727	4	14	30	3635	2147483647	143
728	0	12	30	3640	2147483647	135
729	4	14	20	3645	2147483647	138
730	3	1	10	3650	2147483647	137
731	3	1	30	3655	2147483647	138
732	3	1	20	3660	2147483647	143
733	3	1	15	3665	2147483647	142
734	4	8	20	3670	2147483647	139
735	0	12	10	3675	2147483647	140
736	0	12	15	3680	2147483647	143
737	4	8	20	3685	2147483647	143
738	0	12	15	3690	2147483647	140
739	0	12	10	3695	2147483647	142
740	3	1	15	3700	2147483647	145
741	3	1	20	3705	2147483647	137
742	3	1	15	3710	2147483647	141
743	4	14	10	3715	2147483647	140
744	4	14	10	3720	2147483647	141
745	4	14	10	3725	2147483647	142
746	4	14	15	3730	2147483647	144
747	4	14	20	3735	2147483647	137
748	4	14	20	3740	2147483647	139
749	4	14	10	3745	2147483647	136
750	4	14	15	3750	2147483647	140
751	4	8	10	3755	2147483647	139
752	4	8	15	3760	2147483647	137
753	0	12	30	3765	2147483647	140
754	4	8	15	3770	2147483647	145
755	4	8	20	3775	2147483647	142
756	4	14	10	3780	2147483647	137
757	4	8	30	3785	2147483647	137
758	3	1	30	3790	2147483647	139
759	0	12	15	3795	2147483647	144
760	4	8	20	3800	2147483647	143
761	4	8	10	3805	2147483647	142
762	3	1	15	3810	2147483647	138
763	4	8	10	3815	2147483647	136
764	0	12	15	3820	2147483647	143
765	3	1	10	3825	2147483647	136
766	4	8	30	3830	2147483647	144
767	3	1	10	3835	2147483647	139
768	4	8	10	3840	2147483647	137
769	4	14	10	3845	2147483647	139
770	0	12	15	3850	2147483647	140
771	3	1	15	3855	2147483647	138
772	3	1	20	3860	2147483647	145
773	4	14	20	3865	2147483647	143
774	3	1	20	3870	2147483647	138
775	3	1	20	3875	2147483647	142
776	0	12	15	3880	2147483647	141
777	4	8	15	3885	2147483647	143
778	0	12	30	3890	2147483647	145
779	3	1	10	3895	2147483647	137
780	4	14	10	3900	2147483647	144
781	3	1	15	3905	2147483647	138
782	0	12	15	3910	2147483647	139
783	4	8	30	3915	2147483647	144
784	4	14	10	3920	2147483647	143
785	0	12	10	3925	2147483647	144
786	4	8	20	3930	2147483647	135
787	4	8	30	3935	2147483647	137
788	4	8	10	3940	2147483647	142
789	4	14	10	3945	2147483647	142
790	4	8	30	3950	2147483647	137
791	3	1	15	3955	2147483647	140
792	3	1	30	3960	2147483647	139
793	0	12	10	3965	2147483647	142
794	4	14	15	3970	2147483647	144
795	4	8	15	3975	2147483647	137
796	0	12	15	3980	2147483647	144
797	4	8	10	3985	2147483647	140
798	3	1	20	3990	2147483647	142
799	4	8	10	3995	2147483647	140
800	3	1	15	4000	2147483647	143
801	4	8	10	4005	2147483647	139
802	4	8	15	4010	2147483647	145
803	4	14	15	4015	2147483647	145
804	4	14	20	4020	2147483647	141
805	0	12	30	4025	2147483647	136
806	4	14	20	4030	2147483647	139
807	4	8	30	4035	2147483647	140
808	3	1	10	4040	2147483647	137
809	3	1	20	4045	2147483647	138
810	4	8	10	4050	2147483647	136
811	4	8	30	4055	2147483647	140
812	4	8	10	4060	2147483647	138
813	0	12	20	4065	2147483647	136
814	4	8	10	4070	2147483647	145
815	3	1	15	4075	2147483647	140
816	0	12	20	4080	2147483647	138
817	4	8	20	4085	2147483647	139
818	4	8	30	4090	2147483647	138
819	0	12	15	4095	2147483647	145
820	0	12	15	4100	2147483647	135
821	4	14	10	4105	2147483647	142
822	4	8	10	4110	2147483647	143
823	4	8	10	4115	2147483647	140
824	3	1	15	4120	2147483647	137
825	4	8	10	4125	2147483647	135
826	0	12	15	4130	2147483647	145
827	3	1	20	4135	2147483647	138
828	0	12	10	4140	2147483647	144
829	4	8	15	4145	2147483647	135
830	4	8	15	4150	2147483647	143
831	4	14	15	4155	2147483647	135
832	3	1	20	4160	2147483647	136
833	3	1	30	4165	2147483647	140
834	0	12	30	4170	2147483647	139
835	4	8	10	4175	2147483647	139
836	0	12	30	4180	2147483647	138
837	0	12	30	4185	2147483647	139
838	4	8	10	4190	2147483647	137
839	4	14	15	4195	2147483647	142
840	4	8	20	4200	2147483647	139
841	4	14	20	4205	2147483647	141
842	4	14	20	4210	2147483647	135
843	3	1	20	4215	2147483647	139
844	3	1	30	4220	2147483647	141
845	4	14	10	4225	2147483647	143
846	4	8	15	4230	2147483647	137
847	3	1	15	4235	2147483647	137
848	4	14	30	4240	2147483647	142
849	0	12	10	4245	2147483647	139
850	4	8	20	4250	2147483647	145
851	3	1	30	4255	2147483647	139
852	4	14	10	4260	2147483647	137
853	3	1	15	4265	2147483647	142
854	0	12	20	4270	2147483647	139
855	4	14	15	4275	2147483647	136
856	0	12	10	4280	2147483647	142
857	4	14	15	4285	2147483647	139
858	4	8	10	4290	2147483647	143
859	3	1	20	4295	2147483647	141
860	0	12	15	4300	2147483647	137
861	0	12	30	4305	2147483647	136
862	4	8	20	4310	2147483647	141
863	4	8	30	4315	2147483647	136
864	0	12	10	4320	2147483647	140
865	4	8	30	4325	2147483647	135
866	3	1	15	4330	2147483647	138
867	3	1	10	4335	2147483647	143
868	4	14	20	4340	2147483647	142
869	4	14	10	4345	2147483647	141
870	4	8	15	4350	2147483647	137
871	4	14	20	4355	2147483647	145
872	4	14	15	4360	2147483647	136
873	3	1	20	4365	2147483647	142
874	3	1	20	4370	2147483647	141
875	0	12	20	4375	2147483647	139
876	4	14	15	4380	2147483647	142
877	3	1	20	4385	2147483647	138
878	4	14	15	4390	2147483647	145
879	3	1	15	4395	2147483647	140
880	4	14	20	4400	2147483647	143
881	4	8	10	4405	2147483647	142
882	4	14	20	4410	2147483647	142
883	4	14	30	4415	2147483647	140
884	0	12	20	4420	2147483647	136
885	4	14	20	4425	2147483647	138
886	0	12	10	4430	2147483647	144
887	0	12	10	4435	2147483647	139
888	4	8	15	4440	2147483647	135
889	0	12	20	4445	2147483647	138
890	4	8	30	4450	2147483647	143
891	0	12	20	4455	2147483647	144
892	4	14	30	4460	2147483647	142
893	4	14	20	4465	2147483647	142
894	4	14	30	4470	2147483647	139
895	4	8	20	4475	2147483647	137
896	3	1	10	4480	2147483647	135
897	3	1	20	4485	2147483647	144
898	4	8	15	4490	2147483647	144
899	0	12	30	4495	2147483647	140
900	0	12	20	4500	2147483647	139
901	3	1	10	4505	2147483647	140
902	3	1	30	4510	2147483647	141
903	4	14	30	4515	2147483647	136
904	3	1	20	4520	2147483647	137
905	4	8	30	4525	2147483647	135
906	4	14	15	4530	2147483647	138
907	4	8	15	4535	2147483647	141
908	4	14	20	4540	2147483647	136
909	0	12	30	4545	2147483647	145
910	4	14	30	4550	2147483647	140
911	4	8	20	4555	2147483647	138
912	0	12	30	4560	2147483647	140
913	3	1	30	4565	2147483647	137
914	3	1	30	4570	2147483647	144
915	3	1	15	4575	2147483647	141
916	0	12	15	4580	2147483647	139
917	4	8	20	4585	2147483647	136
918	0	12	10	4590	2147483647	135
919	4	8	15	4595	2147483647	136
920	4	8	30	4600	2147483647	137
921	3	1	10	4605	2147483647	145
922	0	12	30	4610	2147483647	142
923	4	14	10	4615	2147483647	139
924	4	8	10	4620	2147483647	143
925	4	8	30	4625	2147483647	138
926	4	14	20	4630	2147483647	137
927	4	14	20	4635	2147483647	140
928	3	1	30	4640	2147483647	137
929	4	8	10	4645	2147483647	138
930	3	1	20	4650	2147483647	139
931	4	8	20	4655	2147483647	143
932	0	12	10	4660	2147483647	140
933	3	1	15	4665	2147483647	139
934	3	1	20	4670	2147483647	135
935	0	12	15	4675	2147483647	137
936	4	14	10	4680	2147483647	136
937	4	14	30	4685	2147483647	141
938	4	8	15	4690	2147483647	137
939	3	1	20	4695	2147483647	135
940	4	14	15	4700	2147483647	135
941	4	14	20	4705	2147483647	138
942	0	12	15	4710	2147483647	138
943	4	8	20	4715	2147483647	136
944	4	8	20	4720	2147483647	144
945	4	14	15	4725	2147483647	139
946	0	12	20	4730	2147483647	139
947	4	8	10	4735	2147483647	139
948	4	8	20	4740	2147483647	144
949	4	8	20	4745	2147483647	144
950	0	12	10	4750	2147483647	143
951	0	12	15	4755	2147483647	145
952	4	8	20	4760	2147483647	143
953	4	14	30	4765	2147483647	142
954	3	1	10	4770	2147483647	138
955	3	1	20	4775	2147483647	140
956	3	1	15	4780	2147483647	143
957	4	14	20	4785	2147483647	137
958	3	1	20	4790	2147483647	138
959	4	8	20	4795	2147483647	145
960	4	8	15	4800	2147483647	143
961	0	12	20	4805	2147483647	143
962	3	1	20	4810	2147483647	138
963	3	1	20	4815	2147483647	143
964	4	8	10	4820	2147483647	140
965	4	8	15	4825	2147483647	142
966	0	12	15	4830	2147483647	144
967	4	8	20	4835	2147483647	135
968	4	14	10	4840	2147483647	136
969	4	8	15	4845	2147483647	141
970	3	1	10	4850	2147483647	140
971	0	12	20	4855	2147483647	144
972	4	14	15	4860	2147483647	144
973	3	1	20	4865	2147483647	135
974	3	1	10	4870	2147483647	136
975	3	1	10	4875	2147483647	145
976	3	1	20	4880	2147483647	141
977	3	1	15	4885	2147483647	141
978	4	8	15	4890	2147483647	140
979	4	8	30	4895	2147483647	139
980	0	12	15	4900	2147483647	145
981	3	1	20	4905	2147483647	143
982	3	1	10	4910	2147483647	142
983	4	8	10	4915	2147483647	138
984	4	8	30	4920	2147483647	140
985	4	8	15	4925	2147483647	140
986	0	12	10	4930	2147483647	135
987	4	8	10	4935	2147483647	143
988	0	12	15	4940	2147483647	136
989	4	14	30	4945	2147483647	141
990	3	1	10	4950	2147483647	140
991	0	12	20	4955	2147483647	144
992	4	8	10	4960	2147483647	138
993	0	12	20	4965	2147483647	138
994	4	8	15	4970	2147483647	138
995	4	14	20	4975	2147483647	138
996	0	12	10	4980	2147483647	145
997	3	1	30	4985	2147483647	140
998	0	12	15	4990	2147483647	141
999	0	12	15	4995	2147483647	137
