0	0	12	30	0	2147483647	142
1	4	14	20	5	2147483647	141
2	4	8	15	10	2147483647	141
3	3	1	10	15	2147483647	140
4	4	14	15	20	2147483647	144
5	0	12	20	25	2147483647	142
6	0	12	10	30	2147483647	141
7	0	12	20	35	2147483647	140
8	0	12	15	40	2147483647	141
9	4	8	20	45	2147483647	140
10	3	1	20	50	2147483647	145
11	0	12	30	55	2147483647	141
12	4	8	20	60	2147483647	145
13	3	1	10	65	2147483647	144
14	4	8	15	70	2147483647	144
15	4	14	20	75	2147483647	144
16	4	8	20	80	2147483647	145
17	0	12	15	85	2147483647	145
18	4	14	15	90	2147483647	141
19	3	1	10	95	2147483647	144
20	0	12	10	100	2147483647	142
21	3	1	10	105	2147483647	142
22	3	1	30	110	2147483647	145
23	3	1	20	115	2147483647	144
24	4	8	15	120	2147483647	142
25	4	8	10	125	2147483647	145
26	4	14	30	130	2147483647	140
27	0	12	15	135	2147483647	141
28	0	12	10	140	2147483647	142
29	3	1	30	145	2147483647	142
30	3	1	15	150	2147483647	140
31	0	12	10	155	2147483647	141
32	4	8	30	160	2147483647	142
33	0	12	20	165	2147483647	145
34	4	8	20	170	2147483647	140
35	3	1	10	175	2147483647	143
36	3	1	15	180	2147483647	141
37	4	14	15	185	2147483647	145
38	4	14	20	190	2147483647	143
39	4	8	30	195	2147483647	142
40	4	8	30	200	2147483647	140
41	4	14	10	205	2147483647	145
42	4	14	15	210	2147483647	142
43	0	12	10	215	2147483647	140
44	3	1	10	220	2147483647	142
45	3	1	15	225	2147483647	141
46	0	12	15	230	2147483647	142
47	0	12	30	235	2147483647	145
48	3	1	30	240	2147483647	143
49	4	8	10	245	2147483647	143
50	0	12	10	250	2147483647	141
51	4	14	30	255	2147483647	144
52	3	1	20	260	2147483647	145
53	4	8	20	265	2147483647	140
54	0	12	30	270	2147483647	144
55	4	8	30	275	2147483647	140
56	0	12	30	280	2147483647	142
57	4	14	30	285	2147483647	142
58	4	8	30	290	2147483647	144
59	4	8	15	295	2147483647	145
60	0	12	30	300	2147483647	141
61	0	12	20	305	2147483647	145
62	4	14	20	310	2147483647	144
63	4	8	20	315	2147483647	144
64	3	1	15	320	2147483647	140
65	3	1	15	325	2147483647	143
66	3	1	30	330	2147483647	144
67	0	12	10	335	2147483647	140
68	4	8	15	340	2147483647	143
69	4	14	10	345	2147483647	141
70	0	12	15	350	2147483647	143
71	4	8	10	355	2147483647	140
72	0	12	20	360	2147483647	141
73	3	1	20	365	2147483647	145
74	0	12	10	370	2147483647	143
75	4	8	30	375	2147483647	143
76	3	1	20	380	2147483647	140
77	4	8	20	385	2147483647	144
78	4	14	20	390	2147483647	142
79	4	14	10	395	2147483647	140
80	4	8	20	400	2147483647	142
81	3	1	10	405	2147483647	141
82	4	8	20	410	2147483647	144
83	3	1	30	415	2147483647	145
84	3	1	30	420	2147483647	141
85	4	14	20	425	2147483647	141
86	4	8	15	430	2147483647	141
87	4	14	10	435	2147483647	141
88	0	12	20	440	2147483647	141
89	4	14	30	445	2147483647	140
90	4	8	15	450	2147483647	141
91	4	14	20	455	2147483647	144
92	3	1	20	460	2147483647	141
93	3	1	15	465	2147483647	144
94	0	12	10	470	2147483647	140
95	4	8	15	475	2147483647	140
96	4	14	20	480	2147483647	141
97	3	1	30	485	2147483647	144
98	3	1	30	490	2147483647	145
99	0	12	20	495	2147483647	144
100	4	14	15	500	2147483647	143
101	4	14	15	505	2147483647	142
102	4	14	20	510	2147483647	141
103	3	1	20	515	2147483647	142
104	4	8	20	520	2147483647	140
105	3	1	30	525	2147483647	141
106	3	1	10	530	2147483647	143
107	4	14	10	535	2147483647	140
108	4	8	15	540	2147483647	142
109	3	1	30	545	2147483647	141
110	4	14	10	550	2147483647	145
111	3	1	10	555	2147483647	143
112	4	14	15	560	2147483647	145
113	4	8	30	565	2147483647	144
114	0	12	30	570	2147483647	142
115	4	8	20	575	2147483647	140
116	3	1	30	580	2147483647	141
117	4	8	20	585	2147483647	144
118	3	1	20	590	2147483647	143
119	4	14	20	595	2147483647	144
120	0	12	10	600	2147483647	141
121	4	14	30	605	2147483647	142
122	0	12	15	610	2147483647	145
123	4	8	15	615	2147483647	143
124	3	1	20	620	2147483647	140
125	4	8	20	625	2147483647	144
126	4	14	20	630	2147483647	145
127	4	8	15	635	2147483647	142
128	4	8	20	640	2147483647	144
129	3	1	30	645	2147483647	143
130	3	1	15	650	2147483647	141
131	0	12	20	655	2147483647	141
132	4	14	30	660	2147483647	145
133	4	14	30	665	2147483647	144
134	0	12	20	670	2147483647	142
135	3	1	15	675	2147483647	140
136	4	14	20	680	2147483647	140
137	3	1	30	685	2147483647	141
138	4	8	15	690	2147483647	144
139	0	12	10	695	2147483647	145
140	0	12	15	700	2147483647	144
141	4	8	15	705	2147483647	141
142	4	8	20	710	2147483647	145
143	4	8	20	715	2147483647	140
144	0	12	30	720	2147483647	140
145	3	1	10	725	2147483647	143
146	0	12	15	730	2147483647	145
147	0	12	20	735	2147483647	142
148	3	1	20	740	2147483647	141
149	4	14	15	745	2147483647	140
150	4	14	15	750	2147483647	145
151	4	8	30	755	2147483647	142
152	4	14	15	760	2147483647	141
153	3	1	10	765	2147483647	140
154	4	14	20	770	2147483647	143
155	4	14	15	775	2147483647	140
156	4	14	30	780	2147483647	143
157	4	8	10	785	2147483647	143
158	0	12	10	790	2147483647	142
159	0	12	10	795	2147483647	142
160	3	1	10	800	2147483647	142
161	4	8	20	805	2147483647	140
162	3	1	20	810	2147483647	141
163	3	1	20	815	2147483647	145
164	0	12	20	820	2147483647	145
165	3	1	15	825	2147483647	143
166	3	1	15	830	2147483647	144
167	4	14	15	835	2147483647	141
168	4	8	10	840	2147483647	141
169	4	8	15	845	2147483647	142
170	3	1	10	850	2147483647	145
171	4	14	30	855	2147483647	145
172	0	12	15	860	2147483647	140
173	4	8	20	865	2147483647	143
174	4	14	10	870	2147483647	140
175	3	1	20	875	2147483647	140
176	4	8	10	880	2147483647	143
177	3	1	20	885	2147483647	145
178	4	8	20	890	2147483647	142
179	4	14	20	895	2147483647	142
180	0	12	15	900	2147483647	144
181	3	1	10	905	2147483647	142
182	4	14	30	910	2147483647	141
183	3	1	10	915	2147483647	144
184	4	14	20	920	2147483647	143
185	0	12	15	925	2147483647	144
186	4	8	15	930	2147483647	140
187	4	8	20	935	2147483647	144
188	0	12	15	940	2147483647	140
189	0	12	15	945	2147483647	141
190	3	1	20	950	2147483647	143
191	4	8	15	955	2147483647	142
192	3	1	30	960	2147483647	145
193	0	12	15	965	2147483647	142
194	3	1	30	970	2147483647	142
195	4	14	30	975	2147483647	143
196	4	14	20	980	2147483647	145
197	3	1	10	985	2147483647	145
198	0	12	10	990	2147483647	140
199	4	8	15	995	2147483647	142
200	4	14	30	1000	2147483647	145
201	4	8	10	1005	2147483647	144
202	4	14	15	1010	2147483647	140
203	0	12	10	1015	2147483647	145
204	0	12	10	1020	2147483647	140
205	4	14	15	1025	2147483647	145
206	4	8	20	1030	2147483647	142
207	4	8	30	1035	2147483647	143
208	3	1	30	1040	2147483647	140
209	0	12	30	1045	2147483647	142
210	3	1	15	1050	2147483647	143
211	0	12	10	1055	2147483647	144
212	4	14	20	1060	2147483647	140
213	0	12	15	1065	2147483647	145
214	4	14	20	1070	2147483647	143
215	0	12	10	1075	2147483647	140
216	4	8	30	1080	2147483647	145
217	4	14	15	1085	2147483647	142
218	4	14	10	1090	2147483647	141
219	0	12	10	1095	2147483647	141
220	4	8	10	1100	2147483647	142
221	4	8	20	1105	2147483647	145
222	3	1	30	1110	2147483647	140
223	0	12	30	1115	2147483647	145
224	3	1	30	1120	2147483647	145
225	0	12	20	1125	2147483647	143
226	4	8	10	1130	2147483647	145
227	4	14	10	1135	2147483647	143
228	4	14	20	1140	2147483647	141
229	0	12	15	1145	2147483647	143
230	4	14	30	1150	2147483647	140
231	3	1	30	1155	2147483647	143
232	4	8	20	1160	2147483647	144
233	4	14	10	1165	2147483647	140
234	0	12	30	1170	2147483647	142
235	4	14	15	1175	2147483647	140
236	3	1	20	1180	2147483647	141
237	4	14	30	1185	2147483647	141
238	4	8	10	1190	2147483647	144
239	4	14	10	1195	2147483647	144
240	4	14	30	1200	2147483647	141
241	4	14	20	1205	2147483647	143
242	3	1	20	1210	2147483647	144
243	0	12	20	1215	2147483647	143
244	3	1	30	1220	2147483647	144
245	3	1	15	1225	2147483647	144
246	4	8	30	1230	2147483647	141
247	4	8	15	1235	2147483647	145
248	4	8	20	1240	2147483647	145
249	3	1	30	1245	2147483647	142
250	4	8	10	1250	2147483647	143
251	0	12	15	1255	2147483647	142
252	4	14	10	1260	2147483647	143
253	0	12	30	1265	2147483647	145
254	0	12	15	1270	2147483647	145
255	4	8	10	1275	2147483647	145
256	3	1	10	1280	2147483647	143
257	3	1	20	1285	2147483647	141
258	4	8	10	1290	2147483647	145
259	0	12	15	1295	2147483647	142
260	3	1	15	1300	2147483647	140
261	4	8	15	1305	2147483647	145
262	4	8	10	1310	2147483647	141
263	3	1	15	1315	2147483647	143
264	4	8	30	1320	2147483647	142
265	4	14	20	1325	2147483647	145
266	3	1	20	1330	2147483647	145
267	4	14	15	1335	2147483647	140
268	0	12	20	1340	2147483647	143
269	4	14	10	1345	2147483647	143
270	4	8	20	1350	2147483647	144
271	3	1	30	1355	2147483647	143
272	4	8	15	1360	2147483647	144
273	0	12	30	1365	2147483647	143
274	4	8	15	1370	2147483647	145
275	4	8	15	1375	2147483647	145
276	3	1	30	1380	2147483647	141
277	3	1	15	1385	2147483647	142
278	3	1	30	1390	2147483647	141
279	0	12	15	1395	2147483647	140
280	3	1	30	1400	2147483647	142
281	0	12	20	1405	2147483647	145
282	3	1	15	1410	2147483647	143
283	4	8	30	1415	2147483647	144
284	3	1	15	1420	2147483647	145
285	3	1	20	1425	2147483647	143
286	4	14	20	1430	2147483647	140
287	4	8	20	1435	2147483647	145
288	4	14	30	1440	2147483647	140
289	3	1	20	1445	2147483647	142
290	4	8	15	1450	2147483647	142
291	0	12	30	1455	2147483647	140
292	4	8	20	1460	2147483647	142
293	4	8	20	1465	2147483647	141
294	0	12	20	1470	2147483647	143
295	4	8	15	1475	2147483647	142
296	3	1	20	1480	2147483647	141
297	4	14	10	1485	2147483647	141
298	4	14	20	1490	2147483647	141
299	3	1	15	1495	2147483647	145
300	4	14	30	1500	2147483647	145
301	3	1	15	1505	2147483647	140
302	0	12	30	1510	2147483647	142
303	4	8	20	1515	2147483647	142
304	4	8	10	1520	2147483647	143
305	4	14	10	1525	2147483647	140
306	3	1	30	1530	2147483647	144
307	4	14	15	1535	2147483647	145
308	4	14	20	1540	2147483647	145
309	3	1	30	1545	2147483647	140
310	4	14	10	1550	2147483647	144
311	0	12	30	1555	2147483647	141
312	4	14	20	1560	2147483647	145
313	4	8	20	1565	2147483647	145
314	3	1	15	1570	2147483647	140
315	3	1	30	1575	2147483647	140
316	4	14	30	1580	2147483647	141
317	0	12	10	1585	2147483647	143
318	0	12	10	1590	2147483647	143
319	3	1	10	1595	2147483647	144
320	0	12	30	1600	2147483647	145
321	4	8	30	1605	2147483647	145
322	0	12	20	1610	2147483647	140
323	4	8	30	1615	2147483647	140
324	3	1	30	1620	2147483647	140
325	0	12	20	1625	2147483647	144
326	0	12	15	1630	2147483647	141
327	0	12	30	1635	2147483647	142
328	4	14	10	1640	2147483647	145
329	4	14	30	1645	2147483647	143
330	4	14	30	1650	2147483647	143
331	3	1	20	1655	2147483647	145
332	3	1	20	1660	2147483647	141
333	0	12	20	1665	2147483647	142
334	0	12	20	1670	2147483647	141
335	0	12	20	1675	2147483647	141
336	4	14	30	1680	2147483647	143
337	0	12	30	1685	2147483647	141
338	0	12	20	1690	2147483647	140
339	4	14	15	1695	2147483647	144
340	0	12	30	1700	2147483647	145
341	0	12	15	1705	2147483647	140
342	4	8	30	1710	2147483647	140
343	4	8	10	1715	2147483647	145
344	4	14	20	1720	2147483647	144
345	0	12	15	1725	2147483647	141
346	0	12	15	1730	2147483647	140
347	0	12	30	1735	2147483647	143
348	4	14	10	1740	2147483647	141
349	3	1	30	1745	2147483647	143
350	4	8	20	1750	2147483647	140
351	4	8	15	1755	2147483647	144
352	4	14	10	1760	2147483647	143
353	4	8	20	1765	2147483647	142
354	3	1	20	1770	2147483647	145
355	3	1	10	1775	2147483647	145
356	4	8	20	1780	2147483647	140
357	4	14	30	1785	2147483647	142
358	3	1	20	1790	2147483647	141
359	0	12	20	1795	2147483647	145
360	3	1	20	1800	2147483647	144
361	3	1	10	1805	2147483647	141
362	4	14	10	1810	2147483647	140
363	4	14	30	1815	2147483647	142
364	4	14	30	1820	2147483647	143
365	0	12	15	1825	2147483647	144
366	4	8	10	1830	2147483647	140
367	4	14	10	1835	2147483647	143
368	0	12	10	1840	2147483647	143
369	4	8	30	1845	2147483647	145
370	3	1	10	1850	2147483647	143
371	4	14	10	1855	2147483647	145
372	4	14	15	1860	2147483647	142
373	4	8	20	1865	2147483647	145
374	3	1	15	1870	2147483647	145
375	4	14	15	1875	2147483647	144
376	0	12	30	1880	2147483647	145
377	4	14	20	1885	2147483647	140
378	4	8	15	1890	2147483647	142
379	3	1	15	1895	2147483647	145
380	4	14	10	1900	2147483647	143
381	0	12	20	1905	2147483647	144
382	4	8	20	1910	2147483647	141
383	0	12	10	1915	2147483647	142
384	3	1	15	1920	2147483647	142
385	4	8	20	1925	2147483647	144
386	4	14	20	1930	2147483647	142
387	4	8	10	1935	2147483647	144
388	3	1	10	1940	2147483647	142
389	3	1	20	1945	2147483647	141
390	3	1	30	1950	2147483647	140
391	0	12	30	1955	2147483647	140
392	3	1	15	1960	2147483647	145
393	4	14	10	1965	2147483647	141
394	0	12	30	1970	2147483647	140
395	4	8	30	1975	2147483647	143
396	0	12	15	1980	2147483647	140
397	4	8	10	1985	2147483647	143
398	4	8	10	1990	2147483647	142
399	4	14	15	1995	2147483647	145
400	4	14	10	2000	2147483647	140
401	4	8	15	2005	2147483647	143
402	0	12	20	2010	2147483647	145
403	4	8	15	2015	2147483647	141
404	0	12	30	2020	2147483647	140
405	3	1	15	2025	2147483647	140
406	3	1	30	2030	2147483647	142
407	3	1	20	2035	2147483647	144
408	3	1	10	2040	2147483647	142
409	3	1	10	2045	2147483647	140
410	3	1	10	2050	2147483647	145
411	3	1	10	2055	2147483647	145
412	4	8	20	2060	2147483647	140
413	0	12	10	2065	2147483647	142
414	0	12	20	2070	2147483647	142
415	3	1	30	2075	2147483647	140
416	4	8	15	2080	2147483647	140
417	4	14	30	2085	2147483647	143
418	4	8	20	2090	2147483647	140
419	4	8	15	2095	2147483647	145
420	0	12	30	2100	2147483647	142
421	4	14	10	2105	2147483647	141
422	4	8	30	2110	2147483647	140
423	4	8	20	2115	2147483647	142
424	4	14	30	2120	2147483647	144
425	3	1	10	2125	2147483647	142
426	0	12	20	2130	2147483647	145
427	4	14	15	2135	2147483647	140
428	0	12	30	2140	2147483647	145
429	0	12	15	2145	2147483647	142
430	4	14	10	2150	2147483647	144
431	3	1	30	2155	2147483647	142
432	4	8	20	2160	2147483647	144
433	3	1	30	2165	2147483647	142
434	3	1	10	2170	2147483647	144
435	3	1	30	2175	2147483647	145
436	4	14	10	2180	2147483647	145
437	0	12	15	2185	2147483647	145
438	0	12	15	2190	2147483647	141
439	4	14	30	2195	2147483647	141
440	4	14	20	2200	2147483647	141
441	4	8	10	2205	2147483647	144
442	3	1	30	2210	2147483647	141
443	4	14	10	2215	2147483647	141
444	0	12	15	2220	2147483647	142
445	4	14	30	2225	2147483647	140
446	4	14	15	2230	2147483647	140
447	4	8	10	2235	2147483647	143
448	4	14	15	2240	2147483647	145
449	4	8	10	2245	2147483647	140
450	0	12	15	2250	2147483647	142
451	4	8	15	2255	2147483647	142
452	4	14	15	2260	2147483647	143
453	0	12	20	2265	2147483647	142
454	3	1	20	2270	2147483647	142
455	4	14	10	2275	2147483647	144
456	0	12	15	2280	2147483647	142
457	3	1	10	2285	2147483647	143
458	4	8	15	2290	2147483647	143
459	4	8	30	2295	2147483647	144
460	4	8	30	2300	2147483647	140
461	3	1	20	2305	2147483647	141
462	4	8	30	2310	2147483647	145
463	3	1	20	2315	2147483647	140
464	4	14	30	2320	2147483647	142
465	4	14	15	2325	2147483647	143
466	4	8	20	2330	2147483647	141
467	3	1	20	2335	2147483647	143
468	4	8	30	2340	2147483647	143
469	3	1	20	2345	2147483647	142
470	3	1	30	2350	2147483647	140
471	0	12	30	2355	2147483647	140
472	3	1	20	2360	2147483647	142
473	3	1	30	2365	2147483647	144
474	4	8	30	2370	2147483647	143
475	4	14	20	2375	2147483647	144
476	0	12	15	2380	2147483647	140
477	4	8	30	2385	2147483647	145
478	4	8	15	2390	2147483647	145
479	4	14	10	2395	2147483647	143
480	3	1	20	2400	2147483647	141
481	4	14	20	2405	2147483647	142
482	0	12	30	2410	2147483647	141
483	3	1	20	2415	2147483647	145
484	4	14	10	2420	2147483647	145
485	4	8	20	2425	2147483647	142
486	3	1	15	2430	2147483647	144
487	0	12	30	2435	2147483647	141
488	4	14	15	2440	2147483647	145
489	3	1	10	2445	2147483647	145
490	4	8	15	2450	2147483647	143
491	4	8	10	2455	2147483647	142
492	3	1	10	2460	2147483647	142
493	3	1	15	2465	2147483647	142
494	4	8	30	2470	2147483647	140
495	4	8	30	2475	2147483647	145
496	4	14	10	2480	2147483647	145
497	0	12	10	2485	2147483647	140
498	4	14	10	2490	2147483647	145
499	4	8	30	2495	2147483647	144
500	3	1	10	2500	2147483647	145
501	0	12	20	2505	2147483647	143
502	4	14	10	2510	2147483647	145
503	4	8	20	2515	2147483647	143
504	4	14	10	2520	2147483647	145
505	4	14	20	2525	2147483647	141
506	3	1	30	2530	2147483647	145
507	4	8	20	2535	2147483647	145
508	3	1	30	2540	2147483647	145
509	4	14	30	2545	2147483647	144
510	4	14	30	2550	2147483647	144
511	3	1	15	2555	2147483647	143
512	4	8	30	2560	2147483647	143
513	3	1	15	2565	2147483647	145
514	4	14	10	2570	2147483647	142
515	3	1	10	2575	2147483647	144
516	4	8	20	2580	2147483647	140
517	3	1	10	2585	2147483647	140
518	3	1	20	2590	2147483647	141
519	4	8	10	2595	2147483647	140
520	4	8	10	2600	2147483647	145
521	0	12	30	2605	2147483647	140
522	3	1	15	2610	2147483647	143
523	4	14	30	2615	2147483647	143
524	0	12	15	2620	2147483647	144
525	4	8	30	2625	2147483647	144
526	3	1	30	2630	2147483647	144
527	0	12	10	2635	2147483647	145
528	0	12	30	2640	2147483647	144
529	0	12	30	2645	2147483647	143
530	4	14	20	2650	2147483647	145
531	0	12	10	2655	2147483647	145
532	3	1	30	2660	2147483647	145
533	0	12	15	2665	2147483647	141
534	0	12	30	2670	2147483647	144
535	4	8	30	2675	2147483647	144
536	4	14	15	2680	2147483647	142
537	4	14	10	2685	2147483647	144
538	4	14	20	2690	2147483647	145
539	0	12	15	2695	2147483647	143
540	4	14	30	2700	2147483647	142
541	0	12	30	2705	2147483647	145
542	4	8	10	2710	2147483647	142
543	0	12	15	2715	2147483647	141
544	4	14	15	2720	2147483647	141
545	4	14	30	2725	2147483647	145
546	4	14	15	2730	2147483647	145
547	0	12	20	2735	2147483647	142
548	4	14	15	2740	2147483647	140
549	4	14	20	2745	2147483647	141
550	4	14	15	2750	2147483647	145
551	4	8	10	2755	2147483647	144
552	4	8	15	2760	2147483647	145
553	4	8	10	2765	2147483647	145
554	0	12	30	2770	2147483647	145
555	3	1	15	2775	2147483647	145
556	3	1	15	2780	2147483647	145
557	0	12	15	2785	2147483647	142
558	0	12	15	2790	2147483647	144
559	3	1	15	2795	2147483647	140
560	4	8	20	2800	2147483647	143
561	3	1	30	2805	2147483647	145
562	4	8	20	2810	2147483647	140
563	3	1	30	2815	2147483647	141
564	4	14	15	2820	2147483647	145
565	4	14	20	2825	2147483647	144
566	0	12	20	2830	2147483647	143
567	4	8	15	2835	2147483647	141
568	4	8	15	2840	2147483647	141
569	4	8	10	2845	2147483647	143
570	3	1	30	2850	2147483647	141
571	3	1	15	2855	2147483647	141
572	4	14	20	2860	2147483647	140
573	3	1	15	2865	2147483647	143
574	3	1	15	2870	2147483647	143
575	0	12	15	2875	2147483647	145
576	3	1	20	2880	2147483647	143
577	3	1	30	2885	2147483647	142
578	4	14	15	2890	2147483647	142
579	4	8	15	2895	2147483647	145
580	4	8	20	2900	2147483647	145
581	3	1	10	2905	2147483647	142
582	0	12	20	2910	2147483647	145
583	0	12	10	2915	2147483647	142
584	0	12	20	2920	2147483647	144
585	3	1	15	2925	2147483647	140
586	3	1	20	2930	2147483647	140
587	0	12	30	2935	2147483647	140
588	4	14	20	2940	2147483647	141
589	3	1	15	2945	2147483647	145
590	4	14	20	2950	2147483647	145
591	3	1	30	2955	2147483647	140
592	3	1	30	2960	2147483647	140
593	4	8	10	2965	2147483647	144
594	4	14	20	2970	2147483647	140
595	4	8	30	2975	2147483647	142
596	4	14	10	2980	2147483647	144
597	4	14	10	2985	2147483647	140
598	4	8	10	2990	2147483647	141
599	0	12	20	2995	2147483647	143
600	3	1	10	3000	2147483647	141
601	3	1	30	3005	2147483647	143
602	3	1	15	3010	2147483647	141
603	4	8	10	3015	2147483647	142
604	0	12	30	3020	2147483647	140
605	0	12	30	3025	2147483647	143
606	4	8	20	3030	2147483647	144
607	3	1	10	3035	2147483647	141
608	4	14	20	3040	2147483647	141
609	4	14	15	3045	2147483647	145
610	4	14	30	3050	2147483647	141
611	4	14	20	3055	2147483647	143
612	0	12	10	3060	2147483647	140
613	4	14	30	3065	2147483647	144
614	0	12	30	3070	2147483647	141
615	3	1	20	3075	2147483647	141
616	4	8	10	3080	2147483647	140
617	0	12	15	3085	2147483647	144
618	4	8	10	3090	2147483647	143
619	0	12	30	3095	2147483647	145
620	0	12	10	3100	2147483647	144
621	4	14	30	3105	2147483647	143
622	4	8	30	3110	2147483647	140
623	4	14	10	3115	2147483647	142
624	3	1	20	3120	2147483647	144
625	4	14	30	3125	2147483647	141
626	0	12	20	3130	2147483647	141
627	4	8	15	3135	2147483647	141
628	4	14	20	3140	2147483647	143
629	4	8	15	3145	2147483647	140
630	0	12	10	3150	2147483647	140
631	3	1	15	3155	2147483647	143
632	0	12	20	3160	2147483647	141
633	4	14	30	3165	2147483647	144
634	3	1	15	3170	2147483647	144
635	4	14	20	3175	2147483647	141
636	4	14	30	3180	2147483647	141
637	4	14	20	3185	2147483647	142
638	4	14	15	3190	2147483647	142
639	0	12	30	3195	2147483647	140
640	0	12	30	3200	2147483647	141
641	4	14	15	3205	2147483647	144
642	4	8	10	3210	2147483647	145
643	0	12	10	3215	2147483647	141
644	4	14	20	3220	2147483647	143
645	4	14	10	3225	2147483647	141
646	3	1	30	3230	2147483647	140
647	3	1	30	3235	2147483647	141
648	4	8	10	3240	2147483647	142
649	0	12	10	3245	2147483647	145
650	0	12	30	3250	2147483647	142
651	4	14	20	3255	2147483647	140
652	3	1	10	3260	2147483647	143
653	4	8	10	3265	2147483647	141
654	4	14	20	3270	2147483647	145
655	3	1	10	3275	2147483647	144
656	0	12	10	3280	2147483647	142
657	4	14	10	3285	2147483647	144
658	4	14	15	3290	2147483647	144
659	4	8	30	3295	2147483647	144
660	0	12	10	3300	2147483647	142
661	0	12	10	3305	2147483647	142
662	4	14	20	3310	2147483647	144
663	3	1	15	3315	2147483647	140
664	4	14	15	3320	2147483647	144
665	0	12	15	3325	2147483647	144
666	3	1	30	3330	2147483647	142
667	4	8	15	3335	2147483647	141
668	0	12	20	3340	2147483647	140
669	0	12	15	3345	2147483647	145
670	3	1	20	3350	2147483647	145
671	4	8	15	3355	2147483647	143
672	0	12	10	3360	2147483647	142
673	4	8	15	3365	2147483647	142
674	4	14	10	3370	2147483647	143
675	0	12	20	3375	2147483647	145
676	3	1	30	3380	2147483647	144
677	4	8	20	3385	2147483647	144
678	4	14	15	3390	2147483647	144
679	3	1	20	3395	2147483647	142
680	4	8	10	3400	2147483647	140
681	4	8	30	3405	2147483647	140
682	0	12	15	3410	2147483647	144
683	4	14	15	3415	2147483647	144
684	4	8	20	3420	2147483647	144
685	4	8	20	3425	2147483647	140
686	0	12	15	3430	2147483647	145
687	4	14	20	3435	2147483647	145
688	4	14	10	3440	2147483647	145
689	0	12	10	3445	2147483647	145
690	3	1	20	3450	2147483647	145
691	0	12	20	3455	2147483647	142
692	4	14	15	3460	2147483647	144
693	3	1	15	3465	2147483647	143
694	4	14	20	3470	2147483647	144
695	0	12	30	3475	2147483647	145
696	0	12	30	3480	2147483647	140
697	4	14	20	3485	2147483647	144
698	0	12	30	3490	2147483647	142
699	3	1	15	3495	2147483647	145
700	0	12	15	3500	2147483647	145
701	0	12	20	3505	2147483647	145
702	4	8	10	3510	2147483647	140
703	0	12	30	3515	2147483647	143
704	4	8	15	3520	2147483647	145
705	3	1	15	3525	2147483647	144
706	3	1	15	3530	2147483647	144
707	4	8	30	3535	2147483647	140
708	4	8	10	3540	2147483647	143
709	3	1	10	3545	2147483647	140
710	0	12	15	3550	2147483647	145
711	4	14	15	3555	2147483647	144
712	4	14	30	3560	2147483647	140
713	4	8	20	3565	2147483647	141
714	4	14	30	3570	2147483647	144
715	3	1	15	3575	2147483647	141
716	4	14	20	3580	2147483647	143
717	4	14	15	3585	2147483647	145
718	4	8	30	3590	2147483647	142
719	3	1	20	3595	2147483647	144
720	4	14	30	3600	2147483647	144
721	3	1	10	3605	2147483647	142
722	4	8	10	3610	2147483647	141
723	0	12	20	3615	2147483647	140
724	3	1	20	3620	2147483647	140
725	3	1	10	3625	2147483647	143
726	4	8	10	3630	2147483647	145
727	4	8	20	3635	2147483647	144
728	4	8	20	3640	2147483647	144
729	3	1	15	3645	2147483647	144
730	0	12	30	3650	2147483647	144
731	3	1	15	3655	2147483647	140
732	0	12	30	3660	2147483647	141
733	4	8	10	3665	2147483647	144
734	4	8	15	3670	2147483647	142
735	4	8	15	3675	2147483647	141
736	0	12	20	3680	2147483647	140
737	0	12	15	3685	2147483647	141
738	3	1	30	3690	2147483647	145
739	3	1	10	3695	2147483647	140
740	3	1	10	3700	2147483647	142
741	4	14	20	3705	2147483647	144
742	3	1	15	3710	2147483647	141
743	0	12	10	3715	2147483647	145
744	4	14	30	3720	2147483647	140
745	4	14	10	3725	2147483647	140
746	0	12	30	3730	2147483647	142
747	3	1	20	3735	2147483647	142
748	4	14	20	3740	2147483647	144
749	0	12	10	3745	2147483647	142
750	4	8	10	3750	2147483647	142
751	0	12	15	3755	2147483647	141
752	3	1	30	3760	2147483647	142
753	3	1	10	3765	2147483647	144
754	3	1	15	3770	2147483647	140
755	3	1	10	3775	2147483647	142
756	3	1	20	3780	2147483647	143
757	4	8	15	3785	2147483647	145
758	3	1	10	3790	2147483647	142
759	3	1	15	3795	2147483647	142
760	0	12	10	3800	2147483647	145
761	0	12	20	3805	2147483647	145
762	4	14	10	3810	2147483647	142
763	3	1	30	3815	2147483647	145
764	3	1	10	3820	2147483647	141
765	4	8	30	3825	2147483647	145
766	3	1	20	3830	2147483647	142
767	3	1	20	3835	2147483647	141
768	4	14	10	3840	2147483647	144
769	3	1	15	3845	2147483647	143
770	3	1	30	3850	2147483647	141
771	4	14	15	3855	2147483647	141
772	4	8	15	3860	2147483647	140
773	3	1	20	3865	2147483647	141
774	4	14	20	3870	2147483647	142
775	0	12	15	3875	2147483647	140
776	0	12	30	3880	2147483647	141
777	4	8	10	3885	2147483647	142
778	0	12	30	3890	2147483647	140
779	3	1	20	3895	2147483647	140
780	4	8	15	3900	2147483647	140
781	4	14	15	3905	2147483647	142
782	3	1	10	3910	2147483647	145
783	0	12	15	3915	2147483647	141
784	4	8	10	3920	2147483647	141
785	0	12	15	3925	2147483647	143
786	0	12	15	3930	2147483647	143
787	3	1	20	3935	2147483647	143
788	3	1	20	3940	2147483647	144
789	4	14	15	3945	2147483647	145
790	3	1	30	3950	2147483647	143
791	4	14	10	3955	2147483647	140
792	3	1	10	3960	2147483647	145
793	4	14	20	3965	2147483647	142
794	3	1	10	3970	2147483647	140
795	4	8	15	3975	2147483647	142
796	0	12	15	3980	2147483647	142
797	4	14	15	3985	2147483647	141
798	3	1	30	3990	2147483647	143
799	3	1	30	3995	2147483647	140
800	4	8	20	4000	2147483647	144
801	3	1	10	4005	2147483647	140
802	4	14	15	4010	2147483647	143
803	0	12	15	4015	2147483647	141
804	3	1	15	4020	2147483647	141
805	3	1	20	4025	2147483647	140
806	3	1	10	4030	2147483647	140
807	0	12	10	4035	2147483647	140
808	3	1	15	4040	2147483647	142
809	3	1	30	4045	2147483647	140
810	4	8	10	4050	2147483647	141
811	4	8	15	4055	2147483647	140
812	0	12	20	4060	2147483647	144
813	4	14	20	4065	2147483647	142
814	0	12	10	4070	2147483647	141
815	4	8	20	4075	2147483647	143
816	3	1	20	4080	2147483647	145
817	3	1	20	4085	2147483647	140
818	4	8	20	4090	2147483647	143
819	3	1	30	4095	2147483647	144
820	0	12	20	4100	2147483647	141
821	0	12	30	4105	2147483647	145
822	4	14	30	4110	2147483647	143
823	0	12	30	4115	2147483647	144
824	4	14	15	4120	2147483647	145
825	4	14	20	4125	2147483647	140
826	0	12	10	4130	2147483647	141
827	3	1	30	4135	2147483647	143
828	4	14	20	4140	2147483647	140
829	3	1	10	4145	2147483647	145
830	0	12	10	4150	2147483647	143
831	4	8	20	4155	2147483647	140
832	3	1	10	4160	2147483647	144
833	3	1	10	4165	2147483647	140
834	4	8	30	4170	2147483647	142
835	4	14	10	4175	2147483647	145
836	0	12	10	4180	2147483647	144
837	4	8	30	4185	2147483647	144
838	3	1	10	4190	2147483647	140
839	4	14	15	4195	2147483647	141
840	4	8	15	4200	2147483647	142
841	0	12	10	4205	2147483647	143
842	4	14	15	4210	2147483647	141
843	0	12	30	4215	2147483647	143
844	3	1	15	4220	2147483647	144
845	4	8	15	4225	2147483647	142
846	3	1	20	4230	2147483647	142
847	3	1	15	4235	2147483647	143
848	3	1	20	4240	2147483647	141
849	4	8	15	4245	2147483647	143
850	4	14	30	4250	2147483647	142
851	4	8	30	4255	2147483647	142
852	4	8	20	4260	2147483647	143
853	0	12	10	4265	2147483647	145
854	4	8	10	4270	2147483647	144
855	0	12	30	4275	2147483647	144
856	4	14	10	4280	2147483647	143
857	3	1	20	4285	2147483647	144
858	0	12	30	4290	2147483647	142
859	3	1	30	4295	2147483647	141
860	4	8	20	4300	2147483647	144
861	0	12	15	4305	2147483647	142
862	0	12	20	4310	2147483647	145
863	0	12	15	4315	2147483647	142
864	4	8	30	4320	2147483647	142
865	4	14	20	4325	2147483647	141
866	3	1	15	4330	2147483647	142
867	4	8	20	4335	2147483647	143
868	3	1	30	4340	2147483647	140
869	4	8	30	4345	2147483647	141
870	4	8	20	4350	2147483647	144
871	0	12	30	4355	2147483647	141
872	0	12	20	4360	2147483647	145
873	4	8	15	4365	2147483647	142
874	0	12	15	4370	2147483647	141
875	0	12	15	4375	2147483647	144
876	0	12	20	4380	2147483647	143
877	3	1	10	4385	2147483647	145
878	3	1	15	4390	2147483647	140
879	3	1	10	4395	2147483647	142
880	0	12	30	4400	2147483647	143
881	3	1	20	4405	2147483647	144
882	4	14	10	4410	2147483647	142
883	3	1	10	4415	2147483647	142
884	3	1	15	4420	2147483647	143
885	4	14	15	4425	2147483647	141
886	4	14	30	4430	2147483647	142
887	3	1	10	4435	2147483647	145
888	0	12	30	4440	2147483647	142
889	0	12	10	4445	2147483647	143
890	4	14	10	4450	2147483647	141
891	4	8	15	4455	2147483647	145
892	0	12	10	4460	2147483647	142
893	4	14	10	4465	2147483647	144
894	3	1	30	4470	2147483647	142
895	4	8	10	4475	2147483647	145
896	4	14	20	4480	2147483647	143
897	3	1	10	4485	2147483647	145
898	3	1	30	4490	2147483647	141
899	3	1	30	4495	2147483647	143
900	3	1	10	4500	2147483647	140
901	4	8	10	4505	2147483647	144
902	0	12	20	4510	2147483647	143
903	4	8	30	4515	2147483647	140
904	0	12	20	4520	2147483647	145
905	3	1	10	4525	2147483647	140
906	0	12	10	4530	2147483647	142
907	4	14	15	4535	2147483647	141
908	0	12	20	4540	2147483647	144
909	4	8	30	4545	2147483647	145
910	0	12	10	4550	2147483647	140
911	4	8	30	4555	2147483647	144
912	4	14	15	4560	2147483647	144
913	3	1	30	4565	2147483647	145
914	4	8	30	4570	2147483647	143
915	4	14	30	4575	2147483647	140
916	0	12	10	4580	2147483647	140
917	3	1	15	4585	2147483647	142
918	4	8	30	4590	2147483647	145
919	3	1	20	4595	2147483647	141
920	0	12	20	4600	2147483647	144
921	0	12	10	4605	2147483647	142
922	0	12	20	4610	2147483647	141
923	4	8	20	4615	2147483647	143
924	3	1	20	4620	2147483647	145
925	4	14	15	4625	2147483647	145
926	4	14	30	4630	2147483647	145
927	0	12	15	4635	2147483647	140
928	4	14	15	4640	2147483647	140
929	3	1	15	4645	2147483647	141
930	0	12	20	4650	2147483647	140
931	3	1	20	4655	2147483647	144
932	4	14	10	4660	2147483647	143
933	0	12	20	4665	2147483647	142
934	0	12	30	4670	2147483647	142
935	4	14	30	4675	2147483647	144
936	4	8	10	4680	2147483647	141
937	4	8	15	4685	2147483647	142
938	3	1	20	4690	2147483647	143
939	0	12	15	4695	2147483647	142
940	3	1	10	4700	2147483647	144
941	4	14	15	4705	2147483647	141
942	4	8	15	4710	2147483647	141
943	4	14	30	4715	2147483647	142
944	0	12	30	4720	2147483647	142
945	4	8	10	4725	2147483647	143
946	4	8	30	4730	2147483647	140
947	3	1	10	4735	2147483647	142
948	4	8	15	4740	2147483647	141
949	4	14	10	4745	2147483647	142
950	0	12	30	4750	2147483647	145
951	4	8	10	4755	2147483647	141
952	0	12	10	4760	2147483647	145
953	0	12	15	4765	2147483647	145
954	3	1	10	4770	2147483647	144
955	4	8	30	4775	2147483647	143
956	0	12	15	4780	2147483647	143
957	3	1	30	4785	2147483647	140
958	4	14	10	4790	2147483647	140
959	0	12	15	4795	2147483647	145
960	4	14	15	4800	2147483647	141
961	4	14	20	4805	2147483647	142
962	0	12	10	4810	2147483647	140
963	4	8	15	4815	2147483647	142
964	0	12	15	4820	2147483647	145
965	4	8	20	4825	2147483647	141
966	3	1	30	4830	2147483647	141
967	4	14	20	4835	2147483647	141
968	4	8	30	4840	2147483647	143
969	3	1	30	4845	2147483647	144
970	4	8	30	4850	2147483647	145
971	3	1	30	4855	2147483647	144
972	4	14	30	4860	2147483647	144
973	4	8	15	4865	2147483647	142
974	4	14	15	4870	2147483647	142
975	0	12	10	4875	2147483647	143
976	4	14	20	4880	2147483647	141
977	4	8	30	4885	2147483647	145
978	4	8	30	4890	2147483647	140
979	0	12	20	4895	2147483647	142
980	3	1	15	4900	2147483647	144
981	0	12	20	4905	2147483647	142
982	4	14	10	4910	2147483647	145
983	0	12	15	4915	2147483647	144
984	4	8	15	4920	2147483647	142
985	3	1	15	4925	2147483647	145
986	4	8	15	4930	2147483647	144
987	4	14	20	4935	2147483647	143
988	4	8	15	4940	2147483647	144
989	4	14	30	4945	2147483647	144
990	3	1	20	4950	2147483647	141
991	3	1	10	4955	2147483647	141
992	3	1	10	4960	2147483647	141
993	4	8	10	4965	2147483647	144
994	0	12	10	4970	2147483647	141
995	4	14	15	4975	2147483647	142
996	4	14	15	4980	2147483647	140
997	4	14	10	4985	2147483647	144
998	3	1	20	4990	2147483647	142
999	3	1	15	4995	2147483647	140
