0	1	29	10	0	12304	50
1	1	29	50	10	2130	118
2	1	29	50	20	487	129
3	7	31	10	30	2686	116
4	7	31	40	40	6648	43
5	7	31	50	50	4526	56
6	21	17	10	60	3493	145
7	4	23	30	70	10740	118
8	4	23	50	80	3123	43
9	4	23	30	90	855	144
10	1	29	10	100	332	98
11	1	29	40	110	8252	77
12	1	29	30	120	1053	30
13	4	23	40	130	2176	151
14	4	23	10	140	402	111
15	21	17	30	150	4990	138
16	4	23	40	160	3927	74
17	1	29	50	170	1093	51
18	7	31	30	180	628	108
19	1	29	30	190	1665	45
20	1	29	50	200	2491	95
21	21	17	30	210	857	58
22	7	31	40	220	713	54
23	1	29	30	230	389	140
24	7	31	30	240	4237	86
25	4	23	30	250	22238	121
26	7	31	40	260	246	105
27	21	17	50	270	1974	37
28	1	29	10	280	2400	134
29	21	17	30	290	1043	24
30	7	31	30	300	294	74
31	7	31	40	310	4722	70
32	1	29	30	320	1730	59
33	21	17	40	330	4789	118
34	21	17	40	340	3734	76
35	1	29	50	350	15709	25
36	18	6	30	360	6495	59
37	18	6	40	370	3095	63
38	21	17	40	380	935	136
39	4	23	40	390	1719	51
40	7	31	40	400	582	66
41	4	23	50	408	1132	29
42	7	31	40	416	9022	139
43	21	17	30	424	84	96
44	7	31	40	432	3096	64
45	4	23	50	440	3818	64
46	21	17	10	448	3087	26
47	7	31	20	456	2597	147
48	1	29	50	464	239	58
49	7	31	20	472	11078	132
50	1	29	40	480	1863	46
51	4	23	30	488	1844	67
52	18	6	50	496	5375	86
53	4	23	50	504	43	101
54	18	6	50	512	8047	103
55	1	29	30	520	5723	146
56	18	6	20	528	1147	84
57	21	17	30	536	88	143
58	1	29	30	544	7225	49
59	1	29	10	552	6730	77
60	1	29	20	560	3847	106
61	1	29	20	568	856	128
62	4	23	30	576	2620	138
63	4	23	20	584	1497	38
64	7	31	10	592	519	90
65	4	23	30	600	1956	47
66	21	17	20	608	2949	37
67	18	6	50	616	3050	67
68	7	31	50	624	6701	94
69	18	6	20	632	490	105
70	7	31	50	640	9630	98
71	18	6	50	648	362	31
72	18	6	20	656	124	69
73	18	6	40	664	6358	76
74	18	6	40	672	917	134
75	4	23	10	680	978	86
76	18	6	40	688	1414	74
77	21	17	20	696	615	113
78	4	23	40	704	3229	95
79	18	6	30	712	156	42
80	7	31	30	720	2452	115
81	21	17	20	728	3489	113
82	21	17	50	736	1610	133
83	18	6	40	744	2885	22
84	7	31	50	752	7784	132
85	18	6	10	800	4835	27
86	4	23	50	809	12297	139
87	7	31	30	818	1664	113
88	7	31	40	827	7130	34
89	7	31	10	836	7484	84
90	21	17	40	845	5250	96
91	18	6	50	854	6072	70
92	1	29	20	863	4856	33
93	21	17	30	872	2006	79
94	18	6	30	881	5261	100
95	7	31	20	890	11434	93
96	1	29	30	899	5808	46
97	1	29	20	908	3497	120
98	18	6	20	917	9171	25
99	18	6	10	926	659	37
100	4	23	40	935	392	46
101	7	31	10	944	17	113
102	21	17	30	953	4372	72
103	7	31	40	962	11435	107
104	21	17	30	971	110	53
105	21	17	40	980	1346	35
106	1	29	10	989	1654	152
107	21	17	10	998	11470	29
108	1	29	20	1007	6556	122
109	7	31	50	1016	4189	36
110	21	17	40	1025	2487	92
111	4	23	10	1034	451	126
112	4	23	40	1043	2524	67
113	7	31	10	1052	6386	27
114	18	6	40	1061	1758	117
115	1	29	50	1070	145	147
116	1	29	30	1079	7902	149
117	1	29	40	1088	13609	135
118	21	17	20	1097	2428	61
119	18	6	10	1106	2180	83
120	21	17	30	1115	2270	62
121	1	29	40	1124	800	79
122	4	23	10	1133	4838	53
123	1	29	40	1142	13610	30
124	4	23	40	1151	1942	29
125	4	23	50	1160	552	47
126	1	29	40	1169	1935	152
127	4	23	50	1200	4044	145
128	21	17	20	1209	266	130
129	4	23	20	1218	1217	60
130	4	23	30	1227	2399	60
131	18	6	30	1236	5019	109
132	7	31	50	1245	1116	107
133	18	6	30	1254	2056	78
134	21	17	40	1263	11598	150
135	1	29	20	1272	2420	21
136	1	29	50	1281	9966	61
137	18	6	20	1290	1969	46
138	4	23	20	1299	2666	123
139	7	31	20	1308	3388	116
140	1	29	50	1317	1802	29
141	4	23	50	1326	42	129
142	4	23	10	1335	3058	145
143	21	17	50	1344	806	152
144	7	31	20	1353	1931	147
145	18	6	30	1362	3913	125
146	7	31	10	1371	1500	22
147	4	23	10	1380	9440	25
148	4	23	40	1389	157	116
149	18	6	30	1398	4761	107
150	4	23	50	1407	339	99
151	21	17	40	1416	6422	65
152	1	29	50	1425	546	78
153	21	17	20	1434	2606	97
154	18	6	40	1443	5075	129
155	18	6	10	1452	9722	122
156	1	29	10	1461	1441	79
157	21	17	40	1470	4791	62
158	1	29	50	1479	3266	98
159	4	23	30	1488	9141	25
160	7	31	50	1497	9302	38
161	7	31	20	1506	4851	26
162	1	29	40	1515	8441	54
163	4	23	50	1524	3136	82
164	1	29	20	1533	882	131
165	7	31	20	1542	5517	138
166	21	17	20	1551	7956	38
167	18	6	20	1560	273	144
168	21	17	20	1569	7654	31
169	1	29	30	1600	9283	115
170	1	29	50	1608	504	106
171	21	17	10	1616	2558	123
172	7	31	30	1624	2616	32
173	1	29	10	1632	8609	99
174	18	6	10	1640	237	73
175	4	23	40	1648	2196	88
176	7	31	30	1656	4163	88
177	7	31	10	1664	2928	55
178	18	6	20	1672	3506	37
179	18	6	10	1680	5717	58
180	7	31	40	1688	6776	44
181	7	31	30	1696	2600	146
182	21	17	10	1704	3640	49
183	7	31	50	1712	1838	42
184	1	29	20	1720	799	116
185	7	31	50	1728	4221	150
186	1	29	30	1736	3537	50
187	21	17	30	1744	5790	29
188	21	17	50	1752	4596	104
189	4	23	40	1760	133	47
190	1	29	10	1768	656	97
191	1	29	10	1776	989	153
192	18	6	20	1784	7105	102
193	21	17	40	1792	3549	118
194	1	29	20	1800	4422	98
195	18	6	40	1808	4316	23
196	4	23	10	1816	565	94
197	21	17	10	1824	18856	83
198	7	31	40	1832	16682	41
199	1	29	10	1840	4027	29
200	4	23	20	1848	5722	106
201	4	23	50	1856	1133	33
202	7	31	50	1864	218	149
203	18	6	20	1872	588	21
204	1	29	30	1880	3445	21
205	4	23	40	1888	3754	130
206	1	29	20	1896	1537	53
207	21	17	50	1904	1118	134
208	4	23	10	1912	2187	43
209	7	31	50	1920	1405	61
210	7	31	30	1928	1232	54
211	4	23	50	1936	6121	44
212	4	23	30	1944	485	44
213	21	17	40	1952	6387	59
214	21	17	40	1960	342	135
215	1	29	30	1968	2208	46
216	21	17	10	2000	444	132
217	18	6	40	2010	2855	31
218	4	23	40	2020	1799	120
219	4	23	30	2030	3159	136
220	4	23	40	2040	703	107
221	1	29	40	2050	414	28
222	18	6	20	2060	1931	60
223	4	23	40	2070	6848	139
224	1	29	20	2080	5552	38
225	21	17	40	2090	9187	108
226	7	31	50	2100	4106	40
227	7	31	40	2110	8898	68
228	1	29	50	2120	967	20
229	21	17	30	2130	2026	70
230	1	29	30	2140	1373	148
231	7	31	20	2150	4266	25
232	21	17	30	2160	3058	34
233	18	6	20	2170	11913	28
234	7	31	50	2180	32432	107
235	1	29	40	2190	3370	31
236	1	29	40	2200	2212	152
237	4	23	50	2210	2469	47
238	4	23	20	2220	6263	41
239	4	23	30	2230	3397	140
240	4	23	30	2240	1618	117
241	1	29	40	2250	1680	71
242	18	6	20	2260	1684	141
243	1	29	10	2270	1956	63
244	7	31	20	2280	5840	148
245	4	23	20	2290	1834	72
246	4	23	40	2300	442	129
247	4	23	40	2310	135	63
248	21	17	10	2320	2822	137
249	1	29	50	2330	1122	72
250	4	23	30	2340	3238	45
251	1	29	30	2350	3886	83
252	18	6	30	2360	3962	117
253	18	6	10	2400	2307	59
254	4	23	20	2408	2565	76
255	4	23	30	2416	4345	97
256	1	29	40	2424	7974	128
257	18	6	10	2432	1064	29
258	1	29	50	2440	1953	137
259	1	29	40	2448	4532	67
260	21	17	50	2456	13649	110
261	18	6	30	2464	2228	139
262	21	17	50	2472	118	133
263	7	31	40	2480	96	127
264	7	31	20	2488	22	67
265	21	17	10	2496	3759	48
266	4	23	20	2504	1145	29
267	18	6	10	2512	722	36
268	1	29	50	2520	6393	107
269	21	17	50	2528	2874	124
270	1	29	40	2536	29914	48
271	18	6	10	2544	4136	104
272	7	31	20	2552	5080	145
273	1	29	10	2560	6243	134
274	21	17	50	2568	959	39
275	18	6	10	2576	6817	56
276	7	31	30	2584	5620	42
277	18	6	10	2592	22278	152
278	7	31	20	2600	212	145
279	4	23	10	2608	1929	120
280	18	6	10	2616	6332	133
281	18	6	20	2624	3750	131
282	21	17	40	2632	1948	86
283	21	17	10	2640	14035	103
284	18	6	10	2648	7392	45
285	21	17	10	2656	4424	85
286	4	23	50	2664	110	62
287	7	31	20	2672	404	130
288	21	17	50	2680	2582	107
289	18	6	20	2688	1644	29
290	21	17	10	2696	4891	58
291	7	31	30	2704	849	142
292	4	23	10	2712	308	65
293	18	6	40	2720	480	128
294	4	23	40	2728	3718	50
295	1	29	10	2736	9444	132
296	18	6	40	2744	1506	92
297	4	23	40	2752	1542	33
298	18	6	40	2760	1919	150
299	21	17	20	2800	690	119
300	21	17	50	2808	506	63
301	18	6	30	2816	11221	113
302	18	6	40	2824	1074	111
303	1	29	10	2832	20228	32
304	1	29	10	2840	1125	43
305	18	6	30	2848	9653	95
306	4	23	10	2856	9302	92
307	18	6	30	2864	7297	137
308	18	6	20	2872	1020	40
309	1	29	20	2880	4260	39
310	7	31	10	2888	9537	75
311	21	17	30	2896	8088	131
312	4	23	40	2904	802	39
313	7	31	40	2912	15	37
314	21	17	40	2920	8592	89
315	7	31	40	2928	1776	133
316	4	23	50	2936	169	72
317	21	17	50	2944	243	49
318	18	6	40	2952	799	102
319	21	17	20	2960	1640	137
320	4	23	10	2968	3490	140
321	21	17	50	2976	663	54
322	18	6	10	2984	4679	84
323	7	31	40	2992	2469	97
324	21	17	50	3000	6579	86
325	18	6	10	3008	6604	60
326	21	17	10	3016	3377	59
327	18	6	40	3024	3726	36
328	4	23	30	3032	817	104
329	21	17	50	3040	1470	61
330	1	29	20	3048	2807	118
331	18	6	40	3056	2282	29
332	21	17	30	3064	3818	21
333	7	31	10	3072	8951	45
334	4	23	20	3080	1224	76
335	1	29	30	3088	7728	40
336	21	17	30	3096	1867	40
337	7	31	40	3104	1990	73
338	21	17	50	3112	5160	79
339	1	29	30	3120	10753	104
340	18	6	10	3128	5825	147
341	1	29	20	3136	835	79
342	18	6	10	3144	8191	109
343	21	17	40	3152	6866	87
344	4	23	10	3160	2243	109
345	21	17	30	3200	7281	81
346	1	29	40	3208	37	123
347	7	31	20	3216	292	47
348	4	23	50	3224	1044	59
349	21	17	50	3232	1133	72
350	4	23	10	3240	7986	80
351	18	6	50	3248	1175	62
352	18	6	10	3256	596	85
353	4	23	30	3264	182	32
354	4	23	10	3272	3434	133
355	1	29	50	3280	13527	29
356	21	17	20	3288	1150	49
357	4	23	50	3296	5964	33
358	18	6	10	3304	826	101
359	21	17	10	3312	2298	138
360	18	6	30	3320	1663	56
361	1	29	20	3328	1404	75
362	21	17	10	3336	4244	53
363	18	6	30	3344	9981	134
364	21	17	50	3352	655	75
365	4	23	20	3360	2562	66
366	1	29	10	3368	1164	129
367	21	17	40	3376	1361	148
368	1	29	30	3384	5388	115
369	21	17	10	3392	114	68
370	7	31	10	3400	16952	112
371	21	17	20	3408	4193	153
372	1	29	50	3416	1628	125
373	18	6	10	3424	1146	153
374	4	23	10	3432	3371	144
375	18	6	50	3440	2001	81
376	4	23	50	3448	1324	99
377	4	23	30	3456	8137	151
378	18	6	40	3464	127	143
379	21	17	30	3472	13885	24
380	1	29	20	3480	6412	91
381	1	29	40	3488	2770	32
382	21	17	40	3496	1888	132
383	4	23	30	3504	11125	52
384	18	6	40	3512	2343	135
385	7	31	20	3520	1148	76
386	1	29	40	3528	1404	98
387	18	6	50	3536	3379	144
388	18	6	10	3544	1525	67
389	4	23	20	3552	1413	67
390	1	29	10	3560	3717	146
391	18	6	40	3600	3646	27
392	18	6	40	3610	919	127
393	21	17	50	3620	1356	96
394	7	31	10	3630	3583	68
395	18	6	40	3640	2545	92
396	1	29	20	3650	3059	46
397	21	17	30	3660	12268	130
398	21	17	50	3670	4425	31
399	1	29	40	3680	12518	63
400	7	31	20	3690	3522	107
401	18	6	10	3700	5105	130
402	7	31	50	3710	1604	87
403	7	31	40	3720	901	146
404	18	6	40	3730	1210	114
405	7	31	50	3740	966	81
406	18	6	50	3750	10120	92
407	21	17	50	3760	8806	87
408	21	17	20	3770	2578	43
409	1	29	20	3780	806	72
410	4	23	10	3790	4610	84
411	4	23	50	3800	1916	52
412	18	6	20	3810	5443	44
413	18	6	30	3820	982	96
414	21	17	40	3830	4068	66
415	18	6	40	3840	7343	44
416	18	6	40	3850	10099	98
417	4	23	30	3860	5033	21
418	1	29	50	3870	2571	153
419	18	6	30	3880	9269	154
420	4	23	30	3890	778	122
421	7	31	20	3900	4585	140
422	7	31	30	3910	14224	101
423	4	23	10	3920	2335	67
424	7	31	10	3930	2199	76
425	18	6	30	3940	1960	104
426	4	23	40	3950	2348	46
427	1	29	10	3960	191	49
428	4	23	50	3970	4286	105
429	18	6	30	3980	416	72
430	1	29	30	3990	7840	55
431	4	23	20	4000	1592	124
432	4	23	30	4009	892	140
433	1	29	50	4018	311	100
434	1	29	10	4027	1934	71
435	7	31	20	4036	323	115
436	18	6	50	4045	741	99
437	1	29	50	4054	767	141
438	1	29	40	4063	4519	92
439	7	31	40	4072	1038	74
440	4	23	30	4081	1597	138
441	1	29	50	4090	2088	30
442	4	23	30	4099	399	120
443	1	29	50	4108	577	149
444	1	29	20	4117	3803	138
445	4	23	10	4126	1016	114
446	21	17	20	4135	7711	138
447	1	29	10	4144	17553	50
448	1	29	20	4153	4190	49
449	4	23	30	4162	5564	44
450	21	17	50	4171	3201	149
451	7	31	40	4180	6829	44
452	21	17	40	4189	2610	131
453	7	31	20	4198	5840	31
454	7	31	10	4207	6044	95
455	1	29	10	4216	9341	122
456	7	31	40	4225	5536	49
457	18	6	40	4234	8765	39
458	21	17	40	4243	6034	89
459	21	17	10	4252	8276	29
460	1	29	20	4261	5889	54
461	1	29	40	4270	8274	63
462	4	23	10	4279	1055	137
463	7	31	40	4288	1888	126
464	21	17	40	4297	1562	37
465	21	17	40	4306	1758	114
466	21	17	20	4315	797	66
467	18	6	20	4324	4417	98
468	1	29	30	4333	7189	44
469	1	29	30	4342	3289	105
470	21	17	50	4351	4450	99
471	18	6	40	4360	5471	111
472	18	6	50	4369	159	83
473	4	23	10	4400	1126	98
474	7	31	10	4409	3396	35
475	4	23	40	4418	5882	112
476	18	6	40	4427	3537	39
477	4	23	30	4436	7253	106
478	4	23	40	4445	7056	84
479	1	29	50	4454	884	117
480	18	6	10	4463	3044	121
481	4	23	40	4472	2439	150
482	1	29	50	4481	2026	154
483	1	29	30	4490	9470	80
484	18	6	30	4499	3176	78
485	4	23	50	4508	165	30
486	7	31	30	4517	7565	147
487	21	17	20	4526	2263	128
488	4	23	50	4535	1402	25
489	1	29	10	4544	2617	104
490	1	29	30	4553	1591	85
491	1	29	20	4562	1319	80
492	1	29	20	4571	2015	72
493	18	6	40	4580	6502	83
494	4	23	30	4589	2450	39
495	4	23	40	4598	2432	95
496	7	31	40	4607	768	47
497	21	17	40	4616	5074	149
498	18	6	20	4625	6667	131
499	1	29	40	4634	1192	43
500	7	31	40	4643	179	67
501	7	31	10	4652	823	59
502	21	17	30	4661	665	25
503	21	17	50	4670	371	98
504	4	23	30	4679	332	99
505	7	31	20	4688	6547	57
506	4	23	50	4697	6051	116
507	4	23	40	4706	1065	52
508	21	17	20	4715	870	150
509	1	29	20	4724	36	137
510	7	31	20	4733	1520	103
511	18	6	10	4742	9747	98
512	7	31	50	4751	245	109
513	21	17	40	4760	3473	126
514	7	31	50	4769	1667	62
515	4	23	40	4800	1508	58
516	1	29	50	4811	2586	63
517	18	6	30	4822	1575	76
518	18	6	20	4833	7050	67
519	4	23	40	4844	1329	27
520	18	6	10	4855	2826	122
521	1	29	10	4866	5521	93
522	7	31	30	4877	1866	93
523	1	29	20	4888	1747	95
524	1	29	50	4899	1057	40
525	21	17	40	4910	1979	39
526	1	29	30	4921	1720	59
527	1	29	20	4932	1075	20
528	21	17	30	4943	6195	79
529	18	6	20	4954	496	95
530	21	17	50	4965	3618	84
531	18	6	50	4976	8108	44
532	1	29	20	4987	104	130
533	18	6	10	4998	3383	61
534	4	23	10	5009	672	70
535	4	23	10	5020	1704	82
536	7	31	10	5031	1445	145
537	1	29	10	5042	1477	76
538	7	31	50	5053	7004	136
539	4	23	20	5064	5427	40
540	21	17	10	5075	1208	68
541	1	29	40	5086	3821	114
542	21	17	10	5097	1080	132
543	18	6	30	5108	1350	42
544	18	6	40	5119	717	21
545	7	31	30	5130	2149	142
546	18	6	20	5141	1000	125
547	18	6	30	5152	6760	100
548	4	23	40	5163	2482	40
549	21	17	50	5174	621	135
550	4	23	40	5185	15523	52
551	18	6	20	5200	7569	125
552	4	23	30	5208	8842	101
553	7	31	30	5216	3005	124
554	21	17	30	5224	5564	76
555	7	31	40	5232	1399	128
556	21	17	40	5240	6709	120
557	21	17	20	5248	6423	85
558	21	17	50	5256	7762	78
559	4	23	50	5264	4678	80
560	4	23	40	5272	2434	152
561	4	23	40	5280	3140	116
562	7	31	20	5288	2364	128
563	7	31	50	5296	328	75
564	18	6	30	5304	2136	72
565	4	23	20	5312	2375	78
566	1	29	40	5320	8715	122
567	4	23	50	5328	2683	68
568	18	6	30	5336	2218	76
569	1	29	50	5344	20414	135
570	21	17	40	5352	43	68
571	21	17	50	5360	732	142
572	4	23	30	5368	2765	95
573	7	31	50	5376	359	47
574	7	31	40	5384	89	113
575	1	29	20	5392	8876	27
576	1	29	10	5400	2868	115
577	4	23	10	5408	361	70
578	7	31	30	5416	842	94
579	18	6	30	5424	6782	52
580	4	23	20	5432	740	69
581	21	17	10	5440	3054	113
582	4	23	30	5448	5938	134
583	21	17	40	5456	4126	98
584	21	17	30	5464	590	62
585	4	23	40	5472	5482	113
586	7	31	30	5480	15252	97
587	18	6	50	5488	2752	25
588	18	6	30	5496	6851	140
589	21	17	30	5504	7848	96
590	7	31	30	5512	3052	116
591	21	17	50	5520	2804	79
592	1	29	10	5528	2408	152
593	1	29	50	5536	589	75
594	1	29	40	5544	1351	42
595	18	6	30	5552	5047	107
596	4	23	30	5600	740	141
597	18	6	10	5608	686	76
598	21	17	50	5616	8246	125
599	21	17	30	5624	5038	97
600	7	31	40	5632	3011	39
601	21	17	30	5640	5277	76
602	21	17	50	5648	1976	44
603	4	23	40	5656	2527	60
604	1	29	10	5664	571	86
605	4	23	50	5672	6684	65
606	7	31	40	5680	1723	50
607	21	17	40	5688	6529	74
608	1	29	40	5696	2822	31
609	21	17	10	5704	7861	68
610	7	31	40	5712	6118	33
611	4	23	30	5720	5190	70
612	1	29	40	5728	3760	145
613	4	23	20	5736	162	46
614	21	17	40	5744	2940	31
615	7	31	40	5752	10193	59
616	1	29	10	5760	5887	136
617	7	31	30	5768	6491	50
618	7	31	20	5776	11360	33
619	21	17	40	5784	4407	113
620	7	31	50	5792	2538	135
621	7	31	50	5800	1973	117
622	1	29	20	5808	4423	83
623	4	23	10	5816	3340	134
624	4	23	30	5824	2465	39
625	1	29	40	5832	2828	143
626	21	17	40	5840	5021	144
627	4	23	30	5848	1799	39
628	7	31	20	5856	6421	24
629	18	6	20	5864	1456	25
630	4	23	50	5872	5123	41
631	7	31	10	5880	1748	58
632	7	31	10	5888	961	100
633	21	17	10	5896	2567	151
634	7	31	50	5904	1356	32
635	7	31	40	5912	2292	147
636	21	17	10	5920	623	89
637	1	29	50	5928	1455	94
638	21	17	30	5936	2857	31
639	4	23	40	5944	1574	152
640	21	17	50	5952	2016	83
641	21	17	40	5960	761	43
642	18	6	10	6000	18929	149
643	4	23	20	6008	12851	91
644	18	6	50	6016	316	83
645	1	29	50	6024	6579	66
646	7	31	20	6032	8999	89
647	7	31	40	6040	2127	126
648	18	6	20	6048	3832	64
649	18	6	50	6056	1815	138
650	18	6	20	6064	11702	125
651	7	31	10	6072	1825	111
652	4	23	40	6080	974	63
653	1	29	20	6088	917	31
654	18	6	30	6096	1131	117
655	1	29	40	6104	601	77
656	7	31	20	6112	262	148
657	4	23	50	6120	6940	64
658	1	29	20	6128	33	41
659	21	17	30	6136	3935	97
660	7	31	10	6144	407	75
661	18	6	10	6152	17665	30
662	18	6	30	6160	21	70
663	21	17	30	6168	897	25
664	18	6	20	6176	592	47
665	21	17	30	6184	2243	129
666	21	17	30	6192	2879	124
667	1	29	30	6200	583	149
668	21	17	30	6208	5581	34
669	18	6	50	6216	351	39
670	7	31	30	6224	6012	124
671	1	29	20	6232	2505	62
672	21	17	10	6240	1381	38
673	18	6	40	6248	3830	35
674	1	29	50	6256	1268	50
675	7	31	10	6264	1406	111
676	4	23	50	6272	2031	122
677	7	31	50	6280	4941	147
678	18	6	10	6288	2694	71
679	18	6	40	6296	4235	127
680	18	6	30	6304	3790	74
681	18	6	50	6312	1440	38
682	1	29	20	6320	5478	130
683	18	6	20	6328	2278	40
684	1	29	50	6336	1777	54
685	21	17	50	6344	1758	85
686	1	29	20	6352	593	150
687	4	23	50	6360	34	89
688	7	31	40	6368	1031	53
689	4	23	20	6376	640	109
690	21	17	30	6384	1865	153
691	18	6	10	6392	1546	44
692	1	29	30	6400	1407	73
693	21	17	10	6412	8630	88
694	21	17	30	6424	1037	97
695	4	23	40	6436	2096	72
696	7	31	20	6448	735	128
697	18	6	40	6460	6245	143
698	1	29	10	6472	6905	63
699	18	6	20	6484	4162	109
700	18	6	20	6496	1391	97
701	4	23	40	6508	5689	94
702	7	31	20	6520	4318	111
703	21	17	20	6532	3038	45
704	4	23	30	6544	3540	34
705	18	6	10	6556	2622	83
706	21	17	50	6568	308	92
707	18	6	10	6580	3665	48
708	1	29	20	6592	10820	136
709	4	23	20	6604	11967	25
710	4	23	50	6616	5409	109
711	1	29	30	6628	1749	21
712	18	6	40	6640	1622	148
713	7	31	30	6652	1754	68
714	4	23	50	6664	55	43
715	4	23	10	6676	6328	57
716	1	29	50	6688	1108	55
717	21	17	10	6700	3386	49
718	21	17	30	6712	7385	125
719	4	23	30	6724	6090	117
720	7	31	20	6736	1377	134
721	18	6	40	6748	2809	54
722	4	23	40	6760	9563	115
723	18	6	20	6772	3707	79
724	4	23	20	6784	4972	40
725	4	23	20	6800	2442	100
726	1	29	40	6812	739	143
727	21	17	50	6824	2095	104
728	18	6	10	6836	1962	93
729	4	23	10	6848	7975	132
730	1	29	50	6860	550	138
731	1	29	10	6872	3746	133
732	4	23	50	6884	8729	103
733	21	17	50	6896	7416	117
734	21	17	20	6908	1781	50
735	21	17	50	6920	7681	135
736	4	23	40	6932	4110	81
737	18	6	50	6944	961	104
738	7	31	50	6956	7508	26
739	7	31	50	6968	8415	125
740	1	29	50	6980	1322	147
741	21	17	20	6992	3087	122
742	4	23	30	7004	313	108
743	18	6	30	7016	1300	48
744	1	29	20	7028	2088	154
745	7	31	10	7040	74	152
746	1	29	30	7052	17423	50
747	18	6	10	7064	11357	25
748	4	23	20	7076	8177	65
749	4	23	20	7088	2276	60
750	4	23	50	7100	725	37
751	7	31	10	7112	3634	98
752	4	23	10	7124	11825	38
753	7	31	30	7136	164	100
754	7	31	10	7148	1756	129
755	1	29	30	7160	6227	62
756	1	29	10	7172	7599	133
757	18	6	50	7200	231	52
758	4	23	10	7209	6874	24
759	1	29	10	7218	558	89
760	18	6	30	7227	1495	94
761	21	17	10	7236	4393	143
762	21	17	50	7245	954	110
763	4	23	10	7254	287	23
764	18	6	30	7263	6887	41
765	4	23	40	7272	572	130
766	7	31	40	7281	2517	72
767	4	23	50	7290	2693	51
768	21	17	10	7299	21848	38
769	7	31	50	7308	699	62
770	21	17	30	7317	661	130
771	7	31	50	7326	115	105
772	1	29	20	7335	5151	43
773	1	29	40	7344	13316	20
774	4	23	40	7353	2775	125
775	21	17	50	7362	5601	31
776	7	31	10	7371	2242	101
777	18	6	20	7380	3987	87
778	18	6	50	7389	880	80
779	7	31	20	7398	4725	43
780	18	6	50	7407	2537	69
781	7	31	40	7416	1031	138
782	4	23	40	7425	3081	58
783	21	17	50	7434	12301	52
784	1	29	20	7443	4788	114
785	18	6	40	7452	3033	60
786	7	31	50	7461	4315	115
787	21	17	20	7470	7509	23
788	18	6	40	7479	2678	142
789	7	31	40	7488	3377	143
790	21	17	50	7497	12	21
791	18	6	50	7506	3527	49
792	21	17	50	7515	1996	99
793	4	23	50	7524	5043	92
794	4	23	20	7533	3339	50
795	1	29	50	7542	3817	24
796	21	17	30	7551	1576	32
797	21	17	20	7560	24	104
798	21	17	50	7569	2436	26
799	7	31	40	7578	1277	43
800	1	29	30	7600	3205	99
801	7	31	30	7613	2749	153
802	18	6	50	7626	11659	142
803	21	17	20	7639	4953	22
804	4	23	50	7652	1322	84
805	7	31	50	7665	591	87
806	7	31	50	7678	8248	75
807	18	6	30	7691	16493	37
808	1	29	40	7704	3104	129
809	7	31	10	7717	3683	118
810	18	6	30	7730	1785	115
811	7	31	40	7743	990	65
812	1	29	10	7756	7825	127
813	7	31	40	7769	545	136
814	21	17	10	7782	4322	39
815	4	23	50	7795	353	111
816	4	23	20	7808	554	104
817	21	17	10	7821	1195	77
818	4	23	40	7834	1856	64
819	21	17	50	7847	1368	136
820	7	31	40	7860	2564	35
821	7	31	20	7873	3871	69
822	18	6	10	7886	7	64
823	1	29	30	7899	2217	49
824	21	17	10	7912	684	61
825	7	31	30	7925	3342	101
826	21	17	10	7938	4037	25
827	7	31	30	7951	30	105
828	7	31	20	7964	2031	124
829	18	6	50	8000	8667	121
830	1	29	30	8011	2233	154
831	7	31	50	8022	2199	152
832	4	23	20	8033	768	81
833	7	31	10	8044	10313	56
834	7	31	50	8055	611	98
835	7	31	30	8066	14394	70
836	4	23	40	8077	1322	151
837	4	23	20	8088	7018	55
838	4	23	50	8099	4461	123
839	4	23	30	8110	3289	47
840	7	31	40	8121	4300	139
841	18	6	30	8132	4510	97
842	7	31	30	8143	1468	48
843	4	23	40	8154	8694	44
844	4	23	20	8165	943	47
845	1	29	10	8176	6122	110
846	1	29	40	8187	5198	77
847	18	6	10	8198	1233	118
848	7	31	40	8209	230	72
849	1	29	30	8220	2626	94
850	7	31	30	8231	2658	74
851	21	17	30	8242	278	109
852	4	23	30	8253	4029	60
853	21	17	10	8264	728	44
854	21	17	10	8275	6440	28
855	18	6	10	8286	10706	50
856	4	23	30	8297	2734	109
857	1	29	30	8308	2937	112
858	1	29	20	8319	3219	116
859	21	17	20	8330	5024	137
860	7	31	40	8341	2787	81
861	1	29	20	8352	8018	124
862	7	31	20	8363	3524	68
863	7	31	50	8374	4249	28
864	7	31	40	8400	764	118
865	4	23	40	8407	11066	118
866	18	6	20	8414	182	139
867	4	23	50	8421	10904	90
868	21	17	50	8428	16995	58
869	1	29	40	8435	4658	124
870	21	17	10	8442	6501	114
871	21	17	10	8449	1440	68
872	4	23	10	8456	3528	108
873	1	29	20	8463	6658	36
874	18	6	10	8470	3987	152
875	18	6	20	8477	6378	92
876	21	17	40	8484	1501	40
877	7	31	30	8491	492	40
878	7	31	10	8498	970	22
879	7	31	50	8505	1871	105
880	4	23	50	8512	7304	44
881	7	31	50	8519	1849	62
882	21	17	40	8526	12105	53
883	7	31	40	8533	9946	49
884	7	31	30	8540	2042	67
885	18	6	50	8547	1788	65
886	18	6	20	8554	6206	111
887	4	23	20	8561	33	57
888	7	31	10	8568	529	47
889	18	6	40	8575	946	68
890	18	6	10	8582	2596	116
891	18	6	20	8589	5730	59
892	4	23	10	8596	1282	94
893	4	23	30	8603	12583	140
894	7	31	50	8610	242	121
895	7	31	30	8617	6309	34
896	7	31	10	8624	379	49
897	1	29	40	8631	4231	40
898	21	17	50	8638	4981	80
899	21	17	40	8645	1275	83
900	21	17	50	8652	5371	126
901	7	31	50	8659	6297	141
902	18	6	20	8666	1312	79
903	7	31	10	8673	1835	103
904	1	29	20	8680	4535	134
905	7	31	20	8687	809	25
906	18	6	20	8694	2624	20
907	4	23	20	8701	6952	43
908	7	31	50	8708	3067	47
909	4	23	50	8715	12	91
910	18	6	30	8722	3852	29
911	7	31	50	8729	1908	88
912	4	23	20	8736	1454	109
913	4	23	20	8743	789	31
914	18	6	30	8750	8359	113
915	1	29	50	8800	564	38
916	1	29	30	8809	9803	91
917	21	17	30	8818	4420	39
918	1	29	20	8827	1174	116
919	4	23	40	8836	6718	73
920	18	6	30	8845	645	26
921	7	31	50	8854	148	102
922	7	31	40	8863	6654	63
923	4	23	10	8872	5968	145
924	21	17	30	8881	945	27
925	7	31	40	8890	171	75
926	4	23	50	8899	114	129
927	1	29	40	8908	3967	123
928	18	6	20	8917	5576	70
929	4	23	40	8926	7266	137
930	7	31	10	8935	4902	63
931	21	17	10	8944	4315	20
932	21	17	30	8953	2067	114
933	21	17	20	8962	11420	94
934	7	31	10	8971	4029	134
935	7	31	50	8980	188	58
936	18	6	30	8989	379	137
937	18	6	40	8998	3502	104
938	7	31	20	9007	1090	69
939	21	17	10	9016	977	61
940	21	17	40	9025	8457	64
941	21	17	50	9034	13290	88
942	21	17	20	9043	2559	29
943	1	29	20	9052	515	110
944	1	29	20	9061	3589	58
945	4	23	10	9070	412	47
946	21	17	50	9079	2439	105
947	1	29	50	9088	399	82
948	1	29	50	9097	336	47
949	7	31	10	9106	10479	102
950	4	23	50	9115	8471	98
951	7	31	30	9124	2190	29
952	21	17	20	9133	2032	79
953	18	6	10	9142	9156	27
954	7	31	20	9151	529	76
955	1	29	50	9160	4849	43
956	1	29	10	9169	16136	98
957	7	31	10	9178	2809	89
958	7	31	30	9200	685	95
959	4	23	30	9210	4046	79
960	18	6	30	9220	673	51
961	18	6	40	9230	7643	52
962	1	29	10	9240	299	128
963	1	29	20	9250	4791	65
964	21	17	40	9260	1407	48
965	18	6	30	9270	12705	28
966	21	17	20	9280	14901	129
967	7	31	10	9290	1799	34
968	7	31	10	9300	3143	51
969	7	31	40	9310	7092	75
970	7	31	20	9320	167	56
971	21	17	50	9330	1603	141
972	18	6	20	9340	2249	124
973	1	29	20	9350	153	74
974	4	23	10	9360	10888	29
975	18	6	40	9370	818	93
976	7	31	40	9380	3318	92
977	4	23	30	9390	4680	107
978	4	23	50	9400	807	106
979	18	6	30	9410	477	135
980	7	31	50	9420	3521	124
981	4	23	10	9430	10811	66
982	21	17	40	9440	3180	96
983	7	31	20	9450	6966	123
984	21	17	50	9460	12655	58
985	21	17	40	9470	1340	53
986	1	29	40	9480	1213	96
987	4	23	20	9490	2812	106
988	18	6	10	9500	6826	38
989	4	23	20	9510	10770	110
990	7	31	40	9520	263	115
991	4	23	30	9530	3527	68
992	4	23	10	9540	2219	29
993	18	6	40	9550	3688	144
994	7	31	40	9560	255	29
995	7	31	10	9570	110	31
996	7	31	40	9600	8892	115
997	21	17	10	9610	5958	119
998	18	6	40	9620	6955	82
999	7	31	50	9630	4021	50
1000	7	31	40	9640	520	73
1001	18	6	50	9650	395	90
1002	18	6	50	9660	3201	50
1003	4	23	20	9670	1153	127
1004	21	17	40	9680	8691	66
1005	7	31	50	9690	3188	111
1006	4	23	20	9700	19091	60
1007	7	31	10	9710	1790	24
1008	21	17	10	9720	13339	153
1009	18	6	40	9730	11175	137
1010	4	23	20	9740	597	105
1011	4	23	40	9750	1384	145
1012	18	6	20	9760	1553	138
1013	18	6	10	9770	184	115
1014	7	31	40	9780	209	110
1015	7	31	30	9790	1004	139
1016	18	6	50	9800	1447	111
1017	18	6	40	9810	1137	24
1018	1	29	20	9820	5394	26
1019	1	29	50	9830	47	150
1020	18	6	40	9840	4770	87
1021	18	6	50	9850	2546	42
1022	18	6	10	9860	3139	151
1023	1	29	40	9870	3786	96
1024	21	17	50	9880	5816	114
1025	1	29	50	9890	2428	142
1026	18	6	50	9900	9394	132
1027	1	29	30	9910	7039	134
1028	4	23	40	9920	14888	64
1029	7	31	50	9930	9500	152
1030	7	31	50	9940	1389	133
1031	21	17	30	9950	6227	128
1032	18	6	50	9960	8021	45
1033	7	31	10	9970	3182	76
1034	7	31	40	9980	18567	82
1035	4	23	10	9990	2702	54
1036	1	29	20	10000	1925	36
1037	18	6	20	10010	1415	123
1038	21	17	30	10020	11161	76
1039	18	6	50	10030	2099	101
1040	4	23	30	10040	1387	148
1041	18	6	30	10050	9244	91
1042	7	31	20	10060	3110	107
1043	1	29	20	10070	8471	55
1044	1	29	10	10080	6310	24
1045	1	29	10	10090	5899	124
1046	18	6	10	10100	1227	85
1047	1	29	50	10110	1916	69
1048	4	23	10	10120	3205	54
1049	21	17	20	10130	7325	45
1050	18	6	10	10140	5145	75
1051	4	23	10	10150	4134	110
1052	21	17	40	10160	138	113
1053	1	29	40	10170	6692	87
1054	4	23	10	10180	11086	117
1055	18	6	50	10190	4212	50
1056	21	17	40	10200	3197	93
1057	18	6	10	10210	11180	109
1058	7	31	30	10220	2647	32
1059	7	31	50	10230	2256	78
1060	18	6	50	10240	4140	134
1061	18	6	40	10250	714	80
1062	18	6	30	10260	1944	114
1063	1	29	10	10270	236	21
1064	7	31	50	10280	4147	24
1065	7	31	40	10290	1720	132
1066	18	6	40	10300	2229	120
1067	7	31	10	10310	5932	81
1068	7	31	30	10320	225	52
1069	18	6	40	10330	3283	75
1070	7	31	20	10340	7327	122
1071	1	29	30	10350	22	142
1072	4	23	10	10360	1477	103
1073	7	31	20	10370	1614	79
1074	4	23	30	10380	5074	21
1075	21	17	20	10400	6353	150
1076	7	31	40	10410	10663	89
1077	18	6	40	10420	4363	116
1078	21	17	40	10430	6824	91
1079	21	17	40	10440	21350	145
1080	21	17	40	10450	847	77
1081	18	6	50	10460	2967	82
1082	4	23	30	10470	1295	99
1083	4	23	30	10480	584	39
1084	4	23	50	10490	809	97
1085	1	29	40	10500	4188	43
1086	21	17	40	10510	5627	35
1087	1	29	10	10520	217	112
1088	1	29	50	10530	3779	113
1089	18	6	50	10540	1657	51
1090	4	23	20	10550	11301	115
1091	7	31	10	10560	2342	81
1092	7	31	50	10570	6724	111
1093	1	29	30	10580	2833	153
1094	1	29	50	10590	5767	122
1095	1	29	40	10600	554	88
1096	21	17	10	10610	2901	132
1097	4	23	10	10620	2639	106
1098	4	23	30	10630	1067	51
1099	4	23	20	10640	2348	47
1100	21	17	20	10650	1685	23
1101	7	31	50	10660	2702	23
1102	4	23	30	10670	1577	36
1103	18	6	20	10680	19007	134
1104	18	6	50	10690	37600	77
1105	18	6	40	10700	5065	87
1106	21	17	50	10710	1634	27
1107	1	29	20	10720	4844	53
1108	4	23	20	10730	393	85
1109	4	23	50	10740	611	121
1110	7	31	10	10750	5101	115
1111	4	23	10	10760	8696	132
1112	4	23	20	10770	513	37
1113	7	31	40	10780	2685	41
1114	7	31	20	10790	1098	21
1115	1	29	50	10800	516	71
1116	7	31	20	10811	8720	135
1117	21	17	10	10822	1145	95
1118	7	31	20	10833	8288	78
1119	4	23	10	10844	22457	136
1120	7	31	10	10855	3609	117
1121	1	29	40	10866	1874	27
1122	4	23	20	10877	705	122
1123	18	6	40	10888	5028	21
1124	7	31	30	10899	3861	115
1125	21	17	10	10910	2021	60
1126	18	6	40	10921	851	50
1127	18	6	30	10932	6464	104
1128	7	31	30	10943	3361	112
1129	4	23	40	10954	3558	88
1130	1	29	10	10965	1313	38
1131	1	29	30	10976	2371	138
1132	21	17	20	10987	2247	84
1133	4	23	30	10998	1876	64
1134	21	17	20	11009	4213	141
1135	18	6	40	11020	4812	73
1136	7	31	30	11031	881	66
1137	18	6	10	11042	1343	120
1138	1	29	30	11053	585	116
1139	1	29	10	11064	2503	29
1140	18	6	40	11075	1505	36
1141	21	17	20	11086	217	136
1142	4	23	40	11097	12819	47
1143	7	31	10	11108	2536	147
1144	7	31	40	11119	3855	90
1145	21	17	10	11130	223	137
1146	18	6	50	11141	1558	64
1147	21	17	10	11152	1571	89
1148	4	23	20	11163	1244	152
1149	1	29	50	11200	4113	70
1150	18	6	20	11210	1111	107
1151	1	29	10	11220	1242	57
1152	21	17	40	11230	3756	47
1153	21	17	20	11240	1086	70
1154	21	17	20	11250	7578	84
1155	7	31	40	11260	13987	151
1156	18	6	40	11270	1598	55
1157	1	29	50	11280	3771	34
1158	4	23	50	11290	1861	38
1159	18	6	50	11300	3697	36
1160	21	17	50	11310	2989	56
1161	4	23	20	11320	3055	77
1162	4	23	50	11330	573	96
1163	1	29	30	11340	2807	151
1164	4	23	40	11350	7917	102
1165	4	23	30	11360	1277	132
1166	7	31	40	11370	2438	67
1167	1	29	50	11380	5483	128
1168	7	31	30	11390	7272	55
1169	4	23	40	11400	3110	102
1170	18	6	30	11410	10271	25
1171	4	23	20	11420	3681	34
1172	7	31	40	11430	479	133
1173	4	23	10	11440	2103	68
1174	1	29	20	11450	4591	119
1175	21	17	40	11460	3118	136
1176	4	23	50	11470	2143	135
1177	21	17	10	11480	4713	130
1178	7	31	50	11490	407	85
1179	21	17	20	11500	3327	133
1180	7	31	10	11510	307	151
1181	4	23	30	11520	8063	115
1182	21	17	20	11530	3054	107
1183	4	23	30	11540	10418	61
1184	1	29	30	11550	1702	135
1185	1	29	10	11560	52	136
1186	18	6	50	11570	7287	110
1187	21	17	10	11600	852	34
1188	4	23	20	11609	2975	134
1189	18	6	30	11618	4577	145
1190	1	29	50	11627	1850	38
1191	4	23	40	11636	3540	51
1192	7	31	10	11645	9772	102
1193	7	31	30	11654	3044	99
1194	18	6	20	11663	11169	128
1195	7	31	30	11672	6047	113
1196	18	6	30	11681	10071	59
1197	4	23	20	11690	2428	50
1198	1	29	20	11699	3743	64
1199	1	29	10	11708	1693	112
1200	18	6	30	11717	3644	89
1201	18	6	10	11726	3438	91
1202	1	29	30	11735	2671	54
1203	21	17	30	11744	5190	69
1204	21	17	30	11753	5079	65
1205	21	17	10	11762	4096	93
1206	18	6	30	11771	669	78
1207	18	6	30	11780	893	133
1208	21	17	50	11789	3240	105
1209	1	29	30	11798	1473	103
1210	18	6	50	11807	3238	36
1211	18	6	40	11816	4055	80
1212	4	23	50	11825	2882	104
1213	7	31	40	11834	6588	60
1214	7	31	50	11843	3014	40
1215	4	23	20	11852	4310	96
1216	7	31	10	11861	0	124
1217	1	29	30	11870	930	55
1218	1	29	10	11879	686	36
1219	4	23	40	11888	7559	121
1220	18	6	40	11897	2284	42
1221	7	31	40	11906	1229	53
1222	4	23	30	11915	1000	148
1223	4	23	50	11924	678	64
1224	4	23	40	11933	746	84
1225	7	31	40	11942	1637	128
1226	21	17	10	11951	4666	87
1227	21	17	10	11960	3470	54
1228	18	6	50	11969	2541	95
1229	4	23	50	12000	9340	26
1230	4	23	20	12012	3892	96
1231	1	29	40	12024	12847	104
1232	7	31	50	12036	352	86
1233	7	31	50	12048	5572	127
1234	4	23	40	12060	13626	63
1235	18	6	10	12072	2750	80
1236	18	6	10	12084	1909	81
1237	1	29	40	12096	6583	58
1238	7	31	50	12108	927	150
1239	18	6	20	12120	4893	62
1240	7	31	40	12132	7832	78
1241	21	17	20	12144	4066	131
1242	1	29	20	12156	4050	84
1243	4	23	40	12168	976	51
1244	21	17	40	12180	541	129
1245	7	31	20	12192	5284	113
1246	1	29	50	12204	306	102
1247	21	17	30	12216	446	61
1248	21	17	40	12228	14	79
1249	21	17	50	12240	1309	51
1250	1	29	20	12252	6044	144
1251	18	6	50	12264	4976	24
1252	4	23	10	12276	1411	34
1253	7	31	40	12288	5689	97
1254	7	31	30	12300	9639	90
1255	4	23	50	12312	1622	56
1256	21	17	30	12324	1756	97
1257	4	23	40	12336	1608	144
1258	4	23	50	12348	3253	140
1259	1	29	40	12360	1932	92
1260	1	29	50	12372	12173	25
1261	18	6	20	12384	3413	44
1262	1	29	40	12400	5235	57
1263	4	23	50	12408	4221	99
1264	4	23	20	12416	4634	27
1265	1	29	10	12424	3617	86
1266	7	31	40	12432	3218	148
1267	21	17	10	12440	5738	131
1268	18	6	50	12448	7344	151
1269	4	23	40	12456	130	114
1270	1	29	20	12464	1314	35
1271	4	23	20	12472	857	86
1272	18	6	40	12480	2	59
1273	7	31	40	12488	2405	128
1274	7	31	10	12496	18426	63
1275	4	23	30	12504	6375	65
1276	4	23	30	12512	3953	123
1277	21	17	50	12520	18	116
1278	7	31	10	12528	119	90
1279	7	31	30	12536	2298	126
1280	4	23	50	12544	1216	45
1281	21	17	30	12552	3497	45
1282	21	17	30	12560	3437	129
1283	4	23	10	12568	848	63
1284	18	6	40	12576	528	36
1285	18	6	30	12584	9643	91
1286	7	31	40	12592	4343	90
1287	1	29	10	12600	1575	143
1288	21	17	20	12608	7368	57
1289	21	17	50	12616	4014	26
1290	4	23	30	12624	612	137
1291	21	17	20	12632	198	91
1292	4	23	50	12640	1153	72
1293	4	23	10	12648	6943	78
1294	18	6	30	12656	5600	56
1295	4	23	20	12664	1341	54
1296	21	17	40	12672	9557	94
1297	7	31	20	12680	16732	140
1298	21	17	30	12688	3024	43
1299	21	17	40	12696	3032	63
1300	1	29	30	12704	795	119
1301	18	6	40	12712	1495	126
1302	7	31	40	12720	1232	64
1303	4	23	50	12728	14220	120
1304	7	31	30	12736	27943	36
1305	4	23	10	12744	3531	77
1306	21	17	20	12752	4968	120
1307	7	31	20	12760	7465	60
1308	1	29	40	12800	5858	54
1309	18	6	50	12809	481	45
1310	1	29	30	12818	4890	87
1311	21	17	40	12827	1726	136
1312	21	17	30	12836	1436	74
1313	7	31	20	12845	509	34
1314	4	23	50	12854	515	66
1315	1	29	30	12863	1844	135
1316	18	6	50	12872	23972	69
1317	7	31	30	12881	3095	148
1318	1	29	20	12890	3004	82
1319	18	6	40	12899	5981	90
1320	4	23	30	12908	10801	150
1321	4	23	40	12917	1030	25
1322	21	17	40	12926	10116	93
1323	18	6	50	12935	928	145
1324	21	17	10	12944	8834	131
1325	18	6	50	12953	1053	98
1326	1	29	30	12962	11418	33
1327	7	31	30	12971	778	135
1328	4	23	20	12980	4796	91
1329	1	29	40	12989	4885	28
1330	7	31	50	12998	8777	126
1331	21	17	10	13007	4120	138
1332	21	17	20	13016	2571	92
1333	21	17	30	13025	2757	47
1334	7	31	10	13034	1186	26
1335	18	6	10	13043	11995	74
1336	1	29	40	13052	1529	135
1337	4	23	30	13061	3716	29
1338	7	31	30	13070	852	47
1339	7	31	30	13079	3084	114
1340	18	6	10	13088	887	126
1341	21	17	20	13097	6794	49
1342	1	29	30	13106	3254	108
1343	7	31	30	13115	5210	31
1344	21	17	30	13124	10518	94
1345	7	31	50	13133	6267	21
1346	21	17	50	13142	5494	36
1347	21	17	40	13151	561	58
1348	21	17	20	13160	4852	32
1349	1	29	10	13200	1937	76
1350	18	6	30	13211	1355	139
1351	1	29	10	13222	1845	100
1352	4	23	10	13233	2439	78
1353	7	31	40	13244	5621	108
1354	18	6	10	13255	3651	67
1355	4	23	50	13266	12249	113
1356	18	6	10	13277	1988	52
1357	4	23	50	13288	239	74
1358	4	23	40	13299	339	143
1359	4	23	30	13310	5834	93
1360	4	23	40	13321	4130	64
1361	1	29	40	13332	3057	139
1362	1	29	10	13343	634	123
1363	21	17	50	13354	263	45
1364	4	23	10	13365	1018	74
1365	1	29	20	13376	258	104
1366	21	17	30	13387	8362	63
1367	1	29	50	13398	6509	46
1368	21	17	20	13409	7950	27
1369	18	6	40	13420	749	146
1370	21	17	40	13431	212	154
1371	21	17	20	13442	1992	60
1372	21	17	10	13453	1703	121
1373	18	6	40	13464	18689	122
1374	21	17	40	13475	3439	118
1375	4	23	20	13486	491	120
1376	4	23	10	13497	4439	72
1377	18	6	20	13508	853	82
1378	18	6	20	13519	1309	70
1379	18	6	20	13530	416	130
1380	18	6	10	13541	2652	82
1381	1	29	40	13552	6674	129
1382	21	17	20	13563	2570	123
1383	4	23	20	13574	1511	34
1384	21	17	20	13585	2163	44
1385	4	23	40	13600	2927	46
1386	18	6	10	13609	825	79
1387	1	29	30	13618	5084	139
1388	4	23	30	13627	9190	135
1389	18	6	10	13636	1446	68
1390	21	17	10	13645	3269	42
1391	7	31	40	13654	1202	81
1392	21	17	50	13663	2968	41
1393	1	29	50	13672	2210	108
1394	18	6	50	13681	8959	69
1395	1	29	30	13690	4371	142
1396	21	17	20	13699	4438	81
1397	1	29	40	13708	2717	82
1398	1	29	20	13717	2800	112
1399	21	17	10	13726	8021	144
1400	7	31	20	13735	9856	113
1401	21	17	50	13744	11475	145
1402	21	17	30	13753	1247	51
1403	7	31	30	13762	3036	41
1404	1	29	20	13771	1614	77
1405	18	6	20	13780	9013	99
1406	1	29	10	13789	92	133
1407	1	29	20	13798	2509	110
1408	21	17	10	13807	783	144
1409	7	31	50	13816	2637	101
1410	21	17	50	13825	1329	61
1411	1	29	50	13834	890	125
1412	1	29	30	13843	6035	23
1413	1	29	20	13852	16166	32
1414	1	29	30	13861	1328	31
1415	18	6	50	13870	7146	89
1416	18	6	20	13879	248	36
1417	7	31	40	13888	7138	108
1418	21	17	40	13897	4152	21
1419	1	29	20	13906	4892	47
1420	7	31	20	13915	8351	44
1421	7	31	50	13924	682	78
1422	7	31	30	13933	9376	66
1423	7	31	10	13942	3279	113
1424	18	6	40	13951	3791	124
1425	1	29	50	13960	6283	93
1426	21	17	30	13969	8116	38
1427	7	31	10	13978	10214	32
1428	1	29	40	14000	408	73
1429	7	31	10	14012	9723	131
1430	7	31	10	14024	2358	59
1431	4	23	20	14036	780	144
1432	1	29	50	14048	4666	124
1433	4	23	10	14060	2136	81
1434	7	31	50	14072	812	37
1435	4	23	20	14084	3119	91
1436	1	29	20	14096	3136	98
1437	1	29	50	14108	11400	101
1438	18	6	50	14120	16166	112
1439	4	23	50	14132	2959	99
1440	18	6	40	14144	2742	67
1441	18	6	40	14156	5098	124
1442	18	6	20	14168	3119	150
1443	7	31	40	14180	2155	53
1444	18	6	20	14192	83	27
1445	21	17	10	14204	1777	71
1446	7	31	10	14216	2621	77
1447	7	31	30	14228	3118	28
1448	1	29	30	14240	612	97
1449	21	17	10	14252	251	135
1450	7	31	10	14264	3709	126
1451	18	6	30	14276	7285	127
1452	1	29	10	14288	7514	80
1453	1	29	50	14300	6392	84
1454	1	29	50	14312	18160	119
1455	21	17	30	14324	5675	54
1456	18	6	20	14336	159	98
1457	18	6	30	14348	4929	92
1458	18	6	40	14360	10079	71
1459	21	17	20	14372	3106	139
1460	4	23	40	14384	106	80
1461	18	6	50	14400	423	120
1462	1	29	30	14408	1840	57
1463	1	29	10	14416	1236	32
1464	1	29	40	14424	152	61
1465	4	23	30	14432	445	71
1466	1	29	50	14440	2862	21
1467	7	31	30	14448	1816	97
1468	4	23	30	14456	6408	150
1469	4	23	20	14464	5404	94
1470	1	29	30	14472	1363	146
1471	18	6	30	14480	502	89
1472	18	6	40	14488	7580	151
1473	18	6	40	14496	524	77
1474	7	31	30	14504	940	135
1475	4	23	40	14512	676	75
1476	18	6	30	14520	3822	83
1477	21	17	50	14528	2673	32
1478	18	6	40	14536	3096	106
1479	4	23	30	14544	1170	72
1480	4	23	40	14552	1492	36
1481	1	29	50	14560	1584	29
1482	7	31	40	14568	6062	90
1483	1	29	40	14576	146	92
1484	1	29	10	14584	1470	25
1485	4	23	30	14592	3737	87
1486	18	6	20	14600	1602	83
1487	1	29	50	14608	8860	59
1488	18	6	20	14616	2209	117
1489	7	31	30	14624	2219	137
1490	18	6	50	14632	2791	148
1491	21	17	50	14640	7209	25
1492	7	31	20	14648	91	50
1493	18	6	40	14656	2336	127
1494	1	29	10	14664	2744	38
1495	21	17	50	14672	2014	102
1496	1	29	10	14680	1733	87
1497	18	6	20	14688	1289	137
1498	4	23	50	14696	1906	147
1499	21	17	50	14704	9869	110
1500	7	31	20	14712	7528	70
1501	21	17	40	14720	491	134
1502	18	6	10	14728	5432	33
1503	4	23	20	14736	2048	23
1504	7	31	30	14744	5915	144
1505	4	23	40	14752	2664	56
1506	21	17	40	14760	17853	131
1507	7	31	20	14800	5152	23
1508	18	6	30	14811	3550	104
1509	7	31	20	14822	7176	64
1510	7	31	50	14833	615	126
1511	18	6	30	14844	3209	85
1512	21	17	40	14855	742	140
1513	21	17	10	14866	4385	153
1514	18	6	40	14877	1038	123
1515	18	6	40	14888	4805	71
1516	7	31	20	14899	1544	50
1517	1	29	50	14910	1618	119
1518	1	29	10	14921	12710	27
1519	7	31	20	14932	2250	129
1520	18	6	10	14943	5971	142
1521	1	29	10	14954	3872	116
1522	18	6	10	14965	11291	135
1523	21	17	50	14976	1864	33
1524	18	6	30	14987	1090	100
1525	18	6	30	14998	2419	140
1526	4	23	20	15009	401	59
1527	1	29	10	15020	2092	43
1528	18	6	30	15031	3939	58
1529	7	31	40	15042	6721	53
1530	18	6	30	15053	6518	142
1531	1	29	10	15064	1660	101
1532	18	6	10	15075	458	40
1533	4	23	50	15086	3909	151
1534	7	31	20	15097	2082	22
1535	7	31	50	15108	871	56
1536	21	17	50	15119	3510	151
1537	18	6	20	15130	1908	86
1538	18	6	10	15141	1225	103
1539	4	23	20	15152	6887	123
1540	4	23	40	15163	3857	110
1541	4	23	10	15174	3725	80
1542	7	31	30	15185	1441	109
1543	4	23	10	15200	3573	72
1544	1	29	40	15211	1332	30
1545	1	29	20	15222	12034	82
1546	1	29	10	15233	4381	39
1547	21	17	10	15244	1764	51
1548	21	17	50	15255	962	24
1549	21	17	20	15266	6383	122
1550	18	6	30	15277	313	71
1551	1	29	20	15288	76	122
1552	18	6	20	15299	1526	129
1553	21	17	30	15310	11898	37
1554	4	23	40	15321	603	122
1555	7	31	10	15332	1032	108
1556	4	23	40	15343	770	154
1557	4	23	10	15354	1849	154
1558	18	6	50	15365	707	78
1559	4	23	10	15376	1532	23
1560	21	17	30	15387	1983	152
1561	21	17	40	15398	3481	107
1562	4	23	40	15409	411	120
1563	4	23	40	15420	5959	71
1564	18	6	40	15431	120	76
1565	4	23	40	15442	6495	44
1566	21	17	30	15453	2344	65
1567	18	6	50	15464	3156	144
1568	1	29	40	15475	1204	151
1569	7	31	40	15486	133	87
1570	18	6	50	15497	488	74
1571	4	23	50	15508	11305	119
1572	7	31	50	15519	285	35
1573	4	23	40	15530	589	59
1574	1	29	30	15541	6674	38
1575	21	17	10	15552	741	82
1576	18	6	30	15563	1528	26
1577	7	31	50	15574	1721	82
1578	7	31	20	15585	374	22
1579	1	29	10	15600	1358	38
1580	1	29	30	15609	6209	120
1581	7	31	10	15618	5368	27
1582	1	29	10	15627	860	38
1583	4	23	10	15636	7070	91
1584	4	23	10	15645	5361	136
1585	18	6	20	15654	6150	40
1586	21	17	50	15663	90	126
1587	4	23	30	15672	694	23
1588	21	17	10	15681	2644	48
1589	1	29	10	15690	785	69
1590	1	29	20	15699	83	56
1591	4	23	40	15708	963	151
1592	21	17	30	15717	980	28
1593	21	17	10	15726	11651	100
1594	4	23	50	15735	2251	125
1595	7	31	10	15744	153	23
1596	21	17	20	15753	2839	115
1597	1	29	50	15762	3002	58
1598	18	6	20	15771	3292	151
1599	4	23	50	15780	2618	140
1600	1	29	50	15789	2829	37
1601	7	31	10	15798	510	50
1602	21	17	20	15807	406	55
1603	18	6	20	15816	798	92
1604	4	23	30	15825	4586	67
1605	21	17	40	15834	578	107
1606	18	6	20	15843	11987	107
1607	7	31	40	15852	794	90
1608	7	31	10	15861	591	153
1609	7	31	30	15870	14111	60
1610	18	6	40	15879	9626	101
1611	7	31	40	15888	6979	92
1612	7	31	50	15897	1318	152
1613	1	29	40	15906	8289	60
1614	18	6	30	15915	3020	57
1615	18	6	20	15924	4224	144
1616	7	31	30	15933	1962	89
1617	1	29	40	15942	1250	48
1618	1	29	30	15951	148	90
1619	21	17	30	15960	1122	56
1620	7	31	50	16000	6063	73
1621	4	23	50	16009	1337	62
1622	18	6	40	16018	256	116
1623	1	29	40	16027	340	101
1624	7	31	20	16036	49	50
1625	7	31	10	16045	9248	78
1626	4	23	30	16054	5141	110
1627	21	17	40	16063	525	90
1628	21	17	40	16072	4906	88
1629	18	6	20	16081	5947	35
1630	21	17	50	16090	4327	122
1631	18	6	40	16099	6237	123
1632	4	23	40	16108	6220	85
1633	18	6	20	16117	3755	36
1634	1	29	10	16126	6073	20
1635	4	23	20	16135	4416	90
1636	7	31	50	16144	4108	127
1637	21	17	40	16153	50	101
1638	21	17	30	16162	635	43
1639	4	23	30	16171	3700	48
1640	1	29	50	16180	7208	87
1641	1	29	10	16189	7386	56
1642	7	31	30	16198	88	24
1643	18	6	40	16207	2879	143
1644	7	31	30	16216	1250	122
1645	18	6	30	16225	868	118
1646	21	17	50	16234	10820	154
1647	21	17	40	16243	1681	123
1648	4	23	30	16252	2148	62
1649	1	29	40	16261	6023	136
1650	1	29	40	16270	4197	89
1651	7	31	40	16279	1096	86
1652	21	17	20	16288	2705	123
1653	18	6	50	16297	1521	115
1654	7	31	10	16306	4815	87
1655	7	31	10	16315	1008	129
1656	18	6	30	16324	237	88
1657	21	17	40	16333	60	108
1658	4	23	50	16342	738	61
1659	7	31	30	16351	6080	144
1660	18	6	10	16360	2119	151
1661	4	23	40	16369	7016	37
1662	7	31	50	16378	2566	21
1663	18	6	40	16387	1806	137
1664	7	31	30	16400	1481	92
1665	1	29	50	16409	511	133
1666	18	6	10	16418	148	26
1667	18	6	30	16427	4457	135
1668	1	29	40	16436	391	59
1669	21	17	20	16445	7909	122
1670	7	31	30	16454	40	37
1671	21	17	40	16463	1880	142
1672	18	6	10	16472	517	25
1673	4	23	10	16481	2268	61
1674	21	17	40	16490	2107	123
1675	7	31	40	16499	11132	36
1676	7	31	30	16508	1217	57
1677	1	29	10	16517	3184	127
1678	18	6	10	16526	6710	134
1679	18	6	50	16535	6794	87
1680	21	17	10	16544	13744	78
1681	7	31	40	16553	1913	142
1682	18	6	20	16562	4917	47
1683	21	17	10	16571	10552	107
1684	18	6	40	16580	529	101
1685	1	29	20	16589	2187	56
1686	18	6	30	16598	1416	154
1687	18	6	50	16607	2558	125
1688	4	23	20	16616	9585	103
1689	18	6	10	16625	3266	45
1690	1	29	50	16634	3773	21
1691	21	17	10	16643	3944	39
1692	18	6	50	16652	7432	60
1693	1	29	10	16661	1820	54
1694	18	6	20	16670	853	51
1695	4	23	20	16679	32	70
1696	18	6	20	16688	1839	54
1697	18	6	40	16697	4296	41
1698	4	23	10	16706	910	70
1699	7	31	30	16715	642	144
1700	1	29	30	16724	691	111
1701	4	23	20	16733	1210	38
1702	21	17	10	16742	1150	83
1703	7	31	20	16751	3230	95
1704	4	23	10	16760	5844	119
1705	1	29	50	16769	1285	101
1706	4	23	30	16778	504	80
1707	18	6	20	16800	241	82
1708	18	6	10	16811	9490	147
1709	1	29	20	16822	5739	71
1710	21	17	40	16833	12928	92
1711	18	6	20	16844	2844	116
1712	4	23	30	16855	902	128
1713	18	6	10	16866	1732	129
1714	21	17	20	16877	6717	85
1715	7	31	20	16888	126	29
1716	1	29	20	16899	508	144
1717	21	17	40	16910	3150	69
1718	1	29	10	16921	1094	55
1719	4	23	20	16932	8771	56
1720	7	31	30	16943	6902	133
1721	21	17	20	16954	3320	56
1722	21	17	20	16965	5758	51
1723	7	31	30	16976	3063	33
1724	7	31	30	16987	1155	120
1725	7	31	20	16998	1932	152
1726	4	23	50	17009	3029	102
1727	18	6	50	17020	5638	126
1728	18	6	40	17031	1101	29
1729	4	23	30	17042	2053	72
1730	18	6	30	17053	3370	136
1731	18	6	40	17064	3705	35
1732	4	23	50	17075	1694	77
1733	7	31	30	17086	4372	145
1734	18	6	30	17097	4295	130
1735	18	6	50	17108	4904	59
1736	21	17	40	17119	557	78
1737	7	31	10	17130	666	107
1738	18	6	10	17141	699	142
1739	1	29	40	17152	7569	20
1740	7	31	40	17163	1442	130
1741	21	17	10	17200	1095	92
1742	1	29	40	17212	3336	133
1743	4	23	10	17224	636	52
1744	18	6	30	17236	3640	108
1745	7	31	30	17248	429	60
1746	4	23	40	17260	2213	65
1747	1	29	40	17272	2713	86
1748	1	29	50	17284	3212	123
1749	4	23	50	17296	703	42
1750	4	23	50	17308	8781	81
1751	18	6	30	17320	6941	139
1752	18	6	40	17332	2171	140
1753	21	17	40	17344	1514	33
1754	21	17	10	17356	1580	30
1755	1	29	10	17368	3612	75
1756	7	31	10	17380	2758	142
1757	1	29	30	17392	5019	70
1758	21	17	40	17404	1444	129
1759	21	17	40	17416	1943	121
1760	7	31	10	17428	5446	153
1761	18	6	40	17440	1801	109
1762	21	17	40	17452	6814	72
1763	21	17	40	17464	2815	94
1764	7	31	50	17476	854	89
1765	7	31	50	17488	1763	76
1766	7	31	20	17500	714	58
1767	21	17	50	17512	3080	138
1768	21	17	40	17524	4726	153
1769	4	23	30	17536	452	45
1770	21	17	40	17548	9245	105
1771	18	6	20	17560	13526	57
1772	7	31	40	17572	1941	81
1773	21	17	20	17584	1978	55
1774	21	17	40	17600	3523	80
1775	7	31	20	17610	3492	61
1776	21	17	40	17620	25547	78
1777	4	23	10	17630	3826	154
1778	18	6	50	17640	11097	79
1779	1	29	50	17650	645	80
1780	1	29	40	17660	12698	107
1781	4	23	10	17670	157	36
1782	1	29	10	17680	910	22
1783	21	17	40	17690	331	142
1784	21	17	30	17700	2876	146
1785	1	29	50	17710	5478	151
1786	21	17	10	17720	818	49
1787	7	31	20	17730	122	63
1788	21	17	30	17740	1652	134
1789	1	29	20	17750	262	75
1790	7	31	40	17760	934	72
1791	7	31	10	17770	2146	28
1792	21	17	20	17780	7595	132
1793	4	23	20	17790	5977	41
1794	4	23	40	17800	446	21
1795	18	6	10	17810	11263	40
1796	1	29	30	17820	2189	40
1797	1	29	50	17830	249	58
1798	7	31	10	17840	12380	117
1799	7	31	40	17850	1102	51
1800	1	29	10	17860	11142	22
1801	7	31	40	17870	8754	82
1802	1	29	10	17880	6423	87
1803	4	23	20	17890	2356	97
1804	4	23	20	17900	1206	91
1805	18	6	40	17910	10239	44
1806	7	31	50	17920	2312	77
1807	4	23	20	17930	116	105
1808	1	29	10	17940	5230	108
1809	1	29	40	17950	5451	124
1810	1	29	30	17960	3629	151
1811	1	29	50	17970	8562	143
1812	21	17	30	17980	6007	145
1813	21	17	50	18000	669	69
1814	7	31	10	18011	2224	34
1815	18	6	10	18022	4885	137
1816	1	29	30	18033	692	106
1817	1	29	50	18044	5365	84
1818	1	29	10	18055	19590	102
1819	7	31	50	18066	2366	93
1820	7	31	50	18077	752	47
1821	1	29	10	18088	572	149
1822	21	17	30	18099	886	23
1823	21	17	20	18110	3973	98
1824	21	17	40	18121	9154	128
1825	18	6	30	18132	2659	96
1826	4	23	10	18143	492	79
1827	18	6	30	18154	3755	60
1828	18	6	40	18165	1339	54
1829	4	23	30	18176	4147	59
1830	7	31	40	18187	701	40
1831	21	17	40	18198	11116	39
1832	7	31	50	18209	4328	56
1833	7	31	20	18220	4771	48
1834	1	29	40	18231	946	78
1835	4	23	10	18242	291	45
1836	18	6	50	18253	1093	104
1837	4	23	40	18264	5683	80
1838	18	6	20	18275	6840	70
1839	7	31	50	18286	3567	122
1840	18	6	10	18297	1465	93
1841	4	23	40	18308	679	99
1842	7	31	10	18319	1430	110
1843	7	31	40	18330	3608	30
1844	21	17	50	18341	2518	78
1845	4	23	40	18352	1577	84
1846	21	17	30	18363	4063	37
1847	21	17	20	18400	4764	83
1848	7	31	20	18410	1717	27
1849	18	6	30	18420	2045	39
1850	1	29	30	18430	6078	89
1851	21	17	30	18440	4595	111
1852	1	29	50	18450	281	111
1853	1	29	20	18460	2838	44
1854	21	17	40	18470	287	24
1855	21	17	10	18480	6539	27
1856	7	31	10	18490	4674	78
1857	18	6	50	18500	743	143
1858	7	31	30	18510	3163	123
1859	18	6	40	18520	5960	149
1860	7	31	40	18530	6579	119
1861	4	23	20	18540	7090	37
1862	1	29	30	18550	5453	71
1863	4	23	40	18560	351	68
1864	18	6	10	18570	3501	104
1865	18	6	50	18580	4297	131
1866	4	23	50	18590	1000	106
1867	18	6	10	18600	336	117
1868	21	17	10	18610	11485	146
1869	1	29	50	18620	1762	144
1870	21	17	10	18630	2509	53
1871	7	31	40	18640	2046	46
1872	7	31	40	18650	10071	33
1873	18	6	20	18660	2059	135
1874	4	23	40	18670	602	154
1875	18	6	10	18680	61	102
1876	4	23	10	18690	7149	59
1877	18	6	50	18700	3709	148
1878	21	17	30	18710	709	39
1879	18	6	10	18720	3400	64
1880	18	6	50	18730	7527	79
1881	4	23	40	18740	2176	150
1882	4	23	20	18750	1204	52
1883	1	29	10	18760	8626	34
1884	18	6	50	18770	7988	125
1885	21	17	10	18800	2598	83
1886	7	31	50	18809	8161	83
1887	7	31	40	18818	663	32
1888	7	31	30	18827	3947	43
1889	1	29	40	18836	2081	70
1890	21	17	10	18845	1918	121
1891	1	29	10	18854	288	115
1892	21	17	10	18863	952	111
1893	21	17	30	18872	182	75
1894	21	17	20	18881	6113	22
1895	7	31	40	18890	2589	76
1896	18	6	10	18899	2123	48
1897	1	29	30	18908	976	62
1898	4	23	40	18917	44	81
1899	4	23	50	18926	6614	102
1900	1	29	40	18935	442	132
1901	7	31	20	18944	3259	75
1902	1	29	20	18953	5589	92
1903	4	23	20	18962	19641	38
1904	18	6	30	18971	10893	141
1905	4	23	40	18980	1916	62
1906	1	29	50	18989	5770	97
1907	7	31	30	18998	4379	131
1908	4	23	30	19007	1837	44
1909	7	31	40	19016	222	76
1910	4	23	50	19025	14359	122
1911	4	23	20	19034	354	85
1912	18	6	30	19043	28	123
1913	18	6	30	19052	14582	79
1914	21	17	40	19061	10468	90
1915	18	6	50	19070	1959	124
1916	21	17	10	19079	3377	139
1917	21	17	20	19088	7861	56
1918	1	29	40	19097	992	97
1919	4	23	50	19106	446	40
1920	7	31	10	19115	6213	68
1921	7	31	20	19124	283	93
1922	4	23	40	19133	2415	93
1923	7	31	20	19142	3085	95
1924	18	6	50	19151	14808	42
1925	21	17	10	19160	2019	92
1926	7	31	40	19200	835	89
1927	21	17	10	19214	8313	112
1928	4	23	10	19228	3863	132
1929	7	31	50	19242	4352	98
1930	21	17	50	19256	3699	74
1931	18	6	40	19270	3828	151
1932	7	31	20	19284	3599	86
1933	18	6	30	19298	1747	92
1934	18	6	20	19312	2524	86
1935	7	31	40	19326	1372	24
1936	4	23	20	19340	4397	78
1937	21	17	50	19354	1244	34
1938	21	17	40	19368	11978	48
1939	7	31	10	19382	2643	83
1940	7	31	20	19396	5008	141
1941	21	17	20	19410	915	107
1942	1	29	10	19424	6140	142
1943	1	29	50	19438	3406	122
1944	7	31	50	19452	2271	102
1945	4	23	50	19466	1405	55
1946	7	31	30	19480	257	147
1947	7	31	40	19494	1087	52
1948	21	17	50	19508	500	140
1949	7	31	20	19522	2015	53
1950	7	31	40	19536	9478	91
1951	18	6	50	19550	3212	146
1952	21	17	40	19564	23079	120
1953	21	17	40	19578	9435	61
1954	21	17	50	19600	81	54
1955	4	23	30	19608	147	58
1956	1	29	40	19616	439	136
1957	18	6	50	19624	968	151
1958	18	6	20	19632	69	150
1959	18	6	20	19640	3088	68
1960	21	17	10	19648	853	127
1961	18	6	50	19656	8785	140
1962	18	6	30	19664	188	153
1963	21	17	40	19672	4885	101
1964	7	31	40	19680	2395	21
1965	1	29	20	19688	1762	126
1966	7	31	50	19696	2704	154
1967	21	17	50	19704	4236	50
1968	1	29	10	19712	2819	147
1969	18	6	10	19720	4049	86
1970	7	31	40	19728	5097	65
1971	1	29	10	19736	1442	125
1972	1	29	30	19744	9629	27
1973	4	23	30	19752	5330	34
1974	7	31	30	19760	1986	53
1975	7	31	40	19768	3507	115
1976	4	23	10	19776	1335	105
1977	4	23	40	19784	8485	126
1978	1	29	30	19792	440	147
1979	21	17	10	19800	4546	141
1980	18	6	30	19808	1625	100
1981	1	29	10	19816	12028	57
1982	21	17	20	19824	5664	127
1983	21	17	40	19832	1011	98
1984	21	17	20	19840	5653	27
1985	7	31	10	19848	210	83
1986	18	6	50	19856	3860	51
1987	21	17	30	19864	4658	45
1988	4	23	40	19872	1624	58
1989	7	31	50	19880	2261	47
1990	7	31	50	19888	825	42
1991	18	6	20	19896	2404	82
1992	7	31	40	19904	1150	38
1993	7	31	30	19912	2124	134
1994	21	17	10	19920	1378	110
1995	4	23	30	19928	6978	21
1996	7	31	50	19936	690	108
1997	1	29	30	19944	330	61
1998	4	23	10	19952	523	120
1999	7	31	30	20000	320	131
