0	21	17	30	0	3660	198
1	18	6	50	10	6207	198
2	18	6	30	20	2057	163
3	1	29	50	30	6272	184
4	1	29	30	40	227	193
5	4	23	50	50	2725	197
6	21	17	50	60	5792	166
7	21	17	20	70	4118	162
8	4	23	10	80	1616	184
9	7	31	40	90	9516	199
10	21	17	50	100	9030	157
11	1	29	40	110	5364	184
12	18	6	40	120	7831	195
13	7	31	50	130	18712	184
14	21	17	30	140	140	199
15	21	17	40	150	9999	192
16	21	17	10	160	8432	177
17	1	29	50	170	4762	193
18	18	6	10	180	764	203
19	18	6	10	190	2317	176
20	21	17	10	200	400	182
21	7	31	10	210	12734	196
22	18	6	30	220	987	156
23	4	23	10	230	9366	166
24	18	6	20	240	1799	184
25	21	17	10	250	6732	198
26	18	6	20	260	4472	176
27	21	17	40	270	7968	188
28	18	6	20	280	1146	192
29	7	31	10	290	3094	174
30	7	31	50	300	6959	156
31	1	29	10	310	4649	209
32	21	17	40	320	2793	199
33	1	29	40	330	3792	180
34	21	17	30	340	4238	168
35	4	23	10	350	117	197
36	4	23	30	360	1194	205
37	18	6	50	370	192	160
38	7	31	30	380	10885	207
39	1	29	50	390	6930	159
40	18	6	40	400	1752	165
41	7	31	30	411	6737	198
42	18	6	10	422	323	165
43	21	17	50	433	1055	158
44	7	31	50	444	4949	164
45	7	31	30	455	2589	208
46	1	29	30	466	5727	178
47	7	31	20	477	2345	168
48	7	31	50	488	673	209
49	1	29	50	499	1214	175
50	7	31	50	510	1631	158
51	4	23	10	521	1218	166
52	21	17	30	532	9542	191
53	18	6	50	543	828	179
54	1	29	20	554	10326	173
55	1	29	20	565	4096	156
56	1	29	30	576	3370	196
57	7	31	20	587	2759	207
58	21	17	30	598	2243	155
59	18	6	30	609	1103	205
60	18	6	40	620	6878	176
61	21	17	10	631	9267	187
62	7	31	10	642	2001	180
63	7	31	10	653	6315	165
64	1	29	40	664	346	197
65	21	17	40	675	933	158
66	1	29	50	686	1075	195
67	1	29	10	697	1131	170
68	21	17	30	708	1645	170
69	18	6	20	719	22	156
70	18	6	10	730	4311	197
71	7	31	10	741	7125	172
72	4	23	20	752	5737	195
73	18	6	10	763	1727	198
74	21	17	20	774	355	166
75	18	6	40	785	1319	193
76	4	23	10	800	8509	186
77	4	23	30	810	17293	208
78	7	31	20	820	862	157
79	4	23	50	830	8676	185
80	21	17	40	840	218	174
81	4	23	50	850	1042	163
82	18	6	50	860	4933	189
83	1	29	20	870	17497	171
84	1	29	10	880	910	170
85	1	29	50	890	3300	200
86	1	29	40	900	6043	173
87	7	31	40	910	1517	175
88	1	29	30	920	4660	161
89	7	31	10	930	50	167
90	4	23	40	940	2461	155
91	21	17	10	950	5706	208
92	18	6	20	960	3845	160
93	4	23	10	970	4725	157
94	7	31	20	980	9	193
95	18	6	30	990	2416	187
96	1	29	20	1000	2183	173
97	4	23	50	1010	1335	209
98	21	17	20	1020	645	171
99	21	17	10	1030	2786	161
100	7	31	30	1040	1101	168
101	21	17	30	1050	2893	163
102	21	17	50	1060	449	207
103	18	6	30	1070	646	207
104	21	17	50	1080	3686	188
105	21	17	50	1090	2800	196
106	1	29	40	1100	2779	180
107	7	31	20	1110	3258	202
108	18	6	40	1120	430	167
109	21	17	40	1130	4125	189
110	4	23	10	1140	5709	179
111	7	31	50	1150	3495	198
112	1	29	10	1160	1451	204
113	4	23	40	1200	3137	180
114	4	23	50	1211	833	185
115	7	31	40	1222	3580	167
116	7	31	20	1233	856	208
117	4	23	40	1244	2085	164
118	7	31	50	1255	3567	204
119	1	29	50	1266	2945	206
120	7	31	10	1277	2240	194
121	18	6	20	1288	10108	174
122	1	29	30	1299	3267	163
123	1	29	20	1310	1571	158
124	21	17	30	1321	3159	155
125	4	23	50	1332	9203	198
126	4	23	40	1343	962	167
127	1	29	20	1354	284	193
128	4	23	50	1365	1713	160
129	4	23	50	1376	3994	189
130	1	29	20	1387	7869	175
131	21	17	10	1398	3634	186
132	7	31	20	1409	7273	191
133	21	17	10	1420	4714	206
134	21	17	20	1431	4142	171
135	21	17	10	1442	3090	166
136	7	31	50	1453	525	165
137	21	17	20	1464	3278	191
138	18	6	30	1475	1946	192
139	1	29	10	1486	4818	184
140	21	17	20	1497	251	174
141	4	23	30	1508	1004	180
142	4	23	10	1519	961	163
143	18	6	40	1530	182	182
144	18	6	10	1541	1163	198
145	21	17	40	1552	8376	167
146	21	17	10	1563	2431	158
147	21	17	30	1574	307	189
148	21	17	10	1585	2813	181
149	21	17	30	1600	2116	180
150	7	31	20	1611	1207	188
151	4	23	30	1622	58	163
152	21	17	10	1633	4733	160
153	7	31	30	1644	3954	174
154	1	29	10	1655	302	176
155	18	6	10	1666	1546	204
156	7	31	50	1677	12551	209
157	7	31	40	1688	6084	204
158	4	23	50	1699	3697	207
159	18	6	50	1710	4846	200
160	4	23	20	1721	1367	184
161	1	29	20	1732	2264	197
162	1	29	30	1743	936	197
163	7	31	50	1754	2542	188
164	7	31	20	1765	6116	168
165	4	23	50	1776	712	202
166	1	29	40	1787	5465	161
167	1	29	10	1798	3787	208
168	7	31	20	1809	9154	164
169	4	23	40	1820	4196	174
170	1	29	40	1831	2526	157
171	21	17	50	1842	4013	171
172	18	6	20	1853	84	182
173	4	23	40	1864	8825	175
174	1	29	30	1875	2466	187
175	18	6	40	1886	926	169
176	21	17	20	1897	4903	166
177	21	17	40	1908	2882	191
178	21	17	20	1919	300	169
179	21	17	50	1930	4425	198
180	7	31	50	1941	2350	195
181	4	23	10	1952	602	187
182	1	29	10	1963	3315	166
183	4	23	20	1974	11092	189
184	21	17	30	1985	1854	155
185	7	31	40	2000	7476	167
186	1	29	10	2009	9339	181
187	21	17	50	2018	941	172
188	21	17	10	2027	3865	184
189	7	31	20	2036	1568	176
190	1	29	20	2045	3485	166
191	21	17	20	2054	1671	171
192	18	6	30	2063	12512	193
193	21	17	30	2072	4595	202
194	7	31	50	2081	2115	209
195	21	17	50	2090	3962	186
196	18	6	50	2099	53	193
197	21	17	20	2108	5438	184
198	7	31	30	2117	1212	168
199	7	31	10	2126	374	205
200	21	17	10	2135	565	160
201	7	31	50	2144	7418	160
202	18	6	20	2153	771	180
203	4	23	30	2162	7733	162
204	21	17	50	2171	11434	178
205	21	17	30	2180	3948	172
206	18	6	20	2189	20099	191
207	18	6	20	2198	6515	194
208	7	31	50	2207	734	196
209	21	17	20	2216	8040	162
210	18	6	40	2225	3809	193
211	21	17	10	2234	2341	173
212	21	17	30	2243	4939	189
213	4	23	10	2252	10868	164
214	4	23	50	2261	1193	159
215	21	17	10	2270	648	206
216	21	17	20	2279	8126	186
217	7	31	10	2288	1265	162
218	7	31	20	2297	419	188
219	21	17	30	2306	11091	156
220	4	23	40	2315	1204	175
221	1	29	50	2324	3064	198
222	18	6	10	2333	19571	178
223	1	29	10	2342	3415	197
224	18	6	30	2351	282	163
225	1	29	30	2360	541	195
226	4	23	30	2369	4521	187
227	18	6	40	2378	1649	190
228	21	17	40	2387	2609	175
229	1	29	40	2400	7125	156
230	1	29	40	2409	859	185
231	1	29	10	2418	13213	191
232	18	6	20	2427	1162	177
233	1	29	10	2436	16321	174
234	1	29	50	2445	3083	192
235	21	17	10	2454	3673	189
236	18	6	50	2463	13341	162
237	4	23	40	2472	4925	159
238	4	23	30	2481	21092	166
239	1	29	10	2490	5444	193
240	18	6	30	2499	7651	185
241	7	31	50	2508	418	197
242	1	29	10	2517	171	186
243	1	29	40	2526	5601	177
244	18	6	30	2535	4954	193
245	18	6	10	2544	596	202
246	1	29	50	2553	4003	191
247	7	31	20	2562	90	184
248	18	6	40	2571	2213	197
249	7	31	50	2580	1210	158
250	1	29	40	2589	5704	155
251	7	31	50	2598	5421	186
252	1	29	50	2607	4128	206
253	7	31	50	2616	1565	167
254	18	6	20	2625	7073	184
255	7	31	10	2634	3631	171
256	4	23	50	2643	7615	191
257	1	29	10	2652	3677	192
258	18	6	50	2661	6188	209
259	21	17	20	2670	6771	192
260	4	23	10	2679	11999	194
261	21	17	30	2688	4262	156
262	4	23	30	2697	1570	173
263	4	23	10	2706	1638	195
264	7	31	40	2715	4466	186
265	18	6	40	2724	4209	156
266	7	31	40	2733	847	205
267	21	17	20	2742	5178	170
268	4	23	20	2751	2020	181
269	7	31	50	2760	4282	179
270	4	23	20	2769	819	199
271	18	6	30	2778	701	181
272	1	29	40	2800	1293	205
273	7	31	20	2812	1759	205
274	4	23	10	2824	356	180
275	7	31	50	2836	700	188
276	21	17	50	2848	2717	167
277	1	29	20	2860	1092	155
278	21	17	40	2872	7980	159
279	1	29	20	2884	10620	170
280	21	17	30	2896	2726	159
281	7	31	10	2908	4255	158
282	21	17	10	2920	9763	202
283	18	6	50	2932	983	172
284	1	29	10	2944	298	155
285	4	23	50	2956	2400	208
286	21	17	20	2968	1539	195
287	4	23	30	2980	10536	165
288	7	31	50	2992	667	199
289	18	6	40	3004	11306	176
290	4	23	10	3016	5541	208
291	18	6	40	3028	1804	179
292	18	6	40	3040	10150	159
293	7	31	10	3052	788	183
294	7	31	50	3064	6307	208
295	18	6	10	3076	876	184
296	18	6	30	3088	5960	178
297	7	31	50	3100	4895	201
298	18	6	10	3112	337	201
299	21	17	50	3124	244	191
300	4	23	30	3136	11787	206
301	18	6	40	3148	9477	176
302	18	6	10	3160	3931	157
303	7	31	40	3172	5841	172
304	1	29	40	3184	315	168
305	7	31	10	3200	3654	183
306	4	23	10	3209	2507	190
307	4	23	30	3218	1357	156
308	1	29	50	3227	1090	196
309	4	23	30	3236	4419	206
310	7	31	20	3245	437	158
311	18	6	30	3254	3786	191
312	18	6	30	3263	5346	188
313	18	6	40	3272	7791	194
314	21	17	40	3281	1553	188
315	7	31	10	3290	1400	190
316	1	29	30	3299	5427	163
317	18	6	30	3308	450	156
318	18	6	10	3317	1227	194
319	18	6	40	3326	1000	187
320	4	23	30	3335	1610	171
321	1	29	20	3344	1219	195
322	1	29	30	3353	3397	181
323	1	29	40	3362	2433	159
324	1	29	40	3371	9517	181
325	18	6	30	3380	6905	175
326	1	29	40	3389	1096	177
327	4	23	40	3398	410	177
328	1	29	20	3407	3306	206
329	1	29	50	3416	8768	205
330	4	23	20	3425	1950	165
331	18	6	50	3434	6188	176
332	21	17	20	3443	688	164
333	21	17	50	3452	6533	177
334	4	23	50	3461	16117	173
335	7	31	50	3470	3544	192
336	4	23	10	3479	118	156
337	1	29	20	3488	626	185
338	1	29	20	3497	613	158
339	4	23	50	3506	2561	181
340	21	17	40	3515	16931	173
341	4	23	40	3524	128	193
342	4	23	40	3533	4678	178
343	18	6	20	3542	2653	202
344	7	31	30	3551	7261	173
345	1	29	40	3560	593	172
346	21	17	20	3600	3932	200
347	1	29	10	3609	262	175
348	7	31	20	3618	7781	204
349	21	17	50	3627	2756	173
350	18	6	40	3636	2422	175
351	21	17	50	3645	4410	176
352	18	6	50	3654	2330	161
353	21	17	20	3663	7852	168
354	4	23	20	3672	5206	175
355	18	6	10	3681	4617	166
356	18	6	20	3690	1626	205
357	1	29	30	3699	745	207
358	4	23	10	3708	7878	200
359	7	31	10	3717	1171	203
360	4	23	30	3726	1779	161
361	1	29	30	3735	1837	168
362	4	23	10	3744	5168	160
363	21	17	50	3753	1725	200
364	21	17	10	3762	1329	196
365	18	6	20	3771	1521	192
366	4	23	10	3780	2419	181
367	4	23	40	3789	10784	166
368	7	31	40	3798	8324	175
369	18	6	50	3807	5298	206
370	18	6	50	3816	1238	189
371	21	17	10	3825	3640	188
372	1	29	10	3834	13343	207
373	21	17	10	3843	6269	167
374	4	23	10	3852	1075	169
375	1	29	50	3861	1425	187
376	7	31	40	3870	3406	171
377	7	31	10	3879	365	188
378	4	23	10	3888	3854	196
379	1	29	50	3897	5871	164
380	4	23	20	3906	873	184
381	1	29	30	3915	776	156
382	7	31	20	3924	1099	182
383	1	29	30	3933	266	187
384	21	17	20	3942	2276	185
385	4	23	20	3951	5062	198
386	1	29	10	3960	1695	170
387	1	29	10	4000	1418	206
388	4	23	30	4009	319	156
389	1	29	40	4018	1412	162
390	18	6	40	4027	1169	197
391	18	6	40	4036	7837	158
392	4	23	20	4045	1339	194
393	4	23	10	4054	8770	165
394	21	17	20	4063	483	175
395	7	31	20	4072	3840	159
396	21	17	30	4081	1463	188
397	4	23	40	4090	1656	188
398	18	6	10	4099	903	161
399	18	6	10	4108	2942	190
400	7	31	40	4117	4607	200
401	4	23	30	4126	4728	189
402	18	6	30	4135	834	209
403	4	23	30	4144	524	208
404	4	23	50	4153	1054	193
405	4	23	30	4162	7774	197
406	21	17	40	4171	4864	179
407	4	23	40	4180	4201	203
408	4	23	20	4189	3909	208
409	4	23	30	4198	2235	198
410	7	31	30	4207	472	204
411	4	23	10	4216	1133	171
412	7	31	20	4225	3207	165
413	4	23	10	4234	381	190
414	1	29	50	4243	237	174
415	4	23	50	4252	807	159
416	4	23	10	4261	547	196
417	18	6	40	4270	4325	182
418	1	29	40	4279	9928	170
419	18	6	50	4288	3328	208
420	18	6	10	4297	14140	177
421	4	23	10	4306	674	185
422	21	17	20	4315	7744	164
423	4	23	50	4324	3448	168
424	21	17	20	4333	2619	163
425	1	29	20	4342	2091	185
426	18	6	50	4351	1501	203
427	4	23	50	4360	316	197
428	21	17	50	4400	4528	202
429	7	31	50	4409	3856	164
430	1	29	20	4418	20050	208
431	1	29	50	4427	1067	193
432	4	23	50	4436	8660	182
433	18	6	10	4445	411	161
434	4	23	20	4454	358	174
435	1	29	40	4463	2795	204
436	7	31	50	4472	17712	156
437	18	6	50	4481	499	183
438	4	23	30	4490	7150	203
439	18	6	40	4499	3442	197
440	7	31	30	4508	57	174
441	7	31	30	4517	4754	176
442	7	31	50	4526	4493	207
443	1	29	50	4535	4183	168
444	4	23	20	4544	823	167
445	21	17	30	4553	27	180
446	7	31	30	4562	1469	203
447	1	29	20	4571	860	159
448	18	6	20	4580	7105	201
449	4	23	20	4589	10697	170
450	18	6	10	4598	2687	173
451	7	31	40	4607	4148	161
452	4	23	10	4616	2197	172
453	21	17	20	4625	4056	163
454	21	17	10	4634	3193	168
455	1	29	40	4643	3008	169
456	4	23	20	4652	7271	180
457	7	31	30	4661	3772	196
458	4	23	20	4670	4113	200
459	4	23	40	4679	6963	163
460	18	6	40	4688	3140	204
461	18	6	40	4697	3950	192
462	4	23	50	4706	14382	155
463	7	31	20	4715	20	199
464	4	23	10	4724	2282	199
465	4	23	30	4733	8392	165
466	1	29	10	4742	1794	199
467	4	23	20	4751	2419	159
468	1	29	40	4760	21	171
469	21	17	20	4800	3236	179
470	7	31	10	4811	866	157
471	1	29	20	4822	42	167
472	21	17	10	4833	7046	188
473	7	31	50	4844	1657	183
474	7	31	20	4855	3199	188
475	7	31	30	4866	1288	155
476	21	17	10	4877	2619	188
477	21	17	20	4888	928	205
478	21	17	40	4899	1988	156
479	1	29	40	4910	2568	192
480	18	6	50	4921	420	192
481	1	29	40	4932	508	199
482	18	6	40	4943	1125	205
483	4	23	30	4954	5490	186
484	18	6	50	4965	554	201
485	4	23	40	4976	1709	202
486	4	23	50	4987	6674	176
487	4	23	40	4998	1140	173
488	18	6	50	5009	3173	202
489	18	6	40	5020	3256	159
490	7	31	20	5031	4377	179
491	21	17	30	5042	1896	170
492	21	17	40	5053	2577	193
493	21	17	50	5064	32	195
494	1	29	10	5075	135	203
495	4	23	40	5086	1955	192
496	1	29	40	5097	5132	175
497	21	17	30	5108	4431	163
498	4	23	50	5119	961	179
499	1	29	40	5130	1476	156
500	21	17	20	5141	4145	190
501	18	6	20	5152	7685	198
502	1	29	30	5163	834	197
503	18	6	50	5200	1291	176
504	7	31	20	5210	5332	167
505	18	6	40	5220	2605	160
506	7	31	30	5230	6799	183
507	21	17	20	5240	348	199
508	18	6	50	5250	362	184
509	1	29	30	5260	1283	167
510	18	6	30	5270	197	191
511	4	23	10	5280	3982	184
512	21	17	50	5290	987	194
513	4	23	30	5300	738	162
514	18	6	40	5310	5162	180
515	1	29	10	5320	2210	159
516	1	29	10	5330	1926	196
517	1	29	30	5340	1024	179
518	18	6	30	5350	8336	207
519	1	29	30	5360	364	206
520	21	17	40	5370	272	199
521	4	23	30	5380	481	181
522	1	29	20	5390	9467	166
523	7	31	50	5400	2379	167
524	18	6	10	5410	8814	155
525	21	17	30	5420	6796	197
526	18	6	30	5430	3067	184
527	21	17	20	5440	6863	202
528	7	31	40	5450	1461	190
529	18	6	30	5460	715	206
530	4	23	50	5470	3217	189
531	21	17	40	5480	6657	180
532	18	6	30	5490	20057	180
533	21	17	10	5500	346	155
534	18	6	30	5510	7053	157
535	1	29	40	5520	1129	203
536	1	29	10	5530	10692	156
537	21	17	50	5540	13943	183
538	7	31	10	5550	41	173
539	1	29	10	5560	4208	195
540	7	31	10	5570	3025	174
541	7	31	40	5580	5209	187
542	18	6	40	5590	703	199
543	1	29	30	5600	1276	189
544	1	29	20	5611	2842	177
545	18	6	20	5622	141	204
546	1	29	30	5633	691	185
547	18	6	20	5644	1463	185
548	7	31	10	5655	1331	169
549	1	29	10	5666	3753	198
550	18	6	40	5677	18	205
551	1	29	20	5688	2747	206
552	4	23	50	5699	6322	165
553	4	23	20	5710	542	183
554	1	29	10	5721	1112	166
555	18	6	40	5732	3034	164
556	1	29	50	5743	11779	187
557	4	23	40	5754	5388	185
558	1	29	50	5765	1953	176
559	21	17	40	5776	10063	180
560	21	17	10	5787	11471	186
561	7	31	20	5798	23370	190
562	18	6	30	5809	6008	163
563	1	29	30	5820	10248	187
564	4	23	40	5831	5118	188
565	18	6	50	5842	1084	166
566	1	29	30	5853	4054	159
567	21	17	50	5864	583	194
568	18	6	10	5875	1662	160
569	1	29	10	5886	2606	187
570	21	17	50	5897	2721	158
571	18	6	20	5908	2130	167
572	18	6	20	5919	972	161
573	18	6	30	5930	1018	166
574	18	6	30	5941	3251	187
575	18	6	50	5952	1648	167
576	18	6	50	5963	12161	192
577	21	17	50	5974	4010	186
578	7	31	40	5985	11228	199
579	1	29	40	6000	7720	160
580	7	31	10	6014	4297	166
581	21	17	20	6028	1041	208
582	18	6	20	6042	3080	188
583	4	23	40	6056	4780	202
584	21	17	50	6070	694	155
585	4	23	30	6084	229	193
586	18	6	40	6098	66	170
587	7	31	10	6112	8057	207
588	7	31	10	6126	7334	198
589	21	17	40	6140	1408	202
590	21	17	40	6154	1419	171
591	7	31	30	6168	847	180
592	7	31	50	6182	3498	162
593	21	17	20	6196	381	202
594	18	6	50	6210	4918	164
595	21	17	40	6224	3049	193
596	4	23	20	6238	12043	178
597	18	6	20	6252	1089	166
598	4	23	40	6266	3205	156
599	7	31	30	6280	1265	166
600	1	29	40	6294	2027	199
601	1	29	40	6308	92	201
602	1	29	10	6322	13551	180
603	7	31	50	6336	6524	192
604	1	29	10	6350	489	194
605	1	29	30	6364	3582	193
606	7	31	50	6400	1319	200
607	18	6	30	6408	3369	208
608	18	6	50	6416	3379	205
609	21	17	10	6424	9422	209
610	1	29	50	6432	3465	182
611	1	29	10	6440	1509	155
612	7	31	50	6448	6445	196
613	1	29	10	6456	3032	171
614	1	29	40	6464	1208	169
615	21	17	50	6472	5007	187
616	4	23	10	6480	2465	157
617	7	31	40	6488	333	171
618	1	29	30	6496	5767	186
619	1	29	10	6504	4386	204
620	1	29	20	6512	998	205
621	18	6	30	6520	5888	161
622	18	6	50	6528	1401	206
623	18	6	30	6536	177	167
624	1	29	20	6544	794	171
625	18	6	20	6552	1441	187
626	4	23	20	6560	7084	160
627	4	23	10	6568	533	168
628	21	17	30	6576	2912	157
629	4	23	40	6584	92	203
630	7	31	40	6592	1957	198
631	21	17	30	6600	5002	180
632	4	23	10	6608	340	184
633	1	29	20	6616	4415	187
634	21	17	10	6624	2444	170
635	4	23	20	6632	4037	175
636	21	17	20	6640	1220	182
637	7	31	20	6648	5278	205
638	4	23	30	6656	3491	162
639	21	17	20	6664	3354	172
640	7	31	40	6672	5962	203
641	21	17	10	6680	2370	171
642	4	23	10	6688	1405	156
643	7	31	10	6696	10932	198
644	21	17	40	6704	5052	175
645	7	31	40	6712	16632	170
646	21	17	30	6720	1981	194
647	7	31	40	6728	211	200
648	7	31	30	6736	7093	188
649	18	6	10	6744	20197	186
650	18	6	40	6752	305	191
651	21	17	30	6800	8182	161
652	1	29	40	6808	2577	189
653	4	23	40	6816	8663	161
654	7	31	20	6824	206	170
655	7	31	10	6832	3945	192
656	21	17	50	6840	5198	204
657	21	17	40	6848	10248	168
658	4	23	30	6856	3914	176
659	7	31	40	6864	6695	162
660	4	23	10	6872	5737	188
661	18	6	40	6880	679	186
662	18	6	50	6888	214	206
663	21	17	20	6896	3171	157
664	18	6	20	6904	2921	165
665	1	29	30	6912	8035	156
666	7	31	50	6920	1059	180
667	7	31	40	6928	565	164
668	1	29	10	6936	308	155
669	4	23	30	6944	3925	203
670	1	29	40	6952	2399	159
671	21	17	40	6960	5197	161
672	1	29	20	6968	2755	164
673	18	6	10	6976	871	169
674	18	6	30	6984	8872	156
675	1	29	10	6992	5945	189
676	21	17	20	7000	2572	160
677	4	23	50	7008	1788	162
678	4	23	50	7016	1578	202
679	18	6	40	7024	871	155
680	4	23	50	7032	9722	203
681	21	17	30	7040	6026	169
682	7	31	40	7048	1395	189
683	7	31	30	7056	2966	180
684	1	29	50	7064	11943	166
685	21	17	20	7072	2904	192
686	7	31	50	7080	1091	200
687	1	29	30	7088	874	178
688	18	6	50	7096	3851	171
689	1	29	50	7104	7093	187
690	7	31	30	7112	9551	181
691	21	17	30	7120	1662	169
692	1	29	40	7128	459	184
693	7	31	40	7136	5874	155
694	18	6	20	7144	6558	194
695	4	23	50	7152	3854	171
696	4	23	20	7160	2010	175
697	7	31	50	7200	5526	209
698	4	23	40	7210	2156	188
699	7	31	10	7220	7625	173
700	1	29	40	7230	5572	199
701	1	29	40	7240	1197	185
702	4	23	40	7250	15145	200
703	1	29	10	7260	917	195
704	1	29	30	7270	3127	182
705	4	23	50	7280	1699	185
706	7	31	10	7290	1866	207
707	21	17	30	7300	1309	175
708	1	29	20	7310	20580	160
709	4	23	10	7320	1294	191
710	21	17	50	7330	662	187
711	18	6	10	7340	1827	196
712	18	6	50	7350	3632	176
713	1	29	50	7360	2237	175
714	18	6	50	7370	9228	169
715	7	31	40	7380	16396	173
716	4	23	10	7390	7913	207
717	7	31	30	7400	3007	180
718	21	17	30	7410	3644	200
719	18	6	50	7420	7	183
720	18	6	40	7430	3945	166
721	7	31	30	7440	147	157
722	18	6	50	7450	2883	202
723	21	17	10	7460	1118	177
724	21	17	10	7470	5050	177
725	1	29	10	7480	470	200
726	21	17	10	7490	3856	186
727	18	6	30	7500	5208	164
728	1	29	50	7510	1976	185
729	21	17	30	7520	1273	195
730	4	23	40	7530	1904	168
731	1	29	20	7540	5171	161
732	1	29	10	7550	11517	184
733	7	31	40	7560	2575	183
734	18	6	10	7570	2348	165
735	18	6	10	7600	4237	172
736	18	6	50	7612	6458	179
737	7	31	40	7624	375	204
738	4	23	10	7636	15877	208
739	4	23	50	7648	3698	191
740	18	6	10	7660	618	194
741	21	17	20	7672	12839	180
742	21	17	20	7684	903	172
743	21	17	40	7696	1673	189
744	1	29	10	7708	4527	155
745	4	23	30	7720	3118	194
746	4	23	40	7732	5440	203
747	21	17	40	7744	4559	164
748	4	23	50	7756	8139	196
749	7	31	40	7768	6916	175
750	21	17	50	7780	5655	173
751	21	17	50	7792	8053	205
752	7	31	30	7804	654	163
753	18	6	50	7816	2143	160
754	18	6	30	7828	1015	162
755	18	6	10	7840	5027	197
756	7	31	50	7852	5465	192
757	7	31	40	7864	5287	177
758	18	6	10	7876	2677	172
759	1	29	30	7888	2258	192
760	7	31	50	7900	5199	208
761	18	6	40	7912	4140	197
762	21	17	30	7924	8801	199
763	1	29	40	7936	5113	175
764	1	29	20	7948	9115	177
765	21	17	30	7960	2228	181
766	1	29	50	7972	2198	167
767	7	31	10	7984	520	202
768	21	17	50	8000	16639	165
769	1	29	40	8008	1135	206
770	18	6	40	8016	805	204
771	21	17	20	8024	5916	158
772	18	6	20	8032	3171	182
773	18	6	30	8040	20864	164
774	1	29	50	8048	7824	198
775	4	23	20	8056	4404	195
776	21	17	20	8064	7186	195
777	4	23	10	8072	754	167
778	7	31	10	8080	3342	177
779	18	6	30	8088	772	193
780	4	23	20	8096	1833	206
781	21	17	20	8104	11158	177
782	21	17	40	8112	7828	178
783	4	23	20	8120	3351	165
784	1	29	40	8128	2901	176
785	7	31	50	8136	2872	173
786	18	6	50	8144	3419	207
787	21	17	20	8152	3011	178
788	4	23	10	8160	1153	176
789	1	29	50	8168	5216	178
790	4	23	20	8176	9560	190
791	7	31	10	8184	280	157
792	18	6	40	8192	3681	186
793	18	6	40	8200	3190	171
794	21	17	10	8208	8347	192
795	1	29	30	8216	2760	206
796	1	29	40	8224	291	191
797	7	31	30	8232	2620	206
798	7	31	30	8240	2349	167
799	18	6	30	8248	1152	183
800	18	6	30	8256	504	181
801	21	17	30	8264	3884	156
802	1	29	50	8272	4759	208
803	18	6	10	8280	3893	199
804	18	6	50	8288	4088	180
805	21	17	30	8296	16708	170
806	7	31	30	8304	1536	177
807	4	23	50	8312	679	209
808	18	6	10	8320	3249	172
809	7	31	10	8328	3255	177
810	4	23	50	8336	8524	157
811	18	6	50	8344	3404	179
812	21	17	30	8352	730	209
813	21	17	30	8360	1497	189
814	4	23	10	8368	263	195
815	21	17	30	8400	6221	186
816	18	6	50	8410	6169	174
817	4	23	10	8420	1553	189
818	1	29	50	8430	920	209
819	4	23	30	8440	1946	159
820	4	23	40	8450	7658	184
821	18	6	40	8460	8972	199
822	18	6	10	8470	8206	180
823	7	31	10	8480	1181	197
824	4	23	30	8490	1654	170
825	7	31	40	8500	487	201
826	7	31	40	8510	747	182
827	21	17	40	8520	24474	166
828	4	23	30	8530	505	181
829	21	17	20	8540	1785	201
830	4	23	40	8550	3635	159
831	1	29	40	8560	1744	198
832	7	31	30	8570	5202	155
833	18	6	40	8580	1519	204
834	1	29	10	8590	234	167
835	4	23	50	8600	5486	205
836	7	31	30	8610	1112	178
837	7	31	40	8620	1079	188
838	1	29	30	8630	10480	194
839	1	29	20	8640	3030	160
840	21	17	30	8650	859	205
841	21	17	50	8660	2167	208
842	7	31	10	8670	14420	161
843	7	31	50	8680	4732	209
844	4	23	50	8690	7517	175
845	18	6	20	8700	1633	166
846	7	31	40	8710	9237	158
847	18	6	20	8720	1365	206
848	7	31	30	8730	2661	185
849	1	29	30	8740	364	161
850	7	31	30	8750	4984	187
851	7	31	30	8760	5521	156
852	4	23	40	8770	1286	207
853	18	6	10	8780	243	162
854	21	17	50	8790	2028	209
855	21	17	40	8800	1018	191
856	7	31	30	8810	5543	185
857	18	6	50	8820	2319	166
858	21	17	30	8830	1333	184
859	4	23	10	8840	2980	189
860	18	6	40	8850	6730	197
861	7	31	40	8860	1549	166
862	1	29	30	8870	153	182
863	18	6	40	8880	873	180
864	18	6	30	8890	12849	173
865	18	6	10	8900	3001	169
866	4	23	20	8910	7469	178
867	4	23	50	8920	7612	159
868	21	17	20	8930	1179	177
869	1	29	20	8940	1527	200
870	1	29	10	8950	3159	162
871	7	31	20	8960	3190	196
872	18	6	30	8970	2008	205
873	21	17	40	8980	4489	203
874	4	23	50	8990	852	163
875	4	23	40	9000	2278	185
876	7	31	40	9010	10155	192
877	4	23	10	9020	783	180
878	18	6	10	9030	2100	176
879	18	6	10	9040	13	159
880	1	29	10	9050	963	198
881	18	6	30	9060	8522	185
882	1	29	20	9070	2869	190
883	18	6	50	9080	128	175
884	18	6	40	9090	4173	169
885	21	17	10	9100	7550	157
886	4	23	10	9110	326	200
887	4	23	30	9120	4418	202
888	4	23	40	9130	10021	205
889	1	29	30	9140	7142	185
890	21	17	20	9150	22518	174
891	18	6	30	9160	6494	167
892	21	17	10	9170	12235	158
893	7	31	30	9180	2055	160
894	21	17	30	9200	5050	173
895	1	29	50	9209	8227	193
896	21	17	20	9218	1916	180
897	4	23	30	9227	5997	190
898	18	6	30	9236	5296	191
899	18	6	50	9245	1539	161
900	21	17	10	9254	2692	197
901	1	29	40	9263	204	208
902	4	23	50	9272	138	184
903	7	31	20	9281	737	195
904	21	17	30	9290	3114	208
905	1	29	20	9299	710	200
906	18	6	50	9308	1746	161
907	4	23	50	9317	3670	159
908	7	31	10	9326	8072	209
909	18	6	10	9335	13234	178
910	18	6	10	9344	1447	209
911	1	29	20	9353	3395	160
912	1	29	50	9362	128	199
913	7	31	30	9371	1314	180
914	4	23	10	9380	1491	200
915	1	29	20	9389	10805	166
916	7	31	20	9398	6627	186
917	7	31	40	9407	24	161
918	1	29	50	9416	3179	166
919	4	23	30	9425	471	170
920	7	31	10	9434	2386	178
921	1	29	40	9443	778	185
922	1	29	10	9452	10784	164
923	21	17	40	9461	2199	201
924	1	29	50	9470	1548	180
925	7	31	30	9479	5438	205
926	7	31	10	9488	3630	192
927	4	23	10	9497	19779	200
928	1	29	10	9506	12624	185
929	18	6	50	9515	1541	179
930	7	31	30	9524	220	160
931	18	6	10	9533	623	156
932	18	6	40	9542	2346	198
933	21	17	20	9551	372	169
934	18	6	10	9560	2882	171
935	21	17	20	9600	718	200
936	21	17	30	9613	7516	156
937	18	6	10	9626	1683	205
938	4	23	30	9639	2698	177
939	1	29	30	9652	2653	178
940	4	23	10	9665	2730	205
941	21	17	10	9678	2600	196
942	7	31	30	9691	6468	203
943	1	29	40	9704	12397	181
944	7	31	30	9717	3008	185
945	7	31	10	9730	2208	169
946	1	29	40	9743	5901	177
947	18	6	40	9756	4471	188
948	18	6	20	9769	379	169
949	21	17	20	9782	6133	161
950	4	23	30	9795	259	162
951	1	29	40	9808	1877	173
952	4	23	30	9821	1036	179
953	21	17	50	9834	3899	175
954	4	23	40	9847	8165	193
955	21	17	20	9860	1501	166
956	1	29	30	9873	498	198
957	7	31	20	9886	3776	192
958	4	23	20	9899	7517	169
959	1	29	50	9912	6391	157
960	18	6	20	9925	3342	162
961	21	17	50	9938	1790	171
962	4	23	50	9951	4121	184
963	4	23	20	9964	3170	184
964	4	23	30	9977	9621	173
965	1	29	50	10000	694	208
966	21	17	40	10011	548	171
967	1	29	30	10022	11425	184
968	18	6	20	10033	5817	163
969	4	23	50	10044	635	155
970	18	6	50	10055	358	165
971	4	23	20	10066	2507	191
972	1	29	10	10077	2897	194
973	21	17	30	10088	262	198
974	1	29	20	10099	3832	174
975	7	31	50	10110	14215	192
976	18	6	20	10121	1882	192
977	21	17	20	10132	15198	193
978	1	29	20	10143	8992	171
979	4	23	50	10154	9082	166
980	7	31	40	10165	14297	182
981	4	23	30	10176	10280	158
982	18	6	50	10187	9304	185
983	18	6	50	10198	760	178
984	21	17	30	10209	1187	172
985	4	23	40	10220	4545	196
986	21	17	40	10231	9910	187
987	4	23	40	10242	6883	177
988	4	23	30	10253	987	186
989	4	23	50	10264	895	159
990	21	17	40	10275	192	156
991	1	29	20	10286	1078	174
992	7	31	40	10297	2742	190
993	18	6	30	10308	4723	174
994	7	31	10	10319	10028	170
995	4	23	20	10330	574	189
996	4	23	20	10341	7203	166
997	18	6	10	10352	1173	173
998	7	31	20	10363	184	163
999	7	31	40	10400	1843	187
1000	7	31	30	10409	1404	207
1001	1	29	10	10418	7059	202
1002	21	17	20	10427	9482	180
1003	7	31	20	10436	11499	169
1004	7	31	30	10445	4796	205
1005	21	17	10	10454	3636	180
1006	1	29	30	10463	7843	188
1007	4	23	50	10472	719	191
1008	7	31	30	10481	25	156
1009	7	31	50	10490	9160	155
1010	4	23	50	10499	11101	184
1011	1	29	10	10508	601	160
1012	4	23	50	10517	5042	176
1013	1	29	20	10526	12026	157
1014	4	23	10	10535	6988	184
1015	7	31	40	10544	4118	159
1016	4	23	50	10553	2454	196
1017	18	6	50	10562	2538	160
1018	4	23	50	10571	1372	167
1019	1	29	50	10580	1049	186
1020	18	6	10	10589	1115	176
1021	4	23	50	10598	1467	203
1022	7	31	10	10607	5144	207
1023	7	31	30	10616	3337	158
1024	7	31	10	10625	420	208
1025	1	29	30	10634	7570	201
1026	7	31	30	10643	13952	155
1027	21	17	30	10652	6911	174
1028	1	29	20	10661	626	182
1029	4	23	10	10670	2635	195
1030	18	6	40	10679	587	180
1031	1	29	10	10688	516	173
1032	18	6	10	10697	10781	185
1033	18	6	40	10706	2978	193
1034	7	31	30	10715	3671	169
1035	7	31	40	10724	618	190
1036	7	31	10	10733	68	188
1037	4	23	30	10742	12753	170
1038	4	23	30	10751	2575	183
1039	21	17	20	10760	4311	201
1040	4	23	10	10800	6854	162
1041	18	6	40	10809	5566	206
1042	7	31	10	10818	6743	176
1043	7	31	30	10827	1543	186
1044	21	17	50	10836	1220	185
1045	7	31	40	10845	9520	205
1046	7	31	20	10854	2933	207
1047	7	31	20	10863	3156	187
1048	21	17	30	10872	8078	199
1049	21	17	30	10881	1289	166
1050	1	29	20	10890	4499	203
1051	18	6	20	10899	1816	161
1052	7	31	20	10908	13266	161
1053	4	23	20	10917	6736	186
1054	4	23	30	10926	538	166
1055	18	6	30	10935	18026	159
1056	18	6	50	10944	444	204
1057	18	6	50	10953	1666	177
1058	1	29	20	10962	7424	170
1059	7	31	50	10971	7568	159
1060	18	6	40	10980	3952	179
1061	1	29	50	10989	150	169
1062	18	6	30	10998	79	163
1063	18	6	30	11007	2967	170
1064	4	23	20	11016	5745	185
1065	18	6	50	11025	6783	166
1066	7	31	50	11034	928	185
1067	18	6	20	11043	850	192
1068	18	6	50	11052	1722	198
1069	21	17	30	11061	4589	204
1070	1	29	40	11070	3933	180
1071	21	17	20	11079	2771	180
1072	7	31	30	11088	21345	187
1073	7	31	30	11097	3985	175
1074	4	23	40	11106	2116	178
1075	21	17	20	11115	2708	180
1076	21	17	40	11124	2712	181
1077	21	17	30	11133	2067	176
1078	7	31	30	11142	1443	183
1079	21	17	20	11151	854	158
1080	18	6	20	11160	1599	203
1081	1	29	10	11169	2204	178
1082	1	29	10	11200	12409	185
1083	1	29	50	11209	8143	171
1084	18	6	40	11218	6585	202
1085	21	17	20	11227	5906	173
1086	4	23	40	11236	685	167
1087	7	31	40	11245	502	208
1088	21	17	20	11254	2037	182
1089	4	23	50	11263	3783	164
1090	18	6	40	11272	155	195
1091	4	23	20	11281	4509	166
1092	4	23	20	11290	488	209
1093	21	17	40	11299	3928	178
1094	7	31	30	11308	130	176
1095	4	23	10	11317	6109	203
1096	1	29	20	11326	5262	197
1097	18	6	40	11335	1375	161
1098	18	6	20	11344	3264	155
1099	7	31	10	11353	2365	174
1100	1	29	40	11362	4820	175
1101	4	23	10	11371	1591	170
1102	18	6	30	11380	871	198
1103	21	17	50	11389	817	205
1104	21	17	50	11398	4195	195
1105	1	29	10	11407	771	177
1106	4	23	40	11416	1846	184
1107	21	17	50	11425	1619	195
1108	1	29	40	11434	2066	162
1109	7	31	10	11443	4021	196
1110	4	23	40	11452	2745	187
1111	18	6	30	11461	4835	183
1112	4	23	20	11470	154	203
1113	18	6	50	11479	4214	167
1114	18	6	30	11488	2933	165
1115	1	29	30	11497	912	156
1116	1	29	40	11506	341	193
1117	1	29	40	11515	651	201
1118	21	17	40	11524	5043	178
1119	4	23	50	11533	18675	166
1120	21	17	10	11542	4305	208
1121	1	29	10	11551	373	186
1122	18	6	10	11560	6287	164
1123	21	17	10	11600	5360	188
1124	7	31	50	11610	4136	164
1125	7	31	30	11620	11973	169
1126	4	23	10	11630	1943	180
1127	21	17	50	11640	1846	163
1128	1	29	50	11650	3652	209
1129	1	29	30	11660	3955	185
1130	21	17	10	11670	5713	192
1131	4	23	10	11680	900	175
1132	7	31	20	11690	7475	175
1133	1	29	30	11700	7764	164
1134	21	17	40	11710	2709	193
1135	21	17	20	11720	4	187
1136	21	17	40	11730	1034	189
1137	1	29	20	11740	5883	190
1138	18	6	10	11750	992	185
1139	18	6	40	11760	3996	179
1140	4	23	30	11770	2055	199
1141	7	31	50	11780	6958	181
1142	4	23	10	11790	5015	201
1143	18	6	10	11800	5793	196
1144	1	29	10	11810	489	187
1145	21	17	20	11820	1641	167
1146	21	17	50	11830	4066	172
1147	1	29	20	11840	2492	197
1148	7	31	10	11850	447	167
1149	4	23	10	11860	7041	174
1150	18	6	30	11870	4830	164
1151	21	17	40	11880	3483	205
1152	4	23	10	11890	3416	193
1153	7	31	30	11900	3350	199
1154	7	31	50	11910	6190	175
1155	21	17	30	11920	3779	198
1156	1	29	10	11930	3071	160
1157	4	23	20	11940	2447	165
1158	18	6	10	11950	3108	195
1159	1	29	30	11960	4812	181
1160	7	31	50	11970	6255	207
1161	7	31	50	12000	0	175
1162	21	17	50	12012	5300	196
1163	1	29	20	12024	5974	187
1164	7	31	10	12036	8278	158
1165	21	17	40	12048	1398	167
1166	4	23	20	12060	7745	162
1167	18	6	40	12072	800	194
1168	4	23	20	12084	693	183
1169	18	6	20	12096	2922	187
1170	18	6	40	12108	14933	177
1171	21	17	30	12120	1493	158
1172	7	31	30	12132	10659	171
1173	7	31	50	12144	354	209
1174	1	29	20	12156	3554	176
1175	18	6	10	12168	7200	181
1176	4	23	10	12180	1876	195
1177	1	29	50	12192	110	178
1178	7	31	50	12204	3902	156
1179	7	31	40	12216	1471	207
1180	7	31	30	12228	1494	206
1181	18	6	40	12240	10154	193
1182	1	29	50	12252	1225	205
1183	4	23	50	12264	5891	189
1184	7	31	10	12276	10467	175
1185	21	17	30	12288	788	196
1186	1	29	10	12300	3946	192
1187	1	29	50	12312	1305	186
1188	18	6	30	12324	286	198
1189	21	17	20	12336	8506	204
1190	21	17	10	12348	2503	182
1191	18	6	20	12360	5883	179
1192	21	17	10	12372	1045	204
1193	18	6	40	12400	2936	159
1194	7	31	40	12412	7358	182
1195	7	31	40	12424	2055	178
1196	7	31	10	12436	378	195
1197	4	23	40	12448	11199	168
1198	4	23	50	12460	8875	192
1199	1	29	20	12472	6860	174
1200	18	6	50	12484	2621	159
1201	7	31	10	12496	2440	188
1202	7	31	10	12508	1452	168
1203	18	6	40	12520	3540	190
1204	18	6	30	12532	7639	207
1205	18	6	50	12544	1974	160
1206	1	29	10	12556	4211	189
1207	21	17	10	12568	2690	194
1208	7	31	10	12580	15351	177
1209	4	23	40	12592	12191	203
1210	4	23	20	12604	1081	158
1211	21	17	10	12616	2842	192
1212	7	31	30	12628	7196	163
1213	7	31	30	12640	1058	198
1214	18	6	50	12652	1964	184
1215	18	6	10	12664	8150	169
1216	4	23	50	12676	5328	180
1217	18	6	50	12688	13242	161
1218	18	6	20	12700	7547	167
1219	21	17	40	12712	4749	172
1220	21	17	40	12724	4409	185
1221	4	23	30	12736	3444	186
1222	21	17	20	12748	476	205
1223	7	31	10	12760	1305	188
1224	18	6	10	12772	218	160
1225	21	17	20	12784	921	208
1226	1	29	20	12800	340	164
1227	4	23	50	12810	2112	166
1228	21	17	10	12820	1116	181
1229	18	6	40	12830	828	207
1230	4	23	10	12840	5458	196
1231	21	17	30	12850	2285	181
1232	7	31	50	12860	584	196
1233	7	31	30	12870	6498	191
1234	18	6	40	12880	7019	202
1235	1	29	30	12890	7722	173
1236	4	23	40	12900	3833	179
1237	21	17	10	12910	4515	170
1238	1	29	30	12920	10044	191
1239	18	6	10	12930	3083	169
1240	7	31	20	12940	3001	161
1241	18	6	50	12950	591	208
1242	4	23	40	12960	1426	163
1243	7	31	50	12970	496	205
1244	18	6	50	12980	4130	201
1245	1	29	10	12990	12551	199
1246	4	23	50	13000	10975	170
1247	18	6	40	13010	23987	161
1248	1	29	50	13020	566	184
1249	18	6	30	13030	14223	167
1250	1	29	50	13040	4382	208
1251	4	23	10	13050	541	188
1252	1	29	30	13060	380	156
1253	4	23	20	13070	874	174
1254	1	29	40	13080	659	199
1255	21	17	30	13090	9351	183
1256	7	31	50	13100	1689	192
1257	1	29	10	13110	105	189
1258	21	17	30	13120	3055	184
1259	18	6	10	13130	4154	209
1260	18	6	30	13140	1472	206
1261	7	31	20	13150	1101	178
1262	21	17	50	13160	1129	167
1263	18	6	20	13170	6269	179
1264	1	29	40	13180	932	162
1265	4	23	50	13190	6469	186
1266	1	29	10	13200	1864	206
1267	21	17	50	13208	128	181
1268	18	6	50	13216	2079	205
1269	1	29	30	13224	3046	166
1270	7	31	30	13232	1167	199
1271	7	31	40	13240	245	164
1272	1	29	30	13248	182	179
1273	1	29	10	13256	1490	207
1274	1	29	20	13264	731	165
1275	7	31	40	13272	3023	186
1276	1	29	40	13280	1299	177
1277	1	29	20	13288	21693	155
1278	18	6	10	13296	4026	197
1279	18	6	10	13304	406	171
1280	18	6	30	13312	1259	192
1281	7	31	40	13320	351	157
1282	18	6	10	13328	1304	192
1283	4	23	40	13336	1270	169
1284	18	6	50	13344	2947	209
1285	21	17	50	13352	3847	162
1286	21	17	50	13360	1689	180
1287	1	29	40	13368	11235	176
1288	7	31	50	13376	4209	201
1289	18	6	10	13384	10287	173
1290	18	6	30	13392	2857	191
1291	4	23	40	13400	3571	199
1292	21	17	40	13408	614	196
1293	21	17	20	13416	1273	192
1294	21	17	30	13424	1042	172
1295	21	17	10	13432	1353	193
1296	18	6	10	13440	8887	196
1297	18	6	30	13448	2841	193
1298	4	23	10	13456	9572	198
1299	21	17	50	13464	7388	170
1300	21	17	50	13472	3508	203
1301	7	31	50	13480	9378	199
1302	21	17	50	13488	3587	165
1303	21	17	20	13496	3653	173
1304	4	23	10	13504	5067	177
1305	4	23	10	13512	3727	199
1306	18	6	30	13520	342	163
1307	1	29	30	13528	6050	158
1308	4	23	10	13536	118	164
1309	4	23	50	13544	3888	168
1310	21	17	50	13552	3935	160
1311	4	23	30	13560	1716	191
1312	21	17	50	13568	1986	202
1313	7	31	20	13576	2302	168
1314	21	17	40	13600	1886	171
1315	7	31	50	13609	1013	203
1316	18	6	20	13618	13120	196
1317	18	6	20	13627	14560	207
1318	1	29	30	13636	1259	180
1319	1	29	40	13645	3567	209
1320	7	31	10	13654	2442	161
1321	21	17	30	13663	2268	184
1322	18	6	10	13672	1916	189
1323	21	17	40	13681	2629	186
1324	21	17	50	13690	91	184
1325	18	6	50	13699	4346	155
1326	21	17	10	13708	9956	178
1327	18	6	20	13717	5912	197
1328	1	29	30	13726	340	190
1329	1	29	10	13735	8486	182
1330	18	6	40	13744	4073	200
1331	21	17	20	13753	5857	194
1332	4	23	20	13762	363	167
1333	4	23	20	13771	6285	181
1334	18	6	10	13780	2873	177
1335	7	31	30	13789	1822	203
1336	21	17	40	13798	2708	202
1337	4	23	40	13807	4551	173
1338	1	29	30	13816	3228	201
1339	7	31	50	13825	9869	164
1340	7	31	20	13834	3070	208
1341	7	31	30	13843	3328	176
1342	7	31	30	13852	9658	167
1343	18	6	50	13861	118	188
1344	4	23	10	13870	1412	167
1345	7	31	10	13879	704	209
1346	4	23	40	13888	887	206
1347	1	29	20	13897	4881	183
1348	21	17	30	13906	9084	175
1349	18	6	40	13915	22	178
1350	4	23	50	13924	1570	207
1351	1	29	40	13933	9997	198
1352	1	29	50	13942	1089	168
1353	18	6	30	13951	1534	199
1354	1	29	50	13960	1946	163
1355	1	29	30	13969	655	173
1356	18	6	50	13978	2964	164
1357	21	17	10	14000	467	188
1358	1	29	30	14011	3434	198
1359	18	6	10	14022	229	177
1360	7	31	50	14033	4673	175
1361	1	29	20	14044	1484	176
1362	1	29	50	14055	4791	178
1363	18	6	50	14066	645	191
1364	1	29	20	14077	16282	177
1365	21	17	40	14088	7789	176
1366	1	29	20	14099	1215	179
1367	4	23	40	14110	3657	175
1368	18	6	20	14121	10365	200
1369	1	29	20	14132	39	178
1370	21	17	20	14143	5266	156
1371	21	17	40	14154	1330	177
1372	18	6	40	14165	2177	161
1373	18	6	40	14176	1753	170
1374	4	23	20	14187	223	155
1375	21	17	30	14198	8909	195
1376	1	29	50	14209	2954	172
1377	1	29	20	14220	1732	156
1378	4	23	40	14231	814	174
1379	1	29	50	14242	7896	185
1380	21	17	10	14253	2491	158
1381	7	31	50	14264	953	205
1382	18	6	40	14275	8322	176
1383	7	31	50	14286	316	166
1384	4	23	20	14297	3243	184
1385	18	6	50	14308	5105	157
1386	7	31	20	14319	3022	180
1387	1	29	40	14330	5850	178
1388	18	6	20	14341	2089	172
1389	18	6	40	14352	1793	158
1390	18	6	30	14363	7394	194
1391	21	17	40	14374	1922	168
1392	4	23	10	14400	435	184
1393	21	17	20	14408	2758	178
1394	1	29	50	14416	1024	198
1395	7	31	10	14424	1023	187
1396	4	23	40	14432	8060	207
1397	4	23	30	14440	5735	185
1398	1	29	30	14448	189	166
1399	4	23	30	14456	2319	201
1400	7	31	40	14464	9192	184
1401	1	29	10	14472	3663	186
1402	21	17	50	14480	6052	192
1403	7	31	20	14488	8716	207
1404	4	23	30	14496	1278	177
1405	7	31	20	14504	170	184
1406	21	17	10	14512	2756	191
1407	21	17	10	14520	8603	207
1408	21	17	10	14528	1227	198
1409	1	29	30	14536	2717	178
1410	21	17	30	14544	3964	155
1411	18	6	30	14552	755	162
1412	4	23	20	14560	10415	169
1413	21	17	40	14568	5022	168
1414	18	6	10	14576	3586	174
1415	21	17	10	14584	2592	180
1416	7	31	30	14592	2283	209
1417	4	23	10	14600	3892	167
1418	7	31	40	14608	3600	161
1419	21	17	20	14616	1215	175
1420	18	6	20	14624	1584	205
1421	21	17	30	14632	2721	156
1422	1	29	20	14640	854	158
1423	1	29	40	14648	3317	196
1424	21	17	40	14656	732	194
1425	21	17	30	14664	1725	197
1426	4	23	30	14672	792	202
1427	4	23	20	14680	10184	192
1428	1	29	50	14688	551	181
1429	7	31	10	14696	7051	178
1430	4	23	50	14704	103	197
1431	7	31	30	14712	5719	197
1432	1	29	40	14720	1456	200
1433	21	17	20	14728	5453	182
1434	18	6	10	14736	13036	155
1435	7	31	10	14744	7974	182
1436	21	17	50	14752	2265	167
1437	4	23	30	14760	17788	179
1438	1	29	30	14768	6486	198
1439	21	17	50	14776	2884	155
1440	18	6	50	14784	1008	175
1441	7	31	10	14800	4161	183
1442	18	6	30	14809	2805	189
1443	1	29	50	14818	9807	204
1444	4	23	10	14827	5274	158
1445	1	29	50	14836	4440	186
1446	18	6	20	14845	2432	209
1447	4	23	30	14854	1965	171
1448	4	23	20	14863	9465	159
1449	1	29	50	14872	5529	172
1450	1	29	30	14881	6259	187
1451	1	29	30	14890	1121	195
1452	21	17	40	14899	736	178
1453	1	29	10	14908	6134	200
1454	18	6	10	14917	479	205
1455	21	17	10	14926	2083	182
1456	1	29	40	14935	2093	183
1457	7	31	20	14944	973	206
1458	21	17	30	14953	5084	167
1459	4	23	50	14962	10264	190
1460	1	29	40	14971	7924	192
1461	18	6	40	14980	3435	208
1462	7	31	20	14989	5621	180
1463	1	29	50	14998	2289	175
1464	7	31	30	15007	2521	190
1465	18	6	10	15016	8106	168
1466	18	6	50	15025	8064	172
1467	7	31	10	15034	802	196
1468	7	31	30	15043	5601	167
1469	7	31	50	15052	5211	201
1470	1	29	10	15061	182	168
1471	1	29	50	15070	2366	185
1472	18	6	40	15079	6852	178
1473	7	31	40	15088	332	161
1474	4	23	30	15097	159	209
1475	4	23	10	15106	4563	177
1476	4	23	10	15115	18225	177
1477	21	17	30	15124	1305	163
1478	7	31	30	15133	7117	193
1479	7	31	50	15142	2747	162
1480	7	31	20	15151	9007	197
1481	1	29	10	15160	6270	185
1482	1	29	50	15169	62	188
1483	1	29	50	15200	1911	163
1484	7	31	30	15211	153	200
1485	18	6	20	15222	6073	157
1486	21	17	40	15233	3590	174
1487	21	17	30	15244	2943	209
1488	4	23	20	15255	3990	187
1489	4	23	50	15266	3244	183
1490	7	31	30	15277	2437	209
1491	1	29	30	15288	974	171
1492	4	23	10	15299	1252	166
1493	7	31	40	15310	8457	163
1494	7	31	10	15321	4218	173
1495	21	17	10	15332	4160	176
1496	1	29	50	15343	8898	157
1497	1	29	30	15354	282	169
1498	4	23	20	15365	2364	168
1499	1	29	10	15376	7987	199
1500	21	17	10	15387	6512	168
1501	4	23	10	15398	1279	167
1502	7	31	50	15409	4027	159
1503	7	31	30	15420	783	168
1504	21	17	40	15431	4874	159
1505	21	17	30	15442	1688	157
1506	21	17	50	15453	2212	171
1507	1	29	10	15464	370	171
1508	7	31	30	15475	5468	201
1509	7	31	50	15486	2266	183
1510	18	6	10	15497	2154	160
1511	1	29	10	15508	553	174
1512	1	29	40	15519	1943	167
1513	18	6	40	15530	1007	159
1514	21	17	30	15541	115	202
1515	1	29	40	15552	292	161
1516	18	6	50	15563	3292	175
1517	7	31	20	15574	1879	171
1518	4	23	30	15600	2032	184
1519	4	23	20	15609	4641	188
1520	4	23	20	15618	1290	203
1521	4	23	20	15627	1697	173
1522	1	29	50	15636	3199	164
1523	1	29	30	15645	881	193
1524	1	29	20	15654	1269	202
1525	1	29	30	15663	7049	207
1526	4	23	50	15672	783	173
1527	4	23	10	15681	11282	170
1528	1	29	30	15690	2234	198
1529	4	23	30	15699	1993	188
1530	4	23	20	15708	6214	174
1531	4	23	30	15717	10166	163
1532	4	23	10	15726	7138	205
1533	4	23	30	15735	13647	203
1534	7	31	40	15744	4726	203
1535	1	29	10	15753	3880	184
1536	18	6	10	15762	682	180
1537	18	6	30	15771	7269	175
1538	1	29	20	15780	4502	159
1539	21	17	50	15789	4726	198
1540	18	6	30	15798	1760	196
1541	7	31	40	15807	2805	157
1542	1	29	50	15816	5979	163
1543	21	17	20	15825	885	159
1544	1	29	50	15834	599	177
1545	7	31	20	15843	1584	190
1546	21	17	50	15852	7123	158
1547	18	6	30	15861	189	161
1548	7	31	10	15870	7613	170
1549	7	31	30	15879	3479	167
1550	4	23	10	15888	358	156
1551	4	23	30	15897	2911	195
1552	7	31	10	15906	4433	194
1553	21	17	10	15915	5701	190
1554	7	31	40	15924	3551	206
1555	4	23	40	15933	2448	205
1556	18	6	20	15942	5138	158
1557	4	23	20	15951	2296	175
1558	7	31	10	15960	9453	175
1559	21	17	10	15969	8348	161
1560	18	6	40	15978	728	193
1561	18	6	50	16000	2649	155
1562	21	17	30	16010	4319	183
1563	1	29	10	16020	1739	168
1564	1	29	30	16030	4131	163
1565	21	17	40	16040	2734	207
1566	4	23	50	16050	1409	178
1567	4	23	10	16060	2163	173
1568	4	23	50	16070	3014	165
1569	7	31	30	16080	2092	172
1570	7	31	40	16090	9805	190
1571	1	29	20	16100	5140	155
1572	4	23	10	16110	4807	167
1573	4	23	30	16120	4883	196
1574	18	6	50	16130	1605	201
1575	7	31	30	16140	5907	200
1576	18	6	20	16150	3377	165
1577	18	6	40	16160	1734	159
1578	1	29	40	16170	242	171
1579	4	23	50	16180	11594	167
1580	1	29	40	16190	23081	203
1581	18	6	30	16200	564	166
1582	7	31	50	16210	375	209
1583	18	6	10	16220	7510	186
1584	21	17	20	16230	1466	186
1585	1	29	50	16240	1267	188
1586	7	31	20	16250	1157	178
1587	4	23	10	16260	301	170
1588	21	17	50	16270	1902	207
1589	18	6	50	16280	1073	208
1590	7	31	50	16290	9121	181
1591	7	31	40	16300	5091	160
1592	7	31	20	16310	10732	209
1593	18	6	10	16320	6428	207
1594	4	23	20	16330	2992	159
1595	21	17	30	16340	8212	196
1596	7	31	20	16350	7424	184
1597	1	29	50	16360	2200	204
1598	7	31	40	16370	3235	205
1599	18	6	10	16380	4130	180
1600	1	29	20	16400	122	166
1601	4	23	40	16410	2135	195
1602	21	17	30	16420	2910	206
1603	1	29	40	16430	2344	207
1604	1	29	40	16440	4400	186
1605	4	23	50	16450	1799	155
1606	21	17	20	16460	6806	183
1607	1	29	40	16470	13395	208
1608	7	31	20	16480	2241	198
1609	1	29	10	16490	6789	160
1610	18	6	30	16500	8743	195
1611	1	29	40	16510	1856	208
1612	4	23	30	16520	1899	159
1613	1	29	10	16530	12975	163
1614	7	31	20	16540	8450	168
1615	1	29	10	16550	142	182
1616	7	31	50	16560	2009	155
1617	7	31	20	16570	6713	206
1618	1	29	40	16580	187	191
1619	1	29	40	16590	1864	185
1620	1	29	20	16600	1118	183
1621	21	17	50	16610	1016	163
1622	7	31	20	16620	160	176
1623	1	29	10	16630	1392	167
1624	1	29	30	16640	2850	201
1625	21	17	50	16650	861	185
1626	4	23	50	16660	6275	156
1627	18	6	10	16670	9202	170
1628	21	17	10	16680	785	191
1629	18	6	20	16690	2456	160
1630	21	17	20	16700	10520	170
1631	1	29	20	16710	636	170
1632	4	23	50	16720	6383	164
1633	7	31	30	16730	2142	200
1634	18	6	30	16740	9848	155
1635	7	31	10	16750	3500	163
1636	18	6	10	16760	3814	170
1637	7	31	20	16770	4153	157
1638	18	6	30	16800	793	209
1639	4	23	30	16810	11576	186
1640	1	29	30	16820	2419	160
1641	4	23	30	16830	1349	180
1642	21	17	40	16840	4125	181
1643	21	17	40	16850	3298	201
1644	1	29	30	16860	1709	168
1645	7	31	20	16870	2989	182
1646	1	29	20	16880	1673	155
1647	4	23	20	16890	14114	200
1648	4	23	40	16900	10126	193
1649	4	23	10	16910	2707	187
1650	18	6	40	16920	2590	195
1651	1	29	50	16930	123	187
1652	21	17	20	16940	1894	168
1653	7	31	10	16950	804	175
1654	1	29	50	16960	2043	206
1655	1	29	30	16970	6553	157
1656	7	31	30	16980	1876	173
1657	7	31	30	16990	1009	193
1658	21	17	10	17000	10871	161
1659	1	29	50	17010	2564	156
1660	1	29	50	17020	3380	209
1661	7	31	20	17030	9995	168
1662	18	6	40	17040	6178	171
1663	18	6	10	17050	14041	193
1664	1	29	40	17060	8790	200
1665	1	29	10	17070	5396	180
1666	4	23	40	17080	3413	199
1667	21	17	50	17090	13226	168
1668	21	17	30	17100	189	162
1669	1	29	20	17110	1403	160
1670	7	31	10	17120	2181	166
1671	21	17	30	17130	5528	208
1672	18	6	50	17140	4014	207
1673	7	31	10	17150	426	159
1674	21	17	20	17160	10033	179
1675	4	23	40	17200	12627	158
1676	1	29	10	17210	3478	192
1677	21	17	30	17220	2597	185
1678	1	29	30	17230	11683	209
1679	4	23	20	17240	16334	174
1680	7	31	40	17250	7641	184
1681	21	17	40	17260	6883	165
1682	7	31	20	17270	15517	186
1683	4	23	50	17280	4639	158
1684	1	29	40	17290	16108	175
1685	7	31	20	17300	9113	192
1686	18	6	10	17310	5875	156
1687	7	31	40	17320	3819	199
1688	4	23	40	17330	59	204
1689	18	6	10	17340	461	208
1690	21	17	40	17350	936	199
1691	7	31	30	17360	1987	186
1692	7	31	20	17370	4978	205
1693	18	6	30	17380	4903	207
1694	18	6	40	17390	1874	187
1695	4	23	10	17400	3072	202
1696	18	6	50	17410	2771	163
1697	4	23	40	17420	4476	198
1698	7	31	10	17430	4467	156
1699	1	29	30	17440	3738	197
1700	1	29	30	17450	12178	193
1701	18	6	20	17460	1902	196
1702	7	31	40	17470	10330	193
1703	4	23	30	17480	3918	188
1704	7	31	10	17490	296	175
1705	4	23	10	17500	5204	196
1706	7	31	10	17510	2022	190
1707	1	29	20	17520	1292	163
1708	21	17	50	17530	1223	205
1709	7	31	10	17540	2338	202
1710	1	29	20	17550	1018	175
1711	7	31	50	17560	9085	198
1712	7	31	50	17570	1296	194
1713	4	23	50	17580	12050	196
1714	18	6	10	17600	3884	181
1715	1	29	10	17616	5535	198
1716	1	29	10	17632	11154	191
1717	7	31	40	17648	422	168
1718	18	6	20	17664	17671	173
1719	18	6	30	17680	19015	162
1720	21	17	10	17696	14116	178
1721	21	17	50	17712	12765	209
1722	18	6	20	17728	11880	174
1723	4	23	30	17744	11070	164
1724	1	29	40	17760	364	170
1725	1	29	30	17776	116	190
1726	1	29	20	17792	150	157
1727	1	29	20	17808	10467	209
1728	4	23	30	17824	5192	182
1729	4	23	10	17840	1928	187
1730	18	6	50	17856	2446	205
1731	4	23	20	17872	9523	203
1732	18	6	30	17888	6536	183
1733	1	29	10	17904	1654	166
1734	4	23	40	17920	125	191
1735	18	6	30	17936	2565	198
1736	18	6	10	17952	9079	182
1737	18	6	40	17968	1752	207
1738	21	17	40	18000	3817	192
1739	7	31	30	18012	1174	188
1740	1	29	20	18024	2777	157
1741	1	29	50	18036	2722	202
1742	21	17	50	18048	1733	204
1743	21	17	40	18060	3394	156
1744	18	6	40	18072	8625	187
1745	1	29	40	18084	1495	156
1746	21	17	40	18096	487	202
1747	18	6	30	18108	5727	163
1748	21	17	30	18120	355	180
1749	1	29	30	18132	3920	198
1750	18	6	10	18144	3641	165
1751	7	31	10	18156	2041	204
1752	18	6	20	18168	4626	180
1753	18	6	30	18180	4574	204
1754	1	29	30	18192	4049	174
1755	1	29	30	18204	20143	193
1756	1	29	50	18216	2247	177
1757	1	29	20	18228	17440	183
1758	18	6	50	18240	3083	172
1759	4	23	40	18252	174	195
1760	18	6	50	18264	4694	194
1761	7	31	40	18276	2539	190
1762	7	31	40	18288	3186	191
1763	18	6	50	18300	8514	172
1764	18	6	10	18312	16813	207
1765	4	23	10	18324	1526	181
1766	4	23	30	18336	385	169
1767	4	23	50	18348	11126	182
1768	1	29	10	18360	10106	160
1769	21	17	40	18372	640	193
1770	21	17	10	18384	7661	171
1771	21	17	20	18400	3505	194
1772	21	17	10	18408	2655	185
1773	7	31	50	18416	5289	195
1774	18	6	20	18424	2699	159
1775	7	31	10	18432	2592	185
1776	21	17	10	18440	3738	160
1777	18	6	30	18448	1890	172
1778	18	6	40	18456	217	186
1779	21	17	50	18464	5971	169
1780	1	29	50	18472	9809	197
1781	21	17	50	18480	1291	203
1782	1	29	50	18488	7376	183
1783	18	6	10	18496	431	193
1784	1	29	50	18504	6147	177
1785	4	23	40	18512	238	155
1786	1	29	10	18520	1004	178
1787	1	29	50	18528	527	189
1788	21	17	30	18536	4845	201
1789	18	6	10	18544	151	207
1790	18	6	30	18552	178	176
1791	1	29	40	18560	9607	208
1792	21	17	50	18568	6801	189
1793	18	6	10	18576	3396	206
1794	18	6	40	18584	3317	203
1795	18	6	30	18592	124	176
1796	18	6	10	18600	11572	166
1797	4	23	10	18608	2544	186
1798	4	23	30	18616	3536	159
1799	7	31	40	18624	3348	160
1800	7	31	10	18632	993	196
1801	4	23	40	18640	777	174
1802	1	29	20	18648	7356	158
1803	1	29	40	18656	11071	197
1804	18	6	20	18664	5914	181
1805	4	23	50	18672	55	181
1806	21	17	10	18680	9839	174
1807	7	31	30	18688	12140	195
1808	21	17	20	18696	845	199
1809	4	23	20	18704	695	199
1810	18	6	30	18712	1952	187
1811	21	17	30	18720	218	159
1812	21	17	30	18728	10889	207
1813	4	23	50	18736	5744	158
1814	4	23	40	18744	551	207
1815	4	23	10	18752	2143	200
1816	4	23	50	18760	3956	161
1817	4	23	40	18768	2368	207
1818	18	6	50	18776	403	205
1819	21	17	30	18784	10478	206
1820	18	6	10	18800	400	158
1821	4	23	30	18812	13819	189
1822	7	31	30	18824	1076	191
1823	21	17	50	18836	8575	163
1824	7	31	20	18848	440	172
1825	7	31	20	18860	11478	173
1826	1	29	20	18872	5815	159
1827	4	23	50	18884	9766	188
1828	4	23	20	18896	744	201
1829	21	17	40	18908	2465	192
1830	4	23	10	18920	3040	174
1831	18	6	50	18932	587	184
1832	7	31	10	18944	6237	167
1833	7	31	10	18956	2661	180
1834	18	6	40	18968	3241	182
1835	7	31	20	18980	5345	178
1836	7	31	30	18992	2282	200
1837	1	29	20	19004	9400	196
1838	1	29	40	19016	1603	167
1839	7	31	10	19028	5897	205
1840	7	31	30	19040	618	191
1841	4	23	30	19052	1259	193
1842	1	29	30	19064	10808	199
1843	4	23	20	19076	3127	157
1844	21	17	40	19088	4210	175
1845	4	23	10	19100	18634	171
1846	18	6	20	19112	14780	156
1847	4	23	50	19124	227	186
1848	21	17	20	19136	2342	209
1849	7	31	30	19148	644	158
1850	21	17	40	19160	2060	170
1851	21	17	30	19172	2754	168
1852	18	6	20	19184	1877	190
1853	7	31	10	19200	4312	163
1854	18	6	40	19211	2553	157
1855	18	6	30	19222	1159	161
1856	7	31	20	19233	11310	193
1857	18	6	20	19244	12704	205
1858	4	23	30	19255	7156	179
1859	4	23	50	19266	7058	163
1860	4	23	30	19277	1137	177
1861	18	6	20	19288	6	195
1862	18	6	20	19299	6094	203
1863	21	17	40	19310	5244	162
1864	1	29	20	19321	3948	179
1865	21	17	30	19332	1148	158
1866	1	29	30	19343	1222	201
1867	18	6	30	19354	2379	181
1868	18	6	20	19365	927	185
1869	7	31	30	19376	1988	184
1870	21	17	30	19387	15632	155
1871	18	6	30	19398	5141	175
1872	18	6	50	19409	496	195
1873	7	31	50	19420	1571	155
1874	1	29	50	19431	6127	170
1875	21	17	30	19442	6972	174
1876	18	6	10	19453	144	200
1877	1	29	10	19464	4728	188
1878	21	17	20	19475	1054	198
1879	1	29	10	19486	483	156
1880	4	23	10	19497	13784	171
1881	7	31	30	19508	4967	183
1882	7	31	30	19519	2537	189
1883	7	31	40	19530	84	198
1884	1	29	50	19541	236	177
1885	4	23	30	19552	141	161
1886	1	29	40	19563	5742	203
1887	21	17	50	19574	556	159
1888	18	6	30	19600	56	177
1889	1	29	10	19610	1447	176
1890	21	17	50	19620	6365	195
1891	18	6	20	19630	2589	205
1892	7	31	40	19640	297	172
1893	4	23	50	19650	2784	158
1894	1	29	40	19660	2965	183
1895	18	6	20	19670	611	205
1896	18	6	20	19680	2678	199
1897	18	6	50	19690	904	192
1898	4	23	10	19700	9867	187
1899	1	29	10	19710	2052	171
1900	18	6	30	19720	5195	179
1901	1	29	50	19730	2992	185
1902	1	29	40	19740	7544	155
1903	1	29	50	19750	211	179
1904	7	31	10	19760	740	157
1905	7	31	10	19770	4546	204
1906	4	23	40	19780	1918	182
1907	4	23	30	19790	203	190
1908	4	23	10	19800	8347	202
1909	4	23	10	19810	4162	193
1910	21	17	30	19820	973	171
1911	4	23	10	19830	1137	159
1912	4	23	50	19840	5185	162
1913	18	6	20	19850	5079	178
1914	1	29	40	19860	7882	202
1915	21	17	10	19870	3074	204
1916	7	31	40	19880	3036	161
1917	4	23	30	19890	5727	160
1918	21	17	40	19900	4470	194
1919	4	23	40	19910	3592	173
1920	7	31	50	19920	2674	164
1921	1	29	30	19930	572	197
1922	21	17	50	19940	2278	158
1923	1	29	10	19950	9340	164
1924	7	31	40	19960	3618	198
1925	4	23	20	19970	2799	159
1926	4	23	50	19980	4218	157
1927	21	17	50	19990	3820	192
1928	4	23	10	20000	6465	181
1929	21	17	30	20010	4110	175
1930	4	23	20	20020	1643	185
1931	1	29	10	20030	7159	162
1932	7	31	10	20040	6024	155
1933	21	17	20	20050	7097	181
1934	7	31	40	20060	1955	186
1935	4	23	20	20070	2328	196
1936	4	23	40	20080	7945	182
1937	4	23	40	20090	2165	164
1938	21	17	40	20100	7642	195
1939	18	6	50	20110	1901	182
1940	21	17	50	20120	4241	188
1941	4	23	20	20130	4984	168
1942	18	6	50	20140	1172	167
1943	21	17	20	20150	1831	194
1944	1	29	30	20160	366	159
1945	4	23	50	20170	3184	190
1946	21	17	20	20180	5547	198
1947	4	23	20	20190	1739	204
1948	4	23	10	20200	4095	166
1949	18	6	30	20210	17431	189
1950	7	31	30	20220	3764	198
1951	21	17	40	20230	5191	194
1952	4	23	20	20240	3015	207
1953	21	17	20	20250	1557	169
1954	18	6	10	20260	9801	162
1955	1	29	10	20270	3603	192
1956	1	29	50	20280	388	181
1957	1	29	30	20290	11610	200
1958	4	23	20	20300	2437	190
1959	18	6	50	20310	4382	208
1960	18	6	20	20320	111	202
1961	7	31	40	20330	5804	200
1962	1	29	20	20340	1141	163
1963	7	31	40	20350	1065	182
1964	21	17	50	20360	1482	162
1965	21	17	30	20370	1932	164
1966	21	17	10	20380	2533	158
1967	7	31	40	20400	9056	190
1968	4	23	40	20412	1616	201
1969	7	31	30	20424	2173	160
1970	4	23	20	20436	4478	176
1971	1	29	10	20448	483	206
1972	4	23	50	20460	9593	175
1973	4	23	40	20472	1395	167
1974	4	23	40	20484	11185	195
1975	1	29	40	20496	5971	205
1976	21	17	40	20508	8458	184
1977	21	17	40	20520	277	173
1978	1	29	40	20532	6763	160
1979	18	6	40	20544	190	163
1980	7	31	50	20556	5595	171
1981	21	17	30	20568	1421	163
1982	18	6	40	20580	14667	180
1983	18	6	40	20592	6732	202
1984	1	29	10	20604	131	186
1985	7	31	30	20616	3767	200
1986	4	23	40	20628	1447	164
1987	7	31	40	20640	2433	196
1988	4	23	10	20652	9939	173
1989	7	31	30	20664	6296	204
1990	18	6	20	20676	1715	169
1991	4	23	20	20688	9988	191
1992	1	29	20	20700	13061	183
1993	7	31	50	20712	824	197
1994	1	29	30	20724	1728	190
1995	18	6	20	20736	8757	197
1996	4	23	10	20748	2495	160
1997	4	23	10	20760	81	195
1998	1	29	20	20772	237	187
1999	18	6	50	20784	4875	205
