0	4	23	30	0	10274	42
1	1	29	10	10	21510	46
2	18	6	40	20	2691	48
3	21	17	10	30	1050	50
4	7	31	10	40	12901	43
5	21	17	40	50	7325	41
6	1	29	40	60	2528	43
7	1	29	30	70	292	46
8	1	29	20	80	2764	40
9	18	6	10	90	4196	43
10	4	23	40	100	1076	48
11	1	29	30	110	1988	46
12	1	29	30	120	6276	50
13	18	6	20	130	742	42
14	7	31	40	140	5881	46
15	4	23	30	150	2858	50
16	21	17	40	160	3704	41
17	4	23	10	170	1721	41
18	4	23	30	180	194	41
19	7	31	10	190	4150	47
20	4	23	20	200	355	45
21	7	31	40	210	2976	50
22	1	29	20	220	5810	50
23	18	6	40	230	337	42
24	18	6	10	240	13252	46
25	4	23	10	250	506	49
26	21	17	10	260	2087	44
27	18	6	40	270	2323	47
28	1	29	20	280	10356	49
29	1	29	10	290	1287	46
30	4	23	20	300	2749	45
31	4	23	30	310	3382	41
32	21	17	10	320	1724	40
33	4	23	10	330	9446	49
34	18	6	30	340	8676	48
35	18	6	20	350	5829	50
36	4	23	20	360	807	50
37	1	29	40	370	2106	50
38	18	6	30	380	1764	48
39	7	31	30	400	1450	44
40	7	31	10	408	13	50
41	21	17	30	416	2706	43
42	21	17	20	424	5524	50
43	7	31	20	432	13095	50
44	18	6	40	440	4215	45
45	1	29	30	448	1566	41
46	18	6	30	456	1251	49
47	4	23	20	464	3177	42
48	18	6	20	472	14351	43
49	1	29	30	480	1366	44
50	7	31	30	488	19701	48
51	18	6	30	496	3516	43
52	21	17	40	504	5006	46
53	4	23	20	512	926	47
54	4	23	40	520	1870	40
55	21	17	40	528	2033	43
56	21	17	40	536	1042	47
57	21	17	40	544	2103	46
58	7	31	10	552	1244	43
59	1	29	10	560	7365	44
60	21	17	40	568	2271	48
61	7	31	40	576	113	46
62	21	17	10	584	629	47
63	1	29	20	592	1013	45
64	7	31	30	600	662	49
65	1	29	20	608	4377	46
66	18	6	30	616	169	45
67	7	31	30	624	8687	40
68	1	29	40	632	1334	45
69	4	23	20	640	11	46
70	21	17	20	648	1588	40
71	7	31	10	656	865	41
72	1	29	30	664	19896	44
73	21	17	40	672	5438	48
74	1	29	10	680	4112	47
75	7	31	30	688	3599	41
76	21	17	20	696	5986	40
77	18	6	40	704	6516	50
78	1	29	10	712	2244	47
79	1	29	20	720	4082	44
80	1	29	30	728	7594	40
81	4	23	30	736	7821	41
82	1	29	20	744	2525	44
83	21	17	40	752	4037	45
84	18	6	20	800	1327	48
85	1	29	40	810	9733	41
86	4	23	40	820	7772	45
87	18	6	30	830	619	44
88	1	29	10	840	3038	48
89	4	23	40	850	2671	44
90	18	6	30	860	3087	43
91	4	23	20	870	5948	43
92	4	23	40	880	612	46
93	1	29	30	890	2897	43
94	7	31	40	900	8188	47
95	21	17	10	910	14822	43
96	21	17	30	920	1699	47
97	21	17	10	930	2975	44
98	21	17	30	940	6632	41
99	18	6	30	950	17109	50
100	21	17	10	960	1328	47
101	7	31	40	970	1928	48
102	4	23	30	980	1228	48
103	21	17	10	990	13940	47
104	18	6	20	1000	13032	44
105	1	29	30	1010	6402	46
106	1	29	40	1020	3584	50
107	1	29	40	1030	14121	49
108	4	23	20	1040	3324	50
109	7	31	10	1050	6059	50
110	1	29	20	1060	3896	43
111	4	23	40	1070	2216	47
112	21	17	40	1080	15540	50
113	4	23	30	1090	3952	49
114	1	29	20	1100	18928	44
115	4	23	10	1110	3420	46
116	7	31	20	1120	3281	42
117	21	17	20	1130	2853	42
118	7	31	40	1140	11357	47
119	7	31	40	1150	1099	48
120	4	23	20	1160	6611	41
121	1	29	40	1170	9131	40
122	7	31	20	1200	1747	43
123	4	23	40	1207	6368	40
124	1	29	30	1214	2503	43
125	4	23	40	1221	3227	47
126	18	6	10	1228	215	46
127	21	17	40	1235	2598	40
128	1	29	10	1242	8233	40
129	1	29	40	1249	4397	43
130	7	31	10	1256	1136	45
131	21	17	10	1263	1157	46
132	18	6	10	1270	20724	49
133	21	17	20	1277	2343	48
134	1	29	20	1284	1767	48
135	18	6	40	1291	2521	42
136	21	17	10	1298	3606	44
137	18	6	20	1305	2763	47
138	7	31	30	1312	4484	40
139	18	6	40	1319	2648	42
140	21	17	40	1326	1545	42
141	18	6	40	1333	8687	47
142	7	31	20	1340	3460	44
143	18	6	10	1347	5576	49
144	4	23	20	1354	8001	40
145	21	17	30	1361	476	46
146	7	31	30	1368	6329	44
147	21	17	20	1375	2888	47
148	1	29	10	1382	2970	50
149	1	29	30	1389	1404	40
150	18	6	30	1396	2148	41
151	1	29	10	1403	7235	44
152	18	6	10	1410	3500	47
153	18	6	40	1417	3368	43
154	7	31	10	1424	782	49
155	21	17	10	1431	1941	46
156	1	29	20	1438	116	44
157	21	17	30	1445	2523	47
158	7	31	20	1452	2806	44
159	7	31	20	1459	2095	48
160	7	31	20	1466	5477	40
161	18	6	10	1473	484	50
162	21	17	40	1480	414	48
163	4	23	20	1487	9112	47
164	1	29	10	1494	3045	44
165	1	29	20	1501	1855	48
166	1	29	40	1508	2255	49
167	21	17	30	1515	3072	42
168	4	23	10	1522	1262	41
169	7	31	30	1529	2965	42
170	7	31	10	1536	15785	42
171	18	6	10	1543	251	45
172	1	29	40	1550	7229	41
173	18	6	40	1557	2445	45
174	7	31	40	1600	10096	46
175	1	29	20	1609	10229	45
176	18	6	30	1618	1536	47
177	4	23	20	1627	3684	45
178	1	29	30	1636	10742	50
179	1	29	40	1645	1740	47
180	21	17	20	1654	5696	42
181	4	23	40	1663	3090	49
182	21	17	40	1672	12284	41
183	1	29	30	1681	3433	50
184	7	31	10	1690	1157	42
185	7	31	40	1699	2117	41
186	7	31	40	1708	4411	49
187	1	29	10	1717	2214	45
188	18	6	10	1726	1235	49
189	18	6	10	1735	14388	41
190	18	6	20	1744	2311	48
191	21	17	20	1753	539	47
192	4	23	10	1762	20936	43
193	21	17	10	1771	1238	43
194	7	31	30	1780	5364	41
195	7	31	40	1789	924	42
196	4	23	10	1798	6198	49
197	1	29	40	1807	4576	48
198	18	6	10	1816	988	44
199	18	6	10	1825	2721	43
200	7	31	40	1834	4574	48
201	7	31	40	1843	1195	42
202	4	23	10	1852	1117	46
203	18	6	20	1861	2	47
204	4	23	20	1870	1516	49
205	21	17	30	1879	1752	46
206	21	17	20	1888	1	42
207	21	17	20	1897	538	42
208	7	31	10	1906	4191	48
209	4	23	30	1915	1178	43
210	7	31	30	1924	270	50
211	4	23	40	1933	2225	50
212	21	17	10	1942	3072	47
213	7	31	20	1951	656	48
214	21	17	10	1960	4181	45
215	18	6	20	1969	930	41
216	18	6	10	1978	699	49
217	21	17	20	2000	2954	49
218	7	31	20	2007	4156	45
219	4	23	10	2014	519	43
220	18	6	20	2021	4855	49
221	1	29	30	2028	23	43
222	7	31	20	2035	1261	43
223	1	29	40	2042	1415	50
224	18	6	20	2049	353	44
225	7	31	30	2056	7710	45
226	21	17	10	2063	274	42
227	1	29	30	2070	3372	49
228	4	23	20	2077	5075	43
229	21	17	40	2084	4999	43
230	7	31	20	2091	579	47
231	1	29	40	2098	4059	50
232	18	6	20	2105	1930	40
233	7	31	20	2112	2306	47
234	4	23	10	2119	4452	49
235	1	29	20	2126	2779	40
236	21	17	40	2133	1394	43
237	7	31	20	2140	12236	44
238	7	31	10	2147	1208	41
239	7	31	30	2154	9075	46
240	7	31	30	2161	2116	49
241	7	31	30	2168	3125	47
242	18	6	10	2175	5982	47
243	7	31	20	2182	42	45
244	7	31	30	2189	9505	42
245	7	31	20	2196	48	49
246	1	29	20	2203	3567	50
247	21	17	30	2210	7413	46
248	1	29	10	2217	3847	49
249	18	6	10	2224	3027	40
250	4	23	30	2231	188	44
251	7	31	40	2238	1234	50
252	18	6	20	2245	143	42
253	21	17	40	2252	408	41
254	1	29	40	2259	6254	44
255	7	31	20	2266	4501	45
256	21	17	30	2273	17691	49
257	18	6	10	2280	11655	46
258	21	17	10	2287	9902	42
259	7	31	30	2294	2471	43
260	1	29	30	2301	1361	44
261	7	31	40	2308	2253	44
262	18	6	40	2315	2090	49
263	7	31	10	2322	10985	45
264	21	17	20	2329	512	47
265	4	23	40	2336	2234	50
266	18	6	30	2343	179	49
267	1	29	30	2350	412	40
268	18	6	20	2357	2614	49
269	7	31	30	2364	638	44
270	18	6	30	2371	9774	48
271	7	31	40	2378	929	44
272	18	6	20	2385	1212	47
273	1	29	30	2400	5540	49
274	7	31	20	2410	4965	45
275	7	31	30	2420	701	42
276	7	31	20	2430	1045	46
277	1	29	10	2440	1203	48
278	4	23	20	2450	1983	48
279	4	23	40	2460	301	46
280	7	31	20	2470	1228	46
281	1	29	20	2480	1009	47
282	1	29	20	2490	12126	40
283	18	6	10	2500	832	42
284	4	23	20	2510	4403	49
285	1	29	30	2520	8139	47
286	7	31	20	2530	3688	47
287	4	23	20	2540	1346	50
288	7	31	30	2550	4171	42
289	21	17	30	2560	22129	43
290	18	6	40	2570	2876	42
291	7	31	30	2580	1714	48
292	7	31	20	2590	151	41
293	1	29	20	2600	6432	48
294	7	31	10	2610	3747	42
295	21	17	40	2620	15683	44
296	18	6	40	2630	581	48
297	4	23	10	2640	7331	42
298	7	31	10	2650	8840	49
299	1	29	40	2660	2609	42
300	4	23	40	2670	13805	50
301	21	17	30	2680	2710	50
302	7	31	20	2690	1806	47
303	18	6	20	2700	2541	44
304	1	29	30	2710	3846	43
305	7	31	40	2720	7297	50
306	4	23	20	2730	16	43
307	18	6	40	2740	1344	44
308	1	29	30	2750	1951	47
309	18	6	10	2760	3975	42
310	21	17	10	2770	2358	49
311	7	31	30	2800	5210	41
312	7	31	40	2809	3237	48
313	18	6	20	2818	7416	47
314	21	17	20	2827	875	48
315	1	29	10	2836	270	48
316	7	31	20	2845	2607	44
317	1	29	30	2854	988	46
318	18	6	40	2863	1250	46
319	21	17	30	2872	1156	40
320	7	31	20	2881	6987	43
321	21	17	10	2890	5676	50
322	4	23	10	2899	2393	49
323	18	6	30	2908	2645	46
324	4	23	40	2917	4028	42
325	7	31	40	2926	3324	50
326	21	17	30	2935	746	43
327	18	6	40	2944	2477	50
328	4	23	30	2953	610	47
329	7	31	30	2962	5250	40
330	18	6	30	2971	103	44
331	1	29	10	2980	1976	43
332	18	6	40	2989	1844	50
333	18	6	20	2998	9711	46
334	1	29	40	3007	440	47
335	21	17	40	3016	5918	46
336	4	23	10	3025	7852	50
337	7	31	10	3034	2627	46
338	1	29	30	3043	3377	50
339	7	31	20	3052	7059	50
340	7	31	10	3061	8019	44
341	4	23	30	3070	1523	43
342	18	6	40	3079	9196	43
343	18	6	20	3088	71	40
344	21	17	30	3097	3199	44
345	4	23	20	3106	6142	40
346	21	17	40	3115	6316	40
347	18	6	40	3124	861	45
348	1	29	10	3133	3697	40
349	7	31	40	3142	3129	44
350	18	6	20	3151	2782	40
351	1	29	10	3160	9914	41
352	18	6	20	3169	3391	47
353	21	17	20	3178	4079	48
354	4	23	20	3187	4239	50
355	4	23	40	3200	943	50
356	18	6	20	3211	171	41
357	18	6	30	3222	8466	41
358	21	17	20	3233	7219	42
359	18	6	30	3244	219	44
360	7	31	20	3255	4416	46
361	1	29	30	3266	3125	43
362	21	17	10	3277	621	47
363	4	23	40	3288	4259	46
364	21	17	20	3299	3708	48
365	7	31	40	3310	228	46
366	4	23	30	3321	1777	41
367	4	23	20	3332	4120	42
368	1	29	20	3343	5375	50
369	1	29	20	3354	2208	41
370	4	23	40	3365	922	48
371	21	17	20	3376	23770	49
372	21	17	40	3387	4186	47
373	4	23	20	3398	2316	46
374	1	29	30	3409	1948	47
375	18	6	40	3420	2844	40
376	7	31	20	3431	7820	47
377	1	29	30	3442	2266	48
378	4	23	10	3453	10828	41
379	21	17	30	3464	7590	41
380	21	17	40	3475	5889	50
381	7	31	30	3486	14981	49
382	1	29	40	3497	7821	50
383	7	31	40	3508	3654	43
384	18	6	10	3519	1043	40
385	18	6	30	3530	463	42
386	21	17	40	3541	6820	47
387	18	6	30	3552	5239	42
388	21	17	10	3563	1195	47
389	7	31	10	3574	8977	47
390	4	23	20	3600	5243	45
391	18	6	30	3608	15651	49
392	21	17	30	3616	4153	43
393	7	31	10	3624	2910	46
394	1	29	40	3632	698	43
395	4	23	30	3640	1560	40
396	4	23	20	3648	758	46
397	21	17	40	3656	1120	47
398	18	6	40	3664	2133	42
399	18	6	30	3672	2732	49
400	1	29	40	3680	2220	50
401	4	23	30	3688	653	48
402	18	6	30	3696	2424	45
403	1	29	30	3704	789	49
404	1	29	40	3712	1642	47
405	4	23	10	3720	2804	42
406	1	29	10	3728	1244	45
407	7	31	40	3736	566	40
408	7	31	40	3744	1170	40
409	18	6	30	3752	624	49
410	21	17	30	3760	1733	43
411	1	29	30	3768	3758	43
412	7	31	20	3776	11695	50
413	21	17	40	3784	16922	41
414	4	23	30	3792	1328	44
415	1	29	40	3800	4712	48
416	1	29	30	3808	4605	44
417	1	29	20	3816	3149	44
418	1	29	40	3824	2218	46
419	7	31	40	3832	2731	45
420	7	31	10	3840	1083	49
421	1	29	40	3848	3961	50
422	4	23	20	3856	1943	46
423	4	23	10	3864	7461	43
424	4	23	10	3872	4733	47
425	18	6	20	3880	1024	49
426	21	17	30	3888	1731	45
427	1	29	40	3896	566	41
428	4	23	30	3904	1310	43
429	7	31	40	3912	258	47
430	7	31	20	3920	1638	44
431	21	17	20	3928	3808	50
432	21	17	40	3936	77	45
433	1	29	20	3944	2306	42
434	21	17	40	3952	2207	42
435	18	6	20	4000	3868	41
436	18	6	40	4009	2950	43
437	1	29	20	4018	4551	40
438	7	31	40	4027	1216	46
439	21	17	10	4036	5173	49
440	1	29	20	4045	7384	48
441	1	29	40	4054	4635	46
442	7	31	40	4063	2589	41
443	7	31	20	4072	482	48
444	7	31	30	4081	3126	43
445	18	6	30	4090	516	42
446	4	23	10	4099	137	50
447	1	29	40	4108	4321	42
448	18	6	20	4117	1067	41
449	21	17	10	4126	2525	45
450	18	6	40	4135	4078	46
451	18	6	10	4144	3953	42
452	7	31	10	4153	6831	40
453	4	23	10	4162	10033	48
454	4	23	30	4171	1191	50
455	21	17	40	4180	6385	50
456	21	17	20	4189	5809	41
457	7	31	20	4198	3760	42
458	4	23	30	4207	2656	41
459	7	31	30	4216	469	48
460	4	23	20	4225	661	47
461	21	17	20	4234	581	44
462	18	6	20	4243	7661	48
463	21	17	40	4252	847	43
464	4	23	10	4261	6611	45
465	1	29	10	4270	5352	43
466	18	6	40	4279	3567	48
467	7	31	10	4288	2837	48
468	1	29	40	4297	3296	49
469	1	29	20	4306	4348	42
470	7	31	40	4315	747	44
471	1	29	10	4324	17	44
472	4	23	20	4333	1329	48
473	1	29	40	4342	4815	48
474	7	31	30	4351	4230	47
475	7	31	10	4360	3204	43
476	4	23	10	4369	659	49
477	21	17	40	4400	1264	49
478	7	31	30	4409	1443	50
479	18	6	20	4418	3400	45
480	21	17	20	4427	853	50
481	21	17	40	4436	4695	43
482	21	17	30	4445	9119	50
483	4	23	20	4454	6668	48
484	18	6	10	4463	2202	41
485	18	6	20	4472	4927	41
486	1	29	20	4481	6345	50
487	18	6	30	4490	423	48
488	7	31	40	4499	796	42
489	21	17	10	4508	3941	43
490	4	23	40	4517	7693	40
491	7	31	30	4526	9737	41
492	4	23	40	4535	863	49
493	21	17	20	4544	656	49
494	4	23	30	4553	3405	41
495	1	29	10	4562	4907	44
496	7	31	30	4571	7170	49
497	7	31	10	4580	1344	48
498	1	29	20	4589	1456	42
499	7	31	30	4598	6531	40
500	21	17	30	4607	3029	44
501	21	17	10	4616	2984	41
502	21	17	40	4625	417	43
503	1	29	10	4634	3389	49
504	1	29	10	4643	1413	41
505	18	6	30	4652	4031	41
506	21	17	30	4661	1692	44
507	7	31	10	4670	505	43
508	21	17	20	4679	1236	40
509	21	17	30	4688	4904	47
510	4	23	30	4697	4146	41
511	1	29	30	4706	2732	43
512	21	17	40	4715	1464	42
513	18	6	10	4724	9749	47
514	7	31	20	4733	10038	48
515	4	23	30	4742	2477	44
516	21	17	30	4751	1085	45
517	21	17	40	4760	169	50
518	7	31	40	4800	5837	42
519	1	29	40	4809	422	43
520	1	29	30	4818	11413	44
521	1	29	20	4827	2689	40
522	21	17	20	4836	1586	45
523	1	29	40	4845	10908	46
524	7	31	20	4854	6620	42
525	1	29	20	4863	1193	42
526	4	23	20	4872	6643	45
527	4	23	10	4881	563	49
528	7	31	20	4890	542	47
529	4	23	30	4899	11665	43
530	21	17	30	4908	5058	44
531	7	31	10	4917	8054	40
532	7	31	30	4926	13508	47
533	21	17	10	4935	2758	50
534	18	6	30	4944	169	40
535	1	29	10	4953	4391	48
536	21	17	10	4962	3582	40
537	21	17	30	4971	1579	40
538	18	6	20	4980	2881	46
539	1	29	20	4989	6211	50
540	4	23	30	4998	1805	47
541	18	6	10	5007	4515	46
542	18	6	10	5016	7198	47
543	7	31	10	5025	2570	45
544	18	6	20	5034	15932	41
545	18	6	20	5043	1778	48
546	7	31	30	5052	3723	49
547	18	6	30	5061	1323	42
548	1	29	10	5070	1059	40
549	21	17	40	5079	472	48
550	1	29	20	5088	2533	50
551	21	17	30	5097	6280	49
552	1	29	10	5106	2918	46
553	21	17	20	5115	917	49
554	7	31	40	5124	7929	46
555	21	17	20	5133	169	44
556	21	17	40	5142	884	47
557	21	17	40	5151	719	47
558	18	6	30	5160	5751	47
559	1	29	40	5200	162	49
560	21	17	20	5208	6971	47
561	18	6	20	5216	960	46
562	1	29	40	5224	19245	47
563	18	6	40	5232	1542	47
564	1	29	10	5240	18005	43
565	7	31	30	5248	6036	41
566	18	6	10	5256	3012	47
567	1	29	30	5264	6606	43
568	21	17	30	5272	8193	46
569	7	31	10	5280	1163	50
570	7	31	30	5288	8161	44
571	1	29	10	5296	9694	44
572	4	23	30	5304	3003	44
573	7	31	30	5312	15508	42
574	7	31	10	5320	5342	47
575	7	31	30	5328	1235	48
576	7	31	10	5336	4256	43
577	18	6	10	5344	7679	50
578	7	31	30	5352	12249	45
579	18	6	10	5360	2391	45
580	18	6	30	5368	4224	43
581	1	29	40	5376	3006	43
582	4	23	10	5384	9163	48
583	7	31	20	5392	62	49
584	18	6	10	5400	2590	44
585	21	17	40	5408	10397	45
586	7	31	40	5416	1714	44
587	7	31	10	5424	5723	48
588	18	6	20	5432	4042	43
589	4	23	10	5440	0	47
590	18	6	20	5448	2524	41
591	1	29	10	5456	2227	43
592	7	31	40	5464	3317	43
593	1	29	20	5472	2567	48
594	1	29	40	5480	13229	43
595	1	29	20	5488	648	41
596	18	6	10	5496	4617	50
597	21	17	20	5504	2890	40
598	7	31	10	5512	2655	42
599	4	23	30	5520	905	40
600	1	29	20	5528	7084	40
601	7	31	40	5536	6388	46
602	18	6	10	5544	2114	46
603	4	23	40	5552	15716	41
604	18	6	20	5560	1105	43
605	1	29	20	5568	3263	45
606	18	6	10	5576	1225	45
607	4	23	30	5584	3093	43
608	18	6	20	5600	2523	42
609	1	29	10	5610	3630	49
610	1	29	20	5620	1954	41
611	7	31	40	5630	1692	48
612	1	29	20	5640	949	42
613	21	17	30	5650	1499	41
614	7	31	20	5660	1961	45
615	7	31	30	5670	1407	44
616	21	17	20	5680	1511	48
617	4	23	30	5690	14994	48
618	1	29	30	5700	7414	43
619	1	29	20	5710	261	48
620	1	29	40	5720	2250	47
621	7	31	40	5730	5846	49
622	7	31	20	5740	756	50
623	4	23	20	5750	8191	50
624	18	6	40	5760	6134	49
625	4	23	20	5770	2340	40
626	4	23	10	5780	1709	40
627	18	6	10	5790	223	46
628	4	23	30	5800	64	50
629	4	23	30	5810	3540	45
630	4	23	20	5820	3479	48
631	7	31	30	5830	604	42
632	4	23	40	5840	1837	47
633	1	29	40	5850	5556	44
634	18	6	30	5860	3871	44
635	7	31	30	5870	7715	48
636	21	17	30	5880	501	47
637	21	17	20	5890	10028	47
638	18	6	40	5900	5948	45
639	18	6	40	5910	10049	50
640	4	23	30	5920	4336	40
641	18	6	10	5930	6642	41
642	4	23	30	5940	1387	45
643	18	6	10	5950	161	45
644	18	6	40	5960	3802	45
645	7	31	20	5970	525	43
646	21	17	30	5980	971	41
647	7	31	20	5990	1156	41
648	18	6	10	6000	360	42
649	4	23	20	6008	4395	49
650	18	6	10	6016	7206	44
651	21	17	30	6024	4927	42
652	21	17	30	6032	4449	48
653	4	23	40	6040	2192	45
654	4	23	40	6048	5917	44
655	18	6	20	6056	254	42
656	21	17	30	6064	3925	46
657	7	31	30	6072	3102	46
658	1	29	40	6080	873	42
659	7	31	40	6088	6407	43
660	7	31	10	6096	943	44
661	21	17	40	6104	940	49
662	21	17	10	6112	2958	43
663	7	31	30	6120	8500	48
664	4	23	40	6128	62	40
665	18	6	30	6136	1130	49
666	1	29	10	6144	15039	40
667	1	29	20	6152	2469	48
668	4	23	40	6160	4716	48
669	1	29	30	6168	3044	48
670	7	31	40	6176	788	47
671	21	17	40	6184	2018	40
672	1	29	30	6192	904	42
673	21	17	40	6200	10329	44
674	7	31	30	6208	2052	47
675	7	31	30	6216	3873	45
676	1	29	20	6224	2578	43
677	4	23	20	6232	569	45
678	1	29	30	6240	1190	44
679	7	31	20	6248	4328	45
680	7	31	30	6256	1031	50
681	7	31	30	6264	406	49
682	1	29	10	6272	13802	43
683	1	29	10	6280	1717	41
684	18	6	30	6288	5582	40
685	7	31	30	6296	8246	46
686	21	17	10	6304	2532	45
687	1	29	40	6312	11700	42
688	4	23	10	6320	15363	50
689	21	17	20	6328	3269	42
690	7	31	10	6336	1042	41
691	1	29	10	6344	3452	41
692	7	31	20	6352	5126	45
693	4	23	10	6360	14838	42
694	7	31	30	6368	4936	45
695	4	23	40	6376	2407	41
696	18	6	10	6400	1354	48
697	21	17	10	6410	2127	48
698	7	31	20	6420	97	45
699	21	17	10	6430	1830	47
700	7	31	20	6440	633	43
701	7	31	20	6450	5625	43
702	1	29	20	6460	3271	44
703	18	6	20	6470	3223	45
704	7	31	30	6480	2677	41
705	18	6	10	6490	2310	44
706	7	31	10	6500	2819	40
707	1	29	30	6510	5494	43
708	21	17	20	6520	82	48
709	21	17	10	6530	659	49
710	18	6	10	6540	3533	49
711	4	23	20	6550	2712	41
712	4	23	10	6560	1325	41
713	4	23	30	6570	3062	47
714	1	29	10	6580	3386	44
715	21	17	20	6590	481	46
716	21	17	40	6600	1104	46
717	21	17	40	6610	762	42
718	18	6	40	6620	548	47
719	21	17	10	6630	615	45
720	4	23	30	6640	6003	43
721	21	17	10	6650	123	49
722	4	23	20	6660	2632	49
723	4	23	30	6670	575	46
724	4	23	30	6680	1446	46
725	7	31	30	6690	3672	46
726	18	6	30	6700	4481	46
727	4	23	30	6710	1029	50
728	1	29	10	6720	971	49
729	1	29	40	6730	11918	46
730	18	6	30	6740	1619	48
731	1	29	20	6750	258	45
732	21	17	40	6760	460	40
733	1	29	20	6770	8837	48
734	1	29	10	6800	2892	42
735	21	17	20	6807	2557	46
736	7	31	20	6814	3088	45
737	7	31	30	6821	2144	49
738	18	6	30	6828	7898	50
739	1	29	30	6835	1504	47
740	21	17	30	6842	1828	45
741	7	31	20	6849	5125	41
742	18	6	30	6856	10408	45
743	7	31	40	6863	7008	41
744	7	31	20	6870	14277	43
745	18	6	30	6877	5343	40
746	4	23	40	6884	1403	50
747	18	6	30	6891	829	48
748	4	23	40	6898	2072	49
749	7	31	10	6905	3619	49
750	7	31	10	6912	948	46
751	4	23	10	6919	482	45
752	4	23	10	6926	1337	41
753	7	31	10	6933	8524	50
754	4	23	30	6940	3568	43
755	7	31	20	6947	493	45
756	18	6	40	6954	1274	45
757	7	31	40	6961	2211	49
758	21	17	40	6968	1149	50
759	21	17	40	6975	8728	46
760	1	29	20	6982	5791	49
761	1	29	20	6989	1307	40
762	21	17	20	6996	3031	45
763	21	17	30	7003	295	42
764	4	23	30	7010	6835	41
765	1	29	30	7017	2968	43
766	4	23	20	7024	1935	41
767	18	6	30	7031	1989	44
768	18	6	30	7038	81	45
769	1	29	40	7045	416	48
770	18	6	10	7052	3427	41
771	1	29	10	7059	6999	48
772	4	23	10	7066	1498	43
773	18	6	20	7073	6742	50
774	21	17	30	7080	5980	50
775	7	31	10	7087	225	41
776	7	31	30	7094	441	44
777	21	17	30	7101	4262	48
778	21	17	20	7108	707	42
779	1	29	40	7115	3341	46
780	1	29	40	7122	1453	47
781	21	17	40	7129	2665	48
782	21	17	40	7136	6917	41
783	4	23	10	7143	3871	50
784	4	23	40	7150	5360	50
785	21	17	30	7157	990	43
786	4	23	10	7164	6028	44
787	1	29	40	7171	1032	40
788	7	31	40	7200	1426	44
789	18	6	30	7210	2034	48
790	7	31	30	7220	889	41
791	21	17	30	7230	480	46
792	21	17	40	7240	722	49
793	4	23	40	7250	14597	44
794	21	17	20	7260	3181	49
795	7	31	10	7270	368	44
796	21	17	40	7280	847	47
797	4	23	40	7290	7713	42
798	1	29	20	7300	30	40
799	4	23	30	7310	2376	50
800	7	31	20	7320	1744	49
801	1	29	20	7330	9378	46
802	1	29	10	7340	731	43
803	4	23	40	7350	1458	40
804	4	23	10	7360	80	48
805	4	23	40	7370	1943	49
806	21	17	40	7380	6464	42
807	18	6	40	7390	2536	41
808	21	17	30	7400	446	50
809	7	31	30	7410	3066	42
810	1	29	30	7420	46	41
811	4	23	20	7430	3842	48
812	7	31	30	7440	1217	46
813	7	31	40	7450	4601	44
814	21	17	10	7460	3493	50
815	1	29	20	7470	1305	40
816	18	6	30	7480	2436	50
817	4	23	20	7490	9683	45
818	18	6	40	7500	1620	42
819	7	31	40	7510	3661	48
820	4	23	20	7520	5473	50
821	4	23	30	7530	678	40
822	7	31	40	7540	385	50
823	21	17	40	7550	3887	47
824	18	6	10	7560	9185	47
825	18	6	30	7570	2481	45
826	18	6	10	7580	4327	49
827	1	29	20	7590	1652	50
828	18	6	40	7600	1237	41
829	18	6	20	7609	4654	45
830	21	17	10	7618	7972	44
831	1	29	30	7627	1150	41
832	7	31	20	7636	4174	47
833	4	23	30	7645	5011	42
834	18	6	20	7654	957	47
835	1	29	20	7663	2047	40
836	21	17	40	7672	1538	44
837	4	23	40	7681	2911	40
838	21	17	10	7690	3667	42
839	1	29	40	7699	1743	41
840	21	17	30	7708	2164	40
841	18	6	20	7717	1477	42
842	18	6	10	7726	520	40
843	21	17	20	7735	5785	42
844	18	6	40	7744	1958	47
845	18	6	20	7753	3490	43
846	18	6	40	7762	7610	40
847	18	6	10	7771	2628	45
848	7	31	40	7780	1987	44
849	21	17	40	7789	1259	48
850	4	23	20	7798	3997	45
851	18	6	30	7807	1313	42
852	1	29	10	7816	2948	40
853	4	23	20	7825	2097	42
854	21	17	10	7834	4848	40
855	1	29	40	7843	879	49
856	4	23	20	7852	6689	46
857	1	29	20	7861	3154	46
858	18	6	40	7870	2084	44
859	18	6	20	7879	3261	43
860	1	29	40	7888	5146	50
861	21	17	30	7897	2486	43
862	21	17	40	7906	910	40
863	4	23	10	7915	2164	45
864	21	17	20	7924	4455	48
865	21	17	10	7933	5736	40
866	7	31	10	7942	13962	40
867	18	6	40	7951	3177	43
868	18	6	20	7960	2544	48
869	7	31	30	8000	802	49
870	18	6	30	8014	12787	47
871	7	31	40	8028	11197	50
872	7	31	20	8042	1489	43
873	18	6	10	8056	15602	40
874	21	17	20	8070	802	48
875	18	6	10	8084	2294	47
876	18	6	20	8098	138	40
877	7	31	30	8112	1586	48
878	7	31	40	8126	1068	40
879	21	17	40	8140	1526	43
880	21	17	30	8154	3781	45
881	1	29	10	8168	790	44
882	4	23	20	8182	11741	45
883	4	23	10	8196	21944	43
884	7	31	10	8210	229	40
885	4	23	30	8224	3506	42
886	1	29	20	8238	5213	40
887	18	6	40	8252	1096	45
888	4	23	30	8266	47	42
889	1	29	30	8280	62	49
890	4	23	10	8294	3550	45
891	21	17	30	8308	5946	48
892	1	29	10	8322	470	46
893	7	31	30	8336	174	49
894	21	17	40	8350	3972	42
895	21	17	10	8364	12399	48
896	18	6	30	8400	445	42
897	7	31	40	8410	4871	46
898	1	29	40	8420	389	44
899	18	6	40	8430	3928	46
900	4	23	20	8440	3793	43
901	21	17	10	8450	1442	47
902	21	17	30	8460	44	47
903	21	17	20	8470	940	46
904	4	23	20	8480	1490	41
905	7	31	20	8490	4720	45
906	7	31	10	8500	13891	50
907	7	31	10	8510	3121	40
908	4	23	10	8520	1026	44
909	4	23	10	8530	1236	44
910	21	17	30	8540	713	48
911	7	31	40	8550	2653	49
912	18	6	20	8560	1490	46
913	18	6	40	8570	372	40
914	18	6	40	8580	11684	49
915	1	29	30	8590	3144	46
916	18	6	10	8600	2903	49
917	4	23	30	8610	931	47
918	21	17	10	8620	1798	44
919	18	6	40	8630	367	46
920	21	17	30	8640	135	40
921	4	23	10	8650	5233	45
922	7	31	20	8660	3074	41
923	1	29	40	8670	2428	50
924	1	29	30	8680	3600	44
925	4	23	40	8690	819	49
926	7	31	40	8700	7045	43
927	21	17	40	8710	1249	44
928	4	23	10	8720	1724	49
929	21	17	20	8730	1028	40
930	21	17	20	8740	1609	45
931	7	31	20	8750	1601	44
932	7	31	30	8760	1069	44
933	4	23	10	8770	3755	44
934	18	6	30	8780	4878	40
935	21	17	30	8800	1477	48
936	1	29	20	8812	737	47
937	7	31	10	8824	5346	49
938	21	17	30	8836	4618	42
939	21	17	30	8848	1803	45
940	21	17	20	8860	3816	42
941	18	6	20	8872	826	50
942	7	31	40	8884	54	41
943	21	17	20	8896	5481	49
944	18	6	10	8908	7648	40
945	21	17	10	8920	437	46
946	4	23	10	8932	2485	42
947	21	17	10	8944	89	45
948	18	6	30	8956	406	40
949	7	31	20	8968	356	46
950	4	23	40	8980	2311	50
951	7	31	40	8992	9118	45
952	7	31	30	9004	1674	41
953	21	17	10	9016	19	48
954	18	6	10	9028	3587	46
955	1	29	10	9040	8577	48
956	18	6	30	9052	5815	46
957	7	31	40	9064	3247	48
958	7	31	40	9076	3829	41
959	1	29	20	9088	537	42
960	1	29	30	9100	7996	42
961	7	31	20	9112	4826	46
962	1	29	10	9124	850	42
963	7	31	30	9136	30637	44
964	7	31	30	9148	10912	49
965	18	6	10	9160	7166	43
966	1	29	20	9172	1152	45
967	7	31	20	9184	4843	41
968	21	17	10	9200	1939	40
969	18	6	20	9208	4057	40
970	21	17	10	9216	1886	49
971	7	31	40	9224	6035	50
972	7	31	10	9232	2959	45
973	1	29	30	9240	28200	50
974	4	23	20	9248	2562	44
975	4	23	20	9256	7500	40
976	21	17	10	9264	5038	44
977	7	31	40	9272	6249	42
978	21	17	30	9280	3693	49
979	18	6	20	9288	2692	48
980	21	17	40	9296	5127	47
981	21	17	30	9304	6562	48
982	7	31	10	9312	753	43
983	21	17	40	9320	1231	42
984	18	6	20	9328	6203	40
985	1	29	20	9336	2273	50
986	21	17	40	9344	17688	43
987	21	17	20	9352	1043	46
988	18	6	40	9360	67	48
989	18	6	30	9368	6899	42
990	7	31	40	9376	3127	41
991	18	6	30	9384	3791	50
992	1	29	20	9392	516	47
993	7	31	10	9400	3274	40
994	7	31	40	9408	2760	43
995	1	29	10	9416	9818	47
996	18	6	20	9424	21284	48
997	1	29	10	9432	56	47
998	18	6	30	9440	6670	50
999	21	17	40	9448	76	47
1000	21	17	40	9456	7674	41
1001	7	31	30	9464	5720	40
1002	21	17	10	9472	4062	45
1003	21	17	20	9480	2458	50
1004	7	31	10	9488	4940	48
1005	21	17	40	9496	4315	50
1006	1	29	40	9504	1878	40
1007	7	31	40	9512	1679	42
1008	18	6	30	9520	3036	44
1009	7	31	40	9528	5474	46
1010	1	29	40	9536	728	44
1011	4	23	40	9544	14921	43
1012	21	17	10	9552	12239	49
1013	18	6	20	9560	539	44
1014	1	29	30	9600	2065	45
1015	18	6	40	9612	240	44
1016	1	29	10	9624	3012	42
1017	18	6	20	9636	10444	50
1018	18	6	20	9648	951	43
1019	4	23	20	9660	2781	50
1020	4	23	20	9672	7465	40
1021	18	6	40	9684	83	49
1022	4	23	30	9696	4624	43
1023	7	31	30	9708	3305	49
1024	7	31	20	9720	399	49
1025	4	23	30	9732	5769	50
1026	7	31	30	9744	4288	42
1027	21	17	10	9756	13281	44
1028	18	6	40	9768	2777	47
1029	18	6	20	9780	3273	48
1030	18	6	40	9792	7629	42
1031	7	31	40	9804	4847	48
1032	18	6	10	9816	15462	43
1033	21	17	30	9828	3507	42
1034	4	23	30	9840	4050	46
1035	18	6	10	9852	13052	46
1036	1	29	30	9864	736	43
1037	7	31	30	9876	4985	44
1038	1	29	30	9888	3246	45
1039	4	23	20	9900	547	40
1040	1	29	30	9912	242	50
1041	1	29	40	9924	4144	40
1042	4	23	40	9936	4784	41
1043	4	23	40	9948	1265	42
1044	1	29	30	9960	4259	49
1045	1	29	10	9972	3342	49
1046	4	23	20	9984	4307	40
1047	7	31	10	10000	21138	43
1048	4	23	20	10010	676	45
1049	4	23	40	10020	2319	49
1050	21	17	40	10030	1944	44
1051	21	17	40	10040	284	49
1052	7	31	40	10050	6484	43
1053	21	17	20	10060	1485	40
1054	4	23	30	10070	762	46
1055	7	31	40	10080	7145	42
1056	18	6	10	10090	313	48
1057	1	29	20	10100	313	46
1058	18	6	40	10110	1811	40
1059	1	29	20	10120	11642	49
1060	1	29	20	10130	9	48
1061	1	29	30	10140	2116	46
1062	4	23	10	10150	7385	46
1063	21	17	20	10160	14461	47
1064	18	6	40	10170	8976	43
1065	4	23	10	10180	2496	46
1066	1	29	30	10190	23189	40
1067	21	17	20	10200	1843	47
1068	21	17	40	10210	2688	48
1069	21	17	20	10220	2330	49
1070	18	6	20	10230	8833	40
1071	18	6	20	10240	6786	48
1072	18	6	30	10250	1852	45
1073	21	17	40	10260	349	43
1074	18	6	30	10270	2336	50
1075	18	6	30	10280	893	50
1076	7	31	10	10290	1561	48
1077	21	17	40	10300	2137	41
1078	4	23	10	10310	9507	50
1079	4	23	20	10320	3007	40
1080	1	29	20	10330	440	49
1081	1	29	30	10340	4347	49
1082	18	6	30	10350	6605	50
1083	7	31	40	10360	250	48
1084	18	6	20	10370	764	43
1085	4	23	10	10380	6110	44
1086	1	29	10	10390	9210	44
1087	18	6	40	10400	4420	42
1088	4	23	10	10408	2112	46
1089	21	17	30	10416	6525	44
1090	1	29	10	10424	8695	49
1091	21	17	10	10432	389	47
1092	4	23	40	10440	1712	44
1093	21	17	20	10448	3769	46
1094	18	6	40	10456	536	43
1095	21	17	10	10464	4173	43
1096	7	31	30	10472	6497	45
1097	4	23	20	10480	5156	45
1098	1	29	40	10488	1894	49
1099	7	31	20	10496	847	42
1100	21	17	30	10504	3370	49
1101	4	23	40	10512	1370	44
1102	7	31	10	10520	2816	46
1103	7	31	10	10528	5007	47
1104	18	6	30	10536	3193	49
1105	7	31	30	10544	3359	46
1106	7	31	20	10552	4787	43
1107	21	17	40	10560	5071	40
1108	7	31	40	10568	8092	40
1109	18	6	10	10576	14515	46
1110	21	17	40	10584	2847	45
1111	18	6	10	10592	4332	46
1112	7	31	20	10600	737	47
1113	7	31	30	10608	7223	50
1114	1	29	10	10616	7361	50
1115	1	29	40	10624	1659	49
1116	21	17	10	10632	3692	47
1117	7	31	20	10640	6085	48
1118	4	23	10	10648	6421	44
1119	21	17	40	10656	470	50
1120	18	6	40	10664	3322	41
1121	7	31	30	10672	1590	48
1122	4	23	20	10680	12768	40
1123	1	29	10	10688	4621	44
1124	21	17	10	10696	3241	50
1125	4	23	20	10704	6384	43
1126	21	17	30	10712	2528	44
1127	18	6	20	10720	5716	49
1128	4	23	40	10728	12704	50
1129	4	23	30	10736	6331	47
1130	4	23	40	10744	2024	45
1131	18	6	30	10752	3651	42
1132	7	31	40	10800	149	42
1133	7	31	30	10810	5037	47
1134	4	23	40	10820	12790	42
1135	4	23	20	10830	6732	45
1136	18	6	20	10840	684	43
1137	7	31	20	10850	395	42
1138	4	23	20	10860	2858	49
1139	7	31	40	10870	3721	47
1140	21	17	30	10880	355	41
1141	1	29	10	10890	800	44
1142	7	31	40	10900	6459	42
1143	1	29	40	10910	2296	50
1144	21	17	30	10920	1398	49
1145	7	31	10	10930	1018	42
1146	1	29	40	10940	10333	40
1147	7	31	10	10950	2873	44
1148	7	31	10	10960	5861	47
1149	1	29	10	10970	6165	44
1150	1	29	40	10980	184	47
1151	1	29	10	10990	86	47
1152	21	17	10	11000	10377	40
1153	18	6	40	11010	1238	49
1154	18	6	30	11020	3941	40
1155	1	29	40	11030	1104	40
1156	1	29	30	11040	1608	44
1157	4	23	10	11050	6868	41
1158	21	17	40	11060	691	47
1159	7	31	20	11070	5587	45
1160	7	31	40	11080	420	42
1161	18	6	10	11090	11082	44
1162	18	6	40	11100	5713	40
1163	1	29	20	11110	303	44
1164	7	31	20	11120	3434	41
1165	4	23	10	11130	9658	42
1166	4	23	10	11140	3921	43
1167	21	17	30	11150	2406	50
1168	18	6	30	11160	8367	48
1169	7	31	40	11170	109	45
1170	7	31	30	11200	805	45
1171	1	29	30	11211	2842	44
1172	1	29	10	11222	1264	50
1173	21	17	20	11233	860	48
1174	1	29	20	11244	104	49
1175	18	6	30	11255	1930	48
1176	21	17	30	11266	2994	46
1177	18	6	30	11277	2953	40
1178	1	29	30	11288	1977	45
1179	1	29	10	11299	1605	48
1180	18	6	20	11310	8250	42
1181	18	6	20	11321	12493	40
1182	7	31	10	11332	19046	42
1183	4	23	40	11343	756	45
1184	18	6	30	11354	5538	50
1185	18	6	30	11365	1885	48
1186	4	23	30	11376	4475	42
1187	4	23	10	11387	5885	44
1188	4	23	10	11398	374	46
1189	18	6	40	11409	5060	42
1190	4	23	40	11420	2639	40
1191	7	31	10	11431	1643	41
1192	21	17	30	11442	10959	46
1193	7	31	40	11453	5676	43
1194	1	29	40	11464	2819	45
1195	4	23	30	11475	639	47
1196	7	31	10	11486	2186	44
1197	7	31	30	11497	5207	48
1198	18	6	30	11508	7881	49
1199	4	23	20	11519	1941	47
1200	1	29	40	11530	3664	49
1201	18	6	10	11541	2557	41
1202	18	6	30	11552	4042	47
1203	1	29	20	11563	5418	42
1204	4	23	20	11574	3700	50
1205	21	17	20	11600	3074	43
1206	21	17	10	11609	5551	48
1207	1	29	40	11618	5262	43
1208	1	29	30	11627	1099	40
1209	1	29	40	11636	1118	43
1210	1	29	10	11645	5011	45
1211	7	31	10	11654	6623	43
1212	4	23	20	11663	2251	47
1213	7	31	40	11672	7044	49
1214	4	23	40	11681	8472	42
1215	18	6	20	11690	621	41
1216	7	31	40	11699	11670	42
1217	21	17	10	11708	3546	45
1218	21	17	30	11717	1563	44
1219	4	23	30	11726	894	44
1220	1	29	30	11735	1083	40
1221	1	29	10	11744	7708	50
1222	4	23	30	11753	1801	43
1223	21	17	30	11762	691	46
1224	1	29	10	11771	3141	44
1225	21	17	20	11780	7469	43
1226	18	6	10	11789	3405	48
1227	18	6	10	11798	2877	46
1228	7	31	20	11807	4656	42
1229	4	23	30	11816	8419	41
1230	4	23	30	11825	13043	43
1231	18	6	40	11834	6418	48
1232	21	17	40	11843	4332	42
1233	7	31	10	11852	22	49
1234	21	17	20	11861	5246	49
1235	1	29	20	11870	2046	41
1236	21	17	40	11879	1542	44
1237	4	23	40	11888	1147	40
1238	1	29	20	11897	3364	46
1239	18	6	20	11906	959	47
1240	4	23	30	11915	3927	50
1241	18	6	30	11924	11363	49
1242	18	6	20	11933	3019	43
1243	4	23	20	11942	7469	43
1244	1	29	40	11951	13	48
1245	21	17	30	11960	4482	48
1246	18	6	30	12000	9478	45
1247	18	6	40	12011	453	47
1248	18	6	10	12022	8425	40
1249	7	31	20	12033	1797	43
1250	21	17	30	12044	901	45
1251	7	31	10	12055	7163	49
1252	7	31	10	12066	2072	43
1253	21	17	10	12077	4317	44
1254	18	6	40	12088	636	46
1255	1	29	30	12099	5474	50
1256	21	17	30	12110	464	48
1257	4	23	40	12121	2594	40
1258	21	17	20	12132	882	49
1259	4	23	40	12143	5676	46
1260	7	31	20	12154	13209	45
1261	7	31	10	12165	1084	42
1262	18	6	20	12176	179	40
1263	7	31	40	12187	1799	50
1264	4	23	10	12198	1326	40
1265	21	17	10	12209	9874	47
1266	7	31	10	12220	638	41
1267	21	17	20	12231	2212	48
1268	7	31	20	12242	410	40
1269	18	6	30	12253	2609	41
1270	4	23	20	12264	6944	48
1271	1	29	10	12275	4769	42
1272	21	17	30	12286	77	50
1273	4	23	20	12297	467	48
1274	21	17	10	12308	3422	45
1275	7	31	40	12319	1401	42
1276	7	31	40	12330	1568	47
1277	1	29	20	12341	2912	40
1278	7	31	40	12352	674	49
1279	18	6	20	12363	8163	47
1280	7	31	30	12374	11185	49
1281	1	29	20	12400	2508	40
1282	1	29	40	12409	4026	45
1283	1	29	10	12418	1576	50
1284	4	23	10	12427	4512	47
1285	21	17	20	12436	550	45
1286	7	31	40	12445	2007	44
1287	1	29	40	12454	5	48
1288	18	6	20	12463	7817	42
1289	21	17	40	12472	16817	50
1290	18	6	30	12481	1374	44
1291	4	23	10	12490	7400	43
1292	4	23	30	12499	211	42
1293	4	23	30	12508	6657	40
1294	7	31	40	12517	1150	42
1295	7	31	20	12526	1963	47
1296	1	29	20	12535	9119	48
1297	7	31	30	12544	734	44
1298	21	17	10	12553	3312	42
1299	18	6	30	12562	369	40
1300	1	29	30	12571	2989	46
1301	4	23	20	12580	2628	47
1302	4	23	20	12589	39	47
1303	21	17	30	12598	2037	50
1304	18	6	40	12607	3090	45
1305	21	17	30	12616	2815	42
1306	21	17	20	12625	6728	50
1307	18	6	30	12634	1392	46
1308	21	17	40	12643	356	50
1309	7	31	40	12652	7630	44
1310	18	6	30	12661	2186	42
1311	21	17	20	12670	3590	48
1312	7	31	40	12679	1554	42
1313	7	31	10	12688	1589	41
1314	7	31	20	12697	6839	47
1315	4	23	10	12706	2750	44
1316	7	31	10	12715	3694	48
1317	18	6	20	12724	5065	41
1318	1	29	40	12733	4632	42
1319	7	31	40	12742	668	46
1320	1	29	20	12751	2941	42
1321	7	31	10	12760	632	44
1322	4	23	10	12769	3343	46
1323	7	31	30	12778	477	41
1324	1	29	40	12800	834	47
1325	1	29	20	12810	15857	44
1326	4	23	30	12820	4142	40
1327	18	6	10	12830	935	49
1328	7	31	20	12840	7874	46
1329	18	6	30	12850	828	48
1330	7	31	30	12860	2029	45
1331	1	29	20	12870	681	43
1332	1	29	10	12880	12320	48
1333	18	6	10	12890	277	48
1334	18	6	30	12900	1684	40
1335	1	29	20	12910	2444	41
1336	4	23	40	12920	2436	44
1337	1	29	20	12930	1074	45
1338	21	17	10	12940	6195	44
1339	7	31	20	12950	750	44
1340	1	29	40	12960	1510	45
1341	18	6	10	12970	424	49
1342	1	29	40	12980	9916	49
1343	7	31	20	12990	27	49
1344	4	23	10	13000	3320	47
1345	4	23	20	13010	4794	47
1346	7	31	10	13020	2942	40
1347	21	17	20	13030	5143	40
1348	7	31	20	13040	19112	43
1349	1	29	40	13050	5588	48
1350	1	29	20	13060	6147	50
1351	7	31	40	13070	791	46
1352	7	31	30	13080	2629	41
1353	18	6	20	13090	2105	47
1354	1	29	20	13100	3352	48
1355	4	23	20	13110	1912	42
1356	21	17	10	13120	9870	41
1357	7	31	40	13130	9102	45
1358	21	17	30	13140	946	42
1359	1	29	30	13150	3258	41
1360	18	6	10	13160	7874	42
1361	4	23	20	13200	3721	40
1362	4	23	20	13211	2274	40
1363	7	31	20	13222	9132	42
1364	21	17	10	13233	2417	50
1365	18	6	20	13244	1227	49
1366	7	31	10	13255	4068	50
1367	18	6	30	13266	1176	45
1368	4	23	20	13277	16574	41
1369	7	31	40	13288	1796	46
1370	1	29	10	13299	167	40
1371	4	23	30	13310	1831	42
1372	4	23	20	13321	10673	47
1373	18	6	20	13332	2893	49
1374	7	31	40	13343	7315	40
1375	7	31	10	13354	2179	44
1376	7	31	10	13365	1045	45
1377	21	17	30	13376	3280	47
1378	18	6	20	13387	3180	44
1379	7	31	20	13398	2693	40
1380	4	23	10	13409	2466	44
1381	7	31	10	13420	10171	40
1382	4	23	40	13431	977	46
1383	4	23	20	13442	455	49
1384	1	29	10	13453	2057	48
1385	21	17	30	13464	985	49
1386	4	23	30	13475	4494	42
1387	7	31	40	13486	3147	40
1388	18	6	40	13497	2769	50
1389	7	31	10	13508	13259	49
1390	1	29	10	13519	3124	40
1391	7	31	10	13530	3274	49
1392	1	29	30	13541	100	42
1393	7	31	20	13552	1047	43
1394	4	23	20	13563	1488	41
1395	4	23	30	13574	4935	44
1396	21	17	40	13585	4397	48
1397	18	6	30	13600	73	47
1398	7	31	20	13611	3222	50
1399	18	6	40	13622	1424	48
1400	7	31	20	13633	247	47
1401	18	6	20	13644	1236	46
1402	4	23	10	13655	5380	50
1403	1	29	20	13666	3974	48
1404	1	29	40	13677	4974	47
1405	7	31	40	13688	2161	47
1406	18	6	30	13699	1144	50
1407	18	6	20	13710	13637	43
1408	7	31	20	13721	3375	47
1409	18	6	20	13732	638	43
1410	21	17	20	13743	650	47
1411	1	29	30	13754	1757	44
1412	4	23	30	13765	1715	40
1413	18	6	20	13776	5102	42
1414	7	31	20	13787	407	48
1415	7	31	10	13798	11188	42
1416	21	17	30	13809	1968	45
1417	1	29	40	13820	1578	42
1418	7	31	10	13831	2739	44
1419	1	29	30	13842	1072	40
1420	21	17	40	13853	3560	47
1421	21	17	10	13864	393	49
1422	1	29	40	13875	5631	45
1423	7	31	10	13886	82	42
1424	4	23	40	13897	6852	45
1425	18	6	10	13908	2632	42
1426	4	23	40	13919	1678	40
1427	21	17	40	13930	4819	43
1428	21	17	10	13941	913	47
1429	1	29	20	13952	559	46
1430	21	17	10	13963	5596	47
1431	18	6	30	13974	952	49
1432	18	6	20	14000	26	48
1433	21	17	30	14010	1144	47
1434	21	17	10	14020	2248	43
1435	1	29	30	14030	864	48
1436	18	6	40	14040	802	41
1437	4	23	20	14050	3538	48
1438	18	6	30	14060	2016	41
1439	4	23	20	14070	16698	40
1440	7	31	40	14080	13958	49
1441	1	29	20	14090	4923	50
1442	1	29	30	14100	14723	44
1443	21	17	20	14110	1736	46
1444	21	17	40	14120	6720	42
1445	1	29	30	14130	825	46
1446	1	29	20	14140	943	48
1447	21	17	20	14150	1449	40
1448	21	17	10	14160	572	46
1449	21	17	20	14170	1858	50
1450	7	31	40	14180	1543	50
1451	21	17	10	14190	1667	46
1452	4	23	30	14200	2954	42
1453	7	31	30	14210	1530	49
1454	4	23	40	14220	4954	40
1455	7	31	20	14230	13561	49
1456	1	29	20	14240	2858	40
1457	21	17	40	14250	5077	47
1458	4	23	30	14260	6644	42
1459	21	17	30	14270	1042	45
1460	1	29	40	14280	311	47
1461	4	23	40	14290	3181	46
1462	4	23	20	14300	5753	46
1463	4	23	10	14310	2314	40
1464	4	23	10	14320	2005	47
1465	4	23	30	14330	11128	48
1466	21	17	10	14340	1717	47
1467	7	31	40	14350	421	44
1468	18	6	10	14360	1374	49
1469	7	31	30	14400	9316	50
1470	4	23	10	14408	5661	41
1471	18	6	10	14416	6470	47
1472	7	31	10	14424	10639	40
1473	18	6	30	14432	2863	43
1474	18	6	30	14440	1235	42
1475	21	17	30	14448	8529	48
1476	21	17	30	14456	506	45
1477	18	6	30	14464	2064	49
1478	7	31	20	14472	926	40
1479	4	23	10	14480	4011	49
1480	1	29	30	14488	1270	44
1481	4	23	30	14496	157	50
1482	21	17	30	14504	3347	48
1483	1	29	30	14512	7148	47
1484	18	6	20	14520	6650	47
1485	1	29	10	14528	2126	41
1486	21	17	10	14536	4680	47
1487	7	31	30	14544	4666	49
1488	4	23	30	14552	3093	46
1489	18	6	40	14560	2492	45
1490	21	17	20	14568	4605	47
1491	18	6	40	14576	2486	44
1492	21	17	40	14584	6002	45
1493	4	23	40	14592	728	47
1494	18	6	30	14600	9619	44
1495	18	6	40	14608	2184	43
1496	4	23	10	14616	11621	43
1497	4	23	20	14624	3066	43
1498	18	6	20	14632	12668	50
1499	4	23	10	14640	8335	44
1500	1	29	30	14648	7269	50
1501	4	23	30	14656	466	44
1502	7	31	10	14664	53	41
1503	18	6	20	14672	1049	47
1504	4	23	10	14680	3812	49
1505	18	6	40	14688	2923	42
1506	1	29	40	14696	2115	45
1507	1	29	40	14704	44	50
1508	18	6	10	14712	214	47
1509	7	31	20	14720	7059	43
1510	21	17	40	14728	7520	44
1511	21	17	40	14736	454	42
1512	18	6	30	14744	2871	47
1513	1	29	20	14752	778	44
1514	7	31	10	14760	12627	40
1515	7	31	20	14768	147	48
1516	4	23	10	14800	15994	49
1517	4	23	30	14810	10644	49
1518	18	6	40	14820	3966	44
1519	18	6	10	14830	16050	46
1520	4	23	30	14840	1142	41
1521	18	6	20	14850	4320	49
1522	18	6	20	14860	3296	49
1523	21	17	20	14870	7020	44
1524	7	31	20	14880	987	42
1525	1	29	10	14890	1394	47
1526	4	23	20	14900	99	42
1527	1	29	20	14910	5767	44
1528	1	29	10	14920	3680	50
1529	1	29	30	14930	7453	49
1530	18	6	30	14940	11005	45
1531	18	6	10	14950	3503	41
1532	21	17	10	14960	2357	50
1533	1	29	10	14970	1609	46
1534	18	6	30	14980	6350	50
1535	7	31	10	14990	706	40
1536	21	17	20	15000	102	48
1537	7	31	20	15010	1639	41
1538	7	31	20	15020	983	49
1539	21	17	30	15030	1380	44
1540	21	17	20	15040	6	46
1541	7	31	10	15050	4540	47
1542	4	23	30	15060	4046	41
1543	7	31	10	15070	4948	42
1544	18	6	10	15080	3831	40
1545	1	29	20	15090	3435	45
1546	1	29	20	15100	12039	47
1547	21	17	20	15110	3666	41
1548	7	31	40	15120	938	46
1549	7	31	20	15130	8268	46
1550	7	31	30	15140	2313	44
1551	1	29	20	15150	61	44
1552	18	6	30	15160	9474	49
1553	1	29	20	15170	14912	43
1554	21	17	30	15180	3945	43
1555	21	17	10	15190	779	41
1556	18	6	10	15200	3182	45
1557	7	31	40	15211	823	48
1558	7	31	40	15222	47	44
1559	18	6	10	15233	1544	41
1560	21	17	20	15244	2724	40
1561	1	29	30	15255	4168	40
1562	1	29	30	15266	2107	50
1563	1	29	20	15277	929	48
1564	4	23	40	15288	8926	49
1565	7	31	30	15299	1225	42
1566	21	17	30	15310	4339	42
1567	1	29	30	15321	798	41
1568	7	31	40	15332	1920	44
1569	1	29	40	15343	6349	40
1570	21	17	40	15354	43	50
1571	21	17	40	15365	4147	47
1572	7	31	10	15376	4980	40
1573	18	6	20	15387	1645	50
1574	18	6	30	15398	15722	50
1575	21	17	20	15409	3374	44
1576	7	31	40	15420	97	47
1577	4	23	20	15431	7632	46
1578	4	23	20	15442	947	43
1579	4	23	10	15453	4113	47
1580	21	17	30	15464	1683	40
1581	7	31	40	15475	2209	40
1582	4	23	20	15486	3233	48
1583	4	23	40	15497	5209	43
1584	4	23	40	15508	2081	44
1585	1	29	10	15519	10154	40
1586	21	17	30	15530	4521	42
1587	21	17	40	15541	2534	46
1588	1	29	30	15552	4872	43
1589	18	6	20	15563	3855	49
1590	18	6	10	15574	3798	45
1591	1	29	20	15600	7312	50
1592	21	17	20	15611	1568	47
1593	18	6	20	15622	9124	48
1594	1	29	10	15633	6395	44
1595	21	17	40	15644	1749	46
1596	7	31	30	15655	1254	47
1597	4	23	10	15666	2241	44
1598	18	6	10	15677	6796	44
1599	7	31	20	15688	1737	49
1600	18	6	30	15699	9827	42
1601	21	17	40	15710	5875	46
1602	1	29	20	15721	987	47
1603	4	23	10	15732	2134	46
1604	21	17	20	15743	7938	47
1605	21	17	40	15754	6314	48
1606	18	6	20	15765	1444	44
1607	1	29	20	15776	3368	50
1608	21	17	30	15787	21703	43
1609	1	29	10	15798	235	49
1610	18	6	20	15809	663	44
1611	7	31	40	15820	4777	50
1612	1	29	20	15831	14795	45
1613	1	29	40	15842	1844	47
1614	18	6	20	15853	15029	41
1615	1	29	30	15864	288	50
1616	4	23	10	15875	389	42
1617	4	23	40	15886	4575	47
1618	4	23	30	15897	6471	43
1619	18	6	40	15908	14246	48
1620	7	31	10	15919	3535	40
1621	1	29	40	15930	856	46
1622	1	29	40	15941	2590	49
1623	18	6	20	15952	5754	46
1624	21	17	40	15963	805	45
1625	7	31	20	15974	753	50
1626	21	17	30	15985	1549	40
1627	4	23	30	16000	6732	42
1628	1	29	10	16014	3099	46
1629	18	6	40	16028	3934	44
1630	1	29	40	16042	1430	48
1631	18	6	30	16056	3616	43
1632	1	29	10	16070	140	41
1633	21	17	10	16084	7823	45
1634	18	6	30	16098	5209	45
1635	1	29	40	16112	3410	44
1636	7	31	20	16126	920	44
1637	21	17	10	16140	607	42
1638	7	31	20	16154	8025	47
1639	7	31	10	16168	3785	47
1640	7	31	30	16182	3848	47
1641	21	17	10	16196	456	43
1642	21	17	20	16210	2567	42
1643	21	17	30	16224	4164	44
1644	1	29	10	16238	2506	44
1645	4	23	10	16252	9910	46
1646	21	17	10	16266	7981	45
1647	21	17	30	16280	12389	40
1648	21	17	40	16294	10162	47
1649	21	17	20	16308	5214	44
1650	18	6	30	16322	1212	43
1651	18	6	30	16336	3544	40
1652	21	17	30	16350	3947	40
1653	1	29	20	16364	7471	47
1654	1	29	10	16400	5800	48
1655	1	29	40	16412	5113	46
1656	21	17	40	16424	1387	48
1657	7	31	10	16436	2435	40
1658	7	31	20	16448	1051	40
1659	1	29	40	16460	4697	47
1660	21	17	20	16472	2559	47
1661	21	17	30	16484	2684	41
1662	21	17	10	16496	121	43
1663	4	23	30	16508	1845	50
1664	1	29	10	16520	5652	41
1665	21	17	30	16532	3264	41
1666	7	31	40	16544	4346	48
1667	18	6	20	16556	496	50
1668	7	31	20	16568	4101	42
1669	18	6	30	16580	2062	47
1670	4	23	10	16592	7976	46
1671	4	23	40	16604	12140	50
1672	7	31	20	16616	6768	50
1673	21	17	20	16628	842	46
1674	4	23	20	16640	1745	40
1675	21	17	40	16652	2607	47
1676	1	29	20	16664	5077	43
1677	1	29	20	16676	7081	44
1678	18	6	20	16688	1410	42
1679	18	6	30	16700	1238	50
1680	7	31	20	16712	1470	44
1681	21	17	10	16724	1824	50
1682	4	23	40	16736	8940	46
1683	1	29	30	16748	6661	41
1684	21	17	20	16760	1814	41
1685	21	17	20	16772	4991	47
1686	4	23	10	16784	13745	42
1687	1	29	40	16800	837	44
1688	21	17	40	16810	390	47
1689	18	6	40	16820	26	49
1690	1	29	40	16830	1317	47
1691	21	17	20	16840	5537	43
1692	18	6	40	16850	9621	42
1693	7	31	30	16860	767	40
1694	7	31	40	16870	599	40
1695	7	31	40	16880	552	46
1696	21	17	10	16890	324	50
1697	4	23	30	16900	440	43
1698	21	17	20	16910	8841	43
1699	18	6	30	16920	9535	42
1700	21	17	20	16930	1169	48
1701	7	31	30	16940	5502	46
1702	1	29	10	16950	1504	48
1703	4	23	20	16960	2921	40
1704	4	23	20	16970	7997	49
1705	21	17	30	16980	1481	43
1706	4	23	10	16990	5911	40
1707	1	29	10	17000	2301	44
1708	4	23	40	17010	2708	46
1709	1	29	10	17020	1350	41
1710	21	17	20	17030	10	42
1711	7	31	30	17040	2490	43
1712	4	23	30	17050	692	49
1713	18	6	30	17060	13388	40
1714	18	6	20	17070	1933	42
1715	21	17	10	17080	449	47
1716	4	23	40	17090	3623	45
1717	7	31	20	17100	989	42
1718	4	23	20	17110	19	48
1719	1	29	40	17120	178	44
1720	4	23	20	17130	3566	49
1721	7	31	40	17140	2567	43
1722	4	23	30	17150	95	43
1723	4	23	20	17160	4028	44
1724	18	6	30	17170	521	50
1725	4	23	30	17180	485	43
1726	1	29	40	17200	172	48
1727	1	29	40	17212	4101	50
1728	1	29	30	17224	207	46
1729	21	17	20	17236	1017	45
1730	21	17	40	17248	2049	47
1731	4	23	40	17260	3815	40
1732	18	6	40	17272	11212	40
1733	1	29	30	17284	1972	50
1734	18	6	10	17296	51	41
1735	1	29	40	17308	3286	49
1736	21	17	40	17320	216	42
1737	21	17	20	17332	1878	46
1738	7	31	20	17344	11696	42
1739	1	29	30	17356	226	49
1740	4	23	10	17368	11323	46
1741	18	6	40	17380	3022	49
1742	4	23	40	17392	4776	49
1743	7	31	30	17404	6570	46
1744	18	6	30	17416	16	46
1745	4	23	10	17428	6796	43
1746	4	23	30	17440	3571	44
1747	1	29	20	17452	11597	42
1748	18	6	20	17464	6265	48
1749	21	17	30	17476	134	43
1750	18	6	40	17488	3047	40
1751	18	6	40	17500	7833	48
1752	1	29	10	17512	418	46
1753	7	31	20	17524	7500	49
1754	7	31	10	17536	1529	43
1755	18	6	20	17548	6052	44
1756	18	6	10	17560	5144	43
1757	7	31	40	17600	4542	44
1758	18	6	30	17614	2016	40
1759	21	17	30	17628	5549	46
1760	7	31	30	17642	1244	45
1761	18	6	20	17656	559	40
1762	1	29	30	17670	1957	48
1763	7	31	30	17684	1244	41
1764	18	6	20	17698	8671	44
1765	4	23	20	17712	1962	42
1766	4	23	30	17726	2969	43
1767	18	6	40	17740	5873	49
1768	21	17	30	17754	12140	49
1769	1	29	30	17768	6928	43
1770	1	29	20	17782	219	45
1771	4	23	30	17796	999	49
1772	21	17	40	17810	1274	40
1773	18	6	30	17824	11958	50
1774	7	31	40	17838	433	48
1775	1	29	20	17852	246	40
1776	1	29	10	17866	5995	45
1777	7	31	40	17880	979	48
1778	18	6	40	17894	3983	49
1779	7	31	20	17908	1456	47
1780	1	29	10	17922	2967	49
1781	1	29	30	17936	409	46
1782	21	17	20	17950	7591	42
1783	1	29	40	17964	70	43
1784	4	23	20	17978	4701	44
1785	7	31	10	18000	3123	50
1786	18	6	30	18009	2897	45
1787	4	23	30	18018	389	41
1788	18	6	30	18027	296	47
1789	1	29	30	18036	1061	47
1790	21	17	30	18045	7245	46
1791	18	6	40	18054	1873	49
1792	7	31	30	18063	15408	46
1793	21	17	40	18072	872	47
1794	4	23	10	18081	6201	43
1795	1	29	30	18090	6652	46
1796	18	6	20	18099	619	40
1797	21	17	20	18108	2246	47
1798	4	23	10	18117	10149	41
1799	21	17	10	18126	3832	43
1800	21	17	30	18135	1387	40
1801	1	29	30	18144	6878	46
1802	1	29	40	18153	19851	43
1803	1	29	40	18162	13777	44
1804	7	31	10	18171	15552	48
1805	21	17	20	18180	1496	42
1806	18	6	40	18189	3528	47
1807	21	17	20	18198	648	46
1808	21	17	30	18207	5450	41
1809	7	31	40	18216	1194	42
1810	18	6	20	18225	12	50
1811	4	23	10	18234	2825	45
1812	18	6	40	18243	197	46
1813	4	23	20	18252	380	44
1814	7	31	30	18261	1027	48
1815	4	23	40	18270	745	50
1816	4	23	40	18279	1316	49
1817	21	17	40	18288	1844	45
1818	1	29	10	18297	3432	48
1819	7	31	20	18306	1683	45
1820	1	29	40	18315	8233	48
1821	21	17	10	18324	2257	41
1822	1	29	20	18333	4791	42
1823	21	17	40	18342	5075	42
1824	18	6	40	18351	17228	48
1825	21	17	20	18360	4551	47
1826	21	17	40	18400	1109	43
1827	1	29	10	18409	319	44
1828	7	31	30	18418	706	46
1829	4	23	10	18427	1382	42
1830	7	31	10	18436	9919	40
1831	1	29	40	18445	1703	49
1832	18	6	30	18454	1405	46
1833	4	23	40	18463	57	45
1834	21	17	40	18472	48	46
1835	21	17	20	18481	4855	42
1836	1	29	40	18490	440	42
1837	7	31	30	18499	8549	48
1838	4	23	30	18508	155	46
1839	7	31	10	18517	1906	42
1840	18	6	20	18526	12484	42
1841	4	23	10	18535	1821	49
1842	7	31	40	18544	1714	40
1843	4	23	30	18553	6713	44
1844	7	31	20	18562	1044	48
1845	18	6	30	18571	1602	40
1846	21	17	10	18580	1576	42
1847	1	29	20	18589	8754	41
1848	1	29	10	18598	13972	49
1849	1	29	10	18607	3846	43
1850	7	31	30	18616	3020	47
1851	4	23	30	18625	5949	46
1852	7	31	10	18634	7688	49
1853	7	31	40	18643	3445	46
1854	7	31	20	18652	5450	46
1855	1	29	20	18661	7914	50
1856	21	17	10	18670	523	43
1857	1	29	40	18679	1281	41
1858	21	17	40	18688	15970	47
1859	21	17	30	18697	1426	40
1860	21	17	20	18706	289	49
1861	18	6	30	18715	2848	43
1862	1	29	40	18724	17633	50
1863	4	23	30	18733	2404	49
1864	21	17	30	18742	1673	42
1865	1	29	30	18751	4272	40
1866	18	6	20	18760	944	50
1867	21	17	10	18800	137	40
1868	7	31	20	18808	328	48
1869	21	17	20	18816	2965	45
1870	18	6	10	18824	272	47
1871	7	31	20	18832	2032	40
1872	4	23	10	18840	1609	50
1873	4	23	40	18848	877	46
1874	18	6	10	18856	1961	42
1875	4	23	30	18864	2825	49
1876	18	6	20	18872	345	40
1877	7	31	30	18880	8646	49
1878	1	29	30	18888	2685	44
1879	21	17	10	18896	4274	47
1880	21	17	20	18904	1745	44
1881	21	17	30	18912	1750	41
1882	21	17	40	18920	453	45
1883	7	31	20	18928	3142	43
1884	7	31	20	18936	5744	45
1885	18	6	30	18944	613	45
1886	4	23	30	18952	2718	50
1887	4	23	40	18960	5075	50
1888	7	31	20	18968	1260	50
1889	7	31	20	18976	651	47
1890	21	17	10	18984	3472	50
1891	1	29	40	18992	7089	41
1892	7	31	40	19000	9229	41
1893	4	23	10	19008	5357	45
1894	7	31	30	19016	1479	43
1895	1	29	30	19024	2365	49
1896	4	23	20	19032	1898	49
1897	18	6	20	19040	9083	42
1898	7	31	10	19048	2550	41
1899	7	31	40	19056	3409	47
1900	1	29	20	19064	509	41
1901	21	17	10	19072	1380	42
1902	18	6	40	19080	6624	43
1903	18	6	40	19088	2362	44
1904	7	31	10	19096	3210	46
1905	1	29	20	19104	564	47
1906	1	29	30	19112	2338	46
1907	1	29	10	19120	4277	43
1908	4	23	40	19128	841	44
1909	18	6	40	19136	1084	47
1910	7	31	10	19144	6039	50
1911	18	6	20	19152	1086	45
1912	21	17	20	19160	6152	47
1913	1	29	40	19168	1572	50
1914	1	29	20	19176	11701	47
1915	1	29	40	19200	5027	47
1916	4	23	40	19212	2058	49
1917	18	6	20	19224	2345	47
1918	7	31	10	19236	4680	43
1919	7	31	10	19248	891	48
1920	7	31	40	19260	712	41
1921	7	31	30	19272	2705	50
1922	18	6	30	19284	5769	41
1923	21	17	10	19296	10555	41
1924	21	17	10	19308	11478	46
1925	18	6	10	19320	1075	46
1926	1	29	30	19332	2756	50
1927	21	17	40	19344	3599	44
1928	21	17	20	19356	8746	42
1929	18	6	30	19368	11333	43
1930	1	29	10	19380	551	50
1931	1	29	40	19392	822	48
1932	21	17	30	19404	2134	47
1933	4	23	30	19416	9877	47
1934	7	31	40	19428	3078	46
1935	21	17	10	19440	254	42
1936	4	23	30	19452	3152	48
1937	7	31	40	19464	4327	41
1938	1	29	20	19476	19433	47
1939	7	31	40	19488	3983	49
1940	18	6	40	19500	4809	49
1941	18	6	20	19512	7241	47
1942	1	29	40	19524	3012	46
1943	18	6	30	19536	133	42
1944	1	29	20	19548	1855	48
1945	4	23	30	19560	1677	45
1946	1	29	20	19572	183	44
1947	7	31	40	19584	3426	41
1948	4	23	40	19600	6274	49
1949	4	23	30	19608	3602	47
1950	7	31	30	19616	180	40
1951	1	29	40	19624	10884	42
1952	4	23	10	19632	928	50
1953	1	29	40	19640	1268	44
1954	21	17	40	19648	2113	46
1955	18	6	40	19656	3957	42
1956	7	31	30	19664	3005	41
1957	18	6	40	19672	8499	42
1958	18	6	30	19680	2794	48
1959	4	23	10	19688	1519	40
1960	1	29	40	19696	4016	47
1961	1	29	30	19704	7570	42
1962	18	6	40	19712	5862	40
1963	1	29	20	19720	1142	40
1964	18	6	30	19728	460	47
1965	7	31	10	19736	3597	41
1966	4	23	40	19744	6956	48
1967	4	23	30	19752	8156	50
1968	18	6	40	19760	6209	44
1969	1	29	10	19768	8637	44
1970	4	23	10	19776	746	49
1971	7	31	40	19784	5406	48
1972	18	6	10	19792	2402	50
1973	21	17	10	19800	243	44
1974	4	23	10	19808	2773	49
1975	4	23	20	19816	1582	45
1976	7	31	30	19824	13124	43
1977	21	17	40	19832	5248	49
1978	21	17	30	19840	3259	44
1979	18	6	30	19848	3673	40
1980	1	29	30	19856	847	41
1981	18	6	30	19864	10230	48
1982	4	23	10	19872	6471	46
1983	4	23	30	19880	1392	46
1984	7	31	40	19888	9091	43
1985	21	17	20	19896	865	48
1986	4	23	30	19904	15416	49
1987	21	17	40	19912	611	43
1988	4	23	40	19920	2812	41
1989	18	6	10	19928	9572	43
1990	1	29	30	19936	3049	41
1991	1	29	40	19944	4371	46
1992	18	6	20	19952	689	43
1993	4	23	10	19960	4509	47
1994	7	31	10	19968	23214	41
1995	1	29	20	20000	7594	47
1996	1	29	30	20080	278	46
1997	21	17	30	20160	1317	45
1998	1	29	10	20240	10316	46
1999	18	6	10	20320	6021	46
