0	21	17	20	0	1681	29
1	18	6	10	9	3259	35
2	1	29	10	18	937	35
3	18	6	30	27	542	26
4	18	6	20	36	6057	29
5	4	23	30	45	178	30
6	21	17	40	54	1704	29
7	1	29	30	63	4024	28
8	4	23	40	72	865	33
9	18	6	10	81	3849	25
10	18	6	20	90	3127	28
11	4	23	20	99	3337	33
12	7	31	10	108	689	35
13	18	6	40	117	900	35
14	1	29	20	126	3011	33
15	1	29	40	135	5202	25
16	21	17	40	144	12187	31
17	21	17	40	153	2353	26
18	7	31	30	162	6968	25
19	18	6	20	171	7544	35
20	21	17	20	180	3255	31
21	18	6	10	189	9968	25
22	1	29	40	198	1171	25
23	4	23	10	207	4324	25
24	18	6	10	216	1001	25
25	21	17	10	225	3260	35
26	21	17	30	234	6439	26
27	21	17	10	243	1620	34
28	4	23	30	252	7133	26
29	7	31	10	261	6492	25
30	4	23	40	270	3087	35
31	7	31	30	279	4101	35
32	18	6	10	288	3976	26
33	1	29	20	297	2399	25
34	18	6	10	306	19930	26
35	21	17	20	315	10646	30
36	7	31	10	324	2419	34
37	1	29	30	333	482	31
38	18	6	20	342	13289	30
39	4	23	20	351	1046	26
40	4	23	20	360	5131	34
41	4	23	20	369	2120	34
42	21	17	40	378	3700	32
43	4	23	10	387	7195	25
44	1	29	10	400	13951	29
45	7	31	10	408	4754	27
46	4	23	40	416	7150	29
47	21	17	10	424	4769	26
48	18	6	10	432	2925	34
49	4	23	20	440	6623	34
50	18	6	20	448	10093	30
51	21	17	30	456	1215	31
52	7	31	10	464	1329	30
53	1	29	10	472	996	28
54	1	29	10	480	1373	28
55	4	23	20	488	2220	29
56	1	29	20	496	1445	35
57	4	23	10	504	3177	34
58	1	29	20	512	9423	26
59	4	23	10	520	1007	30
60	7	31	10	528	1116	29
61	21	17	40	536	55	30
62	4	23	40	544	6486	27
63	7	31	30	552	1989	32
64	21	17	20	560	333	25
65	7	31	30	568	9252	28
66	18	6	20	576	10990	31
67	4	23	30	584	4912	34
68	1	29	30	592	934	34
69	18	6	10	600	3653	27
70	4	23	40	608	1279	27
71	7	31	10	616	7301	25
72	4	23	20	624	2622	31
73	18	6	20	632	3611	34
74	7	31	10	640	536	26
75	18	6	40	648	628	33
76	18	6	20	656	1506	29
77	7	31	30	664	2174	35
78	18	6	40	672	4701	31
79	4	23	10	680	2987	34
80	18	6	20	688	5161	30
81	21	17	30	696	437	35
82	4	23	40	704	6736	25
83	1	29	20	712	92	27
84	4	23	30	720	8579	30
85	7	31	20	728	1290	29
86	21	17	30	736	1776	30
87	18	6	10	744	2107	34
88	21	17	10	752	699	33
89	7	31	30	800	3349	32
90	21	17	40	811	3943	31
91	1	29	40	822	9446	35
92	1	29	20	833	935	29
93	7	31	10	844	5408	25
94	7	31	10	855	17257	33
95	7	31	30	866	4935	29
96	1	29	20	877	3757	32
97	18	6	10	888	951	35
98	7	31	30	899	5616	25
99	4	23	30	910	283	26
100	4	23	40	921	5699	32
101	21	17	20	932	536	31
102	21	17	20	943	2678	27
103	21	17	40	954	10098	31
104	21	17	20	965	3065	32
105	4	23	20	976	337	30
106	18	6	10	987	6079	35
107	4	23	30	998	4661	31
108	18	6	40	1009	398	27
109	21	17	20	1020	628	30
110	18	6	40	1031	476	25
111	4	23	30	1042	8612	35
112	18	6	10	1053	7774	27
113	4	23	20	1064	1905	27
114	18	6	40	1075	2755	35
115	7	31	20	1086	603	29
116	18	6	40	1097	889	29
117	4	23	20	1108	6048	35
118	18	6	10	1119	2844	26
119	18	6	10	1130	6524	31
120	21	17	10	1141	3127	34
121	21	17	10	1152	2989	33
122	4	23	20	1163	3164	26
123	18	6	10	1174	4100	27
124	4	23	10	1185	14301	32
125	4	23	40	1200	1835	27
126	4	23	40	1210	3981	31
127	7	31	10	1220	5381	31
128	4	23	10	1230	3745	26
129	1	29	20	1240	2156	33
130	18	6	20	1250	3073	25
131	1	29	20	1260	430	29
132	21	17	40	1270	4374	35
133	21	17	20	1280	3901	30
134	1	29	20	1290	5822	27
135	18	6	40	1300	3658	35
136	1	29	10	1310	3822	32
137	7	31	40	1320	8995	29
138	1	29	40	1330	2674	30
139	1	29	20	1340	6476	25
140	18	6	10	1350	2728	29
141	18	6	40	1360	4439	35
142	21	17	10	1370	1511	31
143	1	29	40	1380	60	27
144	4	23	30	1390	2427	32
145	18	6	20	1400	5434	31
146	21	17	40	1410	200	32
147	7	31	40	1420	7075	27
148	4	23	10	1430	1116	26
149	1	29	40	1440	7498	29
150	18	6	30	1450	2848	35
151	4	23	40	1460	7076	32
152	1	29	40	1470	4852	34
153	4	23	30	1480	11994	29
154	4	23	30	1490	2985	28
155	4	23	30	1500	1061	34
156	4	23	10	1510	3458	29
157	7	31	20	1520	7507	25
158	4	23	40	1530	11820	34
159	4	23	30	1540	732	29
160	21	17	20	1550	2395	34
161	7	31	40	1560	170	29
162	1	29	20	1600	334	30
163	1	29	30	1608	4533	30
164	7	31	40	1616	3756	29
165	18	6	30	1624	40	32
166	4	23	30	1632	988	25
167	18	6	40	1640	1065	32
168	18	6	40	1648	3789	25
169	21	17	10	1656	9149	35
170	7	31	20	1664	2974	32
171	7	31	10	1672	1455	35
172	4	23	30	1680	1381	29
173	18	6	30	1688	4909	25
174	21	17	10	1696	1482	26
175	7	31	10	1704	8225	34
176	1	29	10	1712	951	26
177	4	23	20	1720	3033	34
178	21	17	20	1728	824	30
179	1	29	40	1736	1040	26
180	7	31	10	1744	1537	30
181	21	17	40	1752	6455	29
182	1	29	40	1760	2740	30
183	18	6	20	1768	5731	33
184	21	17	30	1776	9516	33
185	21	17	30	1784	4906	29
186	1	29	20	1792	2039	30
187	4	23	20	1800	5018	30
188	4	23	40	1808	408	27
189	7	31	30	1816	3051	28
190	21	17	40	1824	83	31
191	4	23	30	1832	5852	32
192	18	6	10	1840	11715	31
193	4	23	20	1848	1543	25
194	1	29	10	1856	1731	27
195	7	31	20	1864	2411	25
196	1	29	30	1872	3568	29
197	7	31	30	1880	4049	25
198	4	23	10	1888	2084	33
199	18	6	10	1896	2353	25
200	21	17	30	1904	2970	30
201	4	23	40	1912	6750	35
202	4	23	40	1920	979	26
203	7	31	10	1928	1692	26
204	4	23	20	1936	1554	32
205	4	23	30	1944	914	35
206	21	17	20	1952	3084	27
207	7	31	20	1960	21871	33
208	7	31	30	2000	4090	27
209	21	17	30	2011	4243	29
210	4	23	30	2022	86	33
211	1	29	30	2033	193	31
212	7	31	10	2044	4322	31
213	18	6	40	2055	5076	33
214	21	17	20	2066	7541	34
215	1	29	20	2077	4195	29
216	4	23	40	2088	3156	35
217	21	17	40	2099	1535	33
218	18	6	40	2110	5890	32
219	7	31	10	2121	9303	25
220	18	6	20	2132	3774	26
221	1	29	20	2143	2804	30
222	21	17	10	2154	588	30
223	7	31	10	2165	326	33
224	21	17	10	2176	8412	29
225	1	29	30	2187	5645	25
226	4	23	40	2198	1775	29
227	1	29	10	2209	14275	28
228	1	29	30	2220	1757	34
229	1	29	30	2231	7779	26
230	4	23	20	2242	1324	29
231	18	6	20	2253	3422	25
232	21	17	10	2264	536	25
233	7	31	10	2275	5411	29
234	18	6	10	2286	4882	31
235	1	29	10	2297	2805	31
236	18	6	10	2308	3504	27
237	4	23	40	2319	654	28
238	21	17	10	2330	2315	25
239	4	23	40	2341	4856	34
240	21	17	10	2352	741	26
241	18	6	40	2363	2067	33
242	7	31	30	2374	309	28
243	7	31	20	2385	2342	34
244	1	29	10	2400	2872	31
245	21	17	20	2412	14501	35
246	7	31	30	2424	456	25
247	21	17	10	2436	1033	34
248	7	31	10	2448	2554	27
249	1	29	30	2460	4837	33
250	18	6	20	2472	9503	26
251	18	6	30	2484	1266	32
252	4	23	40	2496	8038	29
253	7	31	40	2508	2802	33
254	21	17	30	2520	7184	35
255	7	31	20	2532	81	25
256	7	31	40	2544	4534	30
257	7	31	30	2556	597	29
258	7	31	10	2568	2517	33
259	18	6	30	2580	3336	31
260	1	29	40	2592	7480	30
261	21	17	20	2604	3335	35
262	7	31	30	2616	4088	34
263	4	23	40	2628	6118	26
264	18	6	10	2640	1860	35
265	18	6	10	2652	2364	32
266	1	29	20	2664	10187	30
267	1	29	40	2676	10062	26
268	1	29	40	2688	56	26
269	7	31	10	2700	1687	28
270	7	31	20	2712	273	27
271	1	29	10	2724	2008	31
272	21	17	40	2736	8459	32
273	7	31	40	2748	280	34
274	21	17	10	2760	5282	35
275	21	17	20	2800	928	28
276	18	6	30	2812	2245	27
277	18	6	40	2824	4732	32
278	4	23	10	2836	3340	26
279	1	29	40	2848	9397	29
280	4	23	10	2860	4180	35
281	4	23	40	2872	560	31
282	18	6	10	2884	2771	26
283	21	17	10	2896	4244	25
284	21	17	20	2908	11976	35
285	1	29	40	2920	42	32
286	7	31	30	2932	4938	32
287	1	29	10	2944	3888	28
288	7	31	20	2956	9519	30
289	4	23	40	2968	4619	31
290	4	23	20	2980	6992	25
291	4	23	20	2992	2353	34
292	7	31	40	3004	4606	31
293	4	23	20	3016	8275	30
294	4	23	10	3028	7782	28
295	1	29	40	3040	3701	27
296	4	23	20	3052	5765	34
297	18	6	40	3064	1376	26
298	18	6	10	3076	295	34
299	21	17	40	3088	273	34
300	7	31	40	3100	212	30
301	7	31	30	3112	836	35
302	21	17	10	3124	961	32
303	21	17	40	3136	547	34
304	4	23	10	3148	4037	31
305	18	6	20	3160	2872	30
306	18	6	30	3200	1990	25
307	7	31	10	3209	6402	30
308	21	17	40	3218	5891	33
309	1	29	20	3227	3943	31
310	4	23	30	3236	3571	33
311	4	23	40	3245	16670	34
312	18	6	30	3254	3400	27
313	4	23	10	3263	3307	28
314	21	17	20	3272	9976	31
315	4	23	10	3281	5022	35
316	4	23	10	3290	272	33
317	21	17	30	3299	17136	33
318	4	23	30	3308	7170	26
319	1	29	10	3317	1793	27
320	4	23	30	3326	5346	35
321	21	17	10	3335	1426	27
322	18	6	20	3344	47	32
323	4	23	40	3353	1596	31
324	18	6	30	3362	2921	27
325	1	29	10	3371	3884	29
326	18	6	20	3380	4962	25
327	4	23	30	3389	22	27
328	18	6	30	3398	945	30
329	7	31	10	3407	554	33
330	4	23	10	3416	2346	30
331	1	29	40	3425	596	25
332	21	17	30	3434	3895	33
333	4	23	10	3443	2773	28
334	4	23	10	3452	7666	35
335	7	31	30	3461	2462	25
336	7	31	30	3470	9961	34
337	4	23	20	3479	1860	28
338	18	6	40	3488	74	30
339	7	31	10	3497	2301	29
340	21	17	10	3506	3854	32
341	21	17	20	3515	9668	27
342	18	6	20	3524	7615	30
343	7	31	10	3533	1317	34
344	1	29	10	3542	396	33
345	1	29	30	3551	7364	27
346	18	6	30	3560	8227	31
347	18	6	30	3569	517	27
348	7	31	40	3578	12518	34
349	21	17	10	3587	612	28
350	7	31	30	3600	3086	29
351	4	23	30	3610	6005	25
352	7	31	20	3620	2447	35
353	18	6	10	3630	4949	32
354	18	6	10	3640	1594	34
355	7	31	30	3650	5573	27
356	18	6	10	3660	778	27
357	18	6	20	3670	8638	26
358	7	31	10	3680	3761	31
359	4	23	10	3690	57	27
360	1	29	10	3700	6468	30
361	21	17	10	3710	1953	34
362	4	23	20	3720	3543	35
363	18	6	30	3730	4100	25
364	4	23	10	3740	808	26
365	18	6	40	3750	2406	33
366	4	23	20	3760	1798	26
367	7	31	30	3770	301	35
368	1	29	10	3780	4946	29
369	1	29	40	3790	2447	30
370	21	17	20	3800	6397	25
371	1	29	40	3810	4734	30
372	7	31	40	3820	13742	28
373	21	17	20	3830	2016	33
374	18	6	40	3840	5432	30
375	7	31	10	3850	7005	33
376	7	31	40	3860	2383	32
377	7	31	20	3870	5254	33
378	4	23	30	3880	1069	33
379	18	6	10	3890	4519	25
380	7	31	20	3900	5532	33
381	1	29	30	3910	3561	34
382	21	17	30	3920	202	29
383	4	23	30	3930	284	26
384	1	29	30	3940	3583	28
385	21	17	30	3950	4393	29
386	18	6	20	3960	4568	25
387	7	31	30	3970	9746	25
388	1	29	40	4000	752	29
389	7	31	20	4008	426	32
390	18	6	30	4016	1329	33
391	18	6	20	4024	132	33
392	7	31	10	4032	5749	32
393	7	31	30	4040	16	28
394	7	31	10	4048	4042	35
395	21	17	10	4056	1056	34
396	4	23	10	4064	1561	27
397	1	29	30	4072	941	29
398	1	29	40	4080	410	32
399	7	31	20	4088	4112	25
400	4	23	20	4096	2610	26
401	4	23	10	4104	6430	31
402	1	29	30	4112	2122	34
403	4	23	10	4120	2761	28
404	1	29	30	4128	1686	28
405	4	23	40	4136	7428	35
406	21	17	30	4144	6630	33
407	21	17	40	4152	254	27
408	21	17	10	4160	13642	26
409	7	31	10	4168	2790	26
410	1	29	40	4176	1442	31
411	7	31	40	4184	2360	30
412	21	17	30	4192	4198	28
413	4	23	10	4200	10788	30
414	7	31	40	4208	1231	29
415	1	29	20	4216	953	32
416	21	17	30	4224	1643	30
417	21	17	40	4232	2928	33
418	1	29	10	4240	203	33
419	4	23	30	4248	2906	32
420	1	29	20	4256	5899	32
421	21	17	40	4264	2388	25
422	4	23	30	4272	9252	30
423	4	23	30	4280	3751	32
424	7	31	10	4288	768	33
425	4	23	10	4296	5800	28
426	18	6	40	4304	10717	33
427	21	17	20	4312	13253	35
428	18	6	20	4320	5707	33
429	18	6	40	4328	2858	32
430	1	29	10	4336	2799	31
431	7	31	10	4344	1093	28
432	4	23	20	4352	4016	25
433	7	31	20	4400	3589	33
434	21	17	40	4409	880	35
435	18	6	10	4418	11945	26
436	21	17	40	4427	782	25
437	4	23	30	4436	3201	25
438	18	6	40	4445	5156	34
439	4	23	30	4454	5511	28
440	1	29	40	4463	7785	32
441	18	6	30	4472	3860	33
442	7	31	20	4481	11642	34
443	4	23	40	4490	4425	28
444	7	31	30	4499	6404	26
445	7	31	40	4508	7258	28
446	4	23	40	4517	1928	29
447	18	6	40	4526	7084	26
448	21	17	40	4535	5375	34
449	7	31	30	4544	2205	27
450	21	17	30	4553	9025	28
451	4	23	20	4562	6519	29
452	21	17	30	4571	698	32
453	7	31	10	4580	3479	25
454	4	23	40	4589	8195	29
455	4	23	20	4598	120	25
456	21	17	30	4607	9154	25
457	7	31	40	4616	6501	26
458	7	31	40	4625	1564	31
459	4	23	30	4634	3456	25
460	18	6	40	4643	9743	27
461	1	29	20	4652	7477	33
462	7	31	20	4661	1437	29
463	4	23	20	4670	2437	29
464	4	23	40	4679	27427	30
465	4	23	30	4688	262	27
466	18	6	20	4697	6686	29
467	1	29	10	4706	237	31
468	7	31	20	4715	5311	31
469	4	23	30	4724	1516	27
470	1	29	30	4733	139	32
471	4	23	40	4742	6168	29
472	7	31	10	4751	6331	35
473	4	23	20	4760	1436	29
474	4	23	40	4769	4306	25
475	7	31	40	4778	660	34
476	18	6	30	4800	2804	27
477	1	29	30	4808	1054	27
478	21	17	10	4816	6646	30
479	1	29	20	4824	1648	29
480	1	29	20	4832	1931	34
481	21	17	40	4840	428	31
482	21	17	30	4848	1016	25
483	7	31	40	4856	1637	31
484	18	6	10	4864	3822	29
485	7	31	40	4872	4805	27
486	7	31	30	4880	328	31
487	7	31	10	4888	216	25
488	1	29	20	4896	5108	29
489	18	6	20	4904	735	35
490	18	6	30	4912	209	25
491	18	6	40	4920	1877	34
492	7	31	30	4928	1030	30
493	21	17	10	4936	630	34
494	18	6	30	4944	7217	25
495	21	17	30	4952	45	35
496	7	31	10	4960	1526	28
497	1	29	40	4968	2687	30
498	1	29	40	4976	4437	33
499	1	29	10	4984	5307	34
500	18	6	20	4992	101	34
501	18	6	30	5000	1571	34
502	7	31	30	5008	398	31
503	4	23	10	5016	2204	32
504	4	23	40	5024	1974	31
505	4	23	30	5032	462	35
506	21	17	20	5040	37	30
507	4	23	10	5048	7824	27
508	1	29	20	5056	10189	35
509	21	17	40	5064	5077	30
510	18	6	40	5072	2983	34
511	21	17	40	5080	4395	34
512	7	31	40	5088	19851	31
513	4	23	20	5096	17039	26
514	4	23	20	5104	870	26
515	18	6	10	5112	6662	32
516	1	29	30	5120	3884	32
517	21	17	20	5128	13500	34
518	18	6	10	5136	7352	25
519	21	17	10	5144	1424	28
520	7	31	10	5152	16715	31
521	4	23	20	5200	5697	29
522	21	17	30	5210	1640	26
523	18	6	40	5220	3347	32
524	1	29	40	5230	1229	26
525	7	31	30	5240	4312	33
526	7	31	20	5250	3273	35
527	7	31	40	5260	4184	25
528	18	6	30	5270	2511	29
529	4	23	20	5280	4175	26
530	1	29	40	5290	7202	30
531	1	29	30	5300	59	32
532	1	29	40	5310	3298	29
533	7	31	10	5320	313	32
534	21	17	40	5330	1500	31
535	7	31	30	5340	239	35
536	18	6	10	5350	26	35
537	4	23	20	5360	6454	29
538	1	29	40	5370	11708	25
539	21	17	30	5380	2822	29
540	7	31	30	5390	4682	33
541	18	6	20	5400	995	29
542	4	23	30	5410	561	26
543	18	6	30	5420	8	34
544	1	29	20	5430	4112	26
545	4	23	40	5440	1938	27
546	4	23	10	5450	1922	27
547	18	6	10	5460	1104	28
548	18	6	40	5470	12005	32
549	1	29	30	5480	99	29
550	7	31	40	5490	1977	27
551	7	31	30	5500	1732	30
552	21	17	30	5510	4180	29
553	18	6	30	5520	1851	30
554	18	6	40	5530	5545	27
555	7	31	10	5540	1235	30
556	4	23	40	5550	17851	32
557	4	23	40	5560	3002	35
558	18	6	20	5600	692	30
559	7	31	20	5612	5234	33
560	7	31	20	5624	3197	25
561	1	29	20	5636	1789	29
562	18	6	20	5648	1992	34
563	7	31	10	5660	1279	34
564	7	31	10	5672	8623	35
565	18	6	10	5684	2860	26
566	7	31	10	5696	444	29
567	1	29	40	5708	9982	35
568	7	31	30	5720	4473	31
569	7	31	30	5732	592	27
570	21	17	10	5744	6524	32
571	7	31	20	5756	6870	27
572	21	17	30	5768	78	34
573	18	6	30	5780	1630	31
574	1	29	30	5792	3765	31
575	4	23	30	5804	5781	27
576	21	17	30	5816	3959	28
577	4	23	10	5828	1627	28
578	1	29	30	5840	10343	31
579	7	31	10	5852	8495	35
580	18	6	30	5864	1303	30
581	4	23	10	5876	1528	31
582	18	6	40	5888	4794	28
583	1	29	10	5900	2331	35
584	7	31	20	5912	1192	34
585	18	6	20	5924	2641	25
586	1	29	10	5936	1825	28
587	7	31	10	5948	847	34
588	18	6	10	5960	1574	29
589	1	29	40	5972	192	25
590	18	6	30	5984	288	27
591	7	31	20	6000	2605	25
592	1	29	10	6010	4106	35
593	18	6	30	6020	976	27
594	1	29	20	6030	12476	29
595	7	31	10	6040	1596	28
596	1	29	40	6050	7039	31
597	21	17	30	6060	7783	27
598	4	23	20	6070	502	35
599	21	17	10	6080	563	35
600	7	31	40	6090	1308	33
601	4	23	10	6100	2494	28
602	4	23	30	6110	3358	33
603	7	31	20	6120	6699	30
604	1	29	20	6130	994	32
605	1	29	20	6140	3371	35
606	21	17	10	6150	1614	31
607	7	31	40	6160	1505	33
608	18	6	10	6170	5719	35
609	21	17	20	6180	16982	25
610	21	17	30	6190	4056	27
611	21	17	40	6200	4247	29
612	18	6	10	6210	3698	28
613	7	31	20	6220	1306	31
614	4	23	40	6230	2403	27
615	18	6	10	6240	1060	29
616	7	31	20	6250	4343	25
617	1	29	20	6260	12035	34
618	21	17	30	6270	64	35
619	4	23	40	6280	2049	35
620	1	29	10	6290	624	33
621	21	17	40	6300	9823	30
622	7	31	40	6310	3587	31
623	7	31	30	6320	3935	30
624	4	23	40	6330	281	35
625	1	29	40	6340	1575	31
626	7	31	20	6350	787	28
627	4	23	40	6360	6492	31
628	1	29	10	6370	1905	27
629	18	6	30	6400	1318	27
630	4	23	40	6407	11022	31
631	1	29	40	6414	5900	25
632	21	17	30	6421	974	28
633	18	6	20	6428	6305	31
634	21	17	20	6435	3680	26
635	7	31	30	6442	6731	27
636	21	17	20	6449	5535	34
637	7	31	30	6456	8675	34
638	21	17	30	6463	1001	27
639	7	31	40	6470	4662	34
640	18	6	10	6477	655	29
641	18	6	10	6484	216	30
642	4	23	10	6491	2250	35
643	4	23	40	6498	1660	28
644	1	29	20	6505	2108	34
645	18	6	40	6512	2147	33
646	4	23	10	6519	8331	32
647	4	23	40	6526	1804	28
648	7	31	40	6533	5792	35
649	21	17	10	6540	5134	35
650	21	17	40	6547	4394	27
651	21	17	30	6554	8391	33
652	1	29	10	6561	7358	28
653	1	29	30	6568	5049	35
654	7	31	10	6575	17323	26
655	7	31	40	6582	1814	27
656	7	31	20	6589	8219	33
657	21	17	40	6596	11392	27
658	18	6	30	6603	5460	30
659	21	17	30	6610	8997	25
660	4	23	10	6617	1982	32
661	18	6	10	6624	3015	35
662	4	23	40	6631	10918	31
663	21	17	20	6638	2614	32
664	18	6	20	6645	201	30
665	21	17	30	6652	8040	26
666	21	17	10	6659	2304	25
667	1	29	30	6666	6642	33
668	21	17	40	6673	4521	29
669	7	31	20	6680	4058	25
670	18	6	40	6687	2642	31
671	21	17	30	6694	5996	27
672	1	29	30	6701	5223	31
673	1	29	30	6708	1588	25
674	1	29	30	6715	1149	30
675	21	17	40	6722	385	28
676	18	6	40	6729	2645	31
677	18	6	10	6736	1163	27
678	4	23	20	6743	975	32
679	1	29	40	6750	4229	26
680	7	31	30	6757	2392	35
681	1	29	30	6800	6762	35
682	7	31	10	6808	153	32
683	18	6	10	6816	4267	27
684	4	23	40	6824	3809	35
685	4	23	10	6832	243	34
686	1	29	40	6840	10645	32
687	21	17	10	6848	2766	29
688	7	31	20	6856	6568	29
689	1	29	20	6864	1080	35
690	21	17	10	6872	11406	29
691	21	17	20	6880	6586	31
692	4	23	10	6888	608	28
693	1	29	10	6896	1584	26
694	18	6	40	6904	1412	27
695	1	29	10	6912	3887	29
696	21	17	20	6920	501	35
697	7	31	30	6928	12020	28
698	1	29	20	6936	1372	34
699	18	6	30	6944	3138	32
700	4	23	40	6952	15167	33
701	4	23	20	6960	270	35
702	7	31	40	6968	4634	35
703	21	17	30	6976	545	35
704	4	23	20	6984	1095	28
705	21	17	10	6992	8829	25
706	21	17	10	7000	641	26
707	21	17	20	7008	2880	27
708	21	17	40	7016	2518	29
709	21	17	10	7024	9015	34
710	18	6	40	7032	8508	32
711	4	23	10	7040	3865	31
712	4	23	30	7048	5173	30
713	18	6	30	7056	385	29
714	18	6	10	7064	2350	26
715	18	6	30	7072	3424	32
716	4	23	10	7080	2706	28
717	18	6	30	7088	1307	29
718	18	6	30	7096	8030	32
719	21	17	20	7104	18457	31
720	7	31	30	7112	10988	30
721	1	29	40	7120	11165	32
722	18	6	20	7128	14	28
723	7	31	30	7136	2321	29
724	21	17	10	7144	4752	31
725	4	23	20	7152	4509	25
726	4	23	30	7160	4038	35
727	1	29	30	7200	2056	30
728	21	17	40	7212	123	34
729	1	29	30	7224	3956	25
730	21	17	30	7236	14584	29
731	7	31	20	7248	3049	28
732	1	29	30	7260	13065	28
733	1	29	30	7272	4467	25
734	4	23	10	7284	4498	29
735	18	6	20	7296	1943	25
736	4	23	40	7308	554	25
737	7	31	20	7320	9642	32
738	7	31	30	7332	2154	34
739	4	23	30	7344	5151	35
740	7	31	10	7356	9674	33
741	18	6	30	7368	2157	30
742	21	17	20	7380	130	35
743	21	17	20	7392	9695	31
744	7	31	30	7404	1760	28
745	4	23	10	7416	1558	34
746	4	23	40	7428	340	25
747	1	29	30	7440	201	35
748	21	17	10	7452	8572	25
749	1	29	20	7464	5123	31
750	4	23	40	7476	556	26
751	4	23	30	7488	7307	30
752	18	6	40	7500	354	31
753	18	6	10	7512	1429	28
754	4	23	10	7524	3743	27
755	18	6	40	7536	158	25
756	1	29	10	7548	255	31
757	21	17	10	7560	1127	30
758	1	29	30	7572	2264	28
759	1	29	10	7584	3314	28
760	18	6	30	7600	1174	26
761	7	31	20	7610	5483	31
762	21	17	30	7620	2638	29
763	21	17	20	7630	7308	29
764	21	17	30	7640	10157	30
765	7	31	30	7650	1707	28
766	18	6	30	7660	4288	27
767	4	23	40	7670	217	30
768	7	31	20	7680	2156	35
769	21	17	30	7690	245	26
770	7	31	30	7700	2359	32
771	7	31	30	7710	3484	32
772	7	31	10	7720	7934	30
773	21	17	10	7730	610	33
774	1	29	10	7740	329	34
775	4	23	10	7750	2928	35
776	1	29	30	7760	9486	33
777	4	23	40	7770	386	33
778	1	29	10	7780	352	26
779	18	6	40	7790	1864	33
780	1	29	20	7800	3610	35
781	18	6	40	7810	3532	25
782	18	6	30	7820	2930	30
783	21	17	20	7830	1473	27
784	4	23	40	7840	2758	35
785	4	23	40	7850	579	34
786	18	6	30	7860	2381	32
787	21	17	30	7870	4332	25
788	4	23	30	7880	268	33
789	1	29	10	7890	4047	28
790	1	29	20	7900	1560	29
791	7	31	30	7910	8610	30
792	4	23	40	7920	2600	28
793	4	23	20	7930	7669	30
794	1	29	10	7940	2537	34
795	21	17	40	7950	720	26
796	18	6	40	7960	10863	26
797	21	17	10	7970	857	31
798	21	17	40	8000	18556	26
799	21	17	40	8014	34	35
800	1	29	20	8028	4374	31
801	21	17	10	8042	116	31
802	4	23	10	8056	4002	35
803	21	17	20	8070	6930	34
804	18	6	30	8084	1294	35
805	7	31	10	8098	3180	30
806	21	17	30	8112	15029	35
807	4	23	40	8126	11475	34
808	1	29	40	8140	1000	30
809	21	17	40	8154	371	27
810	1	29	20	8168	566	28
811	7	31	10	8182	13983	34
812	7	31	10	8196	703	29
813	21	17	30	8210	246	31
814	1	29	40	8224	13885	29
815	1	29	30	8238	4408	26
816	4	23	40	8252	1028	26
817	1	29	10	8266	768	26
818	18	6	30	8280	1667	29
819	4	23	30	8294	6172	31
820	4	23	40	8308	9160	32
821	4	23	40	8322	22336	27
822	21	17	10	8336	17705	33
823	4	23	10	8350	6062	32
824	21	17	20	8364	5335	32
825	1	29	10	8400	3300	26
826	1	29	40	8409	437	28
827	1	29	30	8418	37	25
828	21	17	40	8427	4456	35
829	1	29	20	8436	9828	32
830	18	6	10	8445	3519	34
831	1	29	30	8454	5004	26
832	4	23	10	8463	429	32
833	18	6	10	8472	315	27
834	18	6	20	8481	4916	26
835	1	29	10	8490	3336	29
836	21	17	40	8499	12335	25
837	18	6	10	8508	4765	31
838	4	23	40	8517	128	28
839	21	17	30	8526	11963	30
840	4	23	20	8535	688	34
841	21	17	40	8544	2816	34
842	7	31	30	8553	2320	31
843	4	23	40	8562	14945	30
844	1	29	40	8571	2807	25
845	4	23	10	8580	1743	31
846	21	17	20	8589	5127	26
847	7	31	10	8598	2166	32
848	4	23	30	8607	8619	25
849	1	29	30	8616	6475	32
850	4	23	40	8625	11124	35
851	1	29	40	8634	5692	35
852	7	31	30	8643	7640	26
853	4	23	10	8652	912	30
854	18	6	10	8661	465	28
855	4	23	30	8670	4420	29
856	1	29	10	8679	166	33
857	1	29	40	8688	7642	28
858	1	29	40	8697	362	26
859	1	29	30	8706	5017	33
860	4	23	20	8715	2354	26
861	21	17	40	8724	13672	35
862	7	31	40	8733	1266	34
863	1	29	30	8742	1466	33
864	7	31	30	8751	2801	29
865	21	17	40	8760	2167	26
866	1	29	10	8769	8095	27
867	4	23	10	8778	357	26
868	4	23	10	8800	1737	30
869	21	17	30	8808	2064	25
870	1	29	30	8816	5002	25
871	1	29	30	8824	3025	30
872	4	23	20	8832	618	34
873	4	23	40	8840	1984	34
874	21	17	20	8848	3956	33
875	7	31	10	8856	1999	33
876	21	17	20	8864	3248	32
877	4	23	20	8872	47	27
878	4	23	20	8880	1291	31
879	18	6	20	8888	1933	26
880	18	6	30	8896	7314	25
881	4	23	30	8904	4624	31
882	4	23	40	8912	535	35
883	7	31	10	8920	8159	27
884	7	31	20	8928	14967	32
885	1	29	20	8936	6998	35
886	4	23	40	8944	7918	35
887	21	17	40	8952	9122	26
888	21	17	10	8960	13517	34
889	7	31	40	8968	157	32
890	1	29	10	8976	2978	31
891	21	17	40	8984	431	33
892	18	6	20	8992	3761	29
893	18	6	10	9000	1524	30
894	18	6	10	9008	2811	28
895	4	23	20	9016	847	35
896	1	29	40	9024	1066	35
897	4	23	40	9032	571	33
898	21	17	10	9040	2559	26
899	1	29	10	9048	359	34
900	18	6	40	9056	2657	28
901	18	6	20	9064	4051	35
902	18	6	10	9072	272	27
903	4	23	40	9080	2622	25
904	21	17	40	9088	369	32
905	18	6	20	9096	2092	29
906	4	23	30	9104	3826	26
907	1	29	30	9112	2470	28
908	4	23	40	9120	3431	33
909	7	31	40	9128	5042	31
910	7	31	20	9136	478	33
911	7	31	30	9144	116	31
912	4	23	20	9152	3432	32
913	7	31	30	9160	4861	25
914	21	17	10	9200	8328	32
915	1	29	30	9209	5701	31
916	18	6	40	9218	7377	35
917	21	17	30	9227	2053	32
918	4	23	20	9236	1605	25
919	4	23	20	9245	4525	30
920	18	6	40	9254	3251	26
921	1	29	20	9263	14038	25
922	7	31	10	9272	509	28
923	7	31	10	9281	1505	34
924	21	17	30	9290	8418	30
925	18	6	30	9299	3781	27
926	21	17	20	9308	10158	25
927	18	6	10	9317	7003	28
928	18	6	30	9326	8697	31
929	4	23	40	9335	2299	33
930	4	23	20	9344	694	33
931	18	6	20	9353	2199	34
932	4	23	20	9362	3099	25
933	4	23	20	9371	842	33
934	1	29	20	9380	9124	33
935	21	17	10	9389	905	26
936	1	29	20	9398	3864	29
937	1	29	10	9407	4136	35
938	7	31	10	9416	6088	30
939	18	6	10	9425	3365	28
940	7	31	30	9434	944	34
941	4	23	20	9443	2050	32
942	18	6	40	9452	1553	29
943	1	29	10	9461	1147	28
944	1	29	30	9470	10413	34
945	18	6	20	9479	2742	35
946	18	6	20	9488	2987	26
947	7	31	30	9497	9465	29
948	4	23	10	9506	2330	33
949	1	29	20	9515	5470	33
950	1	29	30	9524	1717	35
951	18	6	10	9533	7148	28
952	1	29	30	9542	6487	33
953	18	6	30	9551	6343	32
954	7	31	10	9560	3016	32
955	1	29	30	9569	2897	28
956	7	31	20	9578	2912	32
957	4	23	40	9587	5582	29
958	4	23	20	9600	3693	30
959	7	31	20	9611	2590	30
960	4	23	40	9622	2664	28
961	18	6	20	9633	6231	33
962	7	31	40	9644	3417	32
963	1	29	10	9655	597	35
964	1	29	20	9666	3258	33
965	18	6	40	9677	4682	35
966	1	29	20	9688	2689	31
967	1	29	10	9699	1951	34
968	7	31	10	9710	6549	27
969	21	17	10	9721	4469	31
970	1	29	20	9732	603	27
971	18	6	40	9743	879	35
972	1	29	30	9754	3867	27
973	1	29	10	9765	5738	33
974	21	17	40	9776	2516	31
975	21	17	20	9787	675	30
976	21	17	20	9798	4179	32
977	4	23	40	9809	8168	35
978	7	31	30	9820	1961	35
979	7	31	20	9831	1923	31
980	1	29	10	9842	356	25
981	18	6	30	9853	60	31
982	7	31	10	9864	1943	30
983	1	29	20	9875	608	33
984	18	6	20	9886	369	33
985	18	6	20	9897	1582	30
986	18	6	30	9908	3874	25
987	18	6	30	9919	5450	28
988	21	17	10	9930	4318	26
989	21	17	40	9941	1928	30
990	18	6	30	9952	4624	30
991	7	31	30	9963	8072	35
992	4	23	40	9974	170	30
993	1	29	40	9985	1455	25
994	21	17	20	10000	344	35
995	18	6	10	10010	2185	25
996	21	17	30	10020	7010	35
997	1	29	40	10030	809	29
998	1	29	40	10040	4713	31
999	7	31	30	10050	1077	35
1000	18	6	40	10060	27	29
1001	1	29	20	10070	603	28
1002	21	17	20	10080	424	27
1003	4	23	10	10090	5855	27
1004	1	29	10	10100	3716	30
1005	21	17	30	10110	657	25
1006	1	29	30	10120	957	25
1007	21	17	30	10130	166	25
1008	4	23	40	10140	1591	25
1009	21	17	30	10150	1875	27
1010	18	6	20	10160	8072	31
1011	1	29	30	10170	4164	32
1012	21	17	20	10180	1814	29
1013	21	17	40	10190	998	35
1014	4	23	10	10200	1987	29
1015	1	29	10	10210	2549	32
1016	4	23	20	10220	2073	27
1017	4	23	30	10230	2272	35
1018	21	17	40	10240	207	26
1019	7	31	10	10250	1047	28
1020	1	29	20	10260	287	34
1021	21	17	30	10270	5473	27
1022	18	6	40	10280	5175	32
1023	7	31	20	10290	2199	32
1024	7	31	20	10300	17527	25
1025	18	6	30	10310	1275	27
1026	21	17	10	10320	677	30
1027	21	17	30	10330	1511	26
1028	18	6	40	10340	4547	34
1029	4	23	30	10350	188	31
1030	21	17	40	10360	1593	30
1031	7	31	20	10370	2502	28
1032	18	6	10	10380	784	28
1033	21	17	40	10400	656	35
1034	18	6	20	10410	1880	26
1035	21	17	40	10420	11614	33
1036	18	6	20	10430	9826	29
1037	18	6	10	10440	3830	28
1038	1	29	10	10450	3070	27
1039	18	6	30	10460	11029	33
1040	1	29	30	10470	483	29
1041	18	6	10	10480	3467	25
1042	21	17	40	10490	2150	28
1043	21	17	30	10500	1347	35
1044	4	23	20	10510	2897	35
1045	18	6	10	10520	156	33
1046	21	17	10	10530	2791	31
1047	7	31	40	10540	6873	30
1048	4	23	40	10550	9788	32
1049	7	31	10	10560	3779	27
1050	7	31	40	10570	66	33
1051	18	6	40	10580	1998	25
1052	18	6	10	10590	569	27
1053	18	6	30	10600	2478	28
1054	4	23	10	10610	729	26
1055	4	23	10	10620	1211	27
1056	21	17	30	10630	2139	31
1057	18	6	10	10640	4527	31
1058	21	17	30	10650	6078	26
1059	7	31	20	10660	1614	28
1060	21	17	30	10670	21885	31
1061	1	29	40	10680	9135	35
1062	7	31	30	10690	1794	26
1063	21	17	20	10700	1326	30
1064	21	17	30	10710	187	32
1065	7	31	40	10720	2056	28
1066	7	31	30	10730	2531	29
1067	21	17	20	10740	959	30
1068	4	23	30	10750	7480	33
1069	7	31	20	10760	2364	31
1070	21	17	40	10770	3257	28
1071	18	6	20	10800	6210	35
1072	4	23	20	10810	9110	32
1073	4	23	10	10820	484	29
1074	4	23	20	10830	495	34
1075	7	31	20	10840	2690	33
1076	21	17	40	10850	1600	34
1077	18	6	20	10860	2317	33
1078	1	29	40	10870	9528	33
1079	18	6	10	10880	11911	28
1080	4	23	20	10890	5889	32
1081	18	6	20	10900	1632	35
1082	18	6	40	10910	2051	30
1083	4	23	30	10920	281	31
1084	7	31	30	10930	119	33
1085	7	31	10	10940	10953	29
1086	4	23	10	10950	1616	25
1087	1	29	20	10960	5037	25
1088	18	6	30	10970	16698	34
1089	21	17	10	10980	483	35
1090	21	17	20	10990	3027	27
1091	1	29	10	11000	1080	34
1092	4	23	20	11010	7207	27
1093	18	6	30	11020	911	35
1094	4	23	10	11030	11304	27
1095	1	29	40	11040	972	30
1096	7	31	20	11050	984	34
1097	1	29	20	11060	573	34
1098	1	29	40	11070	1099	27
1099	21	17	30	11080	481	31
1100	4	23	30	11090	3371	29
1101	21	17	40	11100	1365	25
1102	1	29	10	11110	14713	32
1103	21	17	20	11120	2517	25
1104	21	17	20	11130	222	34
1105	4	23	30	11140	1035	34
1106	21	17	20	11150	2739	29
1107	7	31	10	11160	75	33
1108	7	31	10	11170	1694	29
1109	21	17	40	11180	4522	28
1110	4	23	20	11190	10729	28
1111	4	23	10	11200	14672	33
1112	1	29	10	11209	5878	34
1113	4	23	20	11218	7137	33
1114	1	29	10	11227	3296	32
1115	7	31	10	11236	4322	31
1116	7	31	40	11245	2747	30
1117	1	29	40	11254	1390	30
1118	1	29	30	11263	1165	32
1119	18	6	30	11272	467	28
1120	18	6	40	11281	288	27
1121	7	31	10	11290	5588	28
1122	4	23	30	11299	1038	31
1123	7	31	20	11308	5268	34
1124	7	31	10	11317	9882	29
1125	7	31	30	11326	1545	30
1126	21	17	40	11335	12257	33
1127	1	29	40	11344	4731	33
1128	1	29	40	11353	760	27
1129	4	23	30	11362	9233	29
1130	1	29	10	11371	1267	35
1131	21	17	20	11380	873	25
1132	1	29	30	11389	890	31
1133	18	6	20	11398	6325	26
1134	21	17	30	11407	1909	35
1135	7	31	30	11416	2627	31
1136	1	29	10	11425	1787	27
1137	4	23	20	11434	10882	29
1138	4	23	20	11443	55	33
1139	18	6	10	11452	6464	35
1140	7	31	30	11461	2315	25
1141	21	17	10	11470	1506	27
1142	18	6	20	11479	1853	31
1143	4	23	40	11488	1469	31
1144	18	6	40	11497	804	31
1145	18	6	10	11506	3251	29
1146	1	29	10	11515	2514	25
1147	21	17	40	11524	11	29
1148	1	29	30	11533	4113	27
1149	7	31	40	11542	1314	31
1150	18	6	40	11551	5078	35
1151	7	31	20	11560	10339	28
1152	21	17	40	11600	8507	26
1153	21	17	10	11609	556	35
1154	7	31	30	11618	179	29
1155	21	17	20	11627	6788	25
1156	4	23	10	11636	249	29
1157	4	23	40	11645	1111	34
1158	1	29	20	11654	3208	31
1159	18	6	30	11663	5293	28
1160	7	31	30	11672	1285	26
1161	7	31	30	11681	6482	32
1162	4	23	10	11690	7466	31
1163	1	29	30	11699	2353	35
1164	7	31	40	11708	2081	28
1165	4	23	40	11717	5318	27
1166	4	23	30	11726	5965	27
1167	7	31	30	11735	14866	32
1168	4	23	30	11744	2409	34
1169	4	23	20	11753	333	25
1170	4	23	10	11762	1427	28
1171	18	6	30	11771	3308	25
1172	4	23	30	11780	1312	33
1173	21	17	20	11789	2401	33
1174	4	23	10	11798	4445	28
1175	18	6	30	11807	5637	25
1176	18	6	40	11816	1924	32
1177	21	17	40	11825	10161	25
1178	18	6	30	11834	3193	27
1179	18	6	40	11843	1779	25
1180	7	31	30	11852	7688	30
1181	21	17	40	11861	12015	29
1182	1	29	20	11870	210	30
1183	4	23	10	11879	8944	31
1184	18	6	30	11888	801	29
1185	4	23	30	11897	1704	31
1186	21	17	30	11906	1515	35
1187	18	6	20	11915	288	32
1188	4	23	30	11924	5552	33
1189	1	29	20	11933	3309	34
1190	1	29	20	11942	2185	26
1191	7	31	20	11951	501	29
1192	4	23	40	11960	1928	34
1193	18	6	40	11969	1314	29
1194	4	23	30	12000	2990	33
1195	1	29	10	12008	4056	29
1196	18	6	10	12016	2528	32
1197	18	6	40	12024	10412	32
1198	21	17	40	12032	9284	27
1199	7	31	40	12040	2367	28
1200	21	17	30	12048	6083	27
1201	18	6	20	12056	2701	28
1202	18	6	20	12064	3197	30
1203	4	23	10	12072	3306	26
1204	1	29	40	12080	15634	28
1205	1	29	20	12088	680	35
1206	1	29	40	12096	4140	31
1207	1	29	20	12104	2244	29
1208	4	23	40	12112	2457	31
1209	18	6	10	12120	1359	29
1210	4	23	30	12128	2282	29
1211	4	23	20	12136	600	29
1212	18	6	10	12144	4719	31
1213	7	31	30	12152	855	31
1214	4	23	10	12160	8482	34
1215	21	17	30	12168	1568	33
1216	7	31	10	12176	5561	26
1217	21	17	10	12184	12166	25
1218	21	17	40	12192	1222	31
1219	18	6	10	12200	242	33
1220	7	31	20	12208	2179	28
1221	1	29	10	12216	4887	31
1222	18	6	10	12224	1020	35
1223	4	23	20	12232	8818	25
1224	4	23	40	12240	4302	35
1225	21	17	40	12248	805	35
1226	7	31	30	12256	794	27
1227	18	6	30	12264	32335	29
1228	18	6	40	12272	10353	35
1229	18	6	10	12280	136	35
1230	21	17	30	12288	1354	28
1231	1	29	40	12296	2434	25
1232	1	29	40	12304	78	34
1233	4	23	30	12312	435	34
1234	18	6	20	12320	3447	33
1235	4	23	10	12328	1801	27
1236	4	23	30	12336	2043	34
1237	4	23	10	12344	2683	28
1238	4	23	10	12352	9776	28
1239	18	6	20	12360	101	30
1240	18	6	40	12368	4843	25
1241	7	31	10	12376	8683	31
1242	21	17	30	12384	3772	25
1243	1	29	30	12392	2482	28
1244	4	23	30	12400	547	30
1245	4	23	10	12411	1323	32
1246	4	23	10	12422	2214	33
1247	21	17	20	12433	842	27
1248	7	31	30	12444	2043	31
1249	4	23	40	12455	903	25
1250	4	23	40	12466	8693	27
1251	4	23	40	12477	2904	32
1252	18	6	40	12488	4346	25
1253	4	23	30	12499	7407	30
1254	1	29	30	12510	107	25
1255	21	17	20	12521	316	31
1256	21	17	20	12532	1236	28
1257	7	31	40	12543	4323	29
1258	1	29	20	12554	9356	27
1259	1	29	10	12565	6389	28
1260	18	6	40	12576	14954	33
1261	21	17	10	12587	4144	27
1262	7	31	20	12598	2809	29
1263	1	29	40	12609	2215	32
1264	18	6	20	12620	3	25
1265	4	23	30	12631	15435	28
1266	4	23	20	12642	511	31
1267	7	31	30	12653	3561	32
1268	18	6	20	12664	3818	33
1269	1	29	40	12675	2913	32
1270	18	6	10	12686	10331	34
1271	1	29	10	12697	1217	33
1272	4	23	40	12708	159	32
1273	4	23	30	12719	1087	25
1274	21	17	20	12730	1764	32
1275	21	17	10	12741	3055	33
1276	18	6	30	12752	397	31
1277	1	29	20	12763	5756	31
1278	1	29	30	12774	5738	30
1279	21	17	40	12785	1894	27
1280	4	23	30	12800	5662	27
1281	21	17	10	12811	18519	25
1282	4	23	10	12822	3661	34
1283	21	17	10	12833	5131	34
1284	21	17	20	12844	638	32
1285	4	23	30	12855	5894	32
1286	7	31	10	12866	6306	35
1287	7	31	20	12877	775	28
1288	18	6	40	12888	318	34
1289	4	23	40	12899	2783	27
1290	4	23	40	12910	407	34
1291	7	31	40	12921	5377	29
1292	18	6	40	12932	3519	26
1293	18	6	10	12943	491	35
1294	21	17	20	12954	200	33
1295	4	23	30	12965	234	34
1296	21	17	30	12976	1920	26
1297	21	17	30	12987	819	28
1298	21	17	20	12998	2475	28
1299	21	17	10	13009	645	27
1300	1	29	30	13020	705	26
1301	7	31	30	13031	7222	25
1302	4	23	10	13042	3421	29
1303	4	23	30	13053	8571	34
1304	18	6	30	13064	1301	27
1305	18	6	30	13075	3911	29
1306	21	17	10	13086	2594	35
1307	21	17	10	13097	2210	25
1308	4	23	10	13108	2664	33
1309	18	6	30	13119	2712	28
1310	7	31	40	13130	15957	25
1311	21	17	40	13141	2796	32
1312	7	31	10	13152	9167	35
1313	1	29	20	13163	2988	35
1314	7	31	20	13174	164	26
1315	4	23	40	13200	17065	33
1316	18	6	10	13210	186	29
1317	21	17	20	13220	6089	30
1318	1	29	20	13230	1302	25
1319	7	31	30	13240	1045	28
1320	21	17	30	13250	821	28
1321	21	17	10	13260	11509	27
1322	18	6	30	13270	2877	34
1323	7	31	20	13280	482	31
1324	7	31	10	13290	2182	33
1325	4	23	20	13300	819	29
1326	21	17	20	13310	4523	32
1327	18	6	30	13320	10277	32
1328	7	31	10	13330	838	28
1329	18	6	40	13340	1425	34
1330	21	17	20	13350	663	31
1331	4	23	40	13360	9604	27
1332	18	6	10	13370	1434	28
1333	18	6	30	13380	3795	28
1334	21	17	10	13390	971	25
1335	7	31	10	13400	10185	26
1336	18	6	40	13410	2146	31
1337	1	29	20	13420	5048	35
1338	4	23	20	13430	2355	32
1339	7	31	30	13440	2965	27
1340	7	31	30	13450	1390	33
1341	21	17	40	13460	1840	35
1342	1	29	10	13470	4683	31
1343	1	29	20	13480	3509	31
1344	21	17	10	13490	2935	26
1345	4	23	10	13500	3604	26
1346	1	29	30	13510	7339	30
1347	18	6	20	13520	242	26
1348	4	23	40	13530	313	34
1349	4	23	30	13540	260	25
1350	18	6	30	13550	45	30
1351	1	29	20	13560	3660	31
1352	7	31	10	13570	9517	28
1353	1	29	30	13600	1052	35
1354	21	17	20	13609	13232	34
1355	1	29	20	13618	983	35
1356	18	6	40	13627	1558	27
1357	7	31	30	13636	2474	33
1358	7	31	30	13645	2480	26
1359	21	17	20	13654	388	33
1360	18	6	20	13663	11723	33
1361	7	31	30	13672	3227	27
1362	18	6	40	13681	1073	33
1363	1	29	20	13690	826	34
1364	18	6	20	13699	1659	32
1365	18	6	40	13708	299	34
1366	7	31	30	13717	900	29
1367	4	23	20	13726	1348	31
1368	1	29	10	13735	1488	34
1369	1	29	20	13744	505	25
1370	1	29	40	13753	3381	26
1371	18	6	40	13762	1593	29
1372	4	23	40	13771	1642	34
1373	18	6	40	13780	5615	33
1374	1	29	10	13789	11015	31
1375	1	29	30	13798	6788	29
1376	21	17	10	13807	1171	31
1377	18	6	20	13816	10573	28
1378	21	17	20	13825	3602	30
1379	18	6	10	13834	7009	31
1380	18	6	30	13843	1691	34
1381	4	23	40	13852	3853	30
1382	7	31	30	13861	7537	34
1383	1	29	30	13870	539	27
1384	1	29	20	13879	1360	29
1385	21	17	40	13888	3223	35
1386	7	31	30	13897	7	35
1387	18	6	30	13906	290	28
1388	18	6	20	13915	4192	30
1389	21	17	30	13924	24139	26
1390	18	6	10	13933	3655	35
1391	7	31	10	13942	12319	33
1392	18	6	30	13951	1176	33
1393	7	31	40	13960	1739	34
1394	18	6	20	13969	3440	30
1395	21	17	40	14000	5387	30
1396	7	31	40	14009	573	27
1397	21	17	30	14018	2799	33
1398	7	31	40	14027	1121	34
1399	7	31	10	14036	2375	27
1400	21	17	20	14045	1992	33
1401	7	31	20	14054	3231	35
1402	1	29	10	14063	5513	27
1403	4	23	30	14072	12553	34
1404	4	23	40	14081	2711	34
1405	1	29	30	14090	4593	25
1406	4	23	30	14099	1219	33
1407	4	23	20	14108	664	30
1408	21	17	20	14117	1398	29
1409	21	17	40	14126	634	30
1410	18	6	20	14135	13315	28
1411	1	29	30	14144	2001	34
1412	21	17	20	14153	8089	27
1413	4	23	30	14162	4037	30
1414	4	23	40	14171	5508	34
1415	21	17	30	14180	1591	27
1416	21	17	40	14189	4892	28
1417	1	29	20	14198	462	30
1418	1	29	10	14207	9139	29
1419	4	23	20	14216	6173	33
1420	4	23	20	14225	290	34
1421	4	23	10	14234	564	26
1422	1	29	10	14243	4050	25
1423	18	6	30	14252	1502	32
1424	7	31	10	14261	2933	26
1425	18	6	30	14270	3834	28
1426	1	29	10	14279	306	32
1427	7	31	40	14288	16564	35
1428	21	17	30	14297	781	27
1429	18	6	10	14306	874	25
1430	4	23	30	14315	4599	27
1431	21	17	30	14324	5552	34
1432	7	31	20	14333	4612	30
1433	1	29	20	14342	630	27
1434	4	23	40	14351	2279	34
1435	7	31	20	14360	6253	34
1436	4	23	30	14369	8173	28
1437	1	29	10	14378	8881	25
1438	4	23	30	14400	4018	28
1439	1	29	30	14416	3720	29
1440	18	6	20	14432	1372	26
1441	1	29	10	14448	7560	30
1442	18	6	10	14464	5964	35
1443	4	23	20	14480	2794	25
1444	4	23	20	14496	136	34
1445	18	6	20	14512	918	25
1446	7	31	40	14528	361	31
1447	7	31	10	14544	3862	28
1448	18	6	10	14560	3714	35
1449	4	23	40	14576	1143	28
1450	21	17	10	14592	139	26
1451	4	23	30	14608	98	32
1452	21	17	20	14624	3716	28
1453	1	29	30	14640	2451	26
1454	1	29	30	14656	1897	29
1455	18	6	10	14672	1208	31
1456	4	23	10	14688	9977	35
1457	7	31	30	14704	2282	30
1458	21	17	20	14720	2297	32
1459	1	29	20	14736	8342	31
1460	21	17	30	14752	3757	29
1461	7	31	30	14768	1307	34
1462	4	23	40	14800	14851	27
1463	7	31	10	14809	415	28
1464	18	6	10	14818	2489	27
1465	18	6	40	14827	961	29
1466	4	23	10	14836	4943	29
1467	7	31	10	14845	5117	25
1468	1	29	40	14854	898	32
1469	7	31	30	14863	12600	25
1470	18	6	40	14872	2448	34
1471	21	17	30	14881	6733	28
1472	7	31	30	14890	2579	26
1473	21	17	30	14899	1385	25
1474	18	6	10	14908	2740	31
1475	4	23	10	14917	999	29
1476	1	29	40	14926	1764	26
1477	7	31	30	14935	575	25
1478	21	17	10	14944	1312	34
1479	4	23	30	14953	1510	25
1480	4	23	30	14962	3021	33
1481	18	6	10	14971	2424	29
1482	4	23	40	14980	1907	35
1483	18	6	40	14989	10566	34
1484	18	6	10	14998	707	35
1485	1	29	10	15007	4303	30
1486	1	29	10	15016	628	30
1487	4	23	40	15025	1025	28
1488	1	29	30	15034	5846	34
1489	1	29	30	15043	763	27
1490	1	29	10	15052	8257	35
1491	21	17	40	15061	2287	33
1492	18	6	40	15070	2424	28
1493	18	6	20	15079	5675	33
1494	1	29	40	15088	22486	35
1495	4	23	40	15097	46	28
1496	4	23	20	15106	8265	27
1497	7	31	40	15115	4510	32
1498	1	29	10	15124	160	33
1499	1	29	30	15133	6853	29
1500	21	17	20	15142	2739	31
1501	1	29	40	15151	1813	30
1502	4	23	10	15160	2165	31
1503	4	23	30	15169	4173	35
1504	18	6	40	15200	6259	29
1505	1	29	30	15209	993	34
1506	21	17	40	15218	3185	31
1507	21	17	40	15227	1498	27
1508	21	17	20	15236	13109	31
1509	7	31	20	15245	681	35
1510	18	6	10	15254	9373	30
1511	7	31	20	15263	6119	35
1512	21	17	30	15272	674	32
1513	4	23	30	15281	522	31
1514	7	31	30	15290	1696	33
1515	7	31	20	15299	671	25
1516	18	6	40	15308	9192	35
1517	18	6	10	15317	191	29
1518	18	6	10	15326	11028	28
1519	18	6	10	15335	6524	33
1520	18	6	30	15344	283	34
1521	21	17	20	15353	2640	25
1522	7	31	20	15362	12288	26
1523	1	29	20	15371	111	29
1524	4	23	20	15380	351	25
1525	4	23	40	15389	90	26
1526	4	23	40	15398	1783	35
1527	18	6	20	15407	5053	29
1528	21	17	30	15416	1405	25
1529	7	31	10	15425	2648	27
1530	21	17	40	15434	1709	27
1531	18	6	10	15443	4563	30
1532	7	31	30	15452	397	27
1533	7	31	30	15461	2464	29
1534	4	23	20	15470	6829	30
1535	4	23	40	15479	724	27
1536	7	31	40	15488	148	33
1537	21	17	20	15497	5259	35
1538	1	29	40	15506	593	29
1539	1	29	30	15515	11403	25
1540	1	29	20	15524	466	35
1541	18	6	20	15533	7157	28
1542	4	23	20	15542	1225	33
1543	4	23	10	15551	3782	34
1544	7	31	20	15560	1257	33
1545	4	23	40	15600	375	25
1546	1	29	20	15611	1316	25
1547	21	17	10	15622	1613	32
1548	7	31	30	15633	2127	35
1549	4	23	30	15644	7375	35
1550	18	6	10	15655	475	29
1551	18	6	10	15666	7007	34
1552	18	6	30	15677	5383	28
1553	7	31	10	15688	1072	35
1554	21	17	40	15699	5567	30
1555	21	17	10	15710	50	30
1556	4	23	20	15721	2116	28
1557	4	23	40	15732	1981	27
1558	21	17	10	15743	3317	35
1559	7	31	10	15754	5854	28
1560	4	23	30	15765	7869	34
1561	4	23	20	15776	7128	26
1562	21	17	10	15787	64	27
1563	18	6	20	15798	2600	28
1564	7	31	30	15809	6617	33
1565	21	17	10	15820	1011	35
1566	21	17	40	15831	4669	32
1567	1	29	40	15842	4752	28
1568	21	17	10	15853	1448	26
1569	1	29	30	15864	793	31
1570	21	17	30	15875	502	28
1571	18	6	20	15886	736	35
1572	1	29	20	15897	9585	35
1573	1	29	30	15908	20683	27
1574	1	29	40	15919	4740	34
1575	1	29	20	15930	1073	31
1576	4	23	40	15941	990	28
1577	18	6	20	15952	1674	28
1578	18	6	40	15963	5671	32
1579	1	29	30	15974	20724	35
1580	4	23	20	16000	5418	26
1581	7	31	30	16008	112	27
1582	7	31	30	16016	1454	29
1583	4	23	10	16024	2424	26
1584	4	23	10	16032	1862	34
1585	7	31	30	16040	2946	29
1586	1	29	20	16048	11309	27
1587	1	29	20	16056	7848	27
1588	21	17	30	16064	4931	34
1589	7	31	20	16072	6561	35
1590	1	29	30	16080	5621	34
1591	18	6	40	16088	4151	31
1592	1	29	10	16096	734	35
1593	18	6	30	16104	1843	26
1594	7	31	40	16112	342	27
1595	7	31	40	16120	1304	33
1596	18	6	10	16128	6790	25
1597	18	6	10	16136	6165	30
1598	7	31	30	16144	6494	25
1599	21	17	10	16152	189	34
1600	4	23	40	16160	2048	28
1601	21	17	20	16168	3519	33
1602	21	17	40	16176	114	31
1603	7	31	40	16184	1058	29
1604	4	23	40	16192	5144	32
1605	21	17	30	16200	11528	29
1606	18	6	40	16208	9983	34
1607	18	6	40	16216	5471	25
1608	4	23	20	16224	3113	26
1609	7	31	20	16232	2902	35
1610	4	23	10	16240	6305	27
1611	18	6	40	16248	285	25
1612	1	29	10	16256	4007	30
1613	21	17	30	16264	3369	25
1614	18	6	30	16272	108	26
1615	7	31	10	16280	7145	31
1616	21	17	40	16288	2993	32
1617	4	23	10	16296	3297	26
1618	21	17	10	16304	447	29
1619	1	29	40	16312	1355	29
1620	21	17	40	16320	1328	32
1621	21	17	20	16328	7074	30
1622	18	6	20	16336	17258	29
1623	18	6	40	16344	2754	27
1624	1	29	10	16352	2215	32
1625	7	31	30	16400	2557	32
1626	18	6	20	16410	1	25
1627	7	31	30	16420	3103	33
1628	4	23	40	16430	9735	25
1629	4	23	40	16440	2151	25
1630	21	17	20	16450	2168	30
1631	1	29	30	16460	2272	34
1632	4	23	30	16470	3099	28
1633	4	23	30	16480	4973	34
1634	7	31	30	16490	3601	31
1635	4	23	40	16500	682	28
1636	21	17	40	16510	31251	32
1637	21	17	30	16520	300	25
1638	21	17	10	16530	5250	29
1639	4	23	30	16540	2236	30
1640	4	23	40	16550	3702	30
1641	7	31	20	16560	870	27
1642	4	23	10	16570	1534	25
1643	1	29	20	16580	855	35
1644	18	6	10	16590	51	32
1645	21	17	30	16600	4631	34
1646	1	29	40	16610	52	25
1647	1	29	30	16620	3650	35
1648	21	17	10	16630	1678	35
1649	21	17	40	16640	1148	31
1650	21	17	10	16650	5567	25
1651	21	17	10	16660	1179	35
1652	4	23	10	16670	4559	25
1653	7	31	40	16680	2896	31
1654	21	17	20	16690	5767	26
1655	4	23	30	16700	3388	34
1656	4	23	10	16710	3650	29
1657	7	31	10	16720	3023	28
1658	4	23	40	16730	6583	32
1659	21	17	20	16740	1157	35
1660	4	23	10	16750	11509	29
1661	4	23	20	16760	1898	25
1662	7	31	10	16770	7159	35
1663	21	17	20	16780	533	25
1664	21	17	40	16800	410	29
1665	18	6	20	16810	1784	29
1666	7	31	20	16820	3016	33
1667	7	31	20	16830	10163	32
1668	18	6	40	16840	14874	29
1669	21	17	30	16850	8156	34
1670	21	17	20	16860	7154	35
1671	21	17	10	16870	2424	32
1672	4	23	40	16880	7102	32
1673	18	6	20	16890	4526	35
1674	4	23	10	16900	4606	35
1675	1	29	20	16910	364	30
1676	18	6	20	16920	2860	29
1677	18	6	40	16930	6319	29
1678	21	17	30	16940	2653	30
1679	1	29	20	16950	5379	34
1680	4	23	40	16960	2459	32
1681	1	29	40	16970	2054	25
1682	7	31	30	16980	877	34
1683	4	23	10	16990	4347	30
1684	7	31	40	17000	4369	25
1685	21	17	20	17010	712	31
1686	7	31	30	17020	5596	33
1687	7	31	40	17030	97	32
1688	7	31	20	17040	11835	32
1689	1	29	10	17050	89	32
1690	21	17	40	17060	3268	35
1691	1	29	30	17070	2533	29
1692	18	6	40	17080	1232	29
1693	1	29	40	17090	2612	29
1694	21	17	30	17100	2650	26
1695	21	17	20	17110	1023	29
1696	1	29	20	17120	1800	27
1697	7	31	30	17130	861	25
1698	1	29	20	17140	400	31
1699	1	29	40	17150	4232	28
1700	1	29	20	17160	679	25
1701	4	23	30	17170	385	28
1702	21	17	30	17180	3899	31
1703	1	29	20	17190	2560	26
1704	1	29	30	17200	2156	32
1705	21	17	40	17214	1409	29
1706	4	23	10	17228	2211	27
1707	1	29	40	17242	10	26
1708	1	29	40	17256	7122	32
1709	7	31	10	17270	4511	31
1710	18	6	10	17284	249	30
1711	18	6	10	17298	6528	35
1712	7	31	20	17312	186	33
1713	4	23	20	17326	280	34
1714	4	23	30	17340	6280	28
1715	18	6	20	17354	3123	29
1716	7	31	40	17368	798	27
1717	18	6	40	17382	746	30
1718	18	6	20	17396	2466	25
1719	21	17	30	17410	10888	33
1720	4	23	40	17424	3732	31
1721	21	17	20	17438	2817	26
1722	1	29	10	17452	14459	35
1723	1	29	40	17466	12278	32
1724	21	17	40	17480	1493	34
1725	21	17	30	17494	1808	30
1726	4	23	10	17508	839	28
1727	18	6	40	17522	1729	27
1728	18	6	40	17536	857	34
1729	4	23	30	17550	2450	30
1730	1	29	10	17564	5159	28
1731	7	31	30	17600	1526	28
1732	18	6	30	17609	4800	34
1733	21	17	40	17618	7135	27
1734	1	29	10	17627	3499	33
1735	1	29	10	17636	1832	28
1736	18	6	20	17645	6037	29
1737	4	23	10	17654	5152	32
1738	4	23	30	17663	1129	34
1739	7	31	10	17672	1833	32
1740	4	23	10	17681	5364	28
1741	4	23	40	17690	5553	32
1742	4	23	10	17699	855	35
1743	21	17	10	17708	1268	26
1744	21	17	40	17717	13044	27
1745	7	31	30	17726	5605	25
1746	18	6	20	17735	2204	31
1747	21	17	20	17744	879	30
1748	7	31	20	17753	4653	26
1749	7	31	20	17762	11426	33
1750	18	6	30	17771	183	26
1751	21	17	20	17780	853	33
1752	18	6	10	17789	5288	25
1753	1	29	30	17798	701	33
1754	4	23	40	17807	189	32
1755	1	29	10	17816	4207	35
1756	4	23	20	17825	505	28
1757	21	17	30	17834	4425	34
1758	18	6	20	17843	703	28
1759	18	6	40	17852	218	26
1760	18	6	30	17861	455	26
1761	1	29	20	17870	306	35
1762	21	17	10	17879	6635	28
1763	7	31	10	17888	1869	26
1764	7	31	40	17897	12112	28
1765	4	23	30	17906	5439	26
1766	21	17	30	17915	446	26
1767	21	17	30	17924	960	30
1768	4	23	20	17933	2651	25
1769	18	6	20	17942	2209	35
1770	1	29	10	17951	5759	35
1771	1	29	30	17960	2440	31
1772	7	31	20	17969	10330	31
1773	4	23	20	18000	388	28
1774	4	23	20	18010	871	30
1775	21	17	10	18020	7755	35
1776	18	6	10	18030	1502	26
1777	18	6	40	18040	4832	34
1778	18	6	40	18050	19268	30
1779	1	29	20	18060	3264	33
1780	4	23	20	18070	11254	35
1781	4	23	30	18080	19229	33
1782	7	31	30	18090	4357	26
1783	7	31	20	18100	1153	25
1784	18	6	40	18110	2132	29
1785	18	6	30	18120	3042	30
1786	4	23	20	18130	3506	28
1787	1	29	40	18140	3088	25
1788	4	23	40	18150	6163	31
1789	21	17	40	18160	10772	33
1790	7	31	40	18170	1144	25
1791	18	6	30	18180	464	30
1792	1	29	40	18190	3311	29
1793	18	6	30	18200	856	33
1794	4	23	20	18210	1204	31
1795	4	23	40	18220	4371	28
1796	7	31	40	18230	11312	29
1797	21	17	40	18240	6840	34
1798	1	29	20	18250	1543	34
1799	18	6	20	18260	985	25
1800	7	31	40	18270	4177	35
1801	4	23	30	18280	943	26
1802	4	23	10	18290	4989	30
1803	18	6	10	18300	1221	27
1804	4	23	10	18310	791	34
1805	1	29	10	18320	3547	31
1806	1	29	40	18330	1246	26
1807	7	31	40	18340	4094	32
1808	7	31	10	18350	13416	28
1809	4	23	40	18360	843	33
1810	7	31	40	18370	1647	34
1811	1	29	30	18380	2161	30
1812	7	31	30	18390	4524	29
1813	18	6	10	18400	3698	30
1814	7	31	30	18410	480	27
1815	7	31	10	18420	492	28
1816	18	6	30	18430	2111	34
1817	18	6	30	18440	3276	27
1818	18	6	20	18450	12884	33
1819	4	23	10	18460	2171	33
1820	1	29	10	18470	695	34
1821	7	31	40	18480	3354	25
1822	4	23	30	18490	2232	35
1823	4	23	20	18500	3214	27
1824	7	31	20	18510	772	34
1825	7	31	30	18520	4236	29
1826	21	17	40	18530	8966	26
1827	18	6	30	18540	5261	34
1828	1	29	10	18550	7150	33
1829	21	17	30	18560	3029	26
1830	18	6	10	18570	9873	30
1831	4	23	10	18580	2724	28
1832	1	29	30	18590	1918	25
1833	21	17	30	18600	5941	29
1834	18	6	20	18610	9622	34
1835	21	17	30	18620	5235	33
1836	1	29	30	18630	1308	28
1837	4	23	30	18640	2046	34
1838	18	6	20	18650	294	27
1839	18	6	40	18660	6976	33
1840	1	29	40	18670	1231	29
1841	7	31	30	18680	11461	31
1842	4	23	30	18690	3402	33
1843	21	17	40	18700	3622	34
1844	1	29	10	18710	3612	35
1845	4	23	20	18720	7120	31
1846	7	31	40	18730	2265	26
1847	21	17	30	18740	12847	34
1848	4	23	40	18750	332	31
1849	7	31	10	18760	622	27
1850	18	6	10	18770	1175	29
1851	18	6	20	18780	1922	27
1852	7	31	30	18800	7837	25
1853	4	23	10	18808	9260	25
1854	18	6	10	18816	242	26
1855	21	17	10	18824	335	34
1856	1	29	40	18832	6101	26
1857	21	17	40	18840	699	27
1858	4	23	30	18848	366	28
1859	7	31	30	18856	2988	29
1860	1	29	10	18864	4741	30
1861	21	17	10	18872	3072	28
1862	7	31	30	18880	6602	34
1863	7	31	30	18888	2276	26
1864	1	29	40	18896	1285	27
1865	18	6	40	18904	7424	30
1866	1	29	10	18912	148	29
1867	21	17	10	18920	9361	35
1868	21	17	40	18928	4730	32
1869	7	31	10	18936	1933	29
1870	7	31	20	18944	7250	25
1871	7	31	10	18952	38	35
1872	1	29	10	18960	2679	35
1873	1	29	30	18968	579	25
1874	4	23	20	18976	669	29
1875	4	23	30	18984	976	27
1876	18	6	10	18992	21077	28
1877	4	23	40	19000	7134	26
1878	4	23	20	19008	12648	27
1879	18	6	10	19016	1687	28
1880	1	29	40	19024	998	27
1881	1	29	10	19032	10872	28
1882	7	31	40	19040	4220	28
1883	18	6	40	19048	4665	31
1884	7	31	20	19056	1294	33
1885	21	17	40	19064	3050	28
1886	7	31	30	19072	4030	28
1887	4	23	30	19080	2614	35
1888	4	23	30	19088	5018	27
1889	18	6	10	19096	7074	25
1890	21	17	30	19104	11780	32
1891	1	29	40	19112	505	26
1892	1	29	40	19120	1501	31
1893	4	23	30	19128	3147	34
1894	1	29	30	19136	560	28
1895	1	29	30	19144	5219	25
1896	21	17	40	19152	579	33
1897	21	17	40	19200	598	31
1898	7	31	10	19208	1547	31
1899	7	31	20	19216	5560	30
1900	4	23	10	19224	6339	26
1901	21	17	40	19232	3009	26
1902	21	17	40	19240	1238	27
1903	21	17	40	19248	4769	26
1904	21	17	40	19256	1469	26
1905	7	31	40	19264	1123	29
1906	18	6	10	19272	8954	28
1907	4	23	40	19280	5151	25
1908	1	29	30	19288	5500	32
1909	21	17	30	19296	7386	35
1910	7	31	40	19304	357	30
1911	4	23	10	19312	12021	25
1912	4	23	20	19320	906	35
1913	18	6	20	19328	5438	35
1914	7	31	40	19336	1457	26
1915	1	29	10	19344	5714	26
1916	1	29	20	19352	8623	35
1917	18	6	40	19360	509	27
1918	1	29	10	19368	685	29
1919	18	6	40	19376	5406	35
1920	4	23	10	19384	936	27
1921	4	23	20	19392	3252	30
1922	18	6	20	19400	837	32
1923	4	23	30	19408	7982	32
1924	21	17	20	19416	2289	33
1925	7	31	30	19424	5064	35
1926	4	23	20	19432	4771	29
1927	4	23	30	19440	11498	26
1928	21	17	10	19448	16	33
1929	18	6	40	19456	2215	28
1930	4	23	30	19464	340	30
1931	18	6	10	19472	7749	32
1932	7	31	30	19480	2862	30
1933	7	31	40	19488	926	33
1934	21	17	40	19496	3187	27
1935	1	29	40	19504	4712	26
1936	1	29	20	19512	4408	25
1937	21	17	10	19520	12439	26
1938	18	6	10	19528	1919	29
1939	1	29	30	19536	128	28
1940	4	23	40	19544	4088	35
1941	18	6	40	19552	9664	27
1942	4	23	40	19600	5276	27
1943	7	31	10	19612	8241	28
1944	7	31	10	19624	5449	30
1945	18	6	20	19636	23134	31
1946	4	23	20	19648	9904	26
1947	21	17	30	19660	3374	31
1948	21	17	30	19672	1094	32
1949	1	29	30	19684	1851	26
1950	1	29	10	19696	7447	26
1951	7	31	10	19708	61	30
1952	21	17	40	19720	15944	27
1953	4	23	20	19732	3467	31
1954	1	29	10	19744	3125	27
1955	21	17	30	19756	1089	31
1956	7	31	20	19768	1660	29
1957	4	23	10	19780	2057	31
1958	1	29	20	19792	1207	29
1959	18	6	10	19804	3559	27
1960	1	29	30	19816	3178	25
1961	21	17	20	19828	11969	27
1962	4	23	40	19840	5093	28
1963	7	31	30	19852	1554	29
1964	18	6	40	19864	5719	29
1965	4	23	40	19876	1043	34
1966	7	31	20	19888	2314	30
1967	21	17	20	19900	22131	26
1968	4	23	20	19912	862	32
1969	4	23	40	19924	3799	25
1970	1	29	30	19936	388	26
1971	1	29	20	19948	10569	34
1972	21	17	30	19960	5365	34
1973	1	29	30	20000	538	25
1974	7	31	10	20014	425	35
1975	18	6	20	20028	1415	35
1976	21	17	30	20042	6947	28
1977	7	31	10	20056	1520	29
1978	21	17	30	20070	511	26
1979	4	23	10	20084	2311	26
1980	1	29	20	20098	6481	33
1981	7	31	30	20112	542	33
1982	4	23	10	20126	4872	29
1983	21	17	30	20140	4016	31
1984	1	29	30	20154	3476	27
1985	21	17	30	20168	274	25
1986	4	23	20	20182	8301	30
1987	18	6	20	20196	10717	35
1988	4	23	40	20210	4368	31
1989	21	17	10	20224	1488	32
1990	4	23	30	20238	1737	32
1991	7	31	10	20252	1235	29
1992	21	17	30	20266	4746	32
1993	1	29	40	20280	6276	27
1994	21	17	40	20294	2640	28
1995	7	31	20	20308	4689	33
1996	7	31	40	20322	845	35
1997	7	31	10	20336	2115	33
1998	18	6	20	20350	474	35
1999	1	29	20	20364	2889	32
