0	18	6	40	0	118	42
1	21	17	10	9	230	45
2	18	6	30	18	468	40
3	7	31	40	27	3239	44
4	21	17	40	36	5576	44
5	4	23	30	45	7909	37
6	18	6	20	54	4337	35
7	4	23	40	63	5982	42
8	4	23	40	72	6883	45
9	7	31	10	81	9	35
10	21	17	10	90	7548	36
11	18	6	30	99	3300	37
12	21	17	30	108	1458	38
13	21	17	10	117	2018	42
14	7	31	30	126	2977	37
15	18	6	40	135	287	41
16	21	17	10	144	4835	38
17	21	17	30	153	429	36
18	4	23	20	162	8249	37
19	7	31	20	171	2411	41
20	7	31	10	180	6461	35
21	21	17	20	189	800	41
22	18	6	40	198	1136	36
23	1	29	10	207	3623	44
24	4	23	30	216	7857	39
25	7	31	30	225	2443	43
26	4	23	20	234	3794	45
27	1	29	40	243	155	37
28	7	31	10	252	1981	37
29	1	29	20	261	5414	40
30	18	6	30	270	8057	36
31	18	6	10	279	3751	43
32	21	17	10	288	267	36
33	21	17	10	297	281	44
34	18	6	20	306	7	40
35	7	31	30	315	1056	37
36	4	23	10	324	8456	40
37	21	17	10	333	493	40
38	18	6	20	342	11583	42
39	21	17	40	351	6491	37
40	21	17	10	360	2408	38
41	18	6	40	400	16660	37
42	1	29	30	410	8836	43
43	4	23	20	420	2559	38
44	18	6	40	430	9011	44
45	1	29	30	440	5582	39
46	4	23	20	450	6010	36
47	4	23	20	460	13051	41
48	1	29	10	470	271	38
49	7	31	40	480	8481	40
50	4	23	10	490	419	38
51	21	17	30	500	10247	41
52	18	6	20	510	47	45
53	7	31	40	520	3291	36
54	4	23	20	530	990	37
55	4	23	30	540	7529	36
56	7	31	20	550	6615	44
57	18	6	30	560	2891	42
58	18	6	10	570	4754	39
59	18	6	20	580	1397	36
60	21	17	10	590	1144	38
61	18	6	30	600	3910	44
62	7	31	40	610	1945	39
63	4	23	20	620	331	39
64	18	6	30	630	583	44
65	4	23	10	640	1097	39
66	4	23	30	650	2748	36
67	21	17	20	660	1085	39
68	7	31	30	670	2006	36
69	1	29	40	680	1385	35
70	21	17	30	690	843	36
71	21	17	10	700	3522	44
72	4	23	20	710	682	39
73	4	23	20	720	291	35
74	21	17	10	730	1	37
75	4	23	10	740	6786	44
76	7	31	30	750	1376	43
77	7	31	20	760	5962	43
78	21	17	10	770	4827	35
79	4	23	10	780	454	35
80	1	29	10	800	4553	41
81	1	29	40	812	4210	38
82	1	29	30	824	14359	44
83	1	29	10	836	2859	42
84	4	23	20	848	4109	37
85	18	6	40	860	11511	40
86	21	17	40	872	3633	44
87	18	6	10	884	2804	45
88	4	23	40	896	7552	42
89	21	17	30	908	669	39
90	1	29	20	920	2202	39
91	18	6	30	932	1813	43
92	7	31	40	944	2183	35
93	21	17	40	956	4198	41
94	1	29	40	968	3228	44
95	7	31	30	980	7055	40
96	4	23	10	992	3658	43
97	7	31	10	1004	6658	38
98	1	29	40	1016	1642	39
99	7	31	40	1028	4256	39
100	7	31	40	1040	1179	37
101	7	31	10	1052	3104	43
102	21	17	40	1064	3351	39
103	21	17	20	1076	5929	38
104	21	17	10	1088	4683	38
105	4	23	40	1100	2886	39
106	18	6	20	1112	5807	36
107	7	31	40	1124	11355	44
108	7	31	30	1136	3287	44
109	1	29	20	1148	2061	39
110	7	31	10	1160	3253	38
111	21	17	40	1172	138	35
112	18	6	20	1200	6724	42
113	21	17	10	1209	3546	38
114	18	6	20	1218	3819	40
115	21	17	20	1227	3643	45
116	1	29	10	1236	4215	45
117	7	31	30	1245	8299	43
118	21	17	10	1254	2300	37
119	1	29	30	1263	852	39
120	4	23	20	1272	4121	40
121	1	29	20	1281	19885	36
122	4	23	20	1290	1970	43
123	7	31	40	1299	1099	43
124	21	17	20	1308	8140	41
125	4	23	10	1317	6984	39
126	18	6	10	1326	720	43
127	7	31	20	1335	2829	43
128	4	23	30	1344	2905	36
129	18	6	30	1353	753	43
130	21	17	40	1362	980	35
131	1	29	20	1371	2618	40
132	7	31	20	1380	2304	39
133	1	29	20	1389	188	41
134	7	31	10	1398	7644	43
135	18	6	10	1407	602	44
136	1	29	10	1416	349	44
137	1	29	10	1425	890	41
138	18	6	40	1434	6876	39
139	1	29	20	1443	547	43
140	21	17	30	1452	783	38
141	18	6	40	1461	4260	45
142	4	23	20	1470	11496	36
143	18	6	30	1479	2362	37
144	18	6	30	1488	3639	35
145	18	6	20	1497	1974	39
146	21	17	10	1506	3200	36
147	21	17	40	1515	7151	43
148	4	23	30	1524	141	36
149	18	6	20	1533	12497	45
150	4	23	20	1542	780	41
151	21	17	20	1551	5162	35
152	7	31	10	1560	1869	35
153	1	29	20	1600	625	35
154	1	29	20	1612	47	44
155	4	23	20	1624	1216	36
156	1	29	30	1636	654	45
157	1	29	40	1648	1584	42
158	1	29	40	1660	9355	43
159	18	6	10	1672	7992	45
160	18	6	40	1684	1718	42
161	7	31	40	1696	1198	39
162	1	29	20	1708	2214	43
163	4	23	10	1720	1968	36
164	1	29	20	1732	819	38
165	4	23	40	1744	317	43
166	1	29	20	1756	3625	41
167	18	6	10	1768	5842	36
168	1	29	40	1780	5325	40
169	21	17	20	1792	2580	41
170	7	31	20	1804	2887	36
171	1	29	40	1816	2405	39
172	4	23	30	1828	220	38
173	21	17	30	1840	1480	40
174	1	29	10	1852	57	35
175	18	6	20	1864	17651	41
176	4	23	40	1876	203	35
177	1	29	40	1888	11457	40
178	4	23	20	1900	4118	43
179	7	31	40	1912	2614	36
180	7	31	40	1924	1285	38
181	18	6	10	1936	1615	35
182	1	29	40	1948	2556	41
183	18	6	10	1960	3286	36
184	7	31	10	2000	20859	36
185	1	29	20	2011	2712	35
186	18	6	10	2022	452	40
187	4	23	10	2033	1387	38
188	1	29	40	2044	139	42
189	18	6	40	2055	3564	42
190	18	6	20	2066	18001	45
191	1	29	10	2077	5652	37
192	1	29	10	2088	1403	43
193	1	29	40	2099	12528	40
194	7	31	30	2110	6034	35
195	1	29	30	2121	10052	45
196	1	29	30	2132	1046	37
197	21	17	20	2143	3238	45
198	1	29	10	2154	1208	45
199	7	31	30	2165	2945	37
200	1	29	40	2176	6310	43
201	7	31	10	2187	6109	45
202	21	17	10	2198	407	37
203	7	31	10	2209	3278	41
204	4	23	10	2220	2333	44
205	4	23	30	2231	5168	36
206	4	23	40	2242	4449	42
207	21	17	30	2253	264	40
208	21	17	10	2264	560	45
209	21	17	10	2275	96	38
210	21	17	20	2286	956	36
211	21	17	30	2297	932	40
212	4	23	30	2308	4611	44
213	18	6	40	2319	2204	41
214	4	23	10	2330	3562	41
215	21	17	40	2341	68	42
216	7	31	40	2352	6178	43
217	21	17	10	2363	8004	41
218	7	31	10	2400	2003	45
219	1	29	40	2408	4721	38
220	1	29	30	2416	13942	38
221	7	31	20	2424	1443	38
222	1	29	10	2432	5292	39
223	7	31	40	2440	631	44
224	7	31	40	2448	2665	42
225	7	31	10	2456	5667	44
226	21	17	30	2464	678	41
227	18	6	40	2472	409	43
228	1	29	10	2480	3025	39
229	21	17	20	2488	400	36
230	1	29	40	2496	5671	39
231	4	23	30	2504	2729	35
232	21	17	30	2512	4586	41
233	7	31	30	2520	519	40
234	4	23	10	2528	4636	38
235	1	29	40	2536	2708	38
236	4	23	40	2544	1073	44
237	4	23	30	2552	9761	35
238	21	17	40	2560	504	38
239	18	6	20	2568	1254	35
240	7	31	30	2576	6887	38
241	4	23	30	2584	175	45
242	4	23	40	2592	709	39
243	18	6	40	2600	41	38
244	18	6	20	2608	1893	41
245	18	6	30	2616	6074	39
246	4	23	20	2624	300	38
247	7	31	10	2632	8228	36
248	4	23	30	2640	1827	44
249	7	31	40	2648	5739	39
250	4	23	40	2656	568	36
251	18	6	20	2664	1818	41
252	18	6	10	2672	701	45
253	1	29	20	2680	3355	41
254	7	31	10	2688	3209	45
255	18	6	30	2696	2698	40
256	4	23	10	2704	201	41
257	1	29	10	2712	12039	38
258	21	17	20	2720	302	45
259	7	31	40	2728	4613	45
260	4	23	40	2736	3370	41
261	1	29	40	2744	3412	45
262	7	31	30	2752	3049	35
263	21	17	40	2760	144	43
264	7	31	10	2800	1237	45
265	18	6	40	2811	5065	35
266	1	29	10	2822	2982	44
267	7	31	10	2833	3307	39
268	7	31	40	2844	5350	38
269	4	23	20	2855	411	38
270	4	23	40	2866	6083	44
271	18	6	10	2877	8277	43
272	1	29	20	2888	5488	37
273	4	23	30	2899	533	45
274	4	23	10	2910	8209	45
275	7	31	10	2921	10437	38
276	1	29	20	2932	605	44
277	21	17	10	2943	5140	35
278	18	6	30	2954	5861	38
279	4	23	10	2965	4889	37
280	18	6	40	2976	4622	41
281	18	6	20	2987	1334	39
282	21	17	10	2998	5245	44
283	4	23	20	3009	5857	35
284	4	23	20	3020	13166	45
285	21	17	30	3031	1993	43
286	18	6	30	3042	1624	35
287	21	17	20	3053	486	45
288	1	29	30	3064	3375	41
289	1	29	20	3075	870	43
290	4	23	30	3086	2338	42
291	18	6	40	3097	1340	40
292	4	23	20	3108	7329	35
293	1	29	40	3119	2276	39
294	21	17	20	3130	4813	39
295	4	23	40	3141	1136	39
296	7	31	10	3152	2849	44
297	4	23	10	3163	543	41
298	4	23	40	3174	5452	39
299	1	29	30	3200	4302	40
300	18	6	30	3212	1179	40
301	7	31	20	3224	2851	45
302	21	17	20	3236	578	44
303	21	17	20	3248	1253	41
304	1	29	10	3260	15713	41
305	1	29	30	3272	1197	39
306	1	29	40	3284	3858	38
307	21	17	20	3296	146	35
308	7	31	10	3308	4766	42
309	21	17	40	3320	3927	41
310	18	6	20	3332	1724	42
311	4	23	40	3344	1576	40
312	7	31	30	3356	801	35
313	18	6	10	3368	1831	42
314	4	23	10	3380	28793	39
315	18	6	30	3392	1345	36
316	1	29	30	3404	7416	35
317	18	6	10	3416	5786	35
318	4	23	20	3428	301	43
319	7	31	20	3440	8276	37
320	21	17	10	3452	1940	45
321	1	29	30	3464	2118	45
322	7	31	30	3476	19624	43
323	7	31	30	3488	3122	40
324	21	17	30	3500	4256	41
325	18	6	40	3512	2746	38
326	7	31	40	3524	137	42
327	1	29	20	3536	1498	44
328	4	23	10	3548	2213	40
329	21	17	20	3560	3915	41
330	21	17	10	3572	2157	39
331	7	31	20	3584	53	37
332	4	23	20	3600	15503	42
333	18	6	10	3611	466	43
334	18	6	20	3622	2392	42
335	4	23	30	3633	771	42
336	18	6	10	3644	645	41
337	21	17	40	3655	2475	38
338	18	6	20	3666	6213	40
339	18	6	40	3677	4871	41
340	21	17	30	3688	5940	39
341	4	23	10	3699	1413	35
342	18	6	10	3710	2166	38
343	1	29	30	3721	11572	45
344	21	17	40	3732	7465	36
345	1	29	30	3743	497	37
346	4	23	20	3754	435	39
347	1	29	10	3765	2558	38
348	4	23	40	3776	2281	45
349	4	23	40	3787	2139	38
350	4	23	10	3798	2069	39
351	18	6	40	3809	5464	44
352	1	29	30	3820	223	44
353	7	31	20	3831	8174	37
354	1	29	20	3842	1283	40
355	1	29	10	3853	7437	41
356	1	29	30	3864	2912	36
357	18	6	30	3875	3593	38
358	21	17	30	3886	3808	35
359	21	17	10	3897	2643	37
360	4	23	30	3908	1018	43
361	1	29	30	3919	1463	40
362	18	6	10	3930	3777	40
363	7	31	40	3941	298	35
364	1	29	40	3952	935	37
365	7	31	10	3963	1643	39
366	1	29	30	4000	1701	44
367	18	6	20	4010	296	37
368	1	29	40	4020	9969	35
369	21	17	20	4030	6947	43
370	1	29	20	4040	587	41
371	1	29	40	4050	1924	42
372	1	29	40	4060	14947	41
373	1	29	30	4070	1838	37
374	21	17	40	4080	422	43
375	4	23	10	4090	362	45
376	21	17	30	4100	19809	42
377	4	23	10	4110	196	44
378	7	31	30	4120	4770	38
379	21	17	10	4130	3088	38
380	7	31	30	4140	2001	44
381	4	23	40	4150	3295	38
382	4	23	30	4160	8404	44
383	1	29	20	4170	43	37
384	4	23	10	4180	995	36
385	4	23	10	4190	4458	41
386	4	23	30	4200	12779	39
387	7	31	40	4210	460	40
388	18	6	30	4220	7222	38
389	1	29	20	4230	3724	36
390	4	23	40	4240	4292	40
391	21	17	30	4250	3250	37
392	21	17	20	4260	7519	38
393	4	23	10	4270	1454	37
394	21	17	10	4280	2610	44
395	7	31	40	4290	2517	45
396	18	6	40	4300	4641	40
397	4	23	20	4310	1699	37
398	1	29	30	4320	5329	43
399	18	6	40	4330	2840	43
400	21	17	10	4340	5887	39
401	1	29	40	4350	128	37
402	1	29	20	4360	3240	38
403	4	23	20	4370	3774	37
404	4	23	30	4380	1301	43
405	18	6	20	4400	89	42
406	18	6	40	4410	5856	38
407	1	29	10	4420	4631	41
408	21	17	20	4430	5883	39
409	4	23	10	4440	831	41
410	1	29	20	4450	7622	44
411	7	31	30	4460	2533	37
412	7	31	40	4470	9058	35
413	1	29	30	4480	316	42
414	1	29	20	4490	376	38
415	21	17	40	4500	4358	39
416	4	23	10	4510	2240	41
417	18	6	40	4520	3668	38
418	18	6	30	4530	7632	44
419	4	23	30	4540	3075	42
420	1	29	20	4550	1898	45
421	4	23	30	4560	1085	38
422	21	17	40	4570	1076	45
423	1	29	20	4580	1492	44
424	4	23	30	4590	725	37
425	1	29	40	4600	3471	38
426	1	29	20	4610	3058	39
427	7	31	30	4620	4450	38
428	1	29	20	4630	8800	39
429	1	29	40	4640	4010	44
430	1	29	20	4650	2044	39
431	4	23	20	4660	4161	40
432	18	6	20	4670	1495	36
433	18	6	40	4680	833	40
434	21	17	40	4690	5834	45
435	4	23	40	4700	1798	42
436	4	23	20	4710	24	45
437	1	29	10	4720	1241	42
438	4	23	30	4730	5282	40
439	18	6	40	4740	884	40
440	18	6	20	4750	9341	37
441	4	23	30	4760	1276	44
442	7	31	20	4770	1653	36
443	21	17	30	4780	4175	42
444	21	17	10	4800	5620	37
445	21	17	20	4810	837	37
446	18	6	30	4820	4318	37
447	21	17	40	4830	5899	41
448	18	6	40	4840	968	45
449	1	29	10	4850	6763	39
450	18	6	40	4860	156	38
451	1	29	40	4870	360	37
452	18	6	30	4880	2729	38
453	7	31	10	4890	890	36
454	1	29	20	4900	559	44
455	4	23	20	4910	3044	35
456	1	29	40	4920	6351	38
457	1	29	10	4930	1118	40
458	1	29	40	4940	2355	35
459	4	23	40	4950	4783	39
460	1	29	40	4960	2673	38
461	7	31	20	4970	410	35
462	1	29	30	4980	6371	37
463	7	31	30	4990	590	40
464	18	6	40	5000	6197	37
465	7	31	10	5010	915	39
466	4	23	20	5020	684	36
467	18	6	10	5030	4923	40
468	1	29	30	5040	1476	42
469	7	31	20	5050	5204	42
470	18	6	30	5060	4287	40
471	4	23	40	5070	706	45
472	7	31	10	5080	8078	43
473	1	29	40	5090	4237	39
474	1	29	20	5100	4012	39
475	7	31	40	5110	442	36
476	7	31	20	5120	9174	37
477	1	29	20	5130	3547	37
478	1	29	20	5140	3254	41
479	7	31	10	5150	15078	45
480	21	17	10	5160	10099	36
481	18	6	30	5200	5764	43
482	18	6	40	5211	2437	38
483	21	17	20	5222	305	45
484	21	17	40	5233	3613	41
485	1	29	20	5244	1506	36
486	1	29	40	5255	660	36
487	4	23	20	5266	476	45
488	1	29	20	5277	237	42
489	4	23	20	5288	1069	45
490	18	6	40	5299	3343	39
491	4	23	20	5310	5744	40
492	21	17	20	5321	6900	41
493	1	29	40	5332	144	35
494	1	29	40	5343	4963	36
495	4	23	40	5354	6554	37
496	4	23	40	5365	2588	41
497	1	29	40	5376	899	41
498	4	23	30	5387	7871	40
499	1	29	10	5398	3194	44
500	4	23	40	5409	128	35
501	21	17	30	5420	12169	42
502	7	31	10	5431	2483	45
503	7	31	20	5442	2672	38
504	21	17	30	5453	687	45
505	21	17	10	5464	8360	39
506	18	6	30	5475	988	40
507	1	29	30	5486	7361	44
508	4	23	30	5497	3342	42
509	4	23	30	5508	104	43
510	7	31	10	5519	4017	44
511	1	29	30	5530	930	35
512	21	17	30	5541	4648	44
513	18	6	30	5552	2524	35
514	7	31	30	5563	6013	38
515	7	31	20	5574	5151	40
516	18	6	30	5585	4099	42
517	1	29	20	5600	5135	38
518	21	17	30	5610	3126	45
519	18	6	20	5620	2567	35
520	7	31	10	5630	215	37
521	21	17	10	5640	184	36
522	1	29	30	5650	4203	44
523	4	23	10	5660	308	43
524	18	6	20	5670	703	37
525	7	31	10	5680	9033	45
526	4	23	30	5690	1662	38
527	7	31	20	5700	7129	43
528	21	17	10	5710	11419	37
529	7	31	20	5720	7029	37
530	18	6	10	5730	3957	40
531	7	31	20	5740	4785	41
532	7	31	30	5750	5204	43
533	21	17	20	5760	26	43
534	18	6	20	5770	11630	44
535	21	17	30	5780	13724	39
536	4	23	20	5790	1431	44
537	7	31	20	5800	13894	35
538	1	29	30	5810	9887	35
539	1	29	40	5820	5070	37
540	21	17	40	5830	398	42
541	1	29	10	5840	1489	38
542	21	17	30	5850	3157	38
543	7	31	40	5860	128	44
544	21	17	20	5870	3673	35
545	18	6	20	5880	1778	38
546	7	31	30	5890	311	42
547	7	31	30	5900	1746	41
548	4	23	10	5910	1193	43
549	18	6	20	5920	17292	42
550	1	29	20	5930	719	41
551	18	6	20	5940	5600	37
552	1	29	10	5950	4303	42
553	18	6	20	5960	1954	39
554	4	23	40	5970	2753	41
555	4	23	40	5980	17206	45
556	7	31	40	5990	1437	44
557	1	29	40	6000	1966	36
558	18	6	10	6012	1578	35
559	1	29	20	6024	1218	45
560	18	6	30	6036	3073	35
561	7	31	20	6048	1959	42
562	18	6	30	6060	9163	41
563	21	17	20	6072	5370	40
564	1	29	30	6084	2027	37
565	21	17	30	6096	10998	37
566	18	6	10	6108	2614	38
567	1	29	20	6120	4563	35
568	1	29	20	6132	2958	36
569	7	31	10	6144	6642	44
570	18	6	40	6156	2201	42
571	7	31	20	6168	4461	41
572	21	17	40	6180	6590	38
573	21	17	40	6192	6946	43
574	4	23	30	6204	1904	39
575	7	31	10	6216	5412	45
576	1	29	30	6228	2766	44
577	4	23	40	6240	3857	45
578	7	31	40	6252	2565	42
579	21	17	10	6264	6485	45
580	1	29	30	6276	6870	38
581	21	17	40	6288	17161	43
582	18	6	20	6300	3411	35
583	7	31	30	6312	12466	41
584	7	31	40	6324	4350	41
585	21	17	30	6336	8311	38
586	7	31	20	6348	157	45
587	4	23	10	6360	1669	38
588	18	6	20	6372	2845	37
589	21	17	20	6400	12771	45
590	1	29	40	6420	4383	41
591	18	6	20	6440	9745	42
592	4	23	10	6460	4119	35
593	1	29	20	6480	4234	35
594	7	31	20	6500	804	36
595	18	6	30	6520	4919	45
596	7	31	20	6540	2124	42
597	1	29	10	6560	6581	43
598	4	23	20	6580	4020	42
599	21	17	30	6600	4371	44
600	1	29	10	6620	8448	45
601	4	23	20	6640	2006	41
602	4	23	20	6660	7114	39
603	7	31	40	6680	2376	44
604	1	29	20	6700	3315	45
605	4	23	10	6720	2711	45
606	4	23	30	6740	11669	45
607	18	6	20	6760	7210	45
608	7	31	40	6780	30	45
609	21	17	30	6800	5644	41
610	4	23	20	6810	2671	35
611	18	6	40	6820	4597	44
612	4	23	10	6830	9857	40
613	18	6	40	6840	2966	35
614	21	17	40	6850	2333	41
615	4	23	30	6860	3193	38
616	18	6	40	6870	6714	42
617	4	23	10	6880	11468	35
618	18	6	20	6890	315	44
619	18	6	40	6900	2960	45
620	18	6	20	6910	9106	37
621	7	31	10	6920	596	45
622	7	31	40	6930	752	44
623	18	6	40	6940	3317	37
624	4	23	20	6950	622	37
625	21	17	20	6960	2859	35
626	18	6	10	6970	118	41
627	7	31	20	6980	670	37
628	1	29	20	6990	4105	41
629	1	29	40	7000	4449	40
630	21	17	40	7010	1598	38
631	21	17	20	7020	4712	35
632	21	17	30	7030	16737	38
633	7	31	10	7040	6614	43
634	21	17	10	7050	10274	45
635	4	23	10	7060	2220	43
636	18	6	20	7070	674	39
637	4	23	20	7080	538	36
638	4	23	10	7090	1991	41
639	18	6	30	7100	748	42
640	18	6	40	7110	10572	38
641	18	6	10	7120	910	45
642	7	31	10	7130	1623	39
643	4	23	40	7140	5591	41
644	18	6	10	7150	2552	45
645	21	17	40	7160	16213	42
646	21	17	20	7170	24119	37
647	1	29	20	7180	508	45
648	1	29	20	7190	948	40
649	18	6	30	7200	4001	44
650	21	17	30	7209	8988	37
651	18	6	10	7218	2531	42
652	21	17	40	7227	5254	45
653	18	6	20	7236	471	43
654	7	31	20	7245	5833	41
655	18	6	10	7254	5395	45
656	21	17	20	7263	1009	43
657	18	6	20	7272	1244	37
658	18	6	30	7281	1448	41
659	18	6	40	7290	216	45
660	1	29	10	7299	2488	38
661	7	31	10	7308	6271	43
662	1	29	40	7317	859	38
663	7	31	40	7326	1640	40
664	1	29	30	7335	2224	38
665	4	23	10	7344	6341	35
666	18	6	20	7353	4794	41
667	7	31	10	7362	449	42
668	4	23	40	7371	3668	36
669	18	6	30	7380	64	44
670	1	29	10	7389	2008	44
671	21	17	30	7398	4651	41
672	1	29	10	7407	3201	39
673	1	29	30	7416	9429	36
674	21	17	10	7425	3605	42
675	21	17	20	7434	4733	37
676	21	17	40	7443	6537	41
677	1	29	10	7452	2169	37
678	21	17	40	7461	386	37
679	7	31	30	7470	704	40
680	21	17	10	7479	2879	43
681	18	6	30	7488	9627	42
682	7	31	10	7497	11487	43
683	21	17	40	7506	37	43
684	18	6	20	7515	6001	38
685	7	31	30	7524	7880	41
686	1	29	20	7533	12976	35
687	7	31	10	7542	8275	40
688	1	29	40	7551	168	36
689	4	23	10	7560	808	45
690	7	31	40	7569	907	45
691	21	17	10	7578	8748	37
692	18	6	30	7600	6907	40
693	18	6	10	7608	1659	42
694	1	29	30	7616	4916	38
695	7	31	30	7624	591	40
696	18	6	10	7632	40	42
697	1	29	20	7640	23590	45
698	4	23	10	7648	1579	38
699	21	17	40	7656	4515	45
700	4	23	20	7664	1337	36
701	18	6	10	7672	8877	40
702	4	23	30	7680	2927	44
703	7	31	40	7688	867	41
704	1	29	20	7696	1084	45
705	1	29	40	7704	926	42
706	18	6	10	7712	10006	38
707	21	17	10	7720	6990	43
708	18	6	20	7728	2911	35
709	7	31	10	7736	305	39
710	4	23	10	7744	10964	39
711	7	31	20	7752	6528	41
712	4	23	20	7760	771	45
713	4	23	10	7768	613	36
714	18	6	40	7776	3101	36
715	21	17	30	7784	3223	42
716	1	29	10	7792	7538	35
717	1	29	40	7800	813	41
718	18	6	30	7808	3278	36
719	4	23	10	7816	3339	42
720	18	6	30	7824	7185	45
721	4	23	10	7832	6964	35
722	4	23	10	7840	268	40
723	21	17	30	7848	2160	36
724	7	31	30	7856	6709	44
725	18	6	10	7864	2829	42
726	4	23	40	7872	8018	35
727	7	31	40	7880	949	43
728	21	17	10	7888	882	44
729	18	6	30	7896	2440	36
730	7	31	10	7904	4604	41
731	21	17	30	7912	6594	42
732	7	31	40	7920	387	44
733	21	17	10	7928	2147	38
734	18	6	10	7936	8391	39
735	7	31	40	7944	3890	37
736	7	31	10	7952	1982	44
737	21	17	20	7960	5520	36
738	21	17	20	7968	5912	43
739	18	6	30	7976	3376	41
740	4	23	20	8000	11425	38
741	18	6	10	8010	580	38
742	4	23	40	8020	1764	40
743	4	23	40	8030	13729	43
744	1	29	40	8040	1136	41
745	21	17	30	8050	2033	39
746	4	23	30	8060	4984	38
747	21	17	30	8070	4557	39
748	1	29	20	8080	6439	40
749	1	29	10	8090	669	42
750	4	23	20	8100	1365	40
751	18	6	20	8110	6996	35
752	21	17	30	8120	2303	43
753	1	29	10	8130	5712	41
754	7	31	20	8140	7392	35
755	21	17	20	8150	2461	35
756	7	31	10	8160	7002	35
757	7	31	40	8170	428	42
758	1	29	10	8180	1924	43
759	21	17	20	8190	5244	38
760	4	23	40	8200	1671	41
761	4	23	20	8210	4906	40
762	21	17	10	8220	3954	45
763	1	29	40	8230	249	45
764	1	29	40	8240	1976	43
765	7	31	30	8250	547	42
766	1	29	30	8260	4981	42
767	4	23	20	8270	5706	41
768	18	6	10	8280	1231	42
769	7	31	40	8290	9985	45
770	18	6	20	8300	708	43
771	18	6	40	8310	419	45
772	18	6	20	8320	2125	44
773	1	29	40	8330	18170	41
774	21	17	30	8340	3907	39
775	21	17	20	8350	4801	41
776	1	29	20	8360	2524	41
777	1	29	20	8370	409	42
778	21	17	40	8380	745	40
779	21	17	10	8400	2142	40
780	21	17	20	8409	6331	39
781	7	31	20	8418	819	41
782	4	23	30	8427	2118	38
783	21	17	40	8436	178	36
784	7	31	10	8445	732	42
785	4	23	40	8454	7797	41
786	21	17	40	8463	1847	45
787	7	31	30	8472	1614	38
788	18	6	40	8481	3403	38
789	18	6	40	8490	2163	39
790	21	17	40	8499	6349	37
791	21	17	10	8508	1365	36
792	7	31	10	8517	1826	39
793	1	29	10	8526	169	39
794	7	31	30	8535	1037	45
795	21	17	10	8544	1075	43
796	4	23	40	8553	2831	39
797	4	23	10	8562	1405	40
798	4	23	40	8571	3449	35
799	4	23	20	8580	509	44
800	7	31	10	8589	4637	42
801	21	17	20	8598	12187	42
802	4	23	30	8607	2144	43
803	4	23	30	8616	8564	41
804	7	31	30	8625	19208	44
805	18	6	30	8634	840	40
806	21	17	40	8643	2137	37
807	7	31	40	8652	2380	36
808	1	29	30	8661	587	36
809	7	31	40	8670	619	39
810	21	17	40	8679	19085	39
811	4	23	30	8688	5222	38
812	21	17	10	8697	10733	36
813	1	29	40	8706	13665	37
814	21	17	40	8715	10987	45
815	21	17	30	8724	679	45
816	1	29	40	8733	1401	37
817	21	17	10	8742	3510	43
818	18	6	30	8751	8939	37
819	7	31	10	8760	3039	37
820	7	31	30	8769	5674	43
821	4	23	10	8800	1912	39
822	18	6	30	8811	827	37
823	1	29	20	8822	7515	38
824	7	31	40	8833	520	42
825	18	6	20	8844	8260	42
826	4	23	30	8855	5282	40
827	1	29	20	8866	1852	39
828	4	23	20	8877	5721	41
829	1	29	20	8888	1962	41
830	4	23	30	8899	851	37
831	7	31	10	8910	754	35
832	7	31	30	8921	2931	42
833	18	6	20	8932	206	42
834	1	29	10	8943	5213	43
835	1	29	10	8954	7383	42
836	1	29	30	8965	5884	44
837	1	29	40	8976	3009	43
838	1	29	20	8987	213	38
839	18	6	20	8998	15231	36
840	4	23	40	9009	2345	38
841	18	6	10	9020	10175	43
842	4	23	40	9031	869	36
843	4	23	10	9042	2244	45
844	18	6	40	9053	2221	45
845	18	6	20	9064	275	45
846	1	29	10	9075	1769	45
847	4	23	20	9086	2039	36
848	1	29	20	9097	446	40
849	7	31	40	9108	300	45
850	21	17	20	9119	11270	40
851	4	23	40	9130	10258	41
852	1	29	20	9141	2064	38
853	21	17	40	9152	186	44
854	21	17	30	9163	1795	35
855	18	6	10	9200	1462	38
856	4	23	40	9211	5802	39
857	4	23	20	9222	3355	39
858	7	31	40	9233	5714	44
859	4	23	20	9244	504	37
860	21	17	40	9255	2439	35
861	7	31	30	9266	176	43
862	18	6	20	9277	4654	41
863	21	17	10	9288	5528	40
864	18	6	10	9299	12135	37
865	18	6	30	9310	6852	38
866	21	17	10	9321	940	42
867	4	23	30	9332	8523	40
868	1	29	40	9343	1091	40
869	21	17	40	9354	393	38
870	7	31	10	9365	1950	35
871	21	17	40	9376	5823	40
872	21	17	40	9387	3039	40
873	1	29	10	9398	9869	36
874	1	29	10	9409	370	44
875	18	6	30	9420	7244	35
876	21	17	10	9431	817	37
877	21	17	30	9442	5665	38
878	7	31	20	9453	2186	39
879	18	6	20	9464	228	43
880	18	6	20	9475	2899	42
881	21	17	20	9486	1623	39
882	1	29	40	9497	1232	45
883	7	31	30	9508	4664	41
884	18	6	10	9519	2373	36
885	21	17	40	9530	1251	41
886	7	31	40	9541	5854	43
887	21	17	40	9552	2569	44
888	4	23	40	9563	4669	41
889	21	17	10	9574	2194	39
890	4	23	10	9600	318	37
891	7	31	20	9608	905	40
892	18	6	10	9616	5850	44
893	7	31	10	9624	10831	35
894	4	23	30	9632	2946	36
895	7	31	20	9640	2046	40
896	21	17	30	9648	1065	37
897	7	31	40	9656	2365	41
898	1	29	40	9664	2597	43
899	1	29	10	9672	3730	41
900	4	23	10	9680	7781	37
901	7	31	20	9688	2587	40
902	4	23	20	9696	700	42
903	1	29	20	9704	47	36
904	21	17	40	9712	4640	44
905	21	17	30	9720	761	35
906	7	31	40	9728	1982	36
907	21	17	10	9736	2678	37
908	7	31	30	9744	12580	45
909	4	23	40	9752	2978	35
910	18	6	40	9760	517	36
911	7	31	20	9768	32	36
912	7	31	40	9776	634	35
913	4	23	20	9784	4881	36
914	1	29	10	9792	3694	41
915	21	17	30	9800	524	41
916	7	31	30	9808	6021	44
917	7	31	40	9816	28681	45
918	4	23	10	9824	1434	39
919	4	23	20	9832	4598	41
920	7	31	40	9840	209	41
921	21	17	20	9848	5319	44
922	1	29	40	9856	855	44
923	1	29	30	9864	6783	35
924	4	23	30	9872	69	35
925	1	29	30	9880	809	41
926	4	23	30	9888	25865	42
927	1	29	40	9896	3654	39
928	4	23	30	9904	2003	45
929	4	23	30	9912	4660	39
930	4	23	40	9920	3692	44
931	18	6	20	9928	5362	41
932	7	31	30	9936	1312	41
933	7	31	20	9944	6741	44
934	21	17	10	9952	885	40
935	7	31	40	9960	160	36
936	18	6	40	10000	759	43
937	1	29	20	10011	1168	43
938	7	31	40	10022	7	42
939	18	6	30	10033	1281	35
940	1	29	40	10044	8409	40
941	7	31	30	10055	1317	41
942	18	6	10	10066	2911	44
943	1	29	40	10077	715	41
944	7	31	10	10088	1431	38
945	21	17	40	10099	283	36
946	21	17	30	10110	229	40
947	21	17	40	10121	262	43
948	4	23	10	10132	1604	40
949	4	23	40	10143	2032	40
950	21	17	40	10154	3895	41
951	18	6	40	10165	1069	37
952	1	29	30	10176	626	36
953	7	31	20	10187	6326	36
954	4	23	10	10198	3241	35
955	4	23	40	10209	518	39
956	7	31	30	10220	1335	41
957	4	23	40	10231	1686	41
958	7	31	40	10242	20833	36
959	7	31	10	10253	2798	38
960	18	6	40	10264	769	39
961	7	31	10	10275	6277	42
962	4	23	30	10286	395	37
963	1	29	40	10297	1252	41
964	21	17	10	10308	10223	36
965	21	17	30	10319	1932	40
966	1	29	30	10330	5213	40
967	1	29	20	10341	1614	37
968	7	31	10	10352	2823	42
969	4	23	10	10363	3316	39
970	7	31	40	10374	11976	44
971	7	31	10	10385	2975	36
972	21	17	10	10400	23698	38
973	18	6	20	10409	110	39
974	4	23	30	10418	6547	36
975	21	17	20	10427	5888	45
976	7	31	10	10436	985	45
977	1	29	40	10445	116	38
978	4	23	30	10454	2900	43
979	4	23	40	10463	11899	45
980	18	6	10	10472	545	36
981	7	31	40	10481	10930	44
982	4	23	40	10490	1250	45
983	1	29	40	10499	21670	40
984	4	23	40	10508	271	43
985	18	6	40	10517	1836	42
986	18	6	30	10526	3598	39
987	21	17	20	10535	2657	40
988	1	29	10	10544	1200	44
989	18	6	20	10553	320	35
990	1	29	20	10562	5636	40
991	21	17	10	10571	7062	37
992	18	6	30	10580	1198	42
993	21	17	30	10589	2762	39
994	21	17	30	10598	417	42
995	18	6	40	10607	359	43
996	18	6	10	10616	825	39
997	1	29	10	10625	1141	38
998	1	29	30	10634	1104	39
999	7	31	30	10643	9988	43
1000	21	17	10	10652	1661	41
1001	7	31	10	10661	5145	38
1002	18	6	30	10670	3257	36
1003	1	29	40	10679	5824	35
1004	21	17	10	10688	2380	41
1005	18	6	30	10697	411	40
1006	18	6	40	10706	1083	45
1007	21	17	20	10715	500	43
1008	18	6	30	10724	18011	35
1009	4	23	30	10733	6144	35
1010	7	31	30	10742	9337	40
1011	7	31	30	10751	1177	38
1012	21	17	10	10760	7048	43
1013	1	29	40	10800	186	36
1014	4	23	40	10812	1884	37
1015	7	31	10	10824	1098	40
1016	1	29	20	10836	2963	43
1017	18	6	30	10848	415	42
1018	4	23	10	10860	908	43
1019	7	31	10	10872	3231	40
1020	7	31	40	10884	6239	35
1021	1	29	10	10896	1113	35
1022	1	29	10	10908	302	39
1023	18	6	40	10920	2244	41
1024	4	23	40	10932	6598	44
1025	7	31	40	10944	515	42
1026	18	6	30	10956	1236	39
1027	1	29	20	10968	2761	44
1028	18	6	30	10980	10541	42
1029	1	29	40	10992	5083	38
1030	7	31	20	11004	3509	41
1031	4	23	10	11016	14055	41
1032	21	17	10	11028	6194	44
1033	7	31	40	11040	3646	35
1034	7	31	30	11052	3756	38
1035	7	31	10	11064	2068	43
1036	4	23	10	11076	1898	43
1037	4	23	40	11088	2785	44
1038	1	29	40	11100	3168	44
1039	18	6	10	11112	13765	37
1040	21	17	40	11124	561	42
1041	18	6	20	11136	2581	42
1042	7	31	30	11148	2744	39
1043	7	31	30	11160	2573	43
1044	4	23	30	11200	763	41
1045	18	6	30	11207	2777	37
1046	21	17	40	11214	2	40
1047	18	6	30	11221	959	40
1048	4	23	30	11228	524	37
1049	18	6	30	11235	7835	37
1050	18	6	30	11242	3309	45
1051	21	17	20	11249	367	42
1052	7	31	40	11256	184	40
1053	18	6	30	11263	4647	44
1054	21	17	30	11270	547	42
1055	21	17	10	11277	408	41
1056	7	31	40	11284	4209	45
1057	21	17	40	11291	546	40
1058	4	23	10	11298	12775	37
1059	18	6	20	11305	1586	45
1060	1	29	10	11312	7130	36
1061	18	6	30	11319	5366	35
1062	4	23	30	11326	839	36
1063	1	29	40	11333	1256	42
1064	7	31	20	11340	895	39
1065	18	6	30	11347	10806	44
1066	7	31	20	11354	2521	40
1067	18	6	20	11361	1046	42
1068	4	23	20	11368	2294	44
1069	21	17	40	11375	14308	39
1070	18	6	40	11382	7928	42
1071	7	31	20	11389	87	45
1072	18	6	40	11396	3206	44
1073	18	6	10	11403	1072	41
1074	7	31	10	11410	2201	44
1075	18	6	30	11417	1509	39
1076	18	6	20	11424	5488	41
1077	18	6	30	11431	3648	41
1078	21	17	10	11438	1180	35
1079	1	29	10	11445	1468	42
1080	7	31	40	11452	513	37
1081	21	17	40	11459	216	44
1082	7	31	40	11466	1884	42
1083	1	29	40	11473	287	40
1084	21	17	20	11480	681	39
1085	21	17	10	11487	2742	45
1086	21	17	10	11494	10371	36
1087	7	31	30	11501	422	45
1088	21	17	20	11508	2541	39
1089	21	17	30	11515	2870	42
1090	1	29	10	11522	5590	44
1091	4	23	20	11529	1151	38
1092	1	29	40	11536	3129	41
1093	21	17	30	11543	992	45
1094	1	29	40	11550	585	35
1095	7	31	20	11557	1992	42
1096	7	31	30	11600	1348	40
1097	7	31	30	11610	1029	43
1098	21	17	20	11620	1280	38
1099	18	6	10	11630	1102	43
1100	7	31	20	11640	134	43
1101	7	31	30	11650	5884	43
1102	21	17	20	11660	5997	42
1103	7	31	30	11670	654	43
1104	21	17	40	11680	22920	40
1105	7	31	10	11690	3116	35
1106	7	31	30	11700	3075	44
1107	18	6	40	11710	6639	45
1108	4	23	20	11720	1225	35
1109	4	23	40	11730	6718	37
1110	4	23	30	11740	1726	35
1111	18	6	20	11750	216	39
1112	1	29	40	11760	8224	40
1113	18	6	40	11770	4218	41
1114	4	23	20	11780	927	42
1115	1	29	20	11790	6041	37
1116	7	31	40	11800	1803	38
1117	4	23	30	11810	511	42
1118	18	6	30	11820	479	38
1119	21	17	10	11830	4874	40
1120	4	23	20	11840	30	42
1121	1	29	30	11850	1830	40
1122	4	23	40	11860	5708	38
1123	4	23	30	11870	10333	36
1124	21	17	40	11880	989	40
1125	7	31	20	11890	3788	39
1126	4	23	30	11900	2607	38
1127	18	6	20	11910	1612	44
1128	1	29	10	11920	417	40
1129	1	29	40	11930	125	36
1130	7	31	10	11940	113	44
1131	7	31	30	11950	2930	43
1132	4	23	20	11960	1569	37
1133	4	23	40	11970	59	38
1134	4	23	40	11980	1282	45
1135	1	29	20	11990	1723	39
1136	1	29	20	12000	1291	36
1137	1	29	10	12011	1018	45
1138	1	29	10	12022	301	45
1139	18	6	10	12033	3822	38
1140	18	6	30	12044	12856	35
1141	4	23	10	12055	490	37
1142	1	29	20	12066	7241	45
1143	18	6	20	12077	4276	36
1144	18	6	40	12088	704	42
1145	7	31	40	12099	4818	40
1146	4	23	20	12110	1899	44
1147	7	31	40	12121	8865	35
1148	4	23	10	12132	51	38
1149	21	17	30	12143	1766	43
1150	1	29	30	12154	119	38
1151	18	6	40	12165	727	44
1152	18	6	10	12176	484	40
1153	1	29	10	12187	3370	44
1154	21	17	40	12198	1062	35
1155	7	31	30	12209	4383	37
1156	18	6	30	12220	41	40
1157	18	6	40	12231	7648	41
1158	7	31	40	12242	10732	37
1159	1	29	20	12253	1942	36
1160	1	29	20	12264	257	43
1161	18	6	20	12275	916	45
1162	1	29	40	12286	4962	39
1163	4	23	30	12297	1061	44
1164	21	17	40	12308	6158	39
1165	21	17	40	12319	7114	37
1166	7	31	40	12330	5209	36
1167	4	23	10	12341	7788	37
1168	21	17	10	12352	1895	42
1169	4	23	10	12363	7775	37
1170	21	17	10	12374	2798	36
1171	4	23	30	12400	594	39
1172	4	23	30	12410	194	42
1173	1	29	20	12420	2751	45
1174	4	23	30	12430	5459	39
1175	21	17	20	12440	8915	40
1176	21	17	20	12450	3027	40
1177	1	29	30	12460	435	36
1178	18	6	30	12470	5758	39
1179	1	29	10	12480	2927	35
1180	18	6	10	12490	1066	41
1181	21	17	40	12500	3546	38
1182	21	17	10	12510	1536	41
1183	1	29	20	12520	5419	42
1184	21	17	10	12530	5	44
1185	18	6	10	12540	7916	45
1186	18	6	30	12550	2078	38
1187	18	6	20	12560	5626	39
1188	7	31	10	12570	6084	37
1189	7	31	10	12580	3751	42
1190	7	31	40	12590	1660	45
1191	21	17	30	12600	2204	40
1192	18	6	20	12610	1387	42
1193	21	17	30	12620	4658	43
1194	1	29	40	12630	3222	41
1195	21	17	10	12640	5627	36
1196	18	6	10	12650	2073	43
1197	4	23	40	12660	3699	35
1198	18	6	20	12670	8197	42
1199	4	23	10	12680	1604	40
1200	21	17	40	12690	14320	38
1201	21	17	20	12700	2942	41
1202	21	17	30	12710	2882	39
1203	1	29	10	12720	677	35
1204	1	29	30	12730	7690	42
1205	4	23	10	12740	8880	44
1206	7	31	20	12750	505	36
1207	18	6	30	12760	3835	40
1208	4	23	20	12800	6969	39
1209	21	17	30	12808	1667	40
1210	7	31	20	12816	579	42
1211	18	6	40	12824	9504	38
1212	21	17	10	12832	373	37
1213	7	31	30	12840	2128	37
1214	21	17	20	12848	653	41
1215	18	6	30	12856	2572	40
1216	4	23	10	12864	8677	39
1217	1	29	30	12872	13868	42
1218	7	31	20	12880	1053	35
1219	4	23	40	12888	10294	39
1220	4	23	10	12896	2219	44
1221	4	23	30	12904	14459	43
1222	21	17	40	12912	315	45
1223	18	6	40	12920	5859	35
1224	7	31	10	12928	2911	38
1225	1	29	20	12936	331	41
1226	18	6	10	12944	7454	43
1227	4	23	10	12952	1782	45
1228	21	17	30	12960	11544	39
1229	4	23	20	12968	18217	38
1230	7	31	10	12976	2676	42
1231	4	23	20	12984	10494	40
1232	7	31	10	12992	1056	40
1233	21	17	30	13000	2266	45
1234	1	29	10	13008	3166	42
1235	18	6	30	13016	4996	45
1236	1	29	10	13024	308	45
1237	7	31	40	13032	712	40
1238	1	29	40	13040	8765	35
1239	18	6	10	13048	466	45
1240	7	31	30	13056	5434	44
1241	21	17	10	13064	6215	43
1242	21	17	10	13072	10643	45
1243	21	17	30	13080	2324	43
1244	21	17	40	13088	2566	45
1245	4	23	40	13096	2267	41
1246	21	17	20	13104	1628	38
1247	4	23	30	13112	8499	39
1248	1	29	10	13120	3082	36
1249	21	17	20	13128	328	36
1250	4	23	10	13136	8140	42
1251	18	6	30	13144	2289	36
1252	21	17	20	13152	1859	35
1253	21	17	30	13160	11784	38
1254	21	17	40	13168	9393	41
1255	4	23	20	13176	27840	41
1256	1	29	30	13184	2355	42
1257	7	31	30	13192	5461	38
1258	18	6	40	13200	4072	43
1259	21	17	10	13210	5953	35
1260	1	29	40	13220	190	36
1261	18	6	10	13230	5696	37
1262	4	23	40	13240	4465	35
1263	1	29	40	13250	7217	35
1264	1	29	20	13260	7669	43
1265	18	6	40	13270	929	37
1266	4	23	40	13280	4496	44
1267	1	29	30	13290	4275	38
1268	7	31	30	13300	8031	40
1269	4	23	40	13310	2300	42
1270	18	6	20	13320	2043	40
1271	7	31	20	13330	5129	45
1272	21	17	30	13340	335	42
1273	18	6	20	13350	518	35
1274	21	17	10	13360	797	41
1275	7	31	10	13370	4056	36
1276	7	31	30	13380	175	43
1277	1	29	20	13390	4031	37
1278	18	6	10	13400	1399	35
1279	1	29	20	13410	353	42
1280	1	29	40	13420	5466	38
1281	21	17	30	13430	13338	38
1282	18	6	40	13440	6908	43
1283	1	29	20	13450	8020	38
1284	1	29	20	13460	511	41
1285	4	23	20	13470	213	41
1286	4	23	10	13480	3244	39
1287	21	17	30	13490	1339	36
1288	21	17	30	13500	3004	38
1289	4	23	40	13510	3174	36
1290	1	29	10	13520	1249	38
1291	18	6	20	13530	1599	41
1292	4	23	40	13540	2972	43
1293	1	29	30	13550	484	45
1294	18	6	10	13560	262	44
1295	18	6	20	13570	16481	41
1296	4	23	10	13580	493	43
1297	7	31	10	13600	397	44
1298	7	31	10	13609	3544	45
1299	4	23	10	13618	1237	42
1300	1	29	10	13627	5668	43
1301	7	31	40	13636	4530	45
1302	21	17	10	13645	59	44
1303	4	23	10	13654	421	40
1304	7	31	10	13663	4543	41
1305	21	17	30	13672	634	43
1306	18	6	40	13681	1755	39
1307	7	31	10	13690	1151	35
1308	21	17	20	13699	5822	42
1309	18	6	40	13708	1243	40
1310	21	17	30	13717	12502	43
1311	1	29	10	13726	6642	40
1312	18	6	30	13735	2387	38
1313	1	29	30	13744	3232	35
1314	21	17	10	13753	118	43
1315	18	6	20	13762	342	43
1316	21	17	20	13771	11060	39
1317	18	6	30	13780	6583	43
1318	1	29	20	13789	5025	40
1319	7	31	10	13798	6456	36
1320	7	31	40	13807	4219	44
1321	7	31	10	13816	1979	42
1322	18	6	40	13825	550	45
1323	1	29	30	13834	1530	39
1324	4	23	40	13843	740	39
1325	21	17	40	13852	292	45
1326	18	6	20	13861	884	36
1327	7	31	10	13870	13593	43
1328	1	29	10	13879	239	36
1329	4	23	30	13888	877	45
1330	1	29	40	13897	2946	39
1331	21	17	20	13906	11847	45
1332	18	6	20	13915	193	37
1333	7	31	40	13924	117	39
1334	1	29	20	13933	1583	45
1335	18	6	10	13942	278	38
1336	21	17	20	13951	11947	39
1337	21	17	30	13960	5124	37
1338	4	23	20	13969	825	43
1339	18	6	40	13978	14512	44
1340	1	29	20	14000	4774	37
1341	21	17	40	14009	1458	38
1342	21	17	10	14018	2918	39
1343	7	31	30	14027	1209	44
1344	4	23	10	14036	3583	38
1345	21	17	40	14045	2452	43
1346	1	29	30	14054	8484	38
1347	18	6	20	14063	14032	43
1348	18	6	30	14072	354	36
1349	21	17	40	14081	15931	36
1350	4	23	10	14090	191	37
1351	1	29	30	14099	1477	45
1352	7	31	40	14108	1908	39
1353	21	17	10	14117	6181	44
1354	7	31	10	14126	3812	44
1355	4	23	40	14135	1830	35
1356	4	23	40	14144	3188	35
1357	7	31	20	14153	4775	40
1358	1	29	20	14162	10686	36
1359	7	31	10	14171	3749	41
1360	4	23	10	14180	11856	41
1361	7	31	40	14189	1968	42
1362	4	23	40	14198	852	45
1363	4	23	30	14207	3373	43
1364	1	29	10	14216	5479	36
1365	1	29	20	14225	31	44
1366	21	17	30	14234	5753	37
1367	7	31	40	14243	2181	44
1368	1	29	10	14252	1032	35
1369	4	23	10	14261	13077	40
1370	18	6	40	14270	568	38
1371	1	29	30	14279	967	36
1372	21	17	20	14288	3877	35
1373	21	17	30	14297	5416	41
1374	4	23	30	14306	439	45
1375	21	17	40	14315	1700	40
1376	7	31	10	14324	8239	38
1377	7	31	20	14333	8085	35
1378	4	23	30	14342	5180	36
1379	4	23	40	14351	4962	41
1380	21	17	10	14360	844	42
1381	1	29	10	14369	1036	39
1382	18	6	30	14378	8541	41
1383	1	29	20	14387	319	35
1384	21	17	30	14400	651	43
1385	21	17	10	14410	955	39
1386	1	29	20	14420	3365	40
1387	18	6	20	14430	1207	39
1388	21	17	30	14440	2142	41
1389	7	31	30	14450	12839	45
1390	21	17	10	14460	2918	37
1391	1	29	10	14470	1164	45
1392	7	31	20	14480	6269	36
1393	7	31	10	14490	3452	36
1394	7	31	30	14500	101	37
1395	18	6	30	14510	1474	40
1396	4	23	10	14520	481	39
1397	4	23	20	14530	11833	42
1398	4	23	20	14540	2895	43
1399	4	23	30	14550	3507	40
1400	1	29	10	14560	4757	40
1401	18	6	40	14570	2462	39
1402	1	29	10	14580	5428	42
1403	7	31	20	14590	524	42
1404	4	23	10	14600	7556	43
1405	4	23	30	14610	7134	35
1406	1	29	20	14620	4661	45
1407	21	17	20	14630	4059	43
1408	18	6	30	14640	4591	44
1409	21	17	20	14650	1248	38
1410	7	31	30	14660	2730	42
1411	21	17	30	14670	4580	45
1412	18	6	40	14680	14133	38
1413	7	31	20	14690	994	41
1414	21	17	40	14700	2165	44
1415	4	23	10	14710	5093	37
1416	18	6	20	14720	2827	36
1417	18	6	20	14730	489	45
1418	4	23	10	14740	2175	45
1419	18	6	40	14750	3049	42
1420	1	29	10	14760	2311	39
1421	4	23	20	14800	2790	44
1422	7	31	10	14809	23	38
1423	4	23	30	14818	1246	36
1424	7	31	40	14827	2348	37
1425	1	29	40	14836	8478	39
1426	18	6	20	14845	2202	35
1427	18	6	10	14854	173	44
1428	1	29	40	14863	5046	39
1429	18	6	40	14872	6355	40
1430	4	23	30	14881	1059	36
1431	18	6	30	14890	10330	41
1432	18	6	40	14899	1738	38
1433	1	29	40	14908	613	42
1434	18	6	30	14917	61	35
1435	4	23	10	14926	5247	38
1436	21	17	40	14935	2659	43
1437	7	31	10	14944	5691	45
1438	7	31	10	14953	1034	37
1439	4	23	10	14962	1532	43
1440	21	17	40	14971	2971	40
1441	1	29	10	14980	10713	42
1442	21	17	30	14989	3449	40
1443	21	17	20	14998	633	38
1444	21	17	40	15007	2501	37
1445	21	17	30	15016	7233	38
1446	21	17	10	15025	1324	41
1447	1	29	40	15034	3388	40
1448	7	31	10	15043	698	37
1449	1	29	20	15052	1454	35
1450	1	29	20	15061	6465	39
1451	1	29	30	15070	25255	39
1452	21	17	10	15079	3007	42
1453	18	6	30	15088	15987	35
1454	4	23	30	15097	626	36
1455	7	31	40	15106	859	42
1456	7	31	40	15115	2419	35
1457	7	31	30	15124	2575	41
1458	21	17	20	15133	4542	39
1459	4	23	20	15142	13877	39
1460	18	6	20	15151	2101	45
1461	21	17	10	15160	4150	35
1462	7	31	20	15169	10139	39
1463	1	29	30	15178	8716	39
1464	4	23	40	15187	144	36
1465	4	23	40	15200	3378	36
1466	7	31	30	15208	1598	42
1467	18	6	10	15216	7055	42
1468	4	23	30	15224	916	41
1469	4	23	40	15232	4650	41
1470	7	31	20	15240	1068	39
1471	7	31	20	15248	5511	36
1472	7	31	20	15256	8733	42
1473	1	29	10	15264	427	37
1474	4	23	40	15272	37	37
1475	21	17	40	15280	2833	42
1476	4	23	40	15288	10329	38
1477	7	31	30	15296	7844	35
1478	4	23	40	15304	6494	44
1479	21	17	20	15312	3745	45
1480	18	6	30	15320	3646	43
1481	18	6	20	15328	7641	41
1482	4	23	40	15336	8560	41
1483	1	29	30	15344	2123	39
1484	1	29	30	15352	20776	36
1485	18	6	40	15360	1069	42
1486	18	6	30	15368	2015	44
1487	1	29	20	15376	1853	37
1488	4	23	10	15384	23468	40
1489	4	23	40	15392	6899	38
1490	21	17	10	15400	1295	37
1491	1	29	20	15408	43	37
1492	7	31	30	15416	334	40
1493	1	29	40	15424	1199	44
1494	18	6	40	15432	9616	44
1495	21	17	40	15440	8431	39
1496	18	6	30	15448	42	37
1497	7	31	40	15456	4696	36
1498	4	23	20	15464	470	36
1499	18	6	40	15472	9004	36
1500	18	6	40	15480	2826	41
1501	7	31	10	15488	2414	45
1502	4	23	10	15496	1826	45
1503	18	6	20	15504	2560	42
1504	4	23	40	15512	291	41
1505	18	6	40	15520	220	37
1506	18	6	20	15528	469	42
1507	21	17	10	15536	2229	40
1508	7	31	30	15544	14357	44
1509	4	23	30	15552	4057	39
1510	1	29	10	15560	1253	38
1511	21	17	10	15600	3611	35
1512	18	6	30	15610	4458	43
1513	1	29	10	15620	293	40
1514	18	6	30	15630	1853	41
1515	21	17	40	15640	3253	39
1516	18	6	10	15650	5764	40
1517	7	31	40	15660	2843	35
1518	21	17	10	15670	8917	38
1519	1	29	40	15680	6454	39
1520	18	6	20	15690	766	37
1521	7	31	10	15700	12733	39
1522	7	31	40	15710	7121	36
1523	21	17	40	15720	1931	37
1524	7	31	30	15730	2114	38
1525	4	23	10	15740	1012	37
1526	21	17	30	15750	4406	42
1527	4	23	20	15760	3958	44
1528	7	31	20	15770	850	39
1529	4	23	10	15780	560	44
1530	4	23	20	15790	2748	39
1531	7	31	40	15800	1063	37
1532	18	6	10	15810	5517	45
1533	1	29	10	15820	9549	42
1534	4	23	20	15830	426	38
1535	4	23	30	15840	625	44
1536	7	31	10	15850	2658	41
1537	1	29	30	15860	2107	45
1538	7	31	30	15870	1671	44
1539	21	17	30	15880	11315	44
1540	1	29	20	15890	528	45
1541	18	6	20	15900	13847	38
1542	18	6	40	15910	2032	39
1543	1	29	20	15920	1783	36
1544	18	6	40	15930	3219	35
1545	21	17	10	15940	4584	37
1546	21	17	30	15950	1655	39
1547	4	23	20	15960	37	35
1548	21	17	20	16000	8768	37
1549	18	6	40	16010	1741	40
1550	7	31	30	16020	489	44
1551	7	31	40	16030	2786	37
1552	21	17	40	16040	6408	44
1553	18	6	30	16050	1485	42
1554	1	29	20	16060	5096	44
1555	7	31	40	16070	3177	37
1556	21	17	20	16080	3889	43
1557	7	31	20	16090	16408	43
1558	7	31	40	16100	256	38
1559	21	17	40	16110	7502	38
1560	4	23	10	16120	1950	40
1561	7	31	10	16130	2635	44
1562	18	6	30	16140	1074	36
1563	18	6	20	16150	7371	45
1564	1	29	20	16160	605	35
1565	4	23	20	16170	144	35
1566	4	23	40	16180	7491	36
1567	1	29	30	16190	5772	35
1568	7	31	30	16200	13965	36
1569	7	31	10	16210	1024	43
1570	18	6	30	16220	295	43
1571	1	29	30	16230	1746	41
1572	1	29	10	16240	732	37
1573	1	29	20	16250	12103	39
1574	1	29	20	16260	4522	40
1575	1	29	40	16270	921	44
1576	4	23	20	16280	3285	45
1577	7	31	20	16290	2552	35
1578	4	23	10	16300	7093	36
1579	7	31	30	16310	5215	36
1580	4	23	30	16320	8642	44
1581	4	23	20	16330	4294	41
1582	4	23	10	16340	5387	41
1583	4	23	20	16350	7295	44
1584	7	31	30	16360	62	45
1585	7	31	30	16370	21381	36
1586	21	17	40	16380	2283	39
1587	1	29	30	16400	2305	37
1588	1	29	30	16409	832	44
1589	21	17	30	16418	3221	35
1590	4	23	10	16427	2961	36
1591	21	17	40	16436	2788	44
1592	4	23	40	16445	1707	41
1593	7	31	40	16454	2730	40
1594	18	6	20	16463	3238	38
1595	18	6	20	16472	4098	36
1596	1	29	40	16481	5282	37
1597	21	17	20	16490	3254	40
1598	21	17	10	16499	990	36
1599	21	17	30	16508	2913	45
1600	4	23	10	16517	7226	36
1601	21	17	40	16526	3423	39
1602	21	17	40	16535	162	44
1603	18	6	10	16544	4343	40
1604	21	17	10	16553	1324	42
1605	4	23	10	16562	5732	38
1606	7	31	30	16571	1628	35
1607	7	31	30	16580	7510	39
1608	18	6	10	16589	4010	37
1609	1	29	20	16598	2891	45
1610	1	29	30	16607	17710	37
1611	18	6	40	16616	650	42
1612	18	6	20	16625	665	41
1613	1	29	10	16634	1623	37
1614	18	6	20	16643	13080	40
1615	1	29	40	16652	5203	45
1616	18	6	40	16661	5429	37
1617	7	31	20	16670	2023	37
1618	4	23	40	16679	6997	45
1619	18	6	30	16688	627	44
1620	4	23	20	16697	3670	42
1621	4	23	20	16706	2098	44
1622	1	29	10	16715	3432	37
1623	7	31	40	16724	2154	35
1624	1	29	40	16733	4854	42
1625	18	6	40	16742	3367	45
1626	7	31	30	16751	25	45
1627	18	6	20	16760	4465	42
1628	7	31	40	16769	2019	35
1629	21	17	10	16800	146	38
1630	21	17	10	16807	2560	42
1631	4	23	40	16814	13	40
1632	7	31	10	16821	1163	44
1633	4	23	20	16828	1501	36
1634	1	29	20	16835	8928	45
1635	7	31	30	16842	1482	39
1636	4	23	20	16849	3852	43
1637	18	6	40	16856	322	36
1638	4	23	10	16863	3253	37
1639	18	6	30	16870	1172	42
1640	1	29	40	16877	4323	36
1641	18	6	20	16884	3546	45
1642	7	31	20	16891	6539	45
1643	21	17	10	16898	4473	44
1644	7	31	10	16905	3329	44
1645	18	6	10	16912	1866	39
1646	7	31	30	16919	1715	37
1647	18	6	30	16926	55	39
1648	18	6	30	16933	3043	35
1649	18	6	20	16940	7025	39
1650	1	29	20	16947	9147	44
1651	18	6	30	16954	1637	45
1652	18	6	30	16961	5247	40
1653	7	31	20	16968	308	38
1654	4	23	10	16975	9941	38
1655	1	29	40	16982	2231	37
1656	21	17	40	16989	27750	37
1657	1	29	40	16996	3906	43
1658	18	6	10	17003	12826	43
1659	4	23	20	17010	4990	43
1660	21	17	20	17017	5627	38
1661	18	6	20	17024	4338	38
1662	21	17	30	17031	2395	39
1663	4	23	10	17038	3635	44
1664	1	29	20	17045	171	37
1665	4	23	30	17052	16721	42
1666	7	31	40	17059	9123	43
1667	7	31	40	17066	7337	39
1668	1	29	40	17073	2325	37
1669	7	31	30	17080	4225	35
1670	4	23	30	17087	463	36
1671	1	29	40	17094	4376	36
1672	18	6	10	17101	7338	35
1673	18	6	20	17108	3394	38
1674	1	29	40	17115	2649	42
1675	18	6	10	17122	50	42
1676	7	31	40	17129	3697	44
1677	1	29	40	17136	9325	38
1678	1	29	30	17143	7628	37
1679	21	17	30	17150	1601	38
1680	7	31	10	17157	995	42
1681	18	6	10	17164	19576	41
1682	21	17	30	17200	602	41
1683	4	23	30	17208	3367	41
1684	7	31	30	17216	592	40
1685	7	31	30	17224	588	43
1686	18	6	10	17232	1273	35
1687	21	17	30	17240	784	41
1688	1	29	20	17248	2018	44
1689	1	29	30	17256	2502	43
1690	21	17	30	17264	1488	37
1691	18	6	20	17272	21081	45
1692	21	17	40	17280	502	38
1693	21	17	40	17288	7429	39
1694	18	6	10	17296	2765	38
1695	21	17	30	17304	26784	43
1696	18	6	30	17312	590	41
1697	18	6	20	17320	932	36
1698	7	31	40	17328	3991	41
1699	1	29	20	17336	3472	36
1700	4	23	20	17344	2578	41
1701	1	29	30	17352	2841	44
1702	18	6	40	17360	3402	36
1703	7	31	40	17368	8497	45
1704	21	17	40	17376	5062	38
1705	1	29	20	17384	1062	42
1706	1	29	20	17392	2737	44
1707	1	29	20	17400	691	37
1708	4	23	30	17408	3564	41
1709	1	29	40	17416	9375	42
1710	18	6	10	17424	6957	38
1711	7	31	10	17432	404	44
1712	1	29	10	17440	5912	41
1713	4	23	20	17448	3972	40
1714	21	17	20	17456	2712	36
1715	4	23	10	17464	5751	42
1716	18	6	30	17472	2954	42
1717	4	23	10	17480	8528	43
1718	7	31	20	17488	2460	38
1719	4	23	30	17496	9419	40
1720	18	6	30	17504	4979	42
1721	7	31	10	17512	5087	37
1722	4	23	30	17520	2348	41
1723	21	17	10	17528	14885	40
1724	21	17	40	17536	1671	44
1725	1	29	10	17544	486	37
1726	1	29	10	17552	3168	44
1727	18	6	20	17600	22553	41
1728	21	17	10	17612	302	45
1729	18	6	10	17624	2659	44
1730	21	17	20	17636	8327	35
1731	18	6	20	17648	2011	43
1732	18	6	10	17660	1267	43
1733	21	17	20	17672	1265	35
1734	18	6	10	17684	7718	42
1735	4	23	20	17696	4976	44
1736	21	17	10	17708	2176	40
1737	18	6	40	17720	1200	41
1738	4	23	30	17732	7621	38
1739	7	31	20	17744	9387	44
1740	7	31	10	17756	4099	44
1741	18	6	40	17768	483	43
1742	18	6	10	17780	3550	45
1743	21	17	20	17792	2710	37
1744	7	31	30	17804	4094	39
1745	1	29	30	17816	965	38
1746	18	6	10	17828	1008	38
1747	18	6	20	17840	2681	43
1748	21	17	30	17852	1731	38
1749	21	17	40	17864	5334	42
1750	4	23	40	17876	2589	36
1751	21	17	30	17888	1182	44
1752	7	31	10	17900	5522	43
1753	18	6	10	17912	5181	36
1754	21	17	40	17924	8107	40
1755	21	17	20	17936	5633	38
1756	7	31	10	17948	266	38
1757	18	6	30	17960	3636	42
1758	21	17	40	17972	3096	36
1759	7	31	30	18000	3698	35
1760	21	17	10	18008	4636	44
1761	7	31	10	18016	2766	38
1762	1	29	10	18024	358	38
1763	18	6	20	18032	439	43
1764	18	6	20	18040	116	41
1765	21	17	30	18048	2242	41
1766	18	6	40	18056	6964	36
1767	18	6	40	18064	2778	41
1768	18	6	10	18072	5962	43
1769	4	23	40	18080	6068	38
1770	4	23	10	18088	1679	37
1771	1	29	40	18096	1220	35
1772	21	17	20	18104	122	39
1773	21	17	40	18112	3239	40
1774	21	17	30	18120	1225	41
1775	1	29	40	18128	3645	45
1776	18	6	10	18136	563	37
1777	4	23	10	18144	12134	38
1778	1	29	30	18152	1632	35
1779	7	31	20	18160	543	41
1780	21	17	10	18168	8889	45
1781	7	31	40	18176	241	35
1782	4	23	30	18184	4142	37
1783	1	29	10	18192	1640	37
1784	21	17	20	18200	36	43
1785	21	17	40	18208	3863	37
1786	7	31	20	18216	4160	35
1787	1	29	40	18224	3152	42
1788	1	29	20	18232	2062	41
1789	18	6	40	18240	418	38
1790	21	17	20	18248	4169	41
1791	7	31	30	18256	6916	43
1792	4	23	40	18264	5097	40
1793	21	17	10	18272	1139	38
1794	21	17	10	18280	984	45
1795	1	29	40	18288	612	41
1796	1	29	30	18296	114	39
1797	1	29	30	18304	2648	37
1798	7	31	40	18312	2490	41
1799	21	17	40	18320	950	43
1800	7	31	30	18328	1975	37
1801	21	17	10	18336	5122	43
1802	1	29	10	18344	5002	45
1803	4	23	30	18352	3383	35
1804	18	6	40	18360	2000	39
1805	4	23	10	18368	960	35
1806	1	29	20	18376	1023	39
1807	21	17	10	18384	860	37
1808	4	23	30	18392	2481	40
1809	21	17	10	18400	1259	40
1810	4	23	20	18408	3913	36
1811	1	29	10	18416	477	45
1812	18	6	10	18424	1215	41
1813	18	6	30	18432	2122	41
1814	7	31	20	18440	4975	35
1815	1	29	20	18448	3951	44
1816	1	29	30	18456	7701	35
1817	21	17	10	18464	5535	35
1818	4	23	10	18472	399	45
1819	18	6	30	18480	2106	39
1820	18	6	20	18488	6103	41
1821	18	6	10	18496	1310	40
1822	18	6	20	18504	411	45
1823	21	17	20	18512	4501	39
1824	4	23	30	18520	572	42
1825	21	17	20	18528	2939	39
1826	4	23	40	18536	3128	41
1827	21	17	20	18544	6098	36
1828	21	17	40	18552	1643	41
1829	21	17	30	18560	520	45
1830	21	17	10	18568	3375	40
1831	18	6	20	18576	4166	45
1832	7	31	10	18584	2680	42
1833	18	6	30	18592	527	38
1834	21	17	30	18600	5347	38
1835	1	29	40	18608	742	36
1836	7	31	30	18616	1692	35
1837	21	17	10	18624	308	37
1838	21	17	10	18632	11453	44
1839	4	23	20	18640	6350	43
1840	21	17	20	18648	2001	43
1841	7	31	10	18656	2414	43
1842	4	23	20	18664	346	36
1843	18	6	20	18672	569	35
1844	21	17	20	18680	2579	37
1845	7	31	10	18688	3060	41
1846	18	6	30	18696	3288	37
1847	18	6	10	18704	1476	45
1848	1	29	30	18712	3073	37
1849	21	17	40	18720	3571	36
1850	21	17	20	18728	1357	41
1851	18	6	20	18736	1307	39
1852	7	31	20	18744	1972	37
1853	18	6	10	18752	222	37
1854	4	23	30	18760	2241	37
1855	18	6	30	18768	468	43
1856	7	31	30	18776	3915	43
1857	18	6	40	18800	155	40
1858	21	17	10	18810	2301	38
1859	18	6	30	18820	8258	35
1860	21	17	10	18830	4446	40
1861	1	29	40	18840	2343	37
1862	21	17	20	18850	7765	42
1863	7	31	40	18860	1663	40
1864	21	17	40	18870	4819	35
1865	18	6	40	18880	15077	36
1866	18	6	40	18890	3914	38
1867	21	17	20	18900	596	38
1868	18	6	40	18910	4487	37
1869	7	31	30	18920	3125	45
1870	4	23	40	18930	1328	43
1871	1	29	30	18940	6055	44
1872	1	29	40	18950	6569	37
1873	1	29	40	18960	1423	37
1874	4	23	10	18970	63	41
1875	7	31	10	18980	1598	43
1876	21	17	30	18990	874	38
1877	21	17	10	19000	13424	44
1878	1	29	40	19010	893	37
1879	7	31	20	19020	3650	36
1880	4	23	40	19030	12862	37
1881	18	6	30	19040	1065	41
1882	7	31	30	19050	1130	45
1883	1	29	10	19060	5488	39
1884	21	17	10	19070	7188	39
1885	7	31	40	19080	1376	35
1886	4	23	40	19090	1193	42
1887	4	23	10	19100	2278	40
1888	21	17	10	19110	4743	35
1889	4	23	10	19120	3943	41
1890	18	6	10	19130	3151	39
1891	18	6	40	19140	1465	40
1892	1	29	40	19150	4050	44
1893	7	31	30	19160	289	44
1894	4	23	10	19200	532	37
1895	7	31	30	19208	11999	41
1896	7	31	30	19216	3631	36
1897	21	17	20	19224	5430	41
1898	18	6	30	19232	2265	35
1899	4	23	20	19240	2759	35
1900	4	23	20	19248	9657	38
1901	4	23	10	19256	2192	44
1902	21	17	20	19264	4024	42
1903	4	23	10	19272	20466	38
1904	18	6	40	19280	1471	38
1905	7	31	40	19288	2835	43
1906	1	29	30	19296	2556	36
1907	7	31	30	19304	376	35
1908	21	17	40	19312	156	41
1909	7	31	20	19320	419	39
1910	4	23	40	19328	9815	39
1911	7	31	30	19336	4305	45
1912	18	6	40	19344	7281	38
1913	18	6	40	19352	7304	37
1914	7	31	30	19360	9779	43
1915	4	23	20	19368	2299	44
1916	18	6	10	19376	879	38
1917	21	17	20	19384	466	37
1918	7	31	30	19392	2821	36
1919	18	6	10	19400	2104	45
1920	7	31	40	19408	5077	40
1921	21	17	40	19416	842	44
1922	21	17	20	19424	2348	37
1923	21	17	40	19432	194	42
1924	4	23	20	19440	23175	41
1925	1	29	40	19448	14911	38
1926	1	29	30	19456	618	45
1927	4	23	20	19464	5337	39
1928	4	23	30	19472	768	45
1929	21	17	30	19480	270	35
1930	21	17	20	19488	5279	42
1931	21	17	10	19496	2418	43
1932	7	31	30	19504	3042	44
1933	4	23	20	19512	4841	36
1934	18	6	40	19520	4658	44
1935	1	29	40	19528	3087	38
1936	4	23	20	19536	3659	45
1937	18	6	30	19544	1161	42
1938	7	31	10	19552	2309	36
1939	1	29	20	19560	1580	42
1940	4	23	10	19600	6833	45
1941	21	17	20	19611	736	42
1942	4	23	10	19622	2015	44
1943	1	29	30	19633	3615	42
1944	21	17	10	19644	4991	36
1945	4	23	30	19655	8688	39
1946	1	29	10	19666	2529	36
1947	7	31	40	19677	6393	42
1948	21	17	40	19688	680	35
1949	1	29	40	19699	4650	39
1950	18	6	20	19710	5591	37
1951	21	17	20	19721	2666	44
1952	1	29	40	19732	1080	40
1953	21	17	20	19743	94	35
1954	7	31	20	19754	6043	41
1955	4	23	30	19765	5101	40
1956	4	23	30	19776	15260	42
1957	1	29	20	19787	3536	35
1958	1	29	30	19798	23304	43
1959	1	29	10	19809	1613	35
1960	7	31	10	19820	1814	43
1961	7	31	20	19831	5321	43
1962	1	29	10	19842	9857	35
1963	21	17	10	19853	14438	40
1964	21	17	40	19864	1827	42
1965	7	31	40	19875	2467	42
1966	1	29	10	19886	540	35
1967	7	31	20	19897	585	36
1968	21	17	40	19908	654	38
1969	7	31	40	19919	1882	40
1970	1	29	40	19930	7273	45
1971	1	29	30	19941	11618	42
1972	1	29	20	19952	4451	35
1973	7	31	20	19963	792	39
1974	21	17	40	19974	3568	35
1975	21	17	30	20000	3202	43
1976	18	6	30	20016	6319	45
1977	21	17	40	20032	7563	41
1978	21	17	40	20048	1629	40
1979	21	17	30	20064	470	36
1980	1	29	40	20080	2831	36
1981	18	6	40	20096	1695	38
1982	4	23	20	20112	3471	39
1983	4	23	30	20128	2673	41
1984	7	31	20	20144	1499	44
1985	1	29	10	20160	1130	43
1986	7	31	20	20176	978	38
1987	21	17	10	20192	2847	43
1988	7	31	40	20208	10234	41
1989	7	31	20	20224	13677	39
1990	4	23	10	20240	3283	42
1991	4	23	10	20256	50	44
1992	18	6	10	20272	1177	44
1993	4	23	10	20288	451	36
1994	4	23	10	20304	13056	45
1995	7	31	40	20320	347	36
1996	7	31	10	20336	1167	42
1997	7	31	40	20352	2199	38
1998	18	6	30	20368	1036	45
1999	18	6	20	20384	1164	40
