0	4	8	30	0	288	53
1	3	1	30	10	15831	53
2	3	1	20	20	1028	46
3	3	1	10	30	1685	48
4	3	1	20	40	536	49
5	0	12	30	50	184	55
6	3	1	30	60	672	55
7	0	12	30	70	1159	46
8	3	1	20	80	6178	54
9	0	12	40	90	4060	47
10	0	12	10	100	2710	48
11	0	12	30	110	3168	55
12	0	12	20	120	790	47
13	3	1	40	130	8385	54
14	0	12	30	140	8644	52
15	3	1	10	150	13670	45
16	0	12	10	160	619	49
17	0	12	10	170	3174	50
18	3	1	40	180	595	53
19	3	1	20	190	6188	51
20	3	1	30	200	6331	52
21	3	1	10	210	15543	50
22	0	12	30	220	683	49
23	4	8	10	230	12000	54
24	3	1	30	240	3618	52
25	3	1	30	250	5285	45
26	4	14	20	260	11710	55
27	4	14	10	270	2869	45
28	0	12	30	280	1620	55
29	4	8	10	290	4803	51
30	4	8	10	300	1205	48
31	4	14	10	310	891	49
32	0	12	30	320	1618	50
33	4	14	30	330	3614	47
34	4	14	20	340	5233	53
35	3	1	30	350	19132	51
36	0	12	10	360	217	52
37	3	1	20	370	10071	47
38	3	1	10	380	1618	45
39	0	12	20	390	2032	47
40	4	8	10	400	4904	54
41	4	8	10	410	13091	49
42	4	8	40	420	1111	55
43	0	12	10	430	1248	47
44	4	14	40	440	1494	50
45	3	1	10	450	547	53
46	3	1	10	460	797	49
47	0	12	20	470	9168	55
48	4	8	30	480	1686	53
49	4	8	10	490	2549	53
50	4	14	30	500	2920	53
51	4	14	20	510	2578	55
52	4	14	40	520	101	46
53	3	1	10	530	4637	52
54	4	8	40	540	3129	52
55	4	14	30	550	377	48
56	4	8	40	560	6944	48
57	4	8	20	570	1294	48
58	4	14	30	580	5522	51
59	4	14	40	590	1991	48
60	0	12	10	600	415	55
61	4	14	20	610	4116	54
62	0	12	10	620	10031	46
63	4	8	20	630	366	47
64	3	1	30	640	1894	55
65	4	8	10	650	1383	55
66	4	14	10	660	964	49
67	0	12	40	670	3511	55
68	3	1	30	680	637	45
69	4	8	40	690	8945	45
70	4	8	10	700	9831	49
71	4	8	40	710	1015	46
72	3	1	40	720	968	49
73	4	8	20	730	5385	51
74	4	8	20	740	335	52
75	0	12	20	750	7147	47
76	0	12	20	760	5341	50
77	0	12	20	770	8791	47
78	4	8	10	780	4069	48
79	4	14	30	800	2519	55
80	4	14	20	809	3215	52
81	4	14	10	818	194	45
82	3	1	30	827	735	48
83	3	1	30	836	7914	47
84	3	1	20	845	798	54
85	3	1	40	854	6150	49
86	4	14	20	863	768	47
87	3	1	20	872	4159	54
88	3	1	30	881	214	51
89	4	14	40	890	4082	50
90	4	8	30	899	734	47
91	4	14	40	908	5989	48
92	3	1	40	917	749	52
93	3	1	20	926	11293	52
94	0	12	20	935	1425	47
95	3	1	40	944	264	45
96	4	8	10	953	178	48
97	4	14	30	962	673	52
98	4	8	30	971	8857	48
99	3	1	40	980	78	51
100	3	1	40	989	9795	48
101	3	1	20	998	3630	49
102	4	8	30	1007	5570	54
103	4	14	30	1016	2398	52
104	4	14	10	1025	3255	48
105	4	8	40	1034	1392	51
106	0	12	20	1043	1205	50
107	4	8	20	1052	1343	50
108	0	12	40	1061	3722	45
109	0	12	20	1070	4953	49
110	3	1	10	1079	1742	53
111	0	12	30	1088	10923	46
112	4	14	10	1097	4064	55
113	4	14	40	1106	1320	51
114	0	12	20	1115	7326	51
115	0	12	10	1124	210	55
116	0	12	30	1133	2575	51
117	4	8	20	1142	233	55
118	3	1	10	1151	9483	49
119	0	12	30	1160	3588	50
120	3	1	40	1169	500	52
121	4	8	30	1178	3355	51
122	4	8	10	1200	3037	49
123	4	14	30	1208	2834	51
124	0	12	10	1216	5169	54
125	3	1	10	1224	594	45
126	4	14	10	1232	219	49
127	0	12	30	1240	1282	53
128	4	8	10	1248	2319	49
129	4	14	30	1256	67	52
130	4	14	10	1264	6222	55
131	4	8	40	1272	3488	53
132	4	14	30	1280	25288	54
133	4	14	20	1288	3860	53
134	0	12	30	1296	3227	52
135	4	8	10	1304	12485	48
136	3	1	20	1312	1403	47
137	4	14	40	1320	5049	52
138	4	14	30	1328	1454	54
139	4	8	20	1336	8718	47
140	3	1	20	1344	2976	54
141	3	1	40	1352	8809	53
142	4	8	30	1360	166	54
143	4	8	20	1368	1674	47
144	4	8	30	1376	1349	53
145	0	12	10	1384	1060	46
146	4	14	30	1392	595	49
147	4	14	40	1400	8812	45
148	4	8	10	1408	424	45
149	4	14	10	1416	1143	48
150	4	8	10	1424	3557	49
151	0	12	40	1432	17293	48
152	4	8	30	1440	1142	48
153	4	8	40	1448	1418	53
154	0	12	40	1456	9281	54
155	4	8	20	1464	1697	53
156	0	12	10	1472	266	55
157	3	1	40	1480	1118	47
158	3	1	30	1488	5172	54
159	4	8	40	1496	2170	48
160	3	1	40	1504	1101	46
161	4	14	40	1512	17029	52
162	0	12	20	1520	7462	46
163	4	8	20	1528	3557	49
164	4	8	10	1536	10163	49
165	4	8	20	1544	5901	55
166	4	8	40	1552	11035	47
167	0	12	30	1560	76	47
168	3	1	20	1600	5200	55
169	3	1	10	1611	8614	48
170	3	1	30	1622	5629	52
171	4	8	40	1633	5672	54
172	4	8	40	1644	5576	45
173	4	8	30	1655	79	46
174	4	8	20	1666	279	51
175	4	14	40	1677	1035	55
176	4	14	10	1688	2995	52
177	0	12	40	1699	842	47
178	4	8	10	1710	1000	54
179	4	14	10	1721	2712	52
180	3	1	30	1732	34724	52
181	4	14	20	1743	715	49
182	3	1	30	1754	762	52
183	3	1	40	1765	850	46
184	4	8	20	1776	2231	47
185	3	1	20	1787	6482	51
186	4	14	20	1798	1622	50
187	3	1	40	1809	4811	46
188	3	1	20	1820	5053	54
189	4	14	20	1831	932	54
190	4	8	10	1842	8883	48
191	0	12	20	1853	213	55
192	0	12	20	1864	19029	54
193	4	8	40	1875	8687	51
194	4	14	30	1886	4156	46
195	3	1	30	1897	3097	47
196	4	8	20	1908	181	51
197	4	14	10	1919	2403	50
198	4	14	10	1930	2185	53
199	4	14	10	1941	2895	53
200	4	14	10	1952	1405	54
201	3	1	40	1963	508	46
202	0	12	20	1974	707	45
203	4	14	40	2000	977	53
204	0	12	30	2009	2719	51
205	4	14	20	2018	7117	51
206	3	1	10	2027	1070	48
207	4	14	40	2036	1038	47
208	4	14	30	2045	1051	46
209	0	12	40	2054	4478	55
210	4	8	20	2063	6831	45
211	4	14	20	2072	8300	53
212	0	12	40	2081	91	49
213	3	1	20	2090	1062	46
214	3	1	20	2099	2171	51
215	3	1	30	2108	320	53
216	4	8	10	2117	6689	45
217	3	1	30	2126	4241	45
218	0	12	10	2135	704	46
219	4	14	30	2144	506	54
220	4	8	10	2153	2303	50
221	3	1	10	2162	1081	46
222	4	8	20	2171	1436	49
223	4	14	10	2180	2931	45
224	4	8	10	2189	19536	55
225	3	1	10	2198	4858	53
226	4	8	20	2207	5816	55
227	0	12	10	2216	8036	50
228	3	1	10	2225	1870	45
229	3	1	40	2234	3006	49
230	4	8	30	2243	812	48
231	0	12	10	2252	313	47
232	0	12	30	2261	5861	49
233	3	1	40	2270	4899	45
234	0	12	40	2279	872	53
235	0	12	30	2288	8498	51
236	4	14	40	2297	6	48
237	4	14	40	2306	12566	54
238	4	8	10	2315	4791	50
239	4	8	10	2324	3628	51
240	0	12	20	2333	3351	48
241	0	12	20	2342	442	47
242	3	1	10	2351	2528	55
243	3	1	20	2360	178	54
244	4	8	10	2369	1972	54
245	4	8	40	2400	68	51
246	4	14	30	2409	119	50
247	4	8	40	2418	5678	53
248	3	1	20	2427	2517	55
249	0	12	40	2436	3369	48
250	4	8	20	2445	5190	46
251	4	14	40	2454	1981	51
252	4	14	10	2463	1371	48
253	0	12	20	2472	1437	55
254	3	1	40	2481	321	48
255	0	12	10	2490	244	53
256	0	12	30	2499	6807	53
257	4	8	20	2508	4115	55
258	4	8	30	2517	1016	54
259	3	1	20	2526	6246	54
260	3	1	40	2535	268	51
261	3	1	40	2544	1841	54
262	0	12	40	2553	7730	47
263	4	8	30	2562	4852	52
264	3	1	20	2571	2691	52
265	4	8	20	2580	5441	53
266	4	14	30	2589	445	49
267	3	1	40	2598	1521	49
268	3	1	30	2607	151	48
269	3	1	40	2616	3092	45
270	4	14	40	2625	312	50
271	4	8	20	2634	7735	46
272	0	12	20	2643	12448	51
273	3	1	40	2652	3330	51
274	3	1	10	2661	3207	50
275	4	8	40	2670	1620	47
276	0	12	40	2679	5850	46
277	4	14	40	2688	1193	51
278	4	8	10	2697	558	47
279	0	12	20	2706	14821	49
280	3	1	30	2715	4478	47
281	4	14	30	2724	32	47
282	4	8	30	2733	2035	50
283	4	8	10	2742	6522	52
284	4	8	20	2751	6469	47
285	3	1	40	2760	6305	53
286	0	12	40	2769	6148	55
287	4	14	20	2778	2517	50
288	4	14	40	2800	3965	53
289	4	14	40	2809	587	45
290	4	14	40	2818	259	54
291	4	8	20	2827	1779	48
292	4	8	10	2836	5272	45
293	3	1	30	2845	9542	51
294	3	1	10	2854	3032	55
295	4	8	20	2863	885	49
296	4	14	20	2872	1148	45
297	4	8	20	2881	5806	47
298	0	12	10	2890	3229	47
299	4	14	30	2899	4151	46
300	4	8	10	2908	9702	47
301	4	8	30	2917	4995	46
302	4	14	20	2926	5107	49
303	0	12	30	2935	10558	55
304	4	8	10	2944	2725	54
305	4	14	10	2953	8203	45
306	3	1	20	2962	2284	45
307	4	8	10	2971	5167	52
308	3	1	10	2980	5551	49
309	4	8	10	2989	5453	46
310	0	12	10	2998	1375	51
311	4	8	30	3007	3281	47
312	4	14	20	3016	2871	53
313	4	8	20	3025	1145	50
314	4	14	40	3034	495	52
315	4	14	20	3043	233	49
316	0	12	20	3052	14034	48
317	3	1	30	3061	209	50
318	0	12	20	3070	9258	49
319	0	12	30	3079	4768	54
320	4	8	20	3088	12718	53
321	0	12	20	3097	4068	54
322	3	1	40	3106	4651	52
323	4	14	30	3115	9229	47
324	4	14	40	3124	2582	47
325	4	8	20	3133	5036	46
326	0	12	20	3142	525	45
327	3	1	30	3151	194	55
328	4	14	30	3160	136	51
329	4	8	40	3200	1741	45
330	4	8	20	3209	349	46
331	4	14	20	3218	10	54
332	3	1	40	3227	4868	48
333	3	1	20	3236	2650	45
334	3	1	10	3245	263	47
335	4	8	10	3254	12921	45
336	4	14	10	3263	1353	53
337	4	8	40	3272	2541	51
338	0	12	10	3281	1485	54
339	4	8	20	3290	10648	47
340	4	14	20	3299	1773	53
341	4	14	40	3308	246	47
342	4	8	10	3317	5045	45
343	3	1	40	3326	8640	52
344	3	1	30	3335	7475	50
345	4	8	10	3344	2797	52
346	3	1	40	3353	7505	51
347	0	12	30	3362	2641	51
348	4	14	40	3371	6269	55
349	4	14	40	3380	2575	51
350	0	12	10	3389	1037	46
351	0	12	30	3398	884	51
352	4	8	10	3407	7997	54
353	0	12	20	3416	7796	48
354	3	1	20	3425	4651	48
355	4	8	40	3434	1276	48
356	3	1	30	3443	104	50
357	0	12	30	3452	6872	47
358	0	12	40	3461	2413	53
359	0	12	30	3470	6019	53
360	4	14	40	3479	5518	55
361	0	12	30	3488	1961	45
362	4	8	20	3497	4705	46
363	0	12	20	3506	2025	48
364	4	14	30	3515	4322	55
365	4	8	40	3524	1360	52
366	3	1	40	3533	7746	54
367	0	12	10	3542	112	53
368	3	1	10	3551	819	47
369	3	1	40	3560	678	51
370	4	14	20	3600	5871	51
371	4	14	20	3610	2771	53
372	3	1	30	3620	5401	52
373	3	1	10	3630	14162	47
374	0	12	10	3640	1651	46
375	4	8	30	3650	9154	51
376	3	1	10	3660	10186	53
377	0	12	10	3670	6493	45
378	0	12	10	3680	225	53
379	4	8	30	3690	14374	51
380	3	1	30	3700	8137	50
381	4	14	30	3710	4082	50
382	3	1	40	3720	1183	55
383	0	12	40	3730	3273	45
384	0	12	30	3740	532	55
385	0	12	30	3750	8654	51
386	3	1	20	3760	594	45
387	3	1	20	3770	7491	45
388	4	14	40	3780	6380	52
389	0	12	10	3790	6254	54
390	3	1	30	3800	10917	51
391	4	14	20	3810	2513	51
392	0	12	10	3820	69	54
393	0	12	20	3830	3038	46
394	4	8	20	3840	802	47
395	3	1	30	3850	14108	52
396	3	1	20	3860	1836	45
397	0	12	30	3870	1539	53
398	3	1	20	3880	1014	52
399	4	8	40	3890	3259	53
400	3	1	20	3900	4168	53
401	4	8	40	3910	6838	54
402	4	8	30	3920	1416	48
403	0	12	40	3930	4034	49
404	4	14	20	3940	4885	55
405	0	12	30	3950	5216	48
406	3	1	10	3960	2446	54
407	3	1	40	3970	8961	51
408	4	14	20	3980	2930	46
409	0	12	40	4000	6220	52
410	4	14	40	4011	1732	50
411	3	1	30	4022	1009	49
412	0	12	30	4033	5806	50
413	3	1	20	4044	2619	46
414	4	8	10	4055	9575	47
415	0	12	20	4066	460	50
416	4	8	40	4077	563	46
417	4	8	20	4088	569	46
418	0	12	30	4099	1273	48
419	3	1	40	4110	5976	48
420	3	1	30	4121	651	51
421	0	12	30	4132	38	53
422	4	8	20	4143	1048	45
423	4	8	10	4154	2007	49
424	4	14	20	4165	1000	55
425	0	12	40	4176	1444	45
426	4	14	20	4187	2635	55
427	3	1	10	4198	936	51
428	0	12	30	4209	6226	45
429	3	1	20	4220	1833	50
430	4	14	10	4231	3023	50
431	3	1	20	4242	3687	45
432	4	8	30	4253	3457	48
433	3	1	10	4264	2752	55
434	4	14	20	4275	1573	53
435	0	12	40	4286	205	52
436	4	8	10	4297	1670	46
437	3	1	40	4308	3879	51
438	0	12	20	4319	7686	45
439	4	14	10	4330	2016	52
440	3	1	30	4341	2231	52
441	4	14	20	4352	1121	50
442	3	1	10	4363	1583	55
443	3	1	10	4374	33	55
444	4	8	20	4400	2312	48
445	4	14	10	4411	4976	46
446	4	14	40	4422	4825	45
447	4	8	30	4433	3077	52
448	3	1	20	4444	3906	54
449	4	8	10	4455	303	52
450	0	12	40	4466	7309	51
451	0	12	40	4477	1073	55
452	4	14	40	4488	191	49
453	4	14	20	4499	2380	49
454	3	1	20	4510	2090	46
455	3	1	40	4521	4062	45
456	0	12	20	4532	3550	53
457	0	12	20	4543	9360	55
458	0	12	30	4554	2137	49
459	4	14	30	4565	2057	54
460	4	8	20	4576	1129	48
461	0	12	40	4587	1144	48
462	4	8	20	4598	441	51
463	4	8	40	4609	658	52
464	4	8	30	4620	1196	47
465	0	12	20	4631	5533	50
466	4	8	40	4642	4133	46
467	4	8	20	4653	1249	50
468	4	14	10	4664	674	49
469	4	8	10	4675	7824	50
470	3	1	20	4686	5832	49
471	4	14	40	4697	2858	50
472	4	8	10	4708	1309	45
473	4	8	30	4719	8374	51
474	0	12	10	4730	1711	51
475	4	14	10	4741	9453	46
476	4	8	20	4752	4589	54
477	3	1	20	4763	1006	45
478	4	14	30	4774	12451	45
479	0	12	20	4785	2850	53
480	0	12	10	4800	3688	55
481	4	8	30	4815	11667	48
482	4	14	40	4830	3520	52
483	4	14	30	4845	5034	48
484	4	8	20	4860	3007	55
485	3	1	20	4875	1397	51
486	3	1	20	4890	3244	51
487	4	8	10	4905	558	55
488	4	14	40	4920	379	53
489	4	8	20	4935	4651	52
490	0	12	20	4950	2477	55
491	4	8	30	4965	2303	47
492	4	8	20	4980	927	46
493	0	12	40	4995	2402	46
494	4	8	40	5010	650	49
495	3	1	40	5025	787	49
496	3	1	10	5040	603	54
497	4	8	20	5055	770	48
498	4	8	20	5070	5542	53
499	4	8	10	5085	4681	54
500	3	1	10	5100	279	45
501	4	8	20	5115	2264	51
502	3	1	30	5130	1921	47
503	4	8	10	5145	5790	49
504	3	1	40	5160	1460	48
505	0	12	10	5175	1593	45
506	4	14	40	5200	12518	54
507	3	1	20	5209	744	53
508	4	14	20	5218	423	53
509	4	14	10	5227	2781	55
510	0	12	20	5236	12427	47
511	3	1	10	5245	1822	53
512	0	12	40	5254	11836	54
513	0	12	20	5263	9385	52
514	4	14	30	5272	6433	55
515	0	12	30	5281	1427	55
516	0	12	40	5290	4358	52
517	3	1	30	5299	1967	48
518	4	14	20	5308	3905	52
519	3	1	20	5317	13241	52
520	3	1	40	5326	861	54
521	4	14	30	5335	2886	47
522	4	8	30	5344	783	52
523	3	1	30	5353	2523	53
524	4	8	40	5362	2022	51
525	4	8	30	5371	1599	47
526	3	1	30	5380	1447	49
527	4	8	10	5389	7034	55
528	4	14	40	5398	5189	47
529	3	1	10	5407	742	47
530	0	12	10	5416	5808	48
531	0	12	10	5425	2831	50
532	4	8	40	5434	2558	47
533	3	1	30	5443	1235	46
534	4	8	10	5452	2334	53
535	3	1	30	5461	745	49
536	4	14	40	5470	3324	46
537	3	1	30	5479	6866	47
538	0	12	30	5488	2111	45
539	0	12	20	5497	892	54
540	4	14	30	5506	1654	52
541	4	14	10	5515	1949	53
542	3	1	40	5524	120	46
543	4	14	30	5533	3560	53
544	4	8	10	5542	5269	49
545	4	8	10	5551	402	46
546	4	8	30	5560	2690	48
547	0	12	40	5569	1441	50
548	0	12	10	5578	4218	47
549	4	8	10	5587	7585	49
550	4	8	10	5600	2893	52
551	4	14	20	5610	5569	51
552	4	8	40	5620	3211	51
553	3	1	10	5630	6173	46
554	3	1	10	5640	2741	45
555	4	14	30	5650	3225	54
556	4	14	40	5660	1174	54
557	4	14	10	5670	9796	50
558	0	12	20	5680	1835	54
559	4	8	10	5690	14960	45
560	3	1	30	5700	100	51
561	3	1	30	5710	550	55
562	3	1	20	5720	2341	51
563	0	12	10	5730	10697	51
564	4	14	40	5740	5314	52
565	4	14	20	5750	2376	52
566	4	8	20	5760	8955	50
567	4	8	10	5770	4587	52
568	4	14	10	5780	2481	54
569	0	12	10	5790	3974	50
570	4	8	30	5800	5321	54
571	3	1	20	5810	7414	49
572	3	1	40	5820	15329	47
573	3	1	40	5830	2202	54
574	4	14	30	5840	3921	55
575	3	1	30	5850	6599	45
576	0	12	30	5860	2648	45
577	4	8	40	5870	3551	54
578	4	8	20	5880	5321	48
579	4	14	40	5890	1433	49
580	0	12	40	5900	7330	55
581	4	8	30	5910	4	55
582	0	12	10	5920	774	53
583	3	1	30	5930	8377	54
584	4	8	10	5940	4250	50
585	0	12	40	5950	58	52
586	3	1	10	5960	12438	55
587	3	1	40	6000	4636	46
588	0	12	20	6010	5873	46
589	3	1	30	6020	8776	55
590	3	1	40	6030	9886	50
591	4	14	40	6040	4208	51
592	3	1	20	6050	2408	49
593	3	1	30	6060	2275	55
594	3	1	40	6070	769	48
595	4	8	40	6080	943	53
596	0	12	40	6090	11429	47
597	3	1	40	6100	415	51
598	0	12	40	6110	7703	45
599	4	8	40	6120	1337	53
600	0	12	40	6130	904	52
601	4	14	30	6140	6584	51
602	4	8	30	6150	7341	51
603	0	12	10	6160	88	52
604	0	12	30	6170	485	50
605	3	1	30	6180	4453	47
606	4	8	20	6190	5934	48
607	4	14	40	6200	550	53
608	4	14	20	6210	704	47
609	4	14	30	6220	4660	55
610	3	1	40	6230	287	53
611	3	1	10	6240	4386	55
612	3	1	30	6250	784	47
613	0	12	30	6260	276	49
614	4	8	10	6270	585	46
615	0	12	40	6280	96	52
616	4	8	30	6290	12193	47
617	0	12	30	6300	3341	52
618	4	14	40	6310	1295	45
619	3	1	10	6320	5102	45
620	0	12	10	6330	2713	53
621	3	1	20	6340	928	49
622	0	12	40	6350	9750	50
623	4	8	30	6360	3410	55
624	4	8	10	6370	5010	45
625	4	8	30	6380	354	47
626	0	12	40	6390	1983	45
627	4	14	20	6400	3145	47
628	0	12	10	6410	1141	50
629	4	8	40	6420	2142	46
630	4	8	40	6430	8020	53
631	3	1	40	6440	1948	50
632	4	8	10	6450	5300	53
633	4	14	30	6460	2401	51
634	3	1	40	6470	416	53
635	0	12	20	6480	133	48
636	0	12	40	6490	700	48
637	4	14	40	6500	669	45
638	3	1	10	6510	5751	48
639	3	1	20	6520	16274	47
640	4	14	20	6530	1104	48
641	4	14	10	6540	7013	47
642	3	1	20	6550	2975	55
643	4	8	40	6560	340	47
644	4	14	40	6570	6843	46
645	0	12	40	6580	1148	50
646	4	8	10	6590	2560	49
647	4	8	40	6600	1947	45
648	4	8	20	6610	1413	54
649	4	8	40	6620	655	51
650	4	14	20	6630	1191	51
651	0	12	10	6640	1888	51
652	4	14	40	6650	6906	50
653	3	1	30	6660	573	45
654	0	12	30	6670	6274	55
655	4	8	20	6680	21280	48
656	3	1	40	6690	8999	45
657	0	12	10	6700	1241	52
658	3	1	40	6710	1470	52
659	3	1	40	6720	119	47
660	3	1	40	6730	1317	47
661	3	1	40	6740	1038	46
662	3	1	40	6750	8490	47
663	3	1	30	6760	5494	45
664	4	8	30	6770	6921	46
665	0	12	40	6780	4604	48
666	4	8	40	6800	10740	47
667	3	1	10	6814	5187	52
668	4	8	30	6828	13775	51
669	0	12	30	6842	436	54
670	0	12	40	6856	7958	49
671	3	1	30	6870	6407	46
672	3	1	30	6884	6512	49
673	0	12	20	6898	1390	54
674	4	14	30	6912	2612	53
675	0	12	10	6926	4383	51
676	4	14	10	6940	4588	49
677	4	14	40	6954	7112	48
678	4	8	40	6968	5616	54
679	4	8	20	6982	2499	50
680	0	12	30	6996	3787	54
681	3	1	10	7010	22	55
682	4	8	40	7024	1133	49
683	4	14	10	7038	408	55
684	4	8	20	7052	683	51
685	4	8	40	7066	2686	47
686	4	14	40	7080	3314	45
687	3	1	20	7094	3672	53
688	3	1	40	7108	4311	51
689	0	12	20	7122	438	50
690	4	8	30	7136	594	47
691	4	14	40	7150	8969	52
692	0	12	40	7164	7493	49
693	4	14	10	7178	5284	45
694	4	14	30	7200	4847	45
695	0	12	20	7210	50	47
696	4	8	20	7220	11714	55
697	0	12	40	7230	6019	54
698	4	14	10	7240	1197	45
699	4	14	40	7250	582	54
700	4	14	40	7260	1529	48
701	3	1	10	7270	5484	53
702	4	14	10	7280	2160	49
703	4	8	40	7290	863	45
704	0	12	10	7300	1358	47
705	4	8	30	7310	2457	49
706	3	1	20	7320	3400	46
707	3	1	30	7330	3007	51
708	4	14	40	7340	4245	48
709	0	12	30	7350	538	49
710	3	1	20	7360	1499	54
711	4	14	40	7370	262	53
712	3	1	20	7380	2872	54
713	4	8	20	7390	7406	46
714	4	8	20	7400	2161	49
715	4	14	30	7410	1286	47
716	0	12	10	7420	16045	52
717	4	14	30	7430	6115	47
718	0	12	10	7440	3562	50
719	0	12	40	7450	1624	54
720	0	12	10	7460	512	47
721	3	1	20	7470	1608	49
722	4	14	10	7480	277	45
723	4	8	10	7490	7990	46
724	3	1	10	7500	13437	51
725	4	8	40	7510	13956	52
726	4	8	30	7520	12153	53
727	3	1	20	7530	292	48
728	4	8	30	7540	3579	54
729	3	1	20	7550	2516	50
730	4	14	40	7560	5080	51
731	3	1	20	7570	9394	51
732	0	12	30	7580	3396	47
733	3	1	40	7600	3858	55
734	4	8	30	7610	635	46
735	3	1	20	7620	8035	45
736	4	14	40	7630	3549	51
737	0	12	10	7640	216	49
738	3	1	10	7650	6624	52
739	4	14	40	7660	4790	46
740	3	1	30	7670	9930	45
741	4	8	20	7680	142	49
742	4	14	30	7690	11729	49
743	3	1	20	7700	3052	47
744	3	1	10	7710	6262	52
745	3	1	30	7720	310	49
746	0	12	30	7730	1921	54
747	4	14	30	7740	13	47
748	4	8	40	7750	1517	51
749	4	14	40	7760	2229	53
750	0	12	20	7770	124	50
751	4	8	30	7780	713	52
752	0	12	30	7790	834	49
753	4	14	20	7800	10366	47
754	3	1	40	7810	61	51
755	0	12	20	7820	17266	55
756	3	1	10	7830	4548	53
757	3	1	40	7840	3221	48
758	3	1	30	7850	1040	49
759	4	14	10	7860	1533	51
760	0	12	40	7870	2828	52
761	4	14	40	7880	2788	54
762	4	8	40	7890	11066	53
763	0	12	30	7900	827	53
764	0	12	40	7910	2088	53
765	4	14	10	7920	2098	47
766	4	14	20	7930	2703	51
767	0	12	20	7940	8959	54
768	0	12	40	7950	4764	55
769	4	14	40	7960	3208	49
770	0	12	40	7970	4643	52
771	0	12	40	8000	10595	48
772	4	8	30	8009	14617	51
773	0	12	10	8018	8885	48
774	4	8	10	8027	2159	54
775	4	14	40	8036	357	54
776	4	14	40	8045	1940	55
777	0	12	30	8054	3046	53
778	3	1	10	8063	304	49
779	0	12	20	8072	8850	46
780	0	12	20	8081	3547	54
781	4	8	10	8090	11882	51
782	0	12	30	8099	5623	52
783	4	8	30	8108	716	45
784	4	8	40	8117	2293	45
785	3	1	10	8126	3247	54
786	3	1	30	8135	5037	46
787	0	12	10	8144	4166	45
788	4	14	10	8153	3701	49
789	0	12	10	8162	698	47
790	4	14	20	8171	826	48
791	4	8	10	8180	143	47
792	4	8	20	8189	6941	55
793	3	1	40	8198	2698	46
794	4	14	40	8207	848	49
795	3	1	30	8216	2140	47
796	0	12	20	8225	411	51
797	3	1	10	8234	5704	52
798	3	1	30	8243	543	50
799	3	1	10	8252	1930	49
800	4	14	20	8261	3502	54
801	0	12	20	8270	2676	45
802	4	14	30	8279	1468	47
803	4	8	40	8288	5777	47
804	4	14	10	8297	5397	46
805	0	12	20	8306	427	47
806	0	12	10	8315	838	46
807	4	14	20	8324	1408	45
808	3	1	20	8333	2835	48
809	4	14	10	8342	10625	52
810	4	8	30	8351	3688	55
811	3	1	20	8360	631	55
812	4	14	40	8369	2613	54
813	3	1	20	8378	1652	48
814	4	14	40	8400	5243	52
815	3	1	30	8410	3268	46
816	4	14	20	8420	5500	46
817	0	12	10	8430	5933	53
818	3	1	30	8440	5554	53
819	3	1	30	8450	7608	54
820	0	12	20	8460	4710	46
821	3	1	10	8470	7435	51
822	0	12	10	8480	1369	49
823	4	14	30	8490	3069	52
824	0	12	30	8500	1816	46
825	3	1	40	8510	4217	49
826	3	1	20	8520	446	48
827	3	1	30	8530	2642	49
828	4	8	10	8540	4821	54
829	3	1	30	8550	11	51
830	4	14	20	8560	17557	48
831	0	12	30	8570	3919	48
832	3	1	10	8580	2083	48
833	4	14	10	8590	4689	45
834	0	12	10	8600	1468	47
835	4	14	10	8610	422	53
836	3	1	20	8620	4102	48
837	4	14	30	8630	18721	50
838	4	8	30	8640	2202	54
839	4	8	20	8650	1632	53
840	4	8	40	8660	1827	53
841	3	1	10	8670	2174	46
842	3	1	40	8680	599	52
843	0	12	10	8690	4481	52
844	3	1	30	8700	3265	48
845	4	8	10	8710	165	48
846	3	1	10	8720	3242	49
847	4	14	10	8730	2656	52
848	4	14	10	8740	5711	49
849	0	12	20	8750	4007	48
850	4	14	20	8760	4401	45
851	0	12	10	8770	1570	54
852	0	12	20	8800	36	54
853	0	12	40	8810	1293	51
854	4	8	30	8820	4696	48
855	4	8	10	8830	5375	48
856	4	14	10	8840	882	51
857	4	14	10	8850	5904	50
858	4	8	20	8860	2037	45
859	4	8	20	8870	373	53
860	4	8	10	8880	21822	54
861	4	8	20	8890	4892	52
862	3	1	10	8900	3629	46
863	0	12	30	8910	2813	53
864	4	14	30	8920	11403	49
865	4	8	40	8930	15207	51
866	4	14	10	8940	5390	51
867	4	14	30	8950	6231	54
868	4	8	10	8960	126	45
869	4	14	30	8970	3979	54
870	4	14	10	8980	9947	54
871	4	14	30	8990	5649	51
872	3	1	30	9000	1721	54
873	4	8	10	9010	2148	45
874	0	12	40	9020	2646	46
875	3	1	10	9030	1273	45
876	0	12	20	9040	4881	54
877	4	14	10	9050	3828	52
878	0	12	40	9060	15234	49
879	4	14	30	9070	1569	54
880	0	12	30	9080	404	55
881	4	14	10	9090	3873	52
882	4	14	30	9100	5139	55
883	0	12	40	9110	279	51
884	3	1	20	9120	1635	50
885	4	14	10	9130	4349	50
886	0	12	10	9140	3822	50
887	3	1	20	9150	555	52
888	4	8	20	9160	29835	52
889	4	14	40	9200	3357	55
890	4	14	10	9209	9299	47
891	4	14	20	9218	8160	53
892	3	1	20	9227	3581	50
893	0	12	10	9236	1627	46
894	4	14	20	9245	1657	54
895	4	14	30	9254	4327	45
896	0	12	40	9263	6926	55
897	3	1	10	9272	4022	54
898	4	8	20	9281	5261	48
899	4	8	40	9290	3472	52
900	4	8	40	9299	1428	52
901	3	1	30	9308	5810	51
902	4	8	40	9317	2421	52
903	4	14	20	9326	556	50
904	4	8	10	9335	5035	50
905	0	12	30	9344	9668	50
906	4	8	30	9353	14736	55
907	4	14	20	9362	3601	54
908	4	14	10	9371	6287	50
909	4	14	30	9380	2167	48
910	4	8	40	9389	139	49
911	0	12	10	9398	3488	54
912	3	1	10	9407	6312	46
913	4	8	40	9416	310	47
914	0	12	40	9425	19816	53
915	3	1	40	9434	1882	47
916	3	1	40	9443	16149	53
917	3	1	20	9452	3009	51
918	4	8	20	9461	743	47
919	0	12	20	9470	1309	55
920	4	8	30	9479	1798	46
921	4	8	30	9488	3771	55
922	4	8	20	9497	6242	46
923	3	1	20	9506	2487	45
924	0	12	30	9515	5207	52
925	0	12	40	9524	191	45
926	4	8	20	9533	720	46
927	3	1	30	9542	62	52
928	4	8	30	9551	317	46
929	0	12	20	9560	6925	45
930	4	8	10	9569	2388	45
931	4	8	10	9600	293	45
932	3	1	30	9609	8629	49
933	4	14	10	9618	2026	52
934	4	8	30	9627	98	46
935	3	1	10	9636	1602	49
936	4	8	10	9645	726	45
937	0	12	20	9654	3599	49
938	3	1	40	9663	1732	46
939	3	1	40	9672	2211	45
940	3	1	30	9681	4659	50
941	0	12	40	9690	88	51
942	3	1	20	9699	1645	46
943	3	1	40	9708	3480	49
944	3	1	10	9717	3052	51
945	4	14	10	9726	1544	48
946	0	12	20	9735	317	51
947	0	12	30	9744	2910	47
948	4	14	10	9753	1670	49
949	0	12	30	9762	13286	52
950	4	8	30	9771	4541	48
951	4	8	30	9780	1393	48
952	0	12	40	9789	2499	52
953	0	12	10	9798	2408	48
954	4	14	10	9807	984	51
955	0	12	20	9816	4681	53
956	4	8	10	9825	14931	49
957	4	14	30	9834	18891	51
958	3	1	30	9843	2056	54
959	0	12	20	9852	4424	49
960	3	1	20	9861	5480	48
961	3	1	40	9870	12818	48
962	4	8	30	9879	2914	53
963	3	1	30	9888	13949	50
964	3	1	20	9897	13860	47
965	4	14	30	9906	13260	49
966	4	8	20	9915	4784	50
967	3	1	10	9924	2017	50
968	0	12	10	9933	206	46
969	3	1	40	9942	4349	48
970	0	12	30	9951	939	47
971	3	1	20	9960	1970	48
972	4	14	20	10000	780	50
973	4	14	30	10006	5462	47
974	4	8	30	10012	3578	50
975	0	12	30	10018	1664	51
976	3	1	20	10024	1276	53
977	4	14	30	10030	937	52
978	4	14	20	10036	10599	50
979	0	12	30	10042	2095	49
980	4	14	30	10048	14091	50
981	4	8	30	10054	4174	54
982	3	1	20	10060	4484	48
983	0	12	10	10066	476	50
984	4	14	30	10072	622	53
985	0	12	30	10078	675	52
986	4	8	10	10084	3724	48
987	4	8	30	10090	2262	45
988	0	12	40	10096	790	46
989	4	8	20	10102	1628	48
990	0	12	40	10108	1747	55
991	3	1	30	10114	769	49
992	4	8	30	10120	849	51
993	4	8	30	10126	4587	52
994	4	14	20	10132	4542	52
995	4	14	40	10138	5217	47
996	4	14	20	10144	2808	54
997	0	12	30	10150	1834	52
998	0	12	20	10156	3790	46
999	4	14	20	10162	3376	46
1000	3	1	30	10168	3897	53
1001	3	1	20	10174	4560	45
1002	0	12	20	10180	2514	46
1003	4	8	10	10186	4538	45
1004	0	12	10	10192	5620	49
1005	3	1	20	10198	1368	55
1006	3	1	20	10204	497	54
1007	0	12	20	10210	5090	50
1008	3	1	20	10216	7897	54
1009	3	1	20	10222	8406	55
1010	4	8	40	10228	2154	45
1011	4	8	20	10234	5830	52
1012	4	14	20	10240	255	46
1013	4	8	40	10246	20607	49
1014	4	8	30	10252	4798	54
1015	0	12	30	10258	412	49
1016	4	14	20	10264	1343	55
1017	4	8	20	10270	2077	47
1018	3	1	10	10276	6976	52
1019	4	8	40	10282	6714	50
1020	3	1	30	10288	1771	45
1021	4	14	40	10294	1235	50
1022	3	1	10	10300	977	49
1023	3	1	40	10306	5033	53
1024	4	8	40	10312	1477	49
1025	4	8	10	10318	139	54
1026	4	8	40	10324	880	52
1027	4	8	30	10330	2731	53
1028	4	14	10	10336	273	50
1029	3	1	40	10342	7939	47
1030	4	8	20	10400	7228	52
1031	3	1	40	10408	9434	45
1032	4	14	10	10416	3630	51
1033	0	12	10	10424	1780	48
1034	3	1	10	10432	6151	51
1035	4	8	20	10440	1371	49
1036	4	8	10	10448	799	52
1037	4	8	10	10456	21706	47
1038	0	12	10	10464	1770	45
1039	4	8	20	10472	7711	53
1040	4	8	10	10480	156	54
1041	0	12	40	10488	8687	54
1042	3	1	10	10496	3383	46
1043	4	8	30	10504	1436	46
1044	0	12	20	10512	10004	48
1045	4	14	20	10520	3535	47
1046	4	14	10	10528	480	48
1047	4	14	30	10536	878	47
1048	0	12	40	10544	16471	53
1049	4	14	30	10552	3476	47
1050	0	12	20	10560	2342	47
1051	4	8	40	10568	418	51
1052	4	8	20	10576	3129	45
1053	3	1	30	10584	6417	51
1054	4	8	30	10592	954	46
1055	3	1	30	10600	1766	48
1056	4	14	10	10608	2490	52
1057	4	8	20	10616	5557	49
1058	4	14	20	10624	1845	52
1059	3	1	10	10632	5097	51
1060	4	8	20	10640	386	48
1061	0	12	30	10648	3894	45
1062	4	8	20	10656	4243	55
1063	0	12	20	10664	26161	52
1064	4	8	40	10672	171	48
1065	4	14	10	10680	2861	55
1066	3	1	20	10688	748	46
1067	4	14	20	10696	4849	53
1068	4	14	40	10704	938	54
1069	0	12	20	10712	2099	50
1070	4	14	20	10720	9949	53
1071	4	8	10	10728	1368	52
1072	0	12	20	10736	194	47
1073	4	8	40	10744	14116	54
1074	0	12	30	10752	5966	52
1075	4	8	40	10760	2552	47
1076	0	12	40	10768	4747	48
1077	0	12	20	10776	9863	48
1078	3	1	30	10800	6395	49
1079	3	1	30	10812	5122	46
1080	3	1	40	10824	10151	51
1081	3	1	10	10836	2	50
1082	4	8	40	10848	2862	45
1083	0	12	20	10860	2657	47
1084	3	1	30	10872	2174	45
1085	4	14	30	10884	5333	45
1086	0	12	20	10896	1802	45
1087	4	8	20	10908	6388	55
1088	3	1	20	10920	635	46
1089	4	14	30	10932	2235	47
1090	4	8	10	10944	7012	53
1091	4	14	40	10956	2251	48
1092	3	1	40	10968	3934	51
1093	3	1	10	10980	4056	50
1094	4	14	40	10992	5750	50
1095	4	8	30	11004	2152	53
1096	4	14	30	11016	1056	54
1097	3	1	40	11028	3397	50
1098	0	12	30	11040	1203	53
1099	0	12	20	11052	2090	49
1100	0	12	10	11064	2152	46
1101	4	14	40	11076	2115	50
1102	0	12	40	11088	17721	48
1103	0	12	20	11100	3425	48
1104	4	14	20	11112	4360	50
1105	3	1	10	11124	666	50
1106	0	12	20	11136	214	49
1107	4	14	30	11148	3394	46
1108	3	1	10	11160	97	55
1109	4	14	40	11172	5397	55
1110	3	1	40	11184	4340	55
1111	4	14	40	11200	3180	49
1112	4	14	40	11210	12224	45
1113	4	8	30	11220	4170	50
1114	4	14	10	11230	6426	45
1115	3	1	20	11240	383	53
1116	4	14	40	11250	471	45
1117	0	12	40	11260	738	53
1118	3	1	40	11270	3462	51
1119	4	8	20	11280	1458	47
1120	3	1	40	11290	641	54
1121	4	8	40	11300	1868	47
1122	0	12	10	11310	3243	51
1123	4	14	20	11320	6072	51
1124	3	1	20	11330	3485	52
1125	4	14	30	11340	2665	49
1126	4	14	10	11350	4359	46
1127	3	1	20	11360	2111	53
1128	4	8	10	11370	933	49
1129	3	1	40	11380	1778	54
1130	3	1	20	11390	1095	48
1131	4	8	40	11400	522	54
1132	0	12	40	11410	4259	50
1133	4	8	10	11420	1983	55
1134	4	8	20	11430	1461	45
1135	4	14	10	11440	2855	45
1136	3	1	10	11450	50	46
1137	4	8	20	11460	10980	52
1138	0	12	10	11470	6893	52
1139	0	12	20	11480	1235	50
1140	3	1	10	11490	4612	52
1141	4	8	40	11500	6258	55
1142	4	14	20	11510	5940	55
1143	4	14	20	11520	2085	47
1144	4	8	30	11530	5810	48
1145	3	1	10	11540	1304	49
1146	0	12	40	11550	2596	47
1147	0	12	20	11560	15367	45
1148	3	1	40	11570	7276	49
1149	0	12	20	11600	4447	52
1150	3	1	30	11609	1454	53
1151	3	1	30	11618	262	45
1152	0	12	10	11627	19859	54
1153	4	14	10	11636	12344	51
1154	3	1	30	11645	1197	51
1155	4	14	10	11654	175	54
1156	3	1	30	11663	7729	54
1157	0	12	30	11672	928	53
1158	4	8	40	11681	20224	51
1159	0	12	30	11690	780	46
1160	3	1	40	11699	2692	49
1161	4	8	40	11708	4109	51
1162	3	1	30	11717	1809	53
1163	4	14	10	11726	4375	45
1164	4	8	30	11735	2781	51
1165	0	12	40	11744	3102	46
1166	4	14	10	11753	8946	54
1167	4	8	30	11762	3302	46
1168	4	14	10	11771	1670	50
1169	4	14	10	11780	1365	55
1170	0	12	10	11789	329	52
1171	4	8	20	11798	771	48
1172	4	14	40	11807	1704	46
1173	3	1	20	11816	1504	46
1174	3	1	10	11825	3882	50
1175	4	8	10	11834	1768	55
1176	3	1	30	11843	3661	47
1177	4	8	40	11852	646	49
1178	4	8	30	11861	59	48
1179	0	12	20	11870	1445	48
1180	3	1	40	11879	36	47
1181	3	1	40	11888	4622	45
1182	0	12	30	11897	3396	48
1183	0	12	30	11906	3081	52
1184	4	14	20	11915	222	46
1185	4	14	30	11924	774	47
1186	4	8	40	11933	554	55
1187	0	12	30	11942	4828	54
1188	3	1	30	11951	566	49
1189	3	1	20	11960	1220	46
1190	0	12	20	11969	4257	47
1191	4	8	30	11978	6543	49
1192	4	14	20	12000	11398	45
1193	4	14	20	12008	4133	51
1194	4	8	30	12016	5982	45
1195	0	12	10	12024	172	45
1196	3	1	10	12032	2227	46
1197	4	14	10	12040	459	55
1198	3	1	30	12048	9427	52
1199	4	8	40	12056	1026	46
1200	4	14	10	12064	1945	50
1201	4	14	10	12072	9881	46
1202	4	8	10	12080	4054	51
1203	3	1	30	12088	3181	50
1204	0	12	20	12096	3585	45
1205	0	12	10	12104	554	49
1206	3	1	40	12112	5043	55
1207	4	8	40	12120	4551	52
1208	0	12	10	12128	1620	45
1209	4	8	20	12136	9266	51
1210	4	8	20	12144	2343	52
1211	4	8	40	12152	4896	49
1212	4	14	10	12160	854	50
1213	4	8	30	12168	4688	48
1214	3	1	40	12176	737	54
1215	4	14	40	12184	6532	49
1216	4	8	20	12192	289	48
1217	4	8	40	12200	7010	45
1218	4	14	40	12208	3777	54
1219	4	8	10	12216	1572	48
1220	3	1	40	12224	2111	46
1221	3	1	20	12232	853	45
1222	3	1	40	12240	2247	52
1223	0	12	40	12248	326	49
1224	4	14	40	12256	4022	52
1225	4	14	30	12264	1279	48
1226	3	1	10	12272	1062	48
1227	0	12	20	12280	4853	51
1228	0	12	40	12288	3085	46
1229	4	8	40	12296	3458	49
1230	3	1	40	12304	10656	53
1231	3	1	20	12312	2702	48
1232	4	14	10	12320	1118	53
1233	0	12	30	12328	6212	46
1234	4	8	10	12336	10014	54
1235	4	14	30	12344	392	46
1236	4	8	40	12352	197	49
1237	4	8	40	12360	95	54
1238	0	12	10	12368	11610	52
1239	4	14	10	12376	10338	53
1240	0	12	40	12400	2459	48
1241	4	14	10	12410	2391	47
1242	0	12	20	12420	1833	54
1243	4	8	10	12430	1049	53
1244	4	8	40	12440	6852	49
1245	3	1	20	12450	11906	53
1246	3	1	20	12460	3795	54
1247	3	1	30	12470	1160	53
1248	4	8	30	12480	2583	52
1249	3	1	30	12490	14194	51
1250	4	14	40	12500	14377	53
1251	4	8	10	12510	3668	46
1252	4	14	20	12520	2751	45
1253	0	12	30	12530	3471	48
1254	3	1	40	12540	6778	55
1255	0	12	30	12550	857	50
1256	0	12	20	12560	2658	49
1257	0	12	10	12570	3271	47
1258	4	14	40	12580	9832	53
1259	0	12	40	12590	1531	53
1260	3	1	10	12600	9059	46
1261	3	1	20	12610	55	49
1262	4	8	10	12620	612	51
1263	3	1	10	12630	5615	51
1264	4	14	30	12640	14168	53
1265	3	1	40	12650	12158	49
1266	3	1	30	12660	2479	52
1267	3	1	20	12670	2070	48
1268	4	14	30	12680	5914	49
1269	3	1	10	12690	311	53
1270	3	1	40	12700	5651	45
1271	4	14	20	12710	188	49
1272	0	12	40	12720	8533	48
1273	0	12	40	12730	4639	46
1274	0	12	10	12740	8032	45
1275	3	1	40	12750	12885	55
1276	4	8	40	12760	6959	46
1277	4	8	30	12770	888	54
1278	4	14	40	12780	1197	55
1279	0	12	20	12800	4622	55
1280	4	8	10	12810	4327	49
1281	4	14	30	12820	15947	50
1282	3	1	30	12830	1030	54
1283	3	1	10	12840	3342	50
1284	3	1	10	12850	3728	52
1285	0	12	30	12860	1601	52
1286	3	1	10	12870	20316	47
1287	3	1	30	12880	4359	49
1288	3	1	40	12890	14312	47
1289	0	12	20	12900	5168	49
1290	4	14	20	12910	3745	52
1291	0	12	30	12920	2689	47
1292	3	1	10	12930	462	46
1293	0	12	20	12940	3944	55
1294	0	12	40	12950	115	52
1295	3	1	20	12960	2359	54
1296	3	1	10	12970	1473	52
1297	4	8	20	12980	3801	47
1298	3	1	30	12990	1202	45
1299	3	1	40	13000	8086	45
1300	0	12	30	13010	2669	45
1301	4	14	10	13020	936	51
1302	3	1	10	13030	2614	49
1303	3	1	20	13040	2049	54
1304	0	12	30	13050	966	51
1305	4	14	20	13060	10435	48
1306	0	12	20	13070	5074	53
1307	4	14	20	13080	6662	54
1308	4	14	20	13090	5012	47
1309	4	14	10	13100	7758	45
1310	3	1	30	13110	1838	48
1311	3	1	30	13120	1349	50
1312	0	12	20	13130	1426	48
1313	3	1	20	13140	1041	53
1314	4	14	30	13150	4282	48
1315	3	1	30	13160	9847	51
1316	0	12	40	13200	6180	50
1317	4	14	40	13212	3428	45
1318	4	14	40	13224	640	55
1319	3	1	10	13236	4098	46
1320	4	14	40	13248	12715	46
1321	4	14	10	13260	6403	48
1322	0	12	30	13272	2262	46
1323	3	1	10	13284	191	45
1324	4	14	40	13296	2516	46
1325	4	8	10	13308	1243	54
1326	4	8	20	13320	11052	48
1327	0	12	20	13332	1175	49
1328	4	14	40	13344	4292	50
1329	3	1	30	13356	2180	46
1330	0	12	30	13368	4222	47
1331	4	14	30	13380	948	54
1332	4	14	10	13392	11218	54
1333	4	8	40	13404	1984	54
1334	0	12	40	13416	883	54
1335	4	8	10	13428	2407	54
1336	0	12	20	13440	2785	46
1337	4	14	10	13452	6997	55
1338	3	1	20	13464	1733	55
1339	4	14	40	13476	4556	48
1340	4	14	10	13488	3779	54
1341	4	14	40	13500	807	48
1342	3	1	20	13512	11933	47
1343	3	1	40	13524	492	47
1344	4	8	40	13536	1765	46
1345	0	12	30	13548	1552	46
1346	0	12	20	13560	840	55
1347	4	14	40	13572	8481	48
1348	4	8	40	13584	13995	51
1349	4	8	20	13600	482	45
1350	4	8	30	13610	4301	49
1351	4	14	20	13620	5274	51
1352	3	1	20	13630	2504	48
1353	0	12	20	13640	3856	54
1354	3	1	10	13650	9595	54
1355	0	12	30	13660	4668	53
1356	4	14	20	13670	6000	49
1357	0	12	40	13680	2269	49
1358	3	1	30	13690	10874	53
1359	3	1	20	13700	11788	53
1360	4	8	40	13710	18217	45
1361	0	12	10	13720	2495	48
1362	4	14	20	13730	663	49
1363	4	8	30	13740	1393	45
1364	4	14	20	13750	913	53
1365	4	14	10	13760	684	49
1366	4	14	20	13770	1704	51
1367	4	14	20	13780	9577	49
1368	3	1	20	13790	126	55
1369	4	8	30	13800	917	50
1370	3	1	10	13810	2131	50
1371	0	12	30	13820	12934	50
1372	4	8	20	13830	1013	46
1373	0	12	10	13840	2525	51
1374	3	1	10	13850	121	48
1375	4	14	10	13860	5976	53
1376	4	8	40	13870	7558	45
1377	4	8	40	13880	1519	55
1378	4	8	20	13890	4683	55
1379	4	14	20	13900	627	55
1380	4	8	40	13910	323	54
1381	3	1	30	13920	234	55
1382	4	14	30	13930	1341	53
1383	3	1	30	13940	3144	49
1384	0	12	10	13950	5730	53
1385	4	8	20	13960	10080	52
1386	4	8	10	13970	5476	51
1387	4	14	30	13980	1547	45
1388	3	1	40	14000	2630	45
1389	4	14	20	14011	2848	45
1390	4	8	30	14022	4499	49
1391	0	12	30	14033	284	52
1392	0	12	30	14044	8906	47
1393	4	14	10	14055	2071	46
1394	3	1	40	14066	4690	48
1395	4	14	40	14077	636	50
1396	0	12	20	14088	121	55
1397	4	8	30	14099	4258	46
1398	3	1	20	14110	9705	49
1399	3	1	30	14121	890	52
1400	4	8	20	14132	14707	51
1401	4	8	10	14143	1318	50
1402	0	12	20	14154	7560	49
1403	4	14	20	14165	5789	46
1404	4	14	10	14176	4824	50
1405	4	8	40	14187	4793	54
1406	4	8	40	14198	2841	49
1407	4	8	20	14209	23634	53
1408	4	8	20	14220	3555	51
1409	3	1	10	14231	573	45
1410	4	14	30	14242	7326	52
1411	3	1	30	14253	2470	50
1412	4	14	30	14264	5436	50
1413	4	14	20	14275	6218	54
1414	4	8	30	14286	8157	54
1415	4	14	20	14297	10787	45
1416	0	12	30	14308	790	51
1417	0	12	40	14319	3750	45
1418	0	12	30	14330	3044	48
1419	3	1	40	14341	1339	45
1420	4	8	40	14352	2121	54
1421	0	12	30	14363	105	51
1422	0	12	30	14374	2226	48
1423	4	14	10	14385	2949	54
1424	4	14	40	14400	3017	45
1425	4	8	30	14408	1688	53
1426	4	14	10	14416	283	48
1427	4	8	20	14424	6852	55
1428	3	1	20	14432	6013	47
1429	3	1	10	14440	8572	53
1430	3	1	30	14448	5474	54
1431	4	14	10	14456	861	55
1432	3	1	20	14464	2073	50
1433	3	1	30	14472	2696	47
1434	4	8	40	14480	748	49
1435	0	12	30	14488	6375	49
1436	4	8	20	14496	932	51
1437	0	12	10	14504	2936	51
1438	3	1	20	14512	7425	54
1439	4	14	10	14520	260	55
1440	4	14	30	14528	2117	48
1441	0	12	40	14536	5519	53
1442	4	8	20	14544	5266	50
1443	0	12	30	14552	1712	55
1444	0	12	30	14560	4429	49
1445	4	14	10	14568	965	54
1446	4	8	10	14576	1575	47
1447	0	12	20	14584	436	49
1448	3	1	20	14592	3056	48
1449	3	1	20	14600	5673	48
1450	3	1	20	14608	13749	55
1451	4	14	20	14616	2189	55
1452	0	12	10	14624	521	54
1453	0	12	30	14632	3944	48
1454	4	8	30	14640	6201	53
1455	0	12	30	14648	11873	55
1456	0	12	30	14656	7695	47
1457	4	8	10	14664	1586	51
1458	4	14	30	14672	1072	45
1459	4	8	30	14680	1761	52
1460	4	8	40	14688	3974	51
1461	4	14	30	14696	4670	49
1462	4	14	40	14704	992	50
1463	4	14	20	14712	4898	53
1464	0	12	20	14720	1964	47
1465	4	14	30	14728	4155	53
1466	4	14	10	14736	231	45
1467	0	12	40	14744	1165	47
1468	4	8	20	14752	3851	49
1469	4	8	40	14760	303	50
1470	4	8	10	14768	5159	49
1471	0	12	20	14776	4305	55
1472	3	1	20	14784	5787	46
1473	4	8	20	14800	2538	48
1474	3	1	10	14807	8276	53
1475	4	8	10	14814	4353	45
1476	4	14	20	14821	1393	45
1477	0	12	40	14828	326	49
1478	3	1	20	14835	7642	50
1479	0	12	30	14842	1513	47
1480	0	12	20	14849	76	51
1481	3	1	40	14856	13423	54
1482	4	14	40	14863	1344	52
1483	4	14	40	14870	79	55
1484	4	14	30	14877	9853	54
1485	3	1	10	14884	1566	55
1486	4	14	40	14891	296	46
1487	4	8	40	14898	6010	46
1488	0	12	40	14905	4849	49
1489	0	12	20	14912	1003	49
1490	4	14	10	14919	11450	46
1491	0	12	10	14926	8500	45
1492	0	12	30	14933	1341	51
1493	0	12	30	14940	2674	46
1494	4	8	20	14947	2271	49
1495	4	14	10	14954	5121	54
1496	0	12	40	14961	3009	48
1497	4	8	40	14968	104	53
1498	4	14	10	14975	12895	53
1499	4	8	10	14982	95	51
1500	4	14	10	14989	688	54
1501	0	12	10	14996	302	45
1502	3	1	10	15003	2655	55
1503	0	12	30	15010	2474	54
1504	0	12	20	15017	135	54
1505	3	1	10	15024	1476	55
1506	4	8	10	15031	4277	54
1507	4	14	40	15038	4227	50
1508	4	8	20	15045	5598	51
1509	0	12	20	15052	532	53
1510	4	8	10	15059	4251	55
1511	0	12	30	15066	5975	54
1512	3	1	30	15073	2580	46
1513	3	1	10	15080	10105	54
1514	4	8	20	15087	1646	46
1515	4	14	10	15094	4370	52
1516	4	14	30	15101	2066	53
1517	4	14	40	15108	891	51
1518	4	14	40	15115	6267	55
1519	4	8	10	15122	264	48
1520	0	12	30	15129	3419	51
1521	3	1	20	15136	1307	54
1522	4	14	40	15143	3195	53
1523	4	8	40	15150	2018	45
1524	4	8	30	15200	557	48
1525	4	8	40	15208	7434	49
1526	4	14	30	15216	1875	49
1527	4	8	30	15224	1298	55
1528	0	12	10	15232	149	55
1529	3	1	10	15240	657	55
1530	0	12	20	15248	577	53
1531	4	8	30	15256	1249	48
1532	0	12	30	15264	503	51
1533	4	8	20	15272	7053	54
1534	4	8	20	15280	682	48
1535	4	14	20	15288	11679	50
1536	4	14	40	15296	2615	55
1537	4	14	20	15304	6952	54
1538	3	1	30	15312	17240	45
1539	4	8	30	15320	3727	54
1540	4	8	10	15328	4401	46
1541	4	14	10	15336	2172	52
1542	4	14	20	15344	97	51
1543	0	12	20	15352	3450	52
1544	3	1	20	15360	3352	49
1545	3	1	30	15368	732	48
1546	4	8	20	15376	2078	55
1547	4	8	30	15384	1815	52
1548	4	14	20	15392	651	45
1549	4	8	10	15400	5853	52
1550	0	12	20	15408	1534	46
1551	0	12	40	15416	1595	53
1552	3	1	10	15424	1069	54
1553	3	1	10	15432	9058	50
1554	4	8	20	15440	2382	55
1555	4	8	40	15448	8460	55
1556	4	8	20	15456	2957	47
1557	4	8	10	15464	372	54
1558	4	14	40	15472	1608	50
1559	4	14	20	15480	838	50
1560	3	1	20	15488	10896	51
1561	4	14	20	15496	1909	54
1562	3	1	30	15504	3826	50
1563	4	14	10	15512	3681	52
1564	4	14	10	15520	18460	45
1565	0	12	30	15528	1952	51
1566	0	12	40	15536	4282	47
1567	4	8	10	15544	4163	47
1568	4	8	30	15552	5761	51
1569	4	8	40	15560	1985	51
1570	4	14	20	15600	817	53
1571	0	12	20	15609	3463	55
1572	0	12	20	15618	959	50
1573	3	1	10	15627	818	45
1574	4	14	10	15636	2022	46
1575	0	12	20	15645	676	55
1576	3	1	40	15654	1175	48
1577	4	14	20	15663	14338	46
1578	3	1	20	15672	7058	51
1579	4	14	10	15681	13160	55
1580	0	12	30	15690	2311	49
1581	3	1	40	15699	37	52
1582	3	1	10	15708	542	55
1583	3	1	40	15717	1248	47
1584	3	1	40	15726	7160	54
1585	4	14	20	15735	6551	55
1586	3	1	20	15744	137	50
1587	4	8	30	15753	1004	46
1588	0	12	10	15762	1910	54
1589	4	14	30	15771	1300	48
1590	3	1	10	15780	2202	48
1591	4	8	30	15789	1983	45
1592	0	12	30	15798	2717	48
1593	4	14	10	15807	6387	50
1594	3	1	10	15816	4456	47
1595	4	8	40	15825	1356	47
1596	0	12	30	15834	6502	46
1597	0	12	10	15843	2196	55
1598	4	8	20	15852	3545	52
1599	3	1	30	15861	799	53
1600	4	8	30	15870	2855	46
1601	0	12	10	15879	5682	52
1602	4	14	10	15888	3682	46
1603	4	8	20	15897	5690	49
1604	3	1	40	15906	3506	55
1605	4	14	10	15915	5376	46
1606	4	14	30	15924	491	47
1607	0	12	40	15933	202	53
1608	4	14	10	15942	2767	48
1609	0	12	40	15951	1387	55
1610	4	14	40	15960	3920	52
1611	4	8	40	15969	3197	46
1612	4	14	30	16000	1205	47
1613	4	14	30	16009	1837	50
1614	3	1	40	16018	5548	45
1615	0	12	30	16027	10360	54
1616	4	8	10	16036	1165	55
1617	0	12	30	16045	1709	47
1618	0	12	20	16054	5854	53
1619	4	14	30	16063	815	45
1620	3	1	20	16072	1738	46
1621	4	14	20	16081	2284	45
1622	4	8	10	16090	1242	49
1623	4	8	10	16099	2659	47
1624	4	14	40	16108	13748	48
1625	4	8	30	16117	6315	52
1626	0	12	30	16126	361	51
1627	4	8	10	16135	2150	55
1628	4	14	10	16144	2880	54
1629	3	1	10	16153	462	55
1630	4	14	40	16162	1738	54
1631	4	8	30	16171	7139	49
1632	4	8	10	16180	1940	50
1633	4	14	30	16189	4171	53
1634	4	8	30	16198	2409	54
1635	0	12	20	16207	4563	53
1636	3	1	40	16216	2095	51
1637	0	12	40	16225	1835	50
1638	4	14	10	16234	4611	48
1639	4	14	30	16243	394	52
1640	4	14	40	16252	4685	53
1641	3	1	20	16261	16592	53
1642	4	8	30	16270	5132	54
1643	4	14	10	16279	362	54
1644	0	12	30	16288	4231	52
1645	0	12	10	16297	8256	47
1646	3	1	40	16306	560	53
1647	0	12	40	16315	532	53
1648	0	12	10	16324	193	49
1649	3	1	30	16333	5494	48
1650	4	14	30	16342	141	47
1651	0	12	40	16351	2431	54
1652	0	12	40	16360	4244	46
1653	4	8	30	16369	2065	52
1654	0	12	20	16378	7056	52
1655	3	1	20	16400	312	46
1656	3	1	10	16410	2703	48
1657	3	1	40	16420	493	55
1658	4	8	20	16430	6263	45
1659	0	12	10	16440	6243	48
1660	3	1	20	16450	4232	50
1661	3	1	20	16460	4812	48
1662	0	12	40	16470	3073	55
1663	4	8	40	16480	1977	48
1664	4	8	40	16490	11300	46
1665	3	1	20	16500	6291	48
1666	0	12	40	16510	725	52
1667	4	14	40	16520	3794	50
1668	4	8	10	16530	9898	52
1669	3	1	30	16540	289	48
1670	4	8	30	16550	2913	48
1671	0	12	20	16560	8641	50
1672	0	12	30	16570	4356	55
1673	0	12	40	16580	4492	46
1674	4	14	40	16590	2728	47
1675	4	14	40	16600	1837	49
1676	4	8	30	16610	4981	46
1677	4	8	40	16620	796	50
1678	4	8	20	16630	7157	50
1679	3	1	40	16640	398	46
1680	4	14	40	16650	4351	54
1681	0	12	30	16660	13042	54
1682	0	12	40	16670	1839	50
1683	0	12	30	16680	5817	50
1684	3	1	20	16690	309	52
1685	4	14	10	16700	9091	55
1686	0	12	40	16710	785	47
1687	0	12	20	16720	15866	53
1688	4	14	20	16730	6833	46
1689	4	14	10	16740	1895	52
1690	4	8	20	16750	838	49
1691	0	12	10	16760	1379	52
1692	3	1	20	16770	3440	49
1693	4	14	40	16780	8986	55
1694	0	12	10	16800	2326	46
1695	4	8	20	16808	18554	49
1696	3	1	30	16816	2376	54
1697	0	12	40	16824	1618	50
1698	4	8	20	16832	630	53
1699	3	1	20	16840	7870	49
1700	0	12	20	16848	4912	51
1701	3	1	40	16856	2919	48
1702	3	1	40	16864	937	45
1703	4	8	30	16872	15173	46
1704	4	8	40	16880	1042	45
1705	3	1	20	16888	650	53
1706	4	14	10	16896	6280	55
1707	4	14	10	16904	15490	55
1708	4	8	30	16912	9584	49
1709	0	12	30	16920	2467	47
1710	0	12	30	16928	1803	55
1711	4	8	10	16936	1489	53
1712	0	12	20	16944	1330	49
1713	3	1	30	16952	4767	55
1714	4	8	20	16960	543	49
1715	3	1	30	16968	4701	52
1716	4	8	20	16976	1608	53
1717	0	12	10	16984	5874	49
1718	3	1	20	16992	1517	52
1719	4	8	30	17000	178	46
1720	4	8	30	17008	3810	45
1721	4	14	20	17016	817	54
1722	4	14	30	17024	6316	48
1723	3	1	40	17032	3092	45
1724	4	8	10	17040	8501	55
1725	4	8	30	17048	1022	51
1726	3	1	10	17056	1471	45
1727	4	8	30	17064	5865	55
1728	0	12	30	17072	1064	55
1729	3	1	20	17080	2805	53
1730	4	8	20	17088	10120	51
1731	0	12	40	17096	1908	52
1732	4	14	30	17104	140	53
1733	3	1	10	17112	14405	46
1734	3	1	20	17120	1961	50
1735	4	8	40	17128	626	50
1736	4	8	40	17136	5589	54
1737	4	14	20	17144	1984	49
1738	3	1	40	17152	3079	49
1739	4	14	10	17200	10321	55
1740	4	14	10	17209	443	45
1741	0	12	40	17218	887	47
1742	3	1	30	17227	299	49
1743	4	14	30	17236	1776	54
1744	3	1	20	17245	58	52
1745	0	12	10	17254	8425	52
1746	4	14	30	17263	34	48
1747	4	14	30	17272	8501	50
1748	4	8	30	17281	5831	50
1749	4	8	20	17290	5540	50
1750	0	12	40	17299	4306	52
1751	4	8	30	17308	4536	49
1752	4	8	20	17317	69	54
1753	4	14	30	17326	431	51
1754	4	8	40	17335	1128	48
1755	0	12	10	17344	2954	52
1756	3	1	10	17353	5152	45
1757	0	12	40	17362	4440	45
1758	0	12	20	17371	407	46
1759	0	12	20	17380	15	50
1760	0	12	20	17389	7389	53
1761	4	8	20	17398	91	55
1762	4	14	20	17407	5472	55
1763	4	14	20	17416	2075	51
1764	4	14	20	17425	3105	52
1765	4	14	30	17434	16432	48
1766	4	8	30	17443	1292	45
1767	3	1	10	17452	1486	48
1768	0	12	20	17461	1476	49
1769	0	12	20	17470	16069	54
1770	4	8	40	17479	11155	54
1771	3	1	10	17488	11252	49
1772	4	8	20	17497	1060	55
1773	4	14	20	17506	1986	52
1774	3	1	30	17515	11167	45
1775	0	12	40	17524	2146	53
1776	0	12	30	17533	478	49
1777	0	12	40	17542	2285	49
1778	4	14	20	17551	2969	48
1779	4	8	10	17560	9	47
1780	4	8	10	17600	977	48
1781	3	1	20	17611	2228	51
1782	4	14	10	17622	8	49
1783	3	1	10	17633	2646	50
1784	3	1	30	17644	7454	46
1785	4	14	30	17655	1108	46
1786	3	1	30	17666	1799	53
1787	4	14	40	17677	10780	46
1788	4	8	20	17688	5190	53
1789	4	8	20	17699	8020	54
1790	3	1	30	17710	2184	50
1791	0	12	10	17721	343	54
1792	3	1	40	17732	1394	47
1793	3	1	20	17743	3045	55
1794	3	1	40	17754	341	46
1795	3	1	30	17765	343	46
1796	4	8	20	17776	2417	47
1797	4	14	20	17787	4402	53
1798	4	14	20	17798	6827	47
1799	4	14	40	17809	125	49
1800	3	1	30	17820	3686	52
1801	4	8	20	17831	4793	55
1802	4	14	20	17842	3393	45
1803	4	8	20	17853	6153	52
1804	0	12	30	17864	6668	51
1805	4	8	40	17875	5080	48
1806	0	12	10	17886	2358	50
1807	3	1	10	17897	3930	46
1808	4	8	40	17908	713	51
1809	0	12	10	17919	7103	50
1810	0	12	30	17930	2107	47
1811	4	8	20	17941	1363	51
1812	4	8	20	17952	633	52
1813	4	14	20	17963	397	54
1814	3	1	20	17974	6187	46
1815	3	1	40	18000	2145	47
1816	4	8	20	18009	83	50
1817	0	12	10	18018	1212	50
1818	4	8	30	18027	3283	49
1819	0	12	30	18036	1414	50
1820	4	8	10	18045	3883	50
1821	4	8	30	18054	1684	54
1822	0	12	40	18063	3503	50
1823	3	1	10	18072	2343	51
1824	4	8	30	18081	3294	49
1825	0	12	40	18090	7757	45
1826	4	14	20	18099	4150	46
1827	3	1	40	18108	4813	55
1828	0	12	30	18117	1481	50
1829	4	14	40	18126	7763	55
1830	4	14	20	18135	13044	51
1831	0	12	10	18144	2358	51
1832	4	8	30	18153	3836	47
1833	0	12	30	18162	2717	55
1834	3	1	30	18171	2044	51
1835	0	12	30	18180	2923	48
1836	3	1	10	18189	7731	50
1837	3	1	30	18198	977	53
1838	3	1	30	18207	4469	54
1839	0	12	40	18216	537	54
1840	4	14	30	18225	6370	52
1841	4	14	20	18234	5335	51
1842	3	1	40	18243	5861	51
1843	4	8	20	18252	9059	47
1844	4	8	30	18261	2434	51
1845	0	12	20	18270	565	55
1846	3	1	30	18279	10981	46
1847	4	14	30	18288	891	48
1848	4	14	10	18297	5479	54
1849	0	12	40	18306	4395	55
1850	0	12	20	18315	254	52
1851	4	8	10	18324	853	53
1852	3	1	30	18333	454	49
1853	4	14	40	18342	2941	52
1854	4	8	30	18351	2107	54
1855	4	8	40	18360	1195	53
1856	0	12	30	18369	487	49
1857	0	12	20	18378	550	49
1858	0	12	40	18400	1014	48
1859	4	14	40	18410	12403	51
1860	3	1	20	18420	305	46
1861	4	8	20	18430	5476	50
1862	3	1	30	18440	1520	51
1863	3	1	40	18450	1467	52
1864	4	8	30	18460	8129	55
1865	4	14	20	18470	13307	52
1866	0	12	30	18480	4460	48
1867	4	8	30	18490	4238	53
1868	0	12	40	18500	4741	48
1869	3	1	30	18510	1250	53
1870	4	14	30	18520	3283	52
1871	4	14	40	18530	6518	52
1872	4	8	30	18540	3552	51
1873	0	12	40	18550	2278	51
1874	0	12	40	18560	2782	53
1875	4	8	40	18570	8642	55
1876	4	14	30	18580	3420	48
1877	4	14	20	18590	4651	48
1878	4	8	20	18600	17518	45
1879	0	12	10	18610	2243	49
1880	4	8	10	18620	10124	54
1881	4	14	40	18630	2362	53
1882	3	1	40	18640	12309	46
1883	4	14	30	18650	4117	51
1884	4	14	30	18660	6335	48
1885	4	8	20	18670	5869	53
1886	3	1	20	18680	1650	47
1887	4	8	30	18690	404	50
1888	3	1	10	18700	348	45
1889	0	12	30	18710	611	54
1890	4	14	10	18720	2068	55
1891	4	8	40	18730	5187	46
1892	3	1	40	18740	19681	50
1893	3	1	30	18750	5060	48
1894	4	8	20	18760	214	52
1895	4	8	20	18770	209	47
1896	4	8	40	18780	2181	55
1897	4	14	40	18790	2479	55
1898	0	12	40	18800	110	47
1899	4	8	20	18808	2707	55
1900	0	12	30	18816	2462	51
1901	4	8	40	18824	1327	49
1902	3	1	30	18832	2815	45
1903	4	8	20	18840	2595	45
1904	0	12	10	18848	451	48
1905	4	8	30	18856	1191	55
1906	4	14	20	18864	3701	46
1907	4	8	40	18872	4472	54
1908	3	1	40	18880	78	55
1909	0	12	40	18888	2976	55
1910	3	1	10	18896	4603	50
1911	4	8	10	18904	2230	46
1912	4	14	10	18912	608	48
1913	4	14	30	18920	6333	54
1914	4	8	30	18928	140	53
1915	3	1	30	18936	3950	48
1916	3	1	20	18944	6275	48
1917	3	1	40	18952	4476	45
1918	3	1	20	18960	2871	48
1919	4	14	20	18968	419	47
1920	4	8	10	18976	3934	49
1921	3	1	10	18984	3432	53
1922	4	14	30	18992	3374	52
1923	0	12	10	19000	3216	50
1924	4	14	30	19008	8004	54
1925	4	8	40	19016	7165	51
1926	4	8	40	19024	6669	47
1927	3	1	40	19032	8184	48
1928	4	14	30	19040	1925	54
1929	4	14	30	19048	2393	50
1930	4	14	40	19056	2497	55
1931	4	14	40	19064	478	48
1932	4	14	30	19072	4317	45
1933	4	14	40	19080	2738	46
1934	0	12	20	19088	13967	53
1935	0	12	10	19096	4065	49
1936	0	12	10	19104	11295	53
1937	4	8	20	19112	2589	46
1938	4	14	20	19120	3070	48
1939	3	1	10	19128	3082	48
1940	3	1	40	19136	725	51
1941	0	12	30	19144	4373	49
1942	4	14	30	19152	319	51
1943	4	8	20	19160	3271	46
1944	3	1	30	19200	2451	48
1945	3	1	10	19209	14970	53
1946	3	1	40	19218	3522	53
1947	3	1	10	19227	882	52
1948	4	8	10	19236	4598	50
1949	4	14	30	19245	2211	49
1950	4	14	40	19254	1200	54
1951	3	1	40	19263	5495	55
1952	0	12	30	19272	11961	51
1953	0	12	30	19281	10503	45
1954	0	12	10	19290	8030	50
1955	4	8	30	19299	8606	54
1956	3	1	20	19308	4986	53
1957	3	1	30	19317	12218	51
1958	4	8	40	19326	3792	46
1959	3	1	20	19335	1278	53
1960	4	14	30	19344	2364	53
1961	0	12	30	19353	5280	54
1962	3	1	10	19362	1375	55
1963	4	14	10	19371	3366	49
1964	0	12	40	19380	249	55
1965	3	1	20	19389	3383	46
1966	4	8	20	19398	5830	45
1967	4	14	10	19407	4147	47
1968	4	14	20	19416	6976	45
1969	4	8	20	19425	2020	48
1970	4	8	30	19434	4644	51
1971	0	12	10	19443	1514	47
1972	4	14	20	19452	591	53
1973	0	12	10	19461	14752	55
1974	0	12	20	19470	10853	51
1975	0	12	20	19479	12994	55
1976	4	14	20	19488	2767	46
1977	4	8	10	19497	45	50
1978	4	8	30	19506	396	46
1979	4	8	30	19515	8775	45
1980	4	14	10	19524	1138	53
1981	3	1	40	19533	3800	51
1982	4	8	40	19542	830	53
1983	0	12	40	19551	12628	50
1984	4	14	40	19560	848	52
1985	4	8	40	19600	5056	45
1986	3	1	10	19626	712	53
1987	3	1	10	19652	5276	45
1988	3	1	30	19678	3977	51
1989	3	1	40	19704	359	55
1990	3	1	40	19730	10391	52
1991	3	1	30	19756	17612	47
1992	4	14	20	19782	7982	55
1993	0	12	10	19808	1217	50
1994	3	1	30	19834	381	51
1995	4	8	20	19860	2269	53
1996	4	8	20	19886	1872	49
1997	0	12	20	19912	2834	47
1998	4	8	20	19938	2758	47
1999	4	14	10	19964	8734	47
