0	1	29	30	0	2051	46
1	21	17	30	10	1331	48
2	1	29	10	20	228	50
3	4	23	30	30	4296	45
4	21	17	20	40	5353	51
5	18	6	40	50	1192	49
6	4	23	10	60	4387	53
7	4	23	20	70	429	46
8	18	6	40	80	2359	52
9	21	17	10	90	2765	54
10	4	23	10	100	1724	47
11	7	31	10	110	5025	52
12	21	17	30	120	4215	51
13	18	6	30	130	1070	53
14	1	29	30	140	8151	54
15	4	23	20	150	6729	45
16	4	23	20	160	3191	47
17	4	23	30	170	2663	45
18	18	6	40	180	7741	48
19	4	23	20	190	7629	54
20	18	6	30	200	6358	48
21	18	6	40	210	58	54
22	21	17	20	220	2100	53
23	21	17	30	230	12028	46
24	7	31	20	240	458	52
25	7	31	30	250	10320	45
26	7	31	10	260	96	47
27	18	6	40	270	954	53
28	1	29	40	280	1478	49
29	21	17	30	290	697	54
30	18	6	40	300	6347	53
31	7	31	40	310	16363	54
32	7	31	40	320	17158	54
33	21	17	30	330	3012	50
34	21	17	30	340	2259	47
35	4	23	10	350	3	45
36	21	17	40	360	3251	50
37	18	6	40	370	1662	49
38	18	6	40	400	2623	45
39	1	29	10	411	1715	49
40	1	29	40	422	1330	51
41	7	31	30	433	2665	45
42	7	31	40	444	2380	48
43	21	17	10	455	2390	50
44	7	31	40	466	5517	45
45	4	23	40	477	2700	48
46	21	17	20	488	3916	51
47	4	23	30	499	3564	55
48	1	29	40	510	2217	48
49	4	23	10	521	3323	47
50	4	23	30	532	10086	51
51	1	29	30	543	389	52
52	1	29	10	554	6791	52
53	7	31	30	565	1510	49
54	21	17	40	576	743	49
55	21	17	30	587	1954	47
56	21	17	10	598	8305	51
57	18	6	30	609	443	49
58	21	17	10	620	3194	49
59	1	29	30	631	6716	50
60	4	23	30	642	1065	47
61	1	29	20	653	2418	45
62	18	6	20	664	6294	53
63	18	6	10	675	1344	54
64	7	31	10	686	4865	46
65	21	17	10	697	1828	48
66	21	17	10	708	5223	53
67	1	29	40	719	521	46
68	4	23	40	730	6501	51
69	4	23	30	741	8125	53
70	7	31	20	752	1191	50
71	1	29	20	763	940	53
72	1	29	30	774	20	55
73	18	6	40	785	2828	54
74	4	23	20	800	3363	48
75	4	23	10	813	1481	48
76	7	31	40	826	3339	51
77	1	29	10	839	12744	47
78	1	29	30	852	904	46
79	18	6	30	865	3844	48
80	21	17	20	878	1426	50
81	18	6	20	891	2276	47
82	18	6	40	904	6181	49
83	7	31	30	917	5461	46
84	4	23	10	930	1100	47
85	18	6	20	943	4850	45
86	4	23	30	956	727	47
87	1	29	20	969	4456	50
88	1	29	40	982	1781	45
89	1	29	40	995	184	55
90	4	23	40	1008	539	50
91	4	23	20	1021	2402	46
92	4	23	40	1034	6243	45
93	18	6	20	1047	4404	51
94	4	23	20	1060	487	47
95	21	17	30	1073	7068	51
96	18	6	10	1086	4733	47
97	18	6	40	1099	711	49
98	18	6	10	1112	5483	48
99	7	31	40	1125	1921	52
100	4	23	30	1138	5738	50
101	21	17	20	1151	2789	50
102	1	29	40	1164	6179	49
103	4	23	20	1177	3254	51
104	21	17	30	1200	1465	52
105	18	6	10	1207	4953	53
106	21	17	40	1214	366	52
107	21	17	20	1221	1484	54
108	1	29	20	1228	5478	46
109	18	6	40	1235	7868	46
110	1	29	40	1242	6870	52
111	21	17	10	1249	9905	48
112	1	29	10	1256	9316	48
113	7	31	20	1263	10784	45
114	18	6	10	1270	2882	55
115	18	6	10	1277	6434	55
116	7	31	20	1284	4398	51
117	7	31	40	1291	196	52
118	21	17	40	1298	184	51
119	4	23	40	1305	4	45
120	4	23	20	1312	895	46
121	21	17	30	1319	235	48
122	21	17	40	1326	5756	45
123	18	6	40	1333	5676	51
124	21	17	40	1340	5428	48
125	1	29	10	1347	6561	49
126	7	31	30	1354	2175	53
127	7	31	20	1361	1647	49
128	21	17	30	1368	1990	52
129	4	23	30	1375	5380	53
130	18	6	40	1382	3826	46
131	18	6	10	1389	2063	46
132	7	31	10	1396	955	54
133	18	6	30	1403	6879	49
134	7	31	10	1410	7743	53
135	21	17	40	1417	6394	45
136	18	6	30	1424	4169	54
137	21	17	30	1431	1045	54
138	7	31	40	1438	2304	50
139	1	29	10	1445	3022	49
140	18	6	30	1452	3817	49
141	7	31	20	1459	7761	48
142	21	17	10	1466	10414	49
143	21	17	10	1473	2766	55
144	21	17	10	1480	1017	48
145	7	31	40	1487	944	47
146	4	23	10	1494	3184	54
147	21	17	20	1501	7794	55
148	21	17	10	1508	668	51
149	18	6	10	1515	1513	47
150	18	6	20	1522	707	55
151	4	23	20	1529	4150	50
152	4	23	40	1536	501	53
153	21	17	10	1543	5466	48
154	18	6	20	1550	797	50
155	7	31	40	1557	4877	47
156	21	17	20	1564	5376	49
157	7	31	40	1600	115	53
158	4	23	30	1609	6730	48
159	7	31	30	1618	2777	48
160	7	31	20	1627	1373	45
161	1	29	20	1636	5544	47
162	21	17	30	1645	10000	47
163	7	31	30	1654	25	48
164	1	29	40	1663	1120	55
165	21	17	40	1672	2161	50
166	1	29	40	1681	4861	49
167	7	31	20	1690	340	54
168	21	17	20	1699	319	47
169	18	6	20	1708	5031	55
170	21	17	30	1717	661	46
171	21	17	30	1726	2297	52
172	21	17	40	1735	3766	47
173	21	17	40	1744	2892	46
174	1	29	10	1753	1951	51
175	21	17	10	1762	1687	54
176	21	17	30	1771	562	54
177	1	29	40	1780	1223	46
178	4	23	40	1789	3050	47
179	18	6	40	1798	3039	45
180	7	31	40	1807	1189	50
181	21	17	10	1816	3301	53
182	21	17	10	1825	811	53
183	7	31	20	1834	320	49
184	18	6	20	1843	3444	53
185	7	31	20	1852	14045	51
186	7	31	10	1861	1342	48
187	21	17	40	1870	2520	51
188	1	29	20	1879	4087	54
189	1	29	10	1888	655	51
190	1	29	20	1897	241	52
191	7	31	40	1906	3857	45
192	4	23	10	1915	2150	51
193	1	29	20	1924	11082	46
194	18	6	30	1933	1096	49
195	1	29	10	1942	8009	47
196	7	31	30	1951	11150	46
197	18	6	20	1960	10086	45
198	21	17	10	1969	1177	55
199	21	17	20	1978	6581	53
200	7	31	40	1987	2828	53
201	7	31	40	2000	2518	55
202	21	17	10	2010	6068	52
203	7	31	40	2020	2306	52
204	18	6	30	2030	709	46
205	18	6	30	2040	5167	47
206	4	23	30	2050	145	48
207	7	31	10	2060	3696	51
208	7	31	40	2070	1778	52
209	4	23	20	2080	7247	52
210	7	31	20	2090	3407	48
211	21	17	30	2100	2582	47
212	18	6	10	2110	2732	51
213	18	6	30	2120	1324	47
214	1	29	30	2130	1115	53
215	7	31	10	2140	5216	47
216	18	6	10	2150	3341	49
217	18	6	10	2160	7351	53
218	4	23	10	2170	2241	51
219	18	6	20	2180	1281	49
220	18	6	30	2190	567	47
221	1	29	40	2200	1076	53
222	7	31	10	2210	2330	45
223	7	31	10	2220	10401	52
224	18	6	40	2230	4281	47
225	18	6	30	2240	3051	45
226	18	6	30	2250	85	46
227	21	17	30	2260	4466	45
228	4	23	10	2270	1286	53
229	1	29	10	2280	2945	49
230	18	6	20	2290	2081	52
231	7	31	10	2300	950	54
232	18	6	30	2310	34	47
233	4	23	20	2320	5185	50
234	4	23	10	2330	103	48
235	21	17	10	2340	6242	51
236	21	17	10	2350	6080	46
237	18	6	20	2360	5473	46
238	18	6	40	2370	9838	48
239	21	17	40	2380	7643	50
240	1	29	40	2390	10900	47
241	21	17	10	2400	4583	52
242	18	6	10	2410	459	55
243	4	23	40	2420	6507	46
244	18	6	30	2430	3448	48
245	1	29	40	2440	3498	50
246	4	23	40	2450	528	50
247	18	6	20	2460	575	48
248	21	17	30	2470	4736	49
249	4	23	30	2480	2862	46
250	7	31	40	2490	1419	53
251	18	6	30	2500	410	48
252	21	17	20	2510	2698	49
253	4	23	40	2520	15817	50
254	7	31	30	2530	4492	51
255	4	23	10	2540	1264	55
256	1	29	40	2550	103	55
257	18	6	40	2560	7721	45
258	18	6	40	2570	6076	49
259	1	29	40	2580	3964	45
260	1	29	10	2590	4871	46
261	7	31	40	2600	1804	48
262	18	6	10	2610	1590	54
263	4	23	40	2620	7274	47
264	18	6	10	2630	2254	55
265	1	29	10	2640	1796	49
266	7	31	10	2650	2517	55
267	7	31	30	2660	5853	45
268	7	31	30	2670	1184	55
269	18	6	30	2680	2416	47
270	21	17	10	2690	11773	46
271	1	29	40	2700	6876	47
272	1	29	20	2710	10431	50
273	4	23	20	2720	3441	46
274	18	6	30	2730	1660	47
275	18	6	30	2740	2393	50
276	21	17	40	2750	544	54
277	1	29	10	2760	4066	54
278	18	6	30	2770	1710	48
279	1	29	10	2800	308	53
280	21	17	40	2809	2109	50
281	1	29	10	2818	8721	53
282	1	29	40	2827	15395	52
283	21	17	30	2836	5775	51
284	18	6	10	2845	1006	51
285	21	17	40	2854	1473	49
286	7	31	40	2863	5105	49
287	7	31	40	2872	112	53
288	21	17	30	2881	212	54
289	1	29	10	2890	5616	48
290	7	31	10	2899	5782	51
291	7	31	10	2908	10435	45
292	21	17	20	2917	13342	53
293	18	6	40	2926	1345	47
294	21	17	30	2935	640	48
295	4	23	40	2944	3389	55
296	7	31	10	2953	1747	54
297	7	31	10	2962	1263	53
298	18	6	30	2971	1864	46
299	18	6	30	2980	973	54
300	4	23	30	2989	492	50
301	7	31	10	2998	1755	49
302	7	31	40	3007	8405	49
303	7	31	40	3016	1100	46
304	7	31	20	3025	3318	45
305	7	31	10	3034	2599	51
306	1	29	10	3043	751	54
307	18	6	40	3052	9798	48
308	1	29	10	3061	4099	48
309	4	23	10	3070	1017	46
310	4	23	10	3079	620	46
311	1	29	30	3088	1960	46
312	21	17	20	3097	2828	52
313	18	6	40	3106	4909	51
314	1	29	10	3115	988	51
315	21	17	40	3124	6796	48
316	7	31	40	3133	1940	52
317	4	23	20	3142	3321	48
318	1	29	30	3151	3821	51
319	18	6	20	3160	523	51
320	18	6	20	3169	4096	55
321	21	17	10	3178	2314	47
322	21	17	40	3200	5046	47
323	4	23	30	3209	2788	51
324	4	23	30	3218	4672	51
325	1	29	10	3227	84	45
326	18	6	20	3236	7762	50
327	21	17	20	3245	4093	47
328	7	31	30	3254	2241	53
329	21	17	30	3263	5848	48
330	4	23	30	3272	404	52
331	18	6	40	3281	7762	46
332	7	31	20	3290	1234	52
333	1	29	40	3299	566	49
334	4	23	20	3308	12702	48
335	1	29	40	3317	224	45
336	4	23	10	3326	37	49
337	18	6	10	3335	5360	50
338	1	29	10	3344	893	50
339	7	31	10	3353	5457	45
340	7	31	30	3362	588	50
341	4	23	10	3371	6585	46
342	4	23	30	3380	1955	49
343	18	6	30	3389	7023	53
344	7	31	40	3398	3772	47
345	7	31	30	3407	1892	50
346	21	17	30	3416	2175	48
347	4	23	30	3425	1190	47
348	1	29	40	3434	276	52
349	21	17	40	3443	1606	45
350	7	31	40	3452	828	47
351	18	6	30	3461	6240	50
352	4	23	30	3470	4262	46
353	21	17	20	3479	1149	51
354	21	17	10	3488	3423	55
355	7	31	30	3497	4515	48
356	21	17	10	3506	4069	47
357	1	29	20	3515	1884	54
358	18	6	20	3524	3207	51
359	7	31	10	3533	3131	55
360	18	6	30	3542	3886	46
361	18	6	30	3551	3025	52
362	7	31	10	3560	2651	51
363	18	6	30	3569	8251	45
364	21	17	30	3600	548	50
365	18	6	20	3612	1355	45
366	18	6	10	3624	519	49
367	7	31	20	3636	1879	48
368	21	17	20	3648	5524	48
369	1	29	20	3660	717	50
370	4	23	40	3672	6597	55
371	18	6	40	3684	4155	47
372	18	6	10	3696	1809	53
373	4	23	20	3708	8187	51
374	4	23	40	3720	17020	45
375	21	17	20	3732	7172	54
376	18	6	30	3744	216	53
377	4	23	20	3756	8813	50
378	21	17	30	3768	8878	49
379	7	31	40	3780	1496	46
380	18	6	20	3792	3679	52
381	7	31	40	3804	3654	47
382	21	17	30	3816	3411	50
383	7	31	40	3828	413	53
384	1	29	30	3840	3480	45
385	18	6	10	3852	1463	46
386	7	31	10	3864	896	55
387	7	31	10	3876	63	45
388	1	29	40	3888	3255	50
389	7	31	40	3900	1322	55
390	18	6	30	3912	2152	54
391	18	6	40	3924	4015	50
392	21	17	40	3936	826	54
393	4	23	10	3948	4283	50
394	18	6	30	3960	524	55
395	4	23	40	3972	3728	54
396	7	31	40	4000	1558	50
397	18	6	40	4008	2883	49
398	4	23	10	4016	4802	47
399	18	6	30	4024	1561	46
400	18	6	20	4032	1178	45
401	1	29	20	4040	182	45
402	7	31	10	4048	2843	55
403	21	17	30	4056	9312	47
404	4	23	10	4064	2960	45
405	18	6	10	4072	3114	45
406	21	17	20	4080	2220	53
407	1	29	10	4088	6141	50
408	18	6	30	4096	1226	51
409	21	17	40	4104	5412	45
410	4	23	40	4112	3912	50
411	18	6	40	4120	5527	52
412	18	6	40	4128	2649	49
413	4	23	20	4136	1094	49
414	18	6	40	4144	11348	48
415	7	31	30	4152	91	54
416	4	23	10	4160	12569	46
417	21	17	20	4168	1953	54
418	18	6	10	4176	1379	45
419	4	23	20	4184	6900	49
420	7	31	10	4192	362	45
421	4	23	10	4200	448	48
422	4	23	30	4208	6814	53
423	1	29	30	4216	2517	48
424	7	31	30	4224	5513	51
425	1	29	40	4232	766	49
426	4	23	10	4240	2460	48
427	21	17	10	4248	4904	47
428	1	29	40	4256	5512	52
429	1	29	40	4264	1909	46
430	1	29	20	4272	2860	48
431	1	29	30	4280	3097	49
432	1	29	20	4288	845	47
433	4	23	10	4296	3358	47
434	4	23	30	4304	234	45
435	18	6	10	4312	3255	52
436	1	29	30	4320	377	48
437	21	17	10	4328	4450	48
438	18	6	40	4336	3426	52
439	7	31	20	4344	163	55
440	4	23	30	4352	8493	48
441	7	31	10	4360	2152	49
442	4	23	30	4368	5572	50
443	1	29	10	4400	6757	50
444	18	6	40	4409	4287	49
445	1	29	30	4418	4402	46
446	21	17	10	4427	646	46
447	4	23	20	4436	11775	50
448	18	6	10	4445	5033	47
449	7	31	40	4454	422	45
450	1	29	40	4463	4192	53
451	21	17	30	4472	11016	52
452	1	29	40	4481	1003	49
453	21	17	30	4490	8386	54
454	7	31	30	4499	1080	46
455	21	17	20	4508	645	52
456	4	23	30	4517	1027	47
457	7	31	30	4526	170	51
458	18	6	40	4535	671	51
459	18	6	10	4544	1714	51
460	21	17	10	4553	340	53
461	1	29	10	4562	5083	51
462	21	17	20	4571	149	54
463	18	6	30	4580	8633	49
464	21	17	20	4589	1048	52
465	4	23	20	4598	355	46
466	18	6	30	4607	3268	50
467	21	17	30	4616	9920	47
468	1	29	30	4625	805	49
469	1	29	40	4634	1941	51
470	4	23	10	4643	10786	50
471	4	23	40	4652	1344	54
472	7	31	20	4661	6663	46
473	4	23	30	4670	1159	45
474	1	29	40	4679	11355	45
475	21	17	40	4688	4438	52
476	1	29	30	4697	1750	54
477	18	6	30	4706	10	48
478	7	31	30	4715	6630	54
479	7	31	40	4724	336	49
480	1	29	40	4733	101	48
481	1	29	30	4742	2870	54
482	7	31	10	4751	18694	55
483	4	23	40	4760	4172	51
484	1	29	40	4769	5239	49
485	18	6	40	4778	3418	52
486	1	29	40	4787	1525	55
487	1	29	40	4800	1504	49
488	21	17	30	4814	1610	46
489	7	31	20	4828	9537	48
490	7	31	20	4842	1603	49
491	4	23	40	4856	198	53
492	7	31	10	4870	2909	52
493	21	17	40	4884	1028	45
494	7	31	20	4898	12737	47
495	18	6	30	4912	701	53
496	7	31	40	4926	1908	50
497	1	29	40	4940	8075	46
498	18	6	30	4954	3515	53
499	21	17	30	4968	3401	47
500	7	31	10	4982	461	52
501	1	29	20	4996	1060	54
502	18	6	30	5010	5790	45
503	1	29	20	5024	1610	52
504	1	29	30	5038	734	50
505	4	23	10	5052	1809	55
506	18	6	10	5066	535	50
507	4	23	10	5080	14067	48
508	21	17	40	5094	10972	53
509	7	31	30	5108	3341	50
510	7	31	30	5122	6332	54
511	1	29	10	5136	1014	54
512	21	17	10	5150	1057	52
513	4	23	40	5164	306	47
514	18	6	10	5200	1563	48
515	21	17	20	5210	3371	55
516	4	23	10	5220	5219	51
517	18	6	20	5230	1970	48
518	18	6	30	5240	670	45
519	7	31	20	5250	4268	45
520	4	23	30	5260	5843	47
521	1	29	40	5270	1123	45
522	1	29	10	5280	3516	46
523	18	6	20	5290	1284	45
524	4	23	20	5300	223	46
525	1	29	10	5310	8624	53
526	21	17	30	5320	5855	46
527	21	17	30	5330	3510	46
528	21	17	10	5340	1387	53
529	21	17	10	5350	6066	48
530	18	6	10	5360	1374	46
531	21	17	30	5370	2671	52
532	1	29	40	5380	2164	51
533	21	17	10	5390	1080	52
534	21	17	40	5400	14256	52
535	1	29	30	5410	6285	49
536	7	31	40	5420	5500	53
537	4	23	30	5430	4306	48
538	4	23	10	5440	2615	45
539	4	23	40	5450	1824	49
540	21	17	30	5460	2385	46
541	4	23	30	5470	1703	51
542	18	6	40	5480	1898	51
543	1	29	40	5490	5795	52
544	21	17	30	5500	480	49
545	4	23	20	5510	449	51
546	7	31	40	5520	6771	45
547	18	6	20	5530	2341	50
548	7	31	40	5540	9340	52
549	7	31	10	5550	1971	48
550	7	31	30	5560	2263	46
551	4	23	30	5570	18597	47
552	21	17	10	5580	4990	46
553	7	31	20	5590	10563	53
554	4	23	40	5600	6533	45
555	4	23	20	5608	7985	52
556	1	29	10	5616	4177	53
557	21	17	20	5624	2695	55
558	7	31	10	5632	1298	50
559	21	17	30	5640	1333	53
560	7	31	20	5648	3617	53
561	4	23	30	5656	3115	49
562	7	31	40	5664	4523	50
563	21	17	30	5672	673	50
564	4	23	30	5680	1288	48
565	7	31	10	5688	1469	47
566	1	29	20	5696	6560	48
567	21	17	40	5704	21718	45
568	4	23	10	5712	430	50
569	1	29	20	5720	3030	54
570	18	6	20	5728	6909	46
571	21	17	20	5736	288	48
572	21	17	10	5744	9591	47
573	7	31	30	5752	6207	51
574	7	31	30	5760	926	54
575	21	17	10	5768	2187	51
576	21	17	40	5776	8070	50
577	21	17	20	5784	6850	50
578	4	23	40	5792	704	52
579	21	17	40	5800	11818	51
580	4	23	20	5808	282	53
581	4	23	20	5816	1575	52
582	1	29	40	5824	4571	49
583	1	29	10	5832	9370	50
584	1	29	30	5840	1713	46
585	7	31	20	5848	1429	54
586	1	29	20	5856	5955	51
587	18	6	30	5864	2687	53
588	4	23	10	5872	2262	51
589	4	23	20	5880	454	45
590	21	17	30	5888	622	52
591	7	31	30	5896	1188	53
592	21	17	30	5904	1925	53
593	4	23	30	5912	874	48
594	21	17	30	5920	5895	51
595	4	23	10	5928	9548	53
596	21	17	30	5936	4427	45
597	18	6	20	5944	1008	46
598	7	31	20	5952	2691	48
599	18	6	20	5960	6553	47
600	4	23	10	6000	1428	47
601	7	31	40	6009	6868	55
602	7	31	10	6018	1667	55
603	4	23	20	6027	1860	54
604	4	23	30	6036	3346	46
605	7	31	20	6045	1801	54
606	4	23	30	6054	339	55
607	18	6	30	6063	10344	50
608	21	17	30	6072	5118	55
609	4	23	40	6081	1935	49
610	7	31	30	6090	23449	46
611	18	6	30	6099	7051	48
612	4	23	20	6108	1594	48
613	21	17	10	6117	1597	54
614	4	23	10	6126	969	45
615	1	29	10	6135	1256	46
616	18	6	40	6144	7865	55
617	4	23	40	6153	5937	45
618	21	17	10	6162	6573	48
619	7	31	10	6171	14753	50
620	7	31	30	6180	3046	51
621	7	31	40	6189	1524	51
622	4	23	30	6198	3317	49
623	1	29	40	6207	20885	49
624	1	29	30	6216	1958	47
625	7	31	30	6225	3332	49
626	1	29	30	6234	4650	50
627	4	23	20	6243	4987	55
628	7	31	10	6252	69	55
629	1	29	30	6261	1419	45
630	21	17	30	6270	5573	50
631	7	31	20	6279	4134	49
632	18	6	40	6288	1601	46
633	1	29	20	6297	1758	49
634	18	6	40	6306	4172	49
635	21	17	20	6315	1138	53
636	21	17	10	6324	16715	52
637	7	31	20	6333	1479	51
638	7	31	30	6342	1644	49
639	18	6	10	6351	16995	48
640	18	6	40	6360	989	54
641	7	31	40	6369	7579	46
642	18	6	40	6400	5832	54
643	21	17	20	6409	198	46
644	7	31	40	6418	467	54
645	7	31	40	6427	1517	49
646	1	29	10	6436	10533	49
647	21	17	30	6445	217	54
648	1	29	20	6454	15891	48
649	7	31	30	6463	2783	49
650	18	6	20	6472	197	54
651	18	6	40	6481	9056	45
652	18	6	10	6490	2152	53
653	21	17	10	6499	2892	53
654	4	23	40	6508	1272	52
655	7	31	20	6517	16405	52
656	1	29	10	6526	1186	50
657	7	31	20	6535	1700	51
658	18	6	30	6544	16757	52
659	7	31	40	6553	6	53
660	7	31	30	6562	4499	48
661	1	29	10	6571	1839	45
662	4	23	20	6580	9521	51
663	21	17	10	6589	2200	54
664	7	31	20	6598	3996	55
665	21	17	10	6607	1741	53
666	21	17	30	6616	2761	46
667	18	6	10	6625	14456	55
668	4	23	10	6634	4578	50
669	7	31	40	6643	13705	47
670	18	6	40	6652	1341	50
671	4	23	20	6661	3202	49
672	21	17	20	6670	2292	52
673	7	31	40	6679	6880	45
674	4	23	20	6688	5640	51
675	21	17	40	6697	4601	50
676	18	6	40	6706	3189	53
677	7	31	20	6715	2896	48
678	18	6	40	6724	8625	51
679	4	23	40	6733	296	53
680	7	31	30	6742	4054	55
681	18	6	10	6751	4025	51
682	4	23	40	6760	5258	52
683	1	29	20	6800	2901	50
684	21	17	10	6808	1154	47
685	7	31	40	6816	7742	50
686	18	6	10	6824	1035	51
687	4	23	40	6832	6752	49
688	4	23	20	6840	347	53
689	4	23	30	6848	4364	53
690	7	31	20	6856	18858	47
691	1	29	40	6864	4068	46
692	18	6	30	6872	1567	55
693	21	17	30	6880	1634	51
694	7	31	30	6888	1486	55
695	18	6	30	6896	7599	54
696	18	6	20	6904	11402	51
697	4	23	40	6912	1687	55
698	18	6	10	6920	2155	47
699	7	31	30	6928	5665	46
700	21	17	10	6936	6796	48
701	7	31	10	6944	12413	50
702	4	23	20	6952	1856	49
703	18	6	30	6960	55	45
704	4	23	40	6968	975	55
705	7	31	10	6976	2749	49
706	18	6	20	6984	2463	49
707	7	31	20	6992	3617	52
708	18	6	40	7000	5689	47
709	7	31	10	7008	3557	46
710	4	23	20	7016	2276	54
711	4	23	40	7024	5411	47
712	18	6	20	7032	2480	55
713	21	17	40	7040	9790	54
714	1	29	20	7048	1812	54
715	18	6	30	7056	166	53
716	7	31	20	7064	4056	48
717	4	23	10	7072	1987	45
718	1	29	40	7080	757	51
719	21	17	20	7088	5985	49
720	7	31	40	7096	533	46
721	4	23	40	7104	4601	53
722	21	17	30	7112	8824	46
723	21	17	20	7120	70	53
724	21	17	20	7128	14996	45
725	1	29	10	7136	4160	49
726	1	29	30	7144	1028	50
727	1	29	30	7152	424	45
728	21	17	20	7160	2857	46
729	18	6	30	7168	9435	53
730	7	31	20	7176	5407	55
731	7	31	10	7184	919	53
732	18	6	10	7192	415	45
733	4	23	10	7200	542	49
734	7	31	30	7210	1173	50
735	1	29	20	7220	4583	49
736	7	31	30	7230	1221	47
737	1	29	10	7240	5060	51
738	4	23	30	7250	1423	51
739	1	29	10	7260	5601	53
740	18	6	20	7270	2015	45
741	7	31	40	7280	4008	54
742	1	29	40	7290	231	46
743	21	17	20	7300	2725	51
744	1	29	20	7310	1046	54
745	1	29	20	7320	1148	55
746	7	31	20	7330	775	46
747	4	23	40	7340	2115	45
748	21	17	10	7350	14176	52
749	18	6	40	7360	1256	46
750	4	23	20	7370	958	50
751	7	31	20	7380	3198	50
752	4	23	40	7390	752	48
753	18	6	30	7400	4093	53
754	1	29	40	7410	4005	55
755	18	6	20	7420	574	51
756	21	17	20	7430	269	48
757	7	31	10	7440	1746	51
758	18	6	10	7450	151	55
759	18	6	30	7460	3374	50
760	7	31	20	7470	1261	55
761	18	6	40	7480	1779	48
762	7	31	40	7490	353	51
763	1	29	20	7500	7680	50
764	21	17	30	7510	7530	47
765	7	31	10	7520	1037	46
766	18	6	30	7530	4119	47
767	21	17	10	7540	1633	51
768	18	6	20	7550	4307	49
769	1	29	40	7560	4587	49
770	7	31	10	7570	6013	51
771	7	31	10	7580	10076	53
772	21	17	20	7590	387	49
773	1	29	40	7600	2172	53
774	7	31	10	7610	1913	48
775	21	17	40	7620	2707	47
776	4	23	10	7630	3947	51
777	21	17	20	7640	2015	50
778	7	31	10	7650	6190	55
779	21	17	10	7660	5192	45
780	4	23	40	7670	2542	48
781	4	23	30	7680	6768	49
782	1	29	30	7690	555	48
783	7	31	20	7700	1102	55
784	7	31	10	7710	4714	47
785	21	17	10	7720	846	49
786	18	6	20	7730	137	49
787	1	29	20	7740	2449	47
788	18	6	20	7750	2726	50
789	18	6	20	7760	513	55
790	1	29	10	7770	3836	46
791	1	29	20	7780	9607	51
792	7	31	10	7790	4564	52
793	18	6	40	7800	5230	46
794	18	6	30	7810	2638	54
795	21	17	20	7820	150	53
796	21	17	40	7830	3178	48
797	21	17	30	7840	906	52
798	21	17	30	7850	4156	49
799	4	23	10	7860	6	53
800	7	31	30	7870	3731	53
801	21	17	10	7880	7354	50
802	18	6	30	7890	5568	52
803	21	17	10	7900	1362	48
804	4	23	40	7910	2708	51
805	21	17	20	7920	1390	53
806	21	17	40	7930	2452	45
807	4	23	40	7940	5585	50
808	7	31	20	7950	1206	50
809	1	29	40	7960	607	52
810	21	17	10	7970	2825	55
811	21	17	40	7980	4428	53
812	21	17	40	7990	3343	52
813	4	23	10	8000	1485	54
814	21	17	40	8009	419	46
815	1	29	30	8018	2425	51
816	1	29	10	8027	1042	55
817	21	17	30	8036	7422	52
818	4	23	10	8045	702	47
819	1	29	30	8054	4281	53
820	18	6	40	8063	866	52
821	18	6	10	8072	818	55
822	4	23	40	8081	7358	45
823	21	17	40	8090	3096	50
824	21	17	30	8099	271	48
825	7	31	30	8108	8104	55
826	21	17	10	8117	1092	45
827	7	31	20	8126	1801	48
828	7	31	10	8135	11000	55
829	7	31	30	8144	1682	51
830	21	17	10	8153	11495	55
831	4	23	20	8162	2209	55
832	21	17	30	8171	5537	46
833	18	6	40	8180	6158	47
834	1	29	20	8189	513	48
835	4	23	30	8198	3970	53
836	18	6	10	8207	266	53
837	18	6	20	8216	7353	45
838	1	29	20	8225	5530	48
839	7	31	40	8234	2034	50
840	1	29	10	8243	5273	48
841	21	17	20	8252	1321	55
842	18	6	10	8261	880	53
843	1	29	30	8270	1743	54
844	4	23	10	8279	3806	55
845	18	6	20	8288	11776	48
846	1	29	20	8297	1679	55
847	18	6	40	8306	1849	53
848	4	23	10	8315	3977	45
849	18	6	40	8324	114	47
850	7	31	20	8333	6590	53
851	1	29	20	8342	4878	51
852	4	23	30	8351	170	49
853	21	17	40	8360	18103	51
854	1	29	20	8369	6578	45
855	4	23	30	8378	2189	53
856	18	6	10	8400	35244	50
857	4	23	30	8410	955	47
858	1	29	20	8420	1010	55
859	21	17	20	8430	3910	52
860	21	17	20	8440	225	52
861	18	6	20	8450	402	53
862	21	17	30	8460	6780	51
863	21	17	30	8470	9957	54
864	1	29	30	8480	879	52
865	18	6	40	8490	342	45
866	21	17	10	8500	10100	52
867	4	23	10	8510	6073	50
868	18	6	40	8520	842	51
869	18	6	10	8530	2540	48
870	21	17	20	8540	1978	54
871	21	17	30	8550	1966	55
872	7	31	10	8560	397	48
873	7	31	10	8570	5750	53
874	21	17	30	8580	10343	50
875	4	23	20	8590	9788	53
876	21	17	10	8600	17497	46
877	18	6	10	8610	2676	47
878	4	23	40	8620	10360	50
879	4	23	20	8630	503	45
880	4	23	10	8640	2979	45
881	7	31	10	8650	8119	48
882	1	29	20	8660	5275	48
883	4	23	20	8670	9532	52
884	21	17	20	8680	3070	53
885	21	17	40	8690	1091	49
886	21	17	30	8700	1929	50
887	1	29	40	8710	5713	51
888	18	6	30	8720	15382	46
889	7	31	40	8730	4800	50
890	18	6	30	8740	3971	48
891	21	17	30	8750	7638	50
892	18	6	10	8760	3846	45
893	18	6	10	8770	535	52
894	7	31	30	8780	1685	53
895	21	17	30	8800	4050	50
896	21	17	30	8809	2500	48
897	4	23	20	8818	1317	54
898	21	17	40	8827	678	46
899	1	29	10	8836	3035	54
900	18	6	10	8845	111	51
901	7	31	20	8854	3302	50
902	21	17	10	8863	795	46
903	1	29	40	8872	697	52
904	4	23	20	8881	4065	49
905	21	17	30	8890	2172	54
906	18	6	10	8899	3767	47
907	21	17	20	8908	1309	52
908	21	17	20	8917	266	46
909	4	23	40	8926	8957	48
910	7	31	20	8935	2277	51
911	21	17	10	8944	2870	48
912	21	17	30	8953	1356	52
913	4	23	40	8962	443	55
914	18	6	10	8971	414	52
915	18	6	10	8980	823	48
916	1	29	10	8989	1804	50
917	4	23	20	8998	9574	54
918	21	17	20	9007	1919	46
919	18	6	40	9016	12721	48
920	18	6	10	9025	4807	51
921	21	17	20	9034	695	46
922	1	29	20	9043	6484	48
923	4	23	40	9052	2701	45
924	1	29	30	9061	7345	45
925	21	17	40	9070	3092	48
926	4	23	30	9079	5890	54
927	4	23	40	9088	13930	52
928	21	17	30	9097	2169	55
929	1	29	10	9106	1358	55
930	4	23	30	9115	2381	49
931	18	6	40	9124	4908	48
932	4	23	20	9133	1612	45
933	18	6	30	9142	1997	51
934	18	6	20	9151	380	49
935	21	17	30	9160	13212	51
936	21	17	10	9169	4662	47
937	1	29	20	9178	3400	51
938	21	17	40	9200	1256	48
939	1	29	40	9210	496	54
940	7	31	30	9220	3963	46
941	1	29	20	9230	437	53
942	1	29	30	9240	4760	49
943	21	17	30	9250	355	53
944	1	29	30	9260	1230	55
945	18	6	30	9270	499	55
946	21	17	10	9280	3323	53
947	21	17	10	9290	2876	46
948	21	17	10	9300	108	45
949	4	23	20	9310	686	50
950	7	31	20	9320	1279	45
951	4	23	20	9330	3248	50
952	4	23	10	9340	9184	53
953	7	31	40	9350	880	54
954	7	31	10	9360	7145	48
955	4	23	30	9370	8092	50
956	4	23	10	9380	5702	46
957	18	6	10	9390	4677	46
958	1	29	20	9400	1538	52
959	4	23	30	9410	420	45
960	18	6	40	9420	4181	45
961	7	31	10	9430	4095	50
962	21	17	40	9440	7881	53
963	21	17	20	9450	5995	46
964	21	17	20	9460	2354	55
965	18	6	20	9470	5197	48
966	4	23	30	9480	795	48
967	7	31	40	9490	8992	46
968	1	29	30	9500	57	50
969	4	23	30	9510	581	45
970	4	23	10	9520	2755	46
971	21	17	30	9530	6251	55
972	4	23	20	9540	4076	50
973	21	17	20	9550	1228	47
974	4	23	20	9560	1599	47
975	18	6	40	9570	3624	53
976	7	31	40	9600	2492	52
977	1	29	40	9608	5051	51
978	4	23	20	9616	1026	46
979	7	31	10	9624	5136	45
980	1	29	30	9632	14615	50
981	7	31	30	9640	1192	53
982	4	23	40	9648	11424	52
983	18	6	10	9656	1208	50
984	18	6	30	9664	57	54
985	1	29	20	9672	8920	54
986	7	31	40	9680	6590	50
987	7	31	20	9688	576	46
988	7	31	30	9696	3290	48
989	7	31	30	9704	1009	55
990	18	6	30	9712	910	50
991	4	23	40	9720	27001	45
992	1	29	10	9728	1168	54
993	4	23	20	9736	744	47
994	7	31	10	9744	2527	54
995	21	17	20	9752	17686	51
996	1	29	30	9760	1113	45
997	18	6	20	9768	10064	48
998	1	29	20	9776	4089	53
999	21	17	10	9784	3083	51
1000	21	17	40	9792	11068	52
1001	18	6	10	9800	4433	52
1002	7	31	20	9808	2761	51
1003	18	6	20	9816	8882	55
1004	1	29	20	9824	4314	48
1005	21	17	40	9832	2640	46
1006	1	29	40	9840	9959	45
1007	7	31	30	9848	4030	50
1008	18	6	30	9856	8098	52
1009	4	23	20	9864	1079	50
1010	7	31	40	9872	2069	53
1011	18	6	10	9880	173	50
1012	21	17	30	9888	2488	55
1013	18	6	10	9896	3627	52
1014	18	6	40	9904	536	50
1015	7	31	10	9912	1980	47
1016	1	29	20	9920	4793	54
1017	4	23	30	9928	3663	48
1018	4	23	30	9936	5748	48
1019	21	17	40	9944	3215	46
1020	4	23	30	9952	10091	53
1021	7	31	20	9960	188	46
1022	1	29	20	9968	1623	53
1023	4	23	10	9976	6264	51
1024	18	6	40	9984	10737	51
1025	21	17	10	9992	2764	45
1026	21	17	20	10000	3081	45
1027	21	17	10	10009	2532	47
1028	1	29	20	10018	6360	49
1029	4	23	40	10027	1672	51
1030	1	29	20	10036	1741	53
1031	4	23	30	10045	3146	49
1032	1	29	20	10054	320	53
1033	7	31	20	10063	4669	50
1034	21	17	20	10072	6166	48
1035	21	17	30	10081	1450	54
1036	1	29	20	10090	5696	47
1037	18	6	20	10099	209	53
1038	18	6	40	10108	3673	46
1039	4	23	30	10117	3028	53
1040	21	17	20	10126	14819	54
1041	1	29	20	10135	757	45
1042	4	23	40	10144	1238	50
1043	1	29	20	10153	1567	54
1044	1	29	30	10162	6838	46
1045	21	17	20	10171	702	55
1046	4	23	20	10180	3068	45
1047	7	31	40	10189	4280	47
1048	18	6	20	10198	181	53
1049	1	29	40	10207	324	51
1050	7	31	10	10216	1368	53
1051	4	23	40	10225	4121	53
1052	7	31	30	10234	682	55
1053	18	6	20	10243	368	52
1054	18	6	30	10252	3845	53
1055	1	29	30	10261	8865	51
1056	18	6	30	10270	1639	55
1057	18	6	20	10279	4916	55
1058	1	29	30	10288	12845	48
1059	1	29	20	10297	701	47
1060	21	17	20	10306	11679	46
1061	18	6	40	10315	2376	53
1062	4	23	10	10324	7300	45
1063	7	31	40	10333	2988	45
1064	18	6	40	10342	8603	52
1065	1	29	20	10351	7847	49
1066	18	6	30	10360	13478	52
1067	18	6	20	10369	5953	49
1068	18	6	40	10400	6648	48
1069	4	23	20	10409	6889	52
1070	7	31	40	10418	3990	45
1071	21	17	40	10427	4167	45
1072	18	6	30	10436	27371	46
1073	1	29	10	10445	1053	50
1074	21	17	30	10454	3441	48
1075	18	6	20	10463	5500	53
1076	18	6	30	10472	6055	51
1077	21	17	10	10481	38	55
1078	18	6	20	10490	14316	50
1079	18	6	30	10499	5890	52
1080	4	23	30	10508	13221	55
1081	18	6	20	10517	8487	53
1082	4	23	30	10526	2212	50
1083	1	29	30	10535	5067	54
1084	7	31	30	10544	213	54
1085	4	23	20	10553	4949	45
1086	21	17	10	10562	1962	49
1087	7	31	10	10571	18033	46
1088	18	6	30	10580	295	53
1089	21	17	30	10589	9013	53
1090	7	31	10	10598	13771	54
1091	7	31	40	10607	212	47
1092	18	6	40	10616	383	49
1093	1	29	30	10625	2318	54
1094	7	31	20	10634	3516	52
1095	4	23	20	10643	2998	45
1096	4	23	10	10652	1624	55
1097	7	31	40	10661	5386	50
1098	21	17	20	10670	2323	46
1099	21	17	20	10679	12839	52
1100	7	31	30	10688	870	47
1101	18	6	40	10697	5731	51
1102	18	6	10	10706	7501	55
1103	21	17	10	10715	1009	45
1104	4	23	40	10724	2366	51
1105	21	17	10	10733	4114	52
1106	18	6	20	10742	4133	51
1107	4	23	20	10751	10381	50
1108	18	6	30	10760	2860	49
1109	1	29	20	10769	8176	45
1110	7	31	10	10778	470	55
1111	4	23	20	10787	1582	55
1112	21	17	40	10800	5317	50
1113	7	31	10	10809	838	52
1114	7	31	30	10818	880	47
1115	4	23	40	10827	272	48
1116	7	31	20	10836	93	47
1117	18	6	30	10845	513	47
1118	21	17	10	10854	2572	46
1119	7	31	30	10863	763	51
1120	18	6	20	10872	2552	45
1121	4	23	30	10881	15022	51
1122	21	17	30	10890	4857	52
1123	4	23	10	10899	9875	51
1124	7	31	10	10908	7678	54
1125	21	17	40	10917	3464	53
1126	7	31	10	10926	3246	52
1127	1	29	10	10935	3274	47
1128	4	23	30	10944	4160	54
1129	4	23	20	10953	203	47
1130	7	31	10	10962	2133	54
1131	4	23	30	10971	163	45
1132	21	17	40	10980	3366	53
1133	4	23	40	10989	50	53
1134	7	31	40	10998	3424	49
1135	1	29	40	11007	902	48
1136	21	17	20	11016	136	54
1137	7	31	20	11025	901	50
1138	7	31	30	11034	1268	48
1139	21	17	20	11043	2107	47
1140	18	6	10	11052	271	50
1141	18	6	30	11061	2482	55
1142	4	23	20	11070	2600	53
1143	18	6	20	11079	896	52
1144	1	29	30	11088	6128	53
1145	18	6	30	11097	4101	54
1146	21	17	10	11106	1521	53
1147	4	23	40	11115	9304	53
1148	4	23	40	11124	1109	52
1149	1	29	20	11133	2927	48
1150	21	17	40	11142	2807	53
1151	18	6	20	11151	959	52
1152	21	17	40	11160	1234	49
1153	1	29	40	11169	1240	50
1154	7	31	10	11178	2677	52
1155	1	29	10	11200	988	52
1156	4	23	20	11212	240	55
1157	7	31	40	11224	10718	49
1158	1	29	40	11236	1845	47
1159	7	31	40	11248	8072	53
1160	1	29	10	11260	362	45
1161	1	29	10	11272	356	49
1162	1	29	40	11284	1307	52
1163	21	17	20	11296	2475	47
1164	18	6	10	11308	2443	47
1165	18	6	30	11320	294	55
1166	4	23	30	11332	5670	46
1167	18	6	40	11344	5133	52
1168	21	17	10	11356	3806	47
1169	4	23	40	11368	21805	54
1170	4	23	20	11380	131	50
1171	1	29	10	11392	6887	53
1172	7	31	40	11404	7557	55
1173	1	29	30	11416	268	55
1174	4	23	30	11428	457	46
1175	21	17	30	11440	37	45
1176	1	29	20	11452	2760	54
1177	4	23	10	11464	2791	45
1178	4	23	20	11476	563	53
1179	4	23	30	11488	953	55
1180	21	17	40	11500	1220	45
1181	1	29	10	11512	4240	54
1182	7	31	20	11524	1523	51
1183	18	6	20	11536	545	50
1184	4	23	20	11548	3151	49
1185	4	23	40	11560	893	46
1186	7	31	30	11572	5957	52
1187	21	17	40	11584	1439	48
1188	21	17	40	11600	2973	46
1189	4	23	40	11612	1762	53
1190	7	31	30	11624	620	49
1191	18	6	20	11636	430	50
1192	7	31	20	11648	7140	48
1193	1	29	30	11660	2074	50
1194	7	31	10	11672	1559	46
1195	1	29	40	11684	15739	45
1196	18	6	40	11696	811	47
1197	4	23	40	11708	67	51
1198	1	29	20	11720	5443	50
1199	21	17	10	11732	4991	54
1200	21	17	40	11744	8603	53
1201	4	23	10	11756	3601	46
1202	7	31	30	11768	1361	50
1203	21	17	10	11780	1132	53
1204	4	23	40	11792	2667	54
1205	21	17	40	11804	4595	45
1206	4	23	20	11816	1812	53
1207	7	31	10	11828	896	49
1208	4	23	20	11840	690	49
1209	7	31	20	11852	2605	51
1210	1	29	30	11864	5096	54
1211	21	17	10	11876	3246	54
1212	18	6	20	11888	6437	51
1213	4	23	10	11900	685	48
1214	7	31	40	11912	3706	52
1215	1	29	10	11924	2269	46
1216	4	23	40	11936	5851	53
1217	21	17	20	11948	655	46
1218	18	6	10	11960	9916	53
1219	7	31	20	11972	1188	46
1220	4	23	40	12000	1406	47
1221	4	23	40	12008	2431	54
1222	4	23	10	12016	884	51
1223	18	6	20	12024	1191	50
1224	21	17	20	12032	7645	50
1225	18	6	10	12040	10653	55
1226	4	23	30	12048	18055	50
1227	4	23	10	12056	2349	49
1228	18	6	20	12064	5418	53
1229	18	6	30	12072	546	45
1230	4	23	40	12080	6989	54
1231	4	23	20	12088	2630	47
1232	4	23	40	12096	5689	50
1233	7	31	20	12104	2168	55
1234	7	31	40	12112	1592	46
1235	18	6	40	12120	4427	55
1236	4	23	20	12128	1817	49
1237	7	31	20	12136	290	54
1238	7	31	20	12144	4096	52
1239	7	31	20	12152	7926	48
1240	1	29	20	12160	7224	49
1241	21	17	20	12168	3410	48
1242	18	6	30	12176	620	54
1243	1	29	20	12184	187	50
1244	4	23	10	12192	4042	55
1245	21	17	20	12200	3544	50
1246	21	17	40	12208	1438	54
1247	1	29	10	12216	4491	55
1248	18	6	40	12224	6447	53
1249	4	23	10	12232	8823	45
1250	7	31	10	12240	953	48
1251	4	23	20	12248	131	46
1252	18	6	40	12256	423	53
1253	4	23	10	12264	2666	49
1254	18	6	20	12272	2153	51
1255	18	6	10	12280	2235	54
1256	1	29	10	12288	2011	50
1257	18	6	20	12296	125	45
1258	1	29	30	12304	2006	48
1259	1	29	40	12312	3250	54
1260	4	23	10	12320	4736	50
1261	1	29	10	12328	10112	48
1262	4	23	40	12336	2455	51
1263	18	6	30	12344	125	48
1264	1	29	30	12352	4231	53
1265	7	31	20	12360	1089	51
1266	18	6	10	12368	6379	49
1267	7	31	10	12376	1921	52
1268	21	17	20	12400	7069	46
1269	18	6	10	12407	10915	53
1270	7	31	30	12414	281	53
1271	7	31	30	12421	4793	55
1272	1	29	10	12428	2855	50
1273	4	23	30	12435	222	49
1274	7	31	40	12442	2187	52
1275	4	23	20	12449	5131	55
1276	18	6	10	12456	1494	55
1277	18	6	30	12463	662	46
1278	21	17	10	12470	3887	51
1279	1	29	40	12477	1228	55
1280	4	23	10	12484	3957	45
1281	18	6	30	12491	1509	50
1282	1	29	20	12498	4128	51
1283	7	31	20	12505	7644	53
1284	7	31	20	12512	9894	53
1285	1	29	30	12519	6308	52
1286	18	6	20	12526	1920	50
1287	1	29	40	12533	1271	46
1288	18	6	40	12540	8	48
1289	4	23	40	12547	9218	48
1290	18	6	40	12554	1282	49
1291	1	29	10	12561	1627	49
1292	7	31	30	12568	4503	50
1293	7	31	20	12575	353	53
1294	18	6	20	12582	736	53
1295	1	29	10	12589	9886	46
1296	4	23	30	12596	488	52
1297	1	29	40	12603	478	51
1298	21	17	40	12610	1997	52
1299	7	31	30	12617	2026	48
1300	4	23	20	12624	6254	46
1301	18	6	40	12631	10131	47
1302	18	6	40	12638	7468	54
1303	21	17	30	12645	8033	45
1304	21	17	30	12652	6902	48
1305	21	17	30	12659	2883	48
1306	4	23	10	12666	2952	51
1307	7	31	20	12673	190	48
1308	21	17	10	12680	270	52
1309	21	17	10	12687	4731	52
1310	1	29	40	12694	495	54
1311	7	31	20	12701	1111	49
1312	4	23	20	12708	2105	50
1313	21	17	40	12715	557	49
1314	7	31	40	12722	10532	53
1315	1	29	30	12729	1909	45
1316	21	17	30	12736	1294	52
1317	7	31	30	12743	3732	54
1318	4	23	20	12750	489	51
1319	1	29	40	12757	7847	45
1320	4	23	40	12764	7782	46
1321	18	6	10	12771	2976	47
1322	4	23	10	12778	1908	48
1323	18	6	20	12785	10581	53
1324	1	29	20	12800	4320	48
1325	7	31	30	12808	5292	49
1326	1	29	10	12816	91	50
1327	4	23	40	12824	2218	53
1328	18	6	10	12832	8680	51
1329	7	31	30	12840	2818	51
1330	21	17	30	12848	3744	48
1331	1	29	10	12856	887	49
1332	18	6	40	12864	5700	49
1333	18	6	20	12872	1015	47
1334	7	31	30	12880	2568	53
1335	1	29	20	12888	4919	54
1336	1	29	40	12896	2531	51
1337	1	29	40	12904	6019	51
1338	21	17	30	12912	122	49
1339	21	17	40	12920	2056	50
1340	7	31	20	12928	1266	45
1341	4	23	10	12936	1631	46
1342	18	6	40	12944	927	49
1343	18	6	40	12952	1475	51
1344	4	23	40	12960	6126	50
1345	7	31	20	12968	128	45
1346	7	31	30	12976	10362	55
1347	21	17	30	12984	3155	46
1348	21	17	30	12992	680	55
1349	18	6	40	13000	6215	53
1350	1	29	30	13008	4076	49
1351	21	17	10	13016	2839	53
1352	7	31	30	13024	24316	45
1353	21	17	40	13032	3051	51
1354	1	29	30	13040	3109	47
1355	1	29	10	13048	1235	54
1356	21	17	30	13056	3116	54
1357	21	17	20	13064	9927	45
1358	21	17	10	13072	919	52
1359	18	6	40	13080	369	55
1360	7	31	30	13088	2701	54
1361	1	29	20	13096	405	54
1362	4	23	10	13104	700	53
1363	18	6	20	13112	3280	46
1364	21	17	20	13120	358	49
1365	21	17	40	13128	9978	49
1366	18	6	30	13136	2639	55
1367	1	29	40	13144	818	47
1368	18	6	20	13152	4271	51
1369	7	31	20	13160	996	55
1370	21	17	40	13168	9659	49
1371	7	31	40	13176	2760	45
1372	7	31	40	13200	3437	49
1373	4	23	20	13212	4994	45
1374	18	6	30	13224	3546	55
1375	21	17	40	13236	2954	55
1376	1	29	20	13248	1530	54
1377	1	29	20	13260	293	53
1378	21	17	30	13272	627	48
1379	18	6	10	13284	3963	48
1380	1	29	40	13296	6614	49
1381	18	6	20	13308	2593	48
1382	4	23	10	13320	1254	53
1383	21	17	20	13332	409	54
1384	4	23	10	13344	8057	46
1385	1	29	20	13356	419	50
1386	4	23	30	13368	898	49
1387	18	6	40	13380	1024	53
1388	1	29	30	13392	4604	55
1389	4	23	20	13404	932	54
1390	18	6	30	13416	728	55
1391	18	6	20	13428	3216	50
1392	18	6	30	13440	3400	55
1393	7	31	40	13452	11382	50
1394	18	6	20	13464	9675	52
1395	7	31	10	13476	769	47
1396	1	29	10	13488	765	49
1397	1	29	20	13500	4168	48
1398	4	23	20	13512	1008	47
1399	4	23	10	13524	8049	45
1400	18	6	30	13536	3181	45
1401	4	23	40	13548	5387	52
1402	4	23	20	13560	8803	50
1403	1	29	10	13572	10991	45
1404	4	23	40	13584	8413	49
1405	4	23	30	13600	606	48
1406	18	6	20	13608	10733	48
1407	1	29	10	13616	1339	55
1408	7	31	20	13624	11648	52
1409	1	29	40	13632	73	47
1410	1	29	30	13640	11816	45
1411	21	17	10	13648	2542	46
1412	21	17	30	13656	5899	53
1413	4	23	10	13664	3438	48
1414	18	6	10	13672	1311	50
1415	4	23	10	13680	56	50
1416	4	23	10	13688	7019	45
1417	4	23	30	13696	261	54
1418	7	31	10	13704	4723	55
1419	21	17	10	13712	17126	54
1420	4	23	10	13720	5038	55
1421	21	17	40	13728	1189	47
1422	1	29	10	13736	2783	47
1423	21	17	40	13744	2379	53
1424	4	23	30	13752	222	55
1425	4	23	20	13760	1773	54
1426	18	6	10	13768	10407	46
1427	1	29	10	13776	4027	55
1428	18	6	10	13784	6480	49
1429	7	31	20	13792	2130	53
1430	21	17	40	13800	1710	51
1431	1	29	40	13808	4442	51
1432	4	23	40	13816	7536	51
1433	4	23	20	13824	1307	47
1434	1	29	20	13832	334	48
1435	4	23	10	13840	284	53
1436	7	31	40	13848	3544	53
1437	18	6	10	13856	1621	53
1438	4	23	20	13864	990	50
1439	21	17	30	13872	5178	54
1440	21	17	10	13880	735	47
1441	18	6	30	13888	9937	50
1442	7	31	20	13896	1315	46
1443	21	17	40	13904	4381	52
1444	18	6	30	13912	1204	54
1445	18	6	30	13920	4763	54
1446	4	23	30	13928	6081	53
1447	7	31	30	13936	22047	51
1448	4	23	40	13944	4342	45
1449	7	31	10	13952	9091	46
1450	18	6	40	14000	1711	46
1451	4	23	20	14011	469	50
1452	18	6	10	14022	12342	49
1453	4	23	20	14033	1079	48
1454	21	17	40	14044	650	45
1455	4	23	40	14055	1377	53
1456	18	6	30	14066	1090	49
1457	7	31	30	14077	2326	53
1458	7	31	20	14088	8544	45
1459	21	17	30	14099	2935	50
1460	1	29	30	14110	967	46
1461	1	29	20	14121	1409	49
1462	21	17	40	14132	2634	51
1463	21	17	40	14143	3043	54
1464	18	6	10	14154	4436	52
1465	1	29	30	14165	1298	50
1466	18	6	20	14176	3895	50
1467	18	6	20	14187	2711	51
1468	4	23	30	14198	2744	45
1469	7	31	40	14209	947	52
1470	7	31	20	14220	2222	53
1471	1	29	10	14231	2722	48
1472	1	29	10	14242	7433	49
1473	21	17	30	14253	13647	46
1474	1	29	40	14264	6820	52
1475	18	6	30	14275	6430	50
1476	1	29	20	14286	15076	46
1477	18	6	20	14297	7226	51
1478	4	23	10	14308	834	54
1479	1	29	10	14319	1772	46
1480	1	29	30	14330	3438	46
1481	7	31	30	14341	10631	51
1482	4	23	10	14352	14357	54
1483	4	23	10	14363	9422	47
1484	4	23	30	14400	268	52
1485	18	6	20	14410	1082	45
1486	21	17	40	14420	5039	47
1487	21	17	30	14430	3781	48
1488	7	31	30	14440	551	46
1489	4	23	30	14450	6217	50
1490	18	6	30	14460	7091	48
1491	1	29	20	14470	634	55
1492	7	31	30	14480	2401	53
1493	4	23	40	14490	4808	55
1494	7	31	40	14500	2863	52
1495	7	31	30	14510	8188	53
1496	18	6	30	14520	2277	54
1497	7	31	20	14530	5505	47
1498	4	23	30	14540	21569	45
1499	18	6	10	14550	16263	48
1500	1	29	10	14560	306	48
1501	1	29	20	14570	1364	47
1502	1	29	40	14580	2768	50
1503	21	17	40	14590	2401	48
1504	1	29	30	14600	2545	49
1505	1	29	30	14610	7704	54
1506	4	23	10	14620	1241	45
1507	18	6	30	14630	17456	47
1508	4	23	20	14640	2167	51
1509	7	31	10	14650	1725	50
1510	18	6	20	14660	1510	52
1511	1	29	10	14670	2061	54
1512	18	6	20	14680	1165	54
1513	7	31	10	14690	2968	55
1514	7	31	40	14700	11472	49
1515	4	23	40	14710	1341	51
1516	7	31	10	14720	1569	50
1517	4	23	30	14730	3444	48
1518	4	23	20	14740	2523	47
1519	1	29	30	14750	2269	51
1520	18	6	40	14760	3292	48
1521	18	6	40	14770	43	47
1522	7	31	30	14780	1807	49
1523	21	17	10	14790	4921	51
1524	4	23	20	14800	1916	49
1525	7	31	10	14812	1310	53
1526	4	23	30	14824	172	51
1527	4	23	20	14836	624	50
1528	18	6	30	14848	2433	50
1529	4	23	20	14860	11778	54
1530	21	17	10	14872	1819	51
1531	4	23	10	14884	1042	54
1532	7	31	40	14896	7338	50
1533	18	6	10	14908	919	50
1534	1	29	40	14920	1338	53
1535	1	29	10	14932	1356	54
1536	7	31	40	14944	2251	46
1537	7	31	20	14956	2944	51
1538	4	23	20	14968	2279	54
1539	18	6	40	14980	945	53
1540	7	31	10	14992	14072	45
1541	4	23	20	15004	5223	55
1542	4	23	10	15016	858	52
1543	1	29	20	15028	6026	51
1544	18	6	10	15040	2571	53
1545	1	29	20	15052	2230	50
1546	7	31	40	15064	8977	45
1547	1	29	20	15076	10501	54
1548	21	17	40	15088	5646	50
1549	18	6	40	15100	1026	45
1550	1	29	30	15112	3160	48
1551	21	17	40	15124	7776	51
1552	1	29	10	15136	1312	55
1553	4	23	40	15148	3306	49
1554	21	17	10	15160	2192	45
1555	7	31	20	15172	259	45
1556	18	6	40	15200	10389	54
1557	1	29	30	15209	6273	55
1558	18	6	20	15218	293	55
1559	18	6	30	15227	849	51
1560	7	31	10	15236	6685	47
1561	21	17	40	15245	521	51
1562	1	29	40	15254	3032	53
1563	1	29	10	15263	2546	52
1564	7	31	10	15272	16793	55
1565	7	31	20	15281	355	53
1566	18	6	20	15290	3305	48
1567	21	17	20	15299	194	48
1568	4	23	10	15308	1095	46
1569	7	31	30	15317	4262	50
1570	7	31	10	15326	7707	50
1571	21	17	30	15335	6510	54
1572	1	29	20	15344	616	49
1573	18	6	20	15353	1189	49
1574	18	6	30	15362	2484	51
1575	7	31	30	15371	7132	49
1576	21	17	30	15380	6810	50
1577	7	31	20	15389	3519	53
1578	7	31	40	15398	1064	53
1579	18	6	40	15407	12255	54
1580	21	17	20	15416	1947	53
1581	4	23	10	15425	487	52
1582	7	31	20	15434	1966	55
1583	21	17	30	15443	1042	49
1584	18	6	40	15452	2050	51
1585	1	29	10	15461	2841	45
1586	18	6	40	15470	11962	55
1587	18	6	40	15479	1302	46
1588	18	6	40	15488	6119	50
1589	18	6	30	15497	1001	52
1590	7	31	20	15506	1798	45
1591	4	23	10	15515	4073	46
1592	18	6	40	15524	2393	52
1593	1	29	40	15533	1114	48
1594	4	23	40	15542	2033	50
1595	21	17	20	15551	7540	49
1596	4	23	20	15560	880	46
1597	18	6	10	15600	5122	45
1598	18	6	10	15610	6307	52
1599	4	23	40	15620	1971	45
1600	7	31	10	15630	8010	46
1601	21	17	20	15640	7498	52
1602	4	23	20	15650	4659	52
1603	1	29	10	15660	424	45
1604	4	23	40	15670	1860	51
1605	1	29	40	15680	5429	49
1606	21	17	30	15690	5007	46
1607	7	31	30	15700	90	50
1608	1	29	20	15710	420	53
1609	1	29	20	15720	3566	52
1610	7	31	40	15730	1124	51
1611	7	31	20	15740	1664	45
1612	4	23	30	15750	3265	47
1613	1	29	20	15760	499	45
1614	4	23	20	15770	6556	54
1615	18	6	10	15780	4780	51
1616	18	6	20	15790	5293	51
1617	1	29	10	15800	1438	49
1618	7	31	20	15810	289	46
1619	7	31	10	15820	2588	54
1620	4	23	20	15830	581	54
1621	1	29	20	15840	1339	46
1622	7	31	20	15850	1225	54
1623	1	29	30	15860	72	50
1624	21	17	20	15870	1389	49
1625	18	6	10	15880	970	48
1626	4	23	30	15890	1743	47
1627	21	17	20	15900	9198	46
1628	21	17	20	15910	7827	54
1629	4	23	20	15920	3812	46
1630	18	6	10	15930	4023	47
1631	7	31	30	15940	402	50
1632	18	6	10	15950	6276	45
1633	1	29	10	15960	7445	52
1634	4	23	40	16000	369	52
1635	1	29	40	16011	3095	45
1636	21	17	40	16022	2224	45
1637	4	23	20	16033	1357	55
1638	4	23	40	16044	7792	54
1639	18	6	40	16055	4297	46
1640	1	29	20	16066	6330	54
1641	4	23	20	16077	10488	49
1642	1	29	20	16088	784	49
1643	1	29	30	16099	859	53
1644	7	31	30	16110	15010	46
1645	1	29	40	16121	87	55
1646	21	17	20	16132	337	55
1647	18	6	30	16143	1619	51
1648	4	23	20	16154	2300	50
1649	1	29	40	16165	4832	55
1650	4	23	40	16176	486	54
1651	18	6	20	16187	9036	53
1652	4	23	30	16198	4225	55
1653	7	31	10	16209	1524	54
1654	1	29	30	16220	1170	47
1655	7	31	40	16231	3474	45
1656	18	6	40	16242	3495	53
1657	18	6	30	16253	4434	47
1658	1	29	40	16264	6586	51
1659	1	29	30	16275	680	47
1660	7	31	10	16286	1972	46
1661	21	17	10	16297	6735	45
1662	21	17	10	16308	714	52
1663	7	31	10	16319	2657	51
1664	21	17	10	16330	12470	50
1665	1	29	10	16341	646	46
1666	18	6	20	16352	3181	45
1667	4	23	30	16363	4999	50
1668	4	23	30	16374	118	48
1669	4	23	30	16400	1242	53
1670	4	23	10	16410	1262	50
1671	7	31	10	16420	2362	51
1672	4	23	10	16430	2352	51
1673	4	23	20	16440	2119	55
1674	4	23	30	16450	4581	45
1675	21	17	10	16460	932	49
1676	21	17	40	16470	450	53
1677	4	23	40	16480	292	46
1678	4	23	40	16490	169	48
1679	21	17	20	16500	1267	50
1680	18	6	30	16510	578	49
1681	1	29	10	16520	82	52
1682	4	23	40	16530	2482	51
1683	21	17	30	16540	685	54
1684	21	17	20	16550	2772	48
1685	21	17	40	16560	5369	49
1686	1	29	40	16570	2343	50
1687	7	31	10	16580	2575	47
1688	21	17	30	16590	3574	50
1689	21	17	10	16600	2835	52
1690	21	17	40	16610	12512	47
1691	7	31	10	16620	5652	54
1692	4	23	30	16630	2618	49
1693	18	6	20	16640	4829	51
1694	4	23	40	16650	1254	55
1695	1	29	10	16660	15692	53
1696	7	31	10	16670	5770	53
1697	4	23	20	16680	4719	53
1698	18	6	20	16690	1085	48
1699	4	23	30	16700	7023	45
1700	21	17	30	16710	2563	55
1701	4	23	40	16720	1831	50
1702	21	17	40	16730	1448	47
1703	1	29	40	16740	746	52
1704	7	31	30	16750	2252	50
1705	21	17	40	16760	4414	47
1706	21	17	20	16800	2398	47
1707	1	29	20	16809	1102	55
1708	18	6	20	16818	4032	53
1709	1	29	30	16827	187	53
1710	7	31	40	16836	2570	47
1711	7	31	10	16845	2870	52
1712	7	31	30	16854	3961	54
1713	18	6	30	16863	3068	46
1714	21	17	10	16872	88	54
1715	4	23	40	16881	1842	50
1716	4	23	20	16890	1734	49
1717	21	17	30	16899	24	53
1718	7	31	30	16908	16891	48
1719	21	17	20	16917	978	45
1720	21	17	10	16926	4895	51
1721	4	23	10	16935	306	53
1722	4	23	10	16944	523	55
1723	7	31	30	16953	2947	52
1724	7	31	30	16962	1489	50
1725	7	31	40	16971	2887	52
1726	18	6	30	16980	13486	47
1727	18	6	40	16989	5443	55
1728	21	17	20	16998	613	55
1729	18	6	20	17007	4837	47
1730	18	6	40	17016	2350	52
1731	4	23	30	17025	2136	55
1732	18	6	30	17034	7156	54
1733	21	17	20	17043	964	48
1734	21	17	30	17052	6407	50
1735	7	31	40	17061	5830	54
1736	1	29	20	17070	5041	50
1737	18	6	40	17079	1381	54
1738	18	6	40	17088	5192	49
1739	1	29	30	17097	7127	45
1740	1	29	20	17106	1357	47
1741	1	29	30	17115	904	50
1742	4	23	30	17124	7321	49
1743	21	17	10	17133	3150	53
1744	1	29	10	17142	137	49
1745	1	29	40	17151	2348	51
1746	21	17	30	17160	548	55
1747	1	29	40	17169	11579	48
1748	18	6	20	17178	4547	52
1749	1	29	10	17187	9213	50
1750	7	31	40	17200	3958	48
1751	7	31	30	17208	5666	45
1752	7	31	40	17216	4914	50
1753	18	6	40	17224	83	47
1754	7	31	20	17232	517	50
1755	18	6	20	17240	2038	46
1756	1	29	30	17248	1123	51
1757	18	6	10	17256	6102	51
1758	4	23	20	17264	7849	47
1759	21	17	30	17272	9927	54
1760	7	31	20	17280	4851	45
1761	4	23	30	17288	4916	47
1762	1	29	40	17296	415	45
1763	21	17	10	17304	10841	51
1764	7	31	30	17312	3679	45
1765	18	6	20	17320	248	48
1766	4	23	20	17328	4547	54
1767	21	17	10	17336	2139	51
1768	18	6	40	17344	5345	51
1769	1	29	10	17352	1175	55
1770	4	23	20	17360	4229	45
1771	1	29	20	17368	246	51
1772	7	31	30	17376	1309	48
1773	7	31	10	17384	667	47
1774	21	17	10	17392	10593	53
1775	21	17	30	17400	2800	45
1776	1	29	30	17408	1067	49
1777	4	23	10	17416	3447	46
1778	4	23	30	17424	2674	47
1779	7	31	40	17432	8060	55
1780	7	31	20	17440	1951	52
1781	1	29	30	17448	84	54
1782	21	17	20	17456	265	47
1783	21	17	20	17464	1109	49
1784	4	23	20	17472	304	54
1785	7	31	20	17480	4644	52
1786	21	17	40	17488	4903	49
1787	21	17	40	17496	6690	51
1788	18	6	10	17504	390	54
1789	4	23	10	17512	2037	48
1790	7	31	10	17520	2956	48
1791	21	17	20	17528	10866	54
1792	21	17	30	17536	2267	52
1793	18	6	20	17544	6655	51
1794	4	23	20	17552	552	45
1795	4	23	40	17560	3473	55
1796	21	17	30	17568	438	50
1797	4	23	20	17600	9465	54
1798	1	29	20	17610	11506	53
1799	21	17	40	17620	14521	46
1800	4	23	20	17630	5792	52
1801	1	29	20	17640	5003	49
1802	21	17	10	17650	930	53
1803	18	6	10	17660	2211	53
1804	7	31	30	17670	1137	50
1805	4	23	30	17680	3361	53
1806	1	29	40	17690	2602	52
1807	1	29	30	17700	3226	48
1808	18	6	40	17710	383	50
1809	21	17	30	17720	3847	49
1810	18	6	40	17730	721	53
1811	4	23	30	17740	4400	50
1812	21	17	30	17750	1397	48
1813	21	17	20	17760	19721	47
1814	1	29	20	17770	3023	46
1815	4	23	40	17780	4579	46
1816	7	31	10	17790	4121	45
1817	18	6	20	17800	7765	51
1818	18	6	30	17810	7868	53
1819	1	29	10	17820	9839	49
1820	18	6	20	17830	1746	54
1821	7	31	30	17840	8066	48
1822	4	23	10	17850	1550	53
1823	7	31	40	17860	1649	47
1824	4	23	10	17870	5269	52
1825	4	23	10	17880	5073	46
1826	1	29	30	17890	3946	54
1827	18	6	20	17900	2529	53
1828	1	29	40	17910	100	46
1829	18	6	10	17920	1716	53
1830	21	17	40	17930	2041	51
1831	7	31	10	17940	1590	51
1832	4	23	30	17950	4019	49
1833	7	31	30	17960	2887	45
1834	18	6	20	17970	429	47
1835	4	23	40	17980	4462	48
1836	18	6	20	18000	6716	46
1837	7	31	20	18010	4083	50
1838	18	6	30	18020	20962	55
1839	21	17	40	18030	2811	45
1840	7	31	30	18040	935	55
1841	7	31	10	18050	663	45
1842	7	31	10	18060	5103	46
1843	4	23	20	18070	2578	49
1844	18	6	20	18080	1066	51
1845	18	6	20	18090	7730	54
1846	1	29	40	18100	4075	50
1847	1	29	10	18110	2318	50
1848	18	6	40	18120	1315	49
1849	21	17	20	18130	2371	55
1850	7	31	40	18140	11072	55
1851	7	31	20	18150	1136	54
1852	1	29	40	18160	188	46
1853	1	29	20	18170	118	48
1854	4	23	30	18180	3867	48
1855	7	31	40	18190	9133	49
1856	7	31	20	18200	1993	52
1857	1	29	20	18210	8145	50
1858	7	31	10	18220	4717	45
1859	1	29	30	18230	3009	48
1860	4	23	40	18240	11344	55
1861	7	31	30	18250	39	54
1862	21	17	40	18260	3011	47
1863	21	17	30	18270	5427	52
1864	21	17	40	18280	983	54
1865	7	31	30	18290	7258	47
1866	21	17	10	18300	135	45
1867	1	29	10	18310	6070	48
1868	7	31	10	18320	8867	55
1869	4	23	30	18330	7811	54
1870	18	6	20	18340	8107	55
1871	1	29	30	18350	13	50
1872	21	17	40	18360	7916	52
1873	18	6	40	18370	1755	52
1874	4	23	20	18400	4897	49
1875	7	31	20	18409	897	53
1876	1	29	30	18418	631	46
1877	1	29	30	18427	7487	48
1878	18	6	20	18436	438	52
1879	1	29	30	18445	8379	54
1880	4	23	20	18454	332	51
1881	1	29	30	18463	829	49
1882	1	29	20	18472	835	49
1883	1	29	20	18481	3445	47
1884	4	23	20	18490	2121	53
1885	1	29	30	18499	661	52
1886	4	23	20	18508	1325	50
1887	18	6	10	18517	3713	45
1888	1	29	10	18526	8992	53
1889	4	23	20	18535	910	54
1890	21	17	20	18544	1313	51
1891	1	29	10	18553	11526	52
1892	21	17	20	18562	11764	50
1893	18	6	10	18571	2508	51
1894	4	23	10	18580	3315	45
1895	21	17	40	18589	886	45
1896	7	31	10	18598	3910	54
1897	7	31	20	18607	15325	49
1898	4	23	30	18616	1188	50
1899	7	31	40	18625	2023	49
1900	18	6	20	18634	6902	53
1901	21	17	30	18643	7813	47
1902	4	23	10	18652	3183	50
1903	7	31	20	18661	2193	50
1904	7	31	10	18670	3460	55
1905	7	31	10	18679	10861	50
1906	21	17	20	18688	1947	47
1907	7	31	10	18697	4694	49
1908	7	31	40	18706	1560	54
1909	21	17	10	18715	2170	50
1910	7	31	20	18724	5577	47
1911	4	23	40	18733	3160	48
1912	7	31	40	18742	5802	54
1913	7	31	20	18751	6762	47
1914	4	23	20	18760	2384	53
1915	18	6	20	18769	5610	51
1916	4	23	10	18778	6888	50
1917	21	17	30	18800	12107	55
1918	18	6	20	18808	1606	54
1919	21	17	10	18816	271	47
1920	1	29	10	18824	3239	53
1921	7	31	40	18832	2237	45
1922	21	17	40	18840	8700	50
1923	18	6	30	18848	4651	46
1924	4	23	10	18856	3453	47
1925	18	6	10	18864	10323	48
1926	18	6	20	18872	231	45
1927	7	31	40	18880	2015	46
1928	7	31	30	18888	6276	51
1929	4	23	20	18896	2830	48
1930	21	17	10	18904	3442	54
1931	18	6	10	18912	734	53
1932	4	23	40	18920	3557	53
1933	7	31	30	18928	4909	48
1934	21	17	10	18936	226	45
1935	7	31	30	18944	1001	48
1936	7	31	20	18952	4069	54
1937	4	23	10	18960	5815	54
1938	4	23	10	18968	25824	48
1939	21	17	10	18976	2599	48
1940	18	6	10	18984	5827	50
1941	7	31	20	18992	3578	45
1942	7	31	10	19000	1323	46
1943	18	6	40	19008	2582	48
1944	7	31	10	19016	2403	51
1945	4	23	30	19024	5290	47
1946	18	6	10	19032	785	53
1947	1	29	40	19040	564	47
1948	21	17	30	19048	68	53
1949	18	6	30	19056	6631	50
1950	18	6	40	19064	1896	51
1951	21	17	20	19072	4462	55
1952	18	6	10	19080	4170	51
1953	7	31	30	19088	850	48
1954	7	31	30	19096	7377	51
1955	7	31	30	19104	1999	53
1956	21	17	40	19112	14273	53
1957	18	6	20	19120	7905	48
1958	1	29	20	19128	7426	47
1959	18	6	40	19136	4253	51
1960	4	23	40	19144	8402	50
1961	1	29	30	19152	18263	45
1962	21	17	20	19160	9168	53
1963	18	6	20	19168	6768	50
1964	21	17	40	19200	7372	51
1965	4	23	20	19212	3510	50
1966	1	29	40	19224	12603	50
1967	1	29	20	19236	241	51
1968	21	17	20	19248	5718	46
1969	7	31	40	19260	1032	49
1970	7	31	40	19272	491	52
1971	1	29	40	19284	226	51
1972	18	6	20	19296	12239	52
1973	4	23	10	19308	7668	51
1974	7	31	40	19320	1418	52
1975	18	6	40	19332	13280	52
1976	1	29	30	19344	634	54
1977	7	31	10	19356	2115	47
1978	4	23	30	19368	1075	51
1979	1	29	20	19380	7449	55
1980	21	17	10	19392	5480	50
1981	1	29	20	19404	10338	53
1982	21	17	10	19416	1905	48
1983	4	23	10	19428	16149	46
1984	1	29	30	19440	555	53
1985	21	17	30	19452	9407	55
1986	1	29	10	19464	2938	46
1987	21	17	20	19476	2026	50
1988	1	29	10	19488	8011	52
1989	1	29	30	19500	4333	48
1990	21	17	40	19512	1149	51
1991	18	6	10	19524	6003	50
1992	4	23	40	19536	10231	51
1993	1	29	20	19548	1684	52
1994	4	23	20	19560	3667	53
1995	1	29	20	19572	6009	49
1996	7	31	10	19584	4714	48
1997	4	23	30	19600	2508	51
1998	4	23	40	19733	4019	52
1999	1	29	40	19866	8082	45
