0	3	1	10	0	8766	35
1	0	12	20	15	776	30
2	0	12	20	30	482	26
3	0	12	40	45	806	28
4	4	8	30	60	3683	28
5	0	12	10	75	10008	25
6	3	1	10	90	7489	31
7	3	1	30	105	2908	25
8	4	14	10	120	4865	29
9	4	8	30	135	904	35
10	3	1	40	150	10988	34
11	0	12	40	165	5809	35
12	3	1	10	180	1925	29
13	4	14	40	195	21096	34
14	4	14	10	210	924	30
15	4	14	10	225	9937	35
16	4	14	40	240	1045	27
17	0	12	40	255	2394	29
18	4	14	10	270	2479	33
19	4	14	20	285	4827	30
20	3	1	30	300	4821	32
21	4	14	20	315	1581	28
22	4	14	20	330	730	26
23	4	14	10	345	1155	28
24	4	8	10	360	2072	25
25	0	12	10	375	716	29
26	3	1	30	400	3389	30
27	3	1	40	409	559	29
28	4	14	30	418	2449	34
29	4	14	10	427	1732	35
30	4	8	10	436	3762	31
31	4	8	30	445	2130	29
32	3	1	30	454	5961	35
33	0	12	10	463	4415	26
34	4	8	30	472	1130	29
35	4	8	30	481	2841	27
36	4	14	40	490	1508	28
37	4	8	20	499	8649	26
38	3	1	10	508	6894	28
39	3	1	40	517	4113	32
40	4	8	10	526	568	27
41	4	8	10	535	3406	34
42	3	1	40	544	5117	26
43	3	1	20	553	23113	34
44	3	1	30	562	1670	25
45	0	12	20	571	1132	35
46	0	12	30	580	7245	30
47	3	1	30	589	526	30
48	0	12	40	598	2703	35
49	3	1	30	607	3631	26
50	4	14	30	616	384	26
51	3	1	10	625	1949	35
52	0	12	10	634	1709	25
53	4	14	20	643	3780	28
54	4	14	30	652	1657	28
55	3	1	30	661	3298	32
56	4	8	40	670	38	28
57	0	12	20	679	7944	33
58	3	1	40	688	6025	28
59	0	12	20	697	2304	34
60	3	1	20	706	1702	31
61	0	12	20	715	5031	26
62	3	1	40	724	242	27
63	0	12	10	733	1736	29
64	4	14	30	742	3593	28
65	4	8	10	751	2960	30
66	3	1	10	760	18972	25
67	3	1	40	800	5003	27
68	4	8	20	808	5525	30
69	3	1	30	816	4787	28
70	0	12	20	824	3689	32
71	3	1	30	832	1693	26
72	4	8	40	840	3964	26
73	4	8	10	848	6850	25
74	3	1	20	856	3360	27
75	4	8	30	864	544	33
76	4	8	30	872	3714	26
77	4	8	40	880	745	28
78	0	12	30	888	9611	28
79	4	8	40	896	686	25
80	4	14	30	904	1586	35
81	0	12	40	912	2378	35
82	4	8	10	920	4078	29
83	0	12	10	928	7901	33
84	0	12	20	936	1203	34
85	4	14	40	944	1014	31
86	0	12	30	952	269	29
87	4	14	20	960	713	31
88	0	12	30	968	1596	33
89	3	1	40	976	4614	32
90	0	12	30	984	2765	34
91	4	14	30	992	2401	30
92	4	14	30	1000	451	34
93	4	8	40	1008	1935	30
94	4	14	20	1016	1402	26
95	4	8	30	1024	2157	26
96	3	1	20	1032	2889	32
97	3	1	40	1040	1845	32
98	3	1	40	1048	2070	30
99	0	12	20	1056	6822	30
100	3	1	10	1064	1179	35
101	3	1	30	1072	524	27
102	0	12	20	1080	1877	25
103	3	1	10	1088	6308	32
104	3	1	20	1096	20607	30
105	4	8	10	1104	5491	25
106	0	12	20	1112	5656	34
107	4	14	40	1120	3004	35
108	4	8	40	1128	175	25
109	3	1	40	1136	953	30
110	4	8	10	1144	12561	31
111	4	14	10	1152	7316	35
112	0	12	40	1160	12249	30
113	0	12	40	1168	3876	27
114	4	8	30	1200	468	34
115	3	1	30	1212	9149	31
116	3	1	10	1224	318	32
117	3	1	40	1236	880	29
118	4	14	30	1248	387	31
119	0	12	30	1260	1840	33
120	4	8	30	1272	2448	26
121	4	14	40	1284	7039	29
122	4	8	10	1296	1941	29
123	4	14	20	1308	265	33
124	4	8	40	1320	886	29
125	4	8	40	1332	654	26
126	3	1	10	1344	1089	27
127	4	14	40	1356	1125	31
128	4	8	40	1368	2968	35
129	4	8	30	1380	657	26
130	4	14	20	1392	3795	26
131	4	14	40	1404	1072	29
132	4	14	40	1416	5809	34
133	4	14	20	1428	382	33
134	4	14	30	1440	9305	26
135	4	8	10	1452	915	33
136	4	14	30	1464	305	34
137	4	14	40	1476	7479	33
138	3	1	30	1488	8072	28
139	4	14	20	1500	2879	34
140	3	1	30	1512	2517	33
141	0	12	40	1524	3079	29
142	4	8	20	1536	512	31
143	3	1	30	1548	498	28
144	0	12	40	1560	5204	26
145	0	12	30	1572	4311	34
146	3	1	30	1584	2758	25
147	3	1	30	1600	2662	31
148	0	12	10	1608	1276	31
149	4	8	40	1616	2025	30
150	3	1	20	1624	1664	29
151	4	14	20	1632	1524	27
152	3	1	10	1640	1298	26
153	4	8	20	1648	143	32
154	4	14	30	1656	1788	29
155	4	14	20	1664	2230	31
156	4	8	20	1672	5361	33
157	4	8	40	1680	1486	28
158	0	12	20	1688	3611	27
159	4	8	20	1696	7412	28
160	3	1	40	1704	2838	33
161	4	8	20	1712	2867	27
162	3	1	40	1720	17	35
163	0	12	20	1728	8884	35
164	4	14	30	1736	3657	29
165	3	1	20	1744	5112	26
166	0	12	10	1752	305	26
167	0	12	30	1760	7922	32
168	4	8	10	1768	5067	26
169	0	12	30	1776	9457	26
170	3	1	40	1784	6967	33
171	3	1	20	1792	1048	35
172	4	14	10	1800	1604	26
173	0	12	20	1808	3462	33
174	3	1	40	1816	9282	35
175	0	12	40	1824	10149	32
176	4	8	30	1832	4918	34
177	4	14	20	1840	1244	26
178	3	1	30	1848	1640	31
179	0	12	20	1856	3098	30
180	3	1	10	1864	4230	26
181	4	14	20	1872	5583	32
182	4	14	40	1880	14305	25
183	0	12	40	1888	541	30
184	3	1	10	1896	6666	32
185	4	14	40	1904	1403	34
186	4	8	30	1912	12680	28
187	4	8	30	1920	5248	26
188	0	12	30	1928	5247	29
189	4	14	20	1936	2576	31
190	0	12	30	1944	2511	35
191	3	1	30	1952	5764	31
192	4	14	30	1960	1157	30
193	4	8	10	1968	96	35
194	0	12	20	1976	19	25
195	4	8	20	1984	12441	30
196	3	1	40	2000	3042	29
197	4	8	10	2010	1039	31
198	3	1	10	2020	2918	34
199	3	1	20	2030	25	25
200	0	12	20	2040	3529	33
201	3	1	10	2050	4044	28
202	4	8	20	2060	5840	29
203	0	12	30	2070	1830	29
204	3	1	40	2080	3398	33
205	4	14	10	2090	465	30
206	0	12	10	2100	17200	25
207	4	8	30	2110	4790	29
208	4	14	20	2120	572	33
209	4	14	40	2130	2316	32
210	3	1	40	2140	5088	32
211	4	8	40	2150	2546	31
212	3	1	10	2160	14577	32
213	0	12	40	2170	228	32
214	4	14	20	2180	845	27
215	3	1	20	2190	5639	25
216	3	1	20	2200	3102	27
217	4	8	10	2210	8406	30
218	4	8	10	2220	335	28
219	0	12	40	2230	1445	31
220	4	8	30	2240	5766	34
221	3	1	30	2250	1678	35
222	0	12	40	2260	563	28
223	4	8	40	2270	1115	31
224	0	12	10	2280	2317	27
225	0	12	10	2290	253	26
226	4	14	30	2300	15527	29
227	3	1	40	2310	1464	27
228	0	12	10	2320	3415	32
229	4	8	20	2330	11702	30
230	4	8	10	2340	1966	28
231	4	14	30	2350	2606	27
232	0	12	20	2360	5536	28
233	0	12	10	2370	1602	31
234	0	12	40	2400	12226	33
235	4	14	10	2409	66	33
236	3	1	10	2418	16697	27
237	3	1	10	2427	3713	31
238	4	8	40	2436	3230	33
239	4	14	10	2445	4834	26
240	3	1	30	2454	1481	33
241	4	14	10	2463	1203	34
242	3	1	10	2472	3638	29
243	0	12	40	2481	1376	32
244	4	8	30	2490	5628	34
245	3	1	30	2499	21513	28
246	4	14	30	2508	6232	34
247	3	1	30	2517	871	34
248	4	8	40	2526	7166	33
249	4	8	40	2535	1146	35
250	4	14	40	2544	2149	27
251	0	12	30	2553	4254	35
252	0	12	40	2562	642	27
253	3	1	20	2571	966	28
254	0	12	40	2580	1112	27
255	3	1	40	2589	1115	34
256	3	1	10	2598	2811	25
257	4	14	20	2607	2973	34
258	0	12	30	2616	10494	27
259	3	1	30	2625	2861	31
260	4	14	30	2634	558	26
261	4	8	20	2643	4555	34
262	0	12	30	2652	529	33
263	3	1	10	2661	828	28
264	3	1	30	2670	210	29
265	3	1	20	2679	1103	29
266	4	8	20	2688	5111	28
267	3	1	40	2697	4128	26
268	0	12	40	2706	432	35
269	4	14	20	2715	764	29
270	4	14	20	2724	5899	34
271	4	14	20	2733	10920	32
272	0	12	10	2742	1563	32
273	3	1	10	2751	1905	26
274	4	8	10	2760	20331	33
275	4	8	30	2769	2801	35
276	4	14	20	2778	5472	30
277	4	14	10	2787	7334	31
278	0	12	20	2800	2679	33
279	4	8	20	2811	2350	34
280	4	8	30	2822	1270	28
281	4	8	40	2833	6123	31
282	0	12	10	2844	2564	29
283	3	1	10	2855	1572	32
284	4	8	30	2866	3025	27
285	0	12	20	2877	5289	28
286	4	14	30	2888	1603	35
287	3	1	10	2899	3061	25
288	4	14	20	2910	365	29
289	4	8	10	2921	4944	34
290	4	8	40	2932	2866	32
291	4	14	30	2943	2465	29
292	3	1	30	2954	4525	28
293	3	1	20	2965	176	26
294	4	14	30	2976	3384	35
295	0	12	20	2987	3973	35
296	3	1	20	2998	584	26
297	0	12	10	3009	2111	26
298	3	1	10	3020	1097	28
299	4	14	20	3031	2887	29
300	4	8	10	3042	1280	25
301	0	12	30	3053	629	32
302	3	1	40	3064	391	34
303	3	1	30	3075	4307	28
304	4	8	30	3086	2600	26
305	0	12	30	3097	2623	31
306	0	12	30	3108	1609	27
307	4	8	40	3119	5868	26
308	0	12	10	3130	998	30
309	3	1	10	3141	5377	27
310	3	1	20	3152	2756	28
311	3	1	10	3163	4371	30
312	4	14	10	3174	147	25
313	3	1	20	3185	2639	29
314	4	8	40	3200	1091	28
315	3	1	30	3211	1702	31
316	4	8	20	3222	925	30
317	3	1	30	3233	6415	25
318	0	12	20	3244	4274	25
319	4	8	10	3255	1529	25
320	4	14	30	3266	9662	30
321	3	1	20	3277	825	27
322	4	14	30	3288	3252	33
323	3	1	40	3299	1997	25
324	4	8	20	3310	4342	32
325	0	12	30	3321	1490	30
326	0	12	30	3332	1190	29
327	4	8	40	3343	1316	31
328	3	1	20	3354	6601	27
329	0	12	40	3365	1811	33
330	3	1	10	3376	1832	34
331	3	1	10	3387	1633	29
332	4	8	40	3398	3667	28
333	0	12	10	3409	14607	29
334	0	12	10	3420	747	33
335	0	12	10	3431	540	31
336	3	1	10	3442	4691	32
337	4	8	20	3453	6726	25
338	0	12	30	3464	7510	30
339	4	8	40	3475	203	31
340	0	12	40	3486	2058	25
341	4	8	30	3497	3292	34
342	4	8	10	3508	1507	30
343	0	12	20	3519	1710	26
344	4	14	30	3530	950	31
345	4	14	40	3541	7506	27
346	0	12	30	3552	2205	28
347	0	12	20	3563	864	35
348	4	8	20	3600	6524	34
349	0	12	40	3608	1015	29
350	4	14	10	3616	2200	30
351	0	12	40	3624	1644	25
352	0	12	30	3632	5605	25
353	0	12	40	3640	10217	27
354	4	14	30	3648	3699	35
355	3	1	40	3656	365	34
356	4	8	10	3664	3558	34
357	0	12	10	3672	4817	33
358	0	12	10	3680	23234	31
359	4	8	40	3688	730	32
360	0	12	40	3696	1012	27
361	3	1	30	3704	208	32
362	4	14	20	3712	13017	35
363	4	14	20	3720	7771	32
364	0	12	40	3728	1859	29
365	4	14	10	3736	710	34
366	0	12	10	3744	266	27
367	3	1	10	3752	256	32
368	4	8	10	3760	1500	31
369	0	12	40	3768	477	32
370	0	12	20	3776	4270	34
371	4	14	40	3784	1994	29
372	4	8	40	3792	12132	30
373	3	1	30	3800	3734	30
374	4	8	20	3808	9879	25
375	4	8	10	3816	1721	31
376	4	8	10	3824	8241	32
377	3	1	10	3832	935	32
378	3	1	10	3840	801	29
379	3	1	30	3848	6759	30
380	0	12	10	3856	8726	26
381	4	14	20	3864	260	30
382	4	14	30	3872	2586	32
383	3	1	30	3880	3506	33
384	4	8	40	3888	11320	28
385	3	1	20	3896	123	33
386	3	1	30	3904	3484	29
387	4	8	10	3912	4531	25
388	4	8	30	3920	1852	29
389	3	1	20	3928	346	35
390	4	14	10	3936	3081	32
391	4	8	10	3944	18576	34
392	4	8	10	3952	6791	29
393	4	14	30	3960	4559	34
394	4	8	10	4000	6995	29
395	4	8	10	4011	1732	29
396	3	1	10	4022	3660	35
397	4	8	30	4033	2444	34
398	0	12	20	4044	14941	33
399	4	14	20	4055	199	32
400	3	1	40	4066	6099	25
401	4	8	30	4077	1795	31
402	4	14	20	4088	8532	28
403	4	8	30	4099	4706	26
404	0	12	30	4110	3357	30
405	4	14	10	4121	124	26
406	4	14	40	4132	1946	30
407	4	8	10	4143	635	31
408	3	1	30	4154	27	27
409	4	8	20	4165	1170	29
410	4	8	30	4176	967	26
411	3	1	40	4187	1915	27
412	4	8	40	4198	2924	29
413	4	8	30	4209	801	26
414	0	12	30	4220	1312	30
415	0	12	20	4231	699	32
416	3	1	10	4242	3419	35
417	0	12	40	4253	1896	26
418	3	1	30	4264	9894	29
419	4	8	30	4275	1670	31
420	4	8	30	4286	3481	30
421	4	14	40	4297	1955	26
422	4	8	30	4308	4705	27
423	3	1	30	4319	1044	32
424	0	12	30	4330	3426	35
425	3	1	20	4341	4384	35
426	3	1	30	4352	3428	35
427	4	8	10	4363	1268	32
428	4	8	30	4374	6071	25
429	4	14	20	4385	3319	31
430	4	14	10	4400	5550	31
431	4	14	30	4411	2146	34
432	4	8	40	4422	1058	34
433	3	1	40	4433	569	33
434	0	12	40	4444	134	30
435	3	1	30	4455	2981	30
436	4	14	10	4466	801	26
437	3	1	10	4477	6137	31
438	4	8	40	4488	63	27
439	4	8	30	4499	9651	27
440	4	14	20	4510	4144	28
441	0	12	30	4521	2281	33
442	3	1	30	4532	4447	34
443	4	14	10	4543	497	25
444	4	8	30	4554	8103	33
445	4	8	20	4565	681	29
446	0	12	10	4576	2552	30
447	4	14	30	4587	4035	28
448	3	1	10	4598	2045	28
449	0	12	30	4609	4381	32
450	4	14	40	4620	5999	30
451	4	8	10	4631	1003	34
452	4	14	10	4642	3119	29
453	3	1	40	4653	4029	26
454	3	1	30	4664	2520	26
455	3	1	40	4675	2014	34
456	0	12	40	4686	4435	29
457	0	12	30	4697	4218	32
458	0	12	40	4708	494	26
459	4	8	10	4719	9301	30
460	4	8	20	4730	2427	26
461	4	8	40	4741	482	34
462	0	12	20	4752	1822	30
463	4	14	10	4763	2340	31
464	3	1	20	4800	2799	33
465	4	8	10	4810	6427	28
466	0	12	10	4820	641	29
467	3	1	10	4830	1950	31
468	0	12	40	4840	642	32
469	4	8	10	4850	5614	25
470	4	8	20	4860	15430	31
471	0	12	10	4870	6246	29
472	4	14	10	4880	1797	34
473	0	12	40	4890	21	26
474	3	1	20	4900	4764	28
475	0	12	10	4910	634	33
476	4	8	20	4920	5029	28
477	4	8	20	4930	3419	27
478	4	8	10	4940	1795	34
479	4	14	20	4950	2171	31
480	3	1	20	4960	862	30
481	3	1	10	4970	11269	32
482	3	1	10	4980	8203	28
483	0	12	10	4990	489	28
484	0	12	20	5000	6186	26
485	3	1	40	5010	3006	33
486	4	14	20	5020	8279	29
487	4	14	40	5030	3641	33
488	0	12	10	5040	4377	31
489	4	8	40	5050	4057	31
490	3	1	30	5060	7735	26
491	4	14	30	5070	3019	30
492	4	8	10	5080	4412	29
493	0	12	40	5090	481	32
494	0	12	20	5100	2431	26
495	4	8	30	5110	3033	29
496	0	12	10	5120	284	28
497	4	14	20	5130	1035	27
498	4	8	30	5140	3803	27
499	4	14	30	5150	284	30
500	0	12	20	5160	34	25
501	4	8	40	5170	359	34
502	3	1	40	5200	2669	32
503	4	8	10	5211	4154	28
504	4	14	10	5222	4641	26
505	3	1	40	5233	17264	25
506	3	1	10	5244	7862	35
507	4	14	20	5255	3073	28
508	4	14	30	5266	11168	33
509	3	1	30	5277	1547	29
510	4	8	20	5288	4559	31
511	3	1	30	5299	401	26
512	4	14	20	5310	1370	34
513	4	8	30	5321	4781	31
514	4	14	40	5332	4926	25
515	4	14	10	5343	2891	30
516	3	1	30	5354	1109	30
517	4	14	20	5365	1154	26
518	3	1	40	5376	4267	30
519	4	14	20	5387	14741	25
520	3	1	40	5398	10397	34
521	4	8	10	5409	3198	31
522	3	1	10	5420	5100	25
523	4	14	40	5431	2862	25
524	4	14	20	5442	9167	35
525	4	8	30	5453	2384	25
526	3	1	40	5464	520	25
527	4	14	10	5475	1142	27
528	0	12	20	5486	3191	25
529	0	12	30	5497	718	34
530	0	12	10	5508	324	29
531	4	8	10	5519	2673	25
532	0	12	30	5530	12977	35
533	4	8	20	5541	1387	28
534	4	14	10	5552	2113	30
535	4	8	20	5563	457	31
536	4	14	10	5574	2415	35
537	4	8	10	5585	1021	25
538	4	8	40	5600	2238	27
539	4	8	30	5612	6445	25
540	0	12	40	5624	4416	33
541	0	12	10	5636	1647	26
542	4	14	20	5648	4302	35
543	3	1	20	5660	1688	26
544	0	12	30	5672	12608	25
545	4	14	10	5684	5707	35
546	0	12	10	5696	1097	31
547	0	12	30	5708	14124	33
548	0	12	10	5720	2078	32
549	4	8	10	5732	11310	31
550	4	14	40	5744	1366	35
551	0	12	30	5756	6812	26
552	0	12	20	5768	3395	32
553	4	8	20	5780	4072	27
554	4	8	40	5792	617	32
555	4	14	10	5804	2450	30
556	3	1	40	5816	1818	34
557	4	14	10	5828	14902	32
558	3	1	30	5840	5499	28
559	4	8	20	5852	1085	25
560	0	12	40	5864	7997	25
561	3	1	40	5876	3781	33
562	4	14	40	5888	17217	27
563	3	1	40	5900	5952	34
564	4	8	30	5912	1113	35
565	4	14	10	5924	856	30
566	4	8	40	5936	577	27
567	4	8	40	5948	23168	30
568	4	8	30	5960	1353	26
569	4	8	20	5972	3665	30
570	4	14	10	6000	253	30
571	0	12	20	6010	67	29
572	4	8	20	6020	6906	35
573	0	12	20	6030	7739	30
574	4	14	20	6040	1463	27
575	3	1	30	6050	3548	32
576	4	8	30	6060	8884	32
577	0	12	30	6070	1888	34
578	3	1	10	6080	3228	35
579	4	14	10	6090	598	35
580	4	8	30	6100	938	29
581	3	1	20	6110	656	27
582	3	1	40	6120	7411	30
583	3	1	20	6130	3755	29
584	4	8	30	6140	8319	35
585	4	14	20	6150	1204	28
586	4	8	40	6160	9877	28
587	3	1	20	6170	1556	32
588	0	12	30	6180	650	32
589	0	12	40	6190	12177	25
590	3	1	20	6200	5433	32
591	4	14	10	6210	2595	28
592	4	14	20	6220	2602	32
593	4	14	20	6230	847	26
594	4	8	30	6240	10982	35
595	4	8	40	6250	234	25
596	4	8	10	6260	1729	35
597	0	12	30	6270	8642	25
598	0	12	40	6280	427	26
599	0	12	20	6290	5785	31
600	4	8	20	6300	3928	32
601	4	14	10	6310	1113	26
602	3	1	40	6320	4604	31
603	4	14	30	6330	6543	26
604	4	8	10	6340	8462	26
605	4	14	30	6350	1273	30
606	3	1	10	6360	21887	26
607	4	14	10	6370	5043	27
608	3	1	40	6380	1615	35
609	3	1	10	6400	3237	35
610	4	8	30	6408	3343	33
611	3	1	10	6416	18022	35
612	4	8	40	6424	2193	32
613	3	1	20	6432	3747	29
614	0	12	40	6440	115	31
615	4	8	20	6448	4996	33
616	0	12	10	6456	5848	27
617	0	12	30	6464	1896	33
618	4	8	10	6472	9176	35
619	3	1	10	6480	16256	32
620	3	1	20	6488	1299	26
621	4	14	20	6496	6688	31
622	0	12	20	6504	7505	34
623	4	8	40	6512	1629	26
624	4	14	40	6520	7782	33
625	4	14	40	6528	3508	26
626	0	12	40	6536	3093	32
627	3	1	10	6544	3989	34
628	4	14	30	6552	10091	30
629	4	8	30	6560	1147	26
630	4	8	30	6568	1082	33
631	0	12	40	6576	27	32
632	4	14	40	6584	1285	32
633	4	8	30	6592	6228	28
634	4	8	40	6600	2881	27
635	3	1	20	6608	13547	28
636	4	14	30	6616	2521	31
637	4	14	20	6624	154	29
638	4	8	10	6632	5229	28
639	4	8	10	6640	3689	30
640	0	12	10	6648	1227	26
641	4	8	30	6656	886	26
642	0	12	30	6664	18418	32
643	3	1	30	6672	3618	32
644	3	1	10	6680	1950	27
645	4	14	20	6688	5609	32
646	3	1	10	6696	227	31
647	0	12	10	6704	8164	28
648	4	14	30	6712	708	30
649	4	14	20	6720	1006	26
650	0	12	40	6728	1362	34
651	0	12	30	6736	14519	26
652	4	14	20	6744	16962	26
653	3	1	30	6752	505	30
654	3	1	40	6760	2672	30
655	3	1	10	6768	6714	26
656	3	1	40	6800	2017	27
657	4	8	10	6810	1717	30
658	4	14	30	6820	11835	28
659	4	8	10	6830	1400	35
660	3	1	30	6840	5297	33
661	0	12	10	6850	1814	28
662	0	12	20	6860	6374	33
663	0	12	20	6870	346	33
664	4	8	20	6880	1529	26
665	0	12	30	6890	3281	26
666	4	14	20	6900	5008	27
667	4	14	10	6910	4008	29
668	4	8	30	6920	397	26
669	3	1	30	6930	257	28
670	3	1	40	6940	1127	27
671	4	8	40	6950	5241	34
672	4	14	20	6960	4177	30
673	4	14	10	6970	1407	30
674	4	8	10	6980	5070	30
675	4	8	40	6990	327	35
676	3	1	40	7000	6907	34
677	3	1	30	7010	1159	26
678	3	1	30	7020	11889	34
679	4	14	30	7030	435	25
680	4	8	30	7040	3009	30
681	4	14	40	7050	4415	29
682	4	14	20	7060	2530	29
683	0	12	20	7070	4778	28
684	4	8	30	7080	12939	28
685	0	12	10	7090	1223	32
686	4	8	30	7100	85	30
687	0	12	10	7110	679	27
688	4	14	40	7120	1437	34
689	3	1	40	7130	4816	26
690	4	14	20	7140	3376	26
691	3	1	20	7150	505	25
692	4	14	30	7160	376	25
693	4	14	40	7170	2276	28
694	4	14	30	7200	8111	32
695	0	12	10	7208	9196	34
696	0	12	10	7216	2056	29
697	4	14	10	7224	9504	34
698	0	12	10	7232	1300	31
699	3	1	30	7240	6996	26
700	0	12	10	7248	162	29
701	4	14	40	7256	2195	27
702	4	14	20	7264	5974	27
703	4	8	40	7272	421	27
704	4	8	20	7280	15079	35
705	4	14	10	7288	3270	25
706	4	8	10	7296	1574	32
707	4	14	20	7304	4670	32
708	4	8	30	7312	2043	35
709	0	12	10	7320	2102	30
710	0	12	10	7328	18940	28
711	0	12	10	7336	624	25
712	3	1	20	7344	2044	32
713	4	14	10	7352	7457	27
714	0	12	20	7360	5821	30
715	3	1	30	7368	271	29
716	4	8	30	7376	9049	34
717	0	12	10	7384	419	29
718	4	14	40	7392	521	30
719	4	8	20	7400	222	30
720	4	14	10	7408	3094	31
721	3	1	10	7416	3264	25
722	4	14	20	7424	1607	30
723	3	1	40	7432	2007	35
724	3	1	10	7440	2711	26
725	4	14	20	7448	543	26
726	3	1	10	7456	4091	33
727	0	12	20	7464	963	26
728	0	12	30	7472	2236	33
729	4	8	40	7480	6834	31
730	4	8	30	7488	4514	31
731	4	14	30	7496	9862	35
732	4	8	30	7504	14604	31
733	0	12	10	7512	523	33
734	4	14	30	7520	261	32
735	3	1	40	7528	449	28
736	0	12	30	7536	8939	27
737	4	8	30	7544	1840	26
738	4	14	40	7552	5095	28
739	4	8	20	7560	2057	28
740	4	14	10	7568	11136	25
741	4	8	20	7576	1615	34
742	4	14	30	7584	5645	28
743	4	14	30	7600	8946	29
744	3	1	30	7616	4935	34
745	3	1	10	7632	2217	25
746	0	12	40	7648	5069	29
747	4	14	30	7664	1123	33
748	3	1	20	7680	4402	34
749	0	12	40	7696	6493	28
750	3	1	20	7712	15	35
751	0	12	10	7728	1440	35
752	4	14	20	7744	6145	29
753	4	14	40	7760	1011	25
754	3	1	30	7776	1355	30
755	4	8	40	7792	2631	29
756	4	14	20	7808	383	32
757	0	12	20	7824	1917	27
758	3	1	40	7840	3743	25
759	4	8	40	7856	7587	34
760	4	8	40	7872	10009	27
761	4	8	30	7888	471	30
762	3	1	40	7904	1207	34
763	0	12	30	7920	3481	28
764	4	14	30	7936	5270	34
765	0	12	30	7952	316	28
766	4	14	30	7968	747	30
767	4	8	20	7984	1300	34
768	0	12	20	8000	6088	31
769	3	1	30	8008	4319	27
770	3	1	10	8016	757	26
771	4	14	10	8024	2995	32
772	4	8	10	8032	1907	25
773	4	8	20	8040	5093	27
774	3	1	20	8048	492	30
775	4	8	40	8056	924	32
776	3	1	20	8064	6471	32
777	4	14	40	8072	2302	26
778	0	12	20	8080	4630	26
779	4	14	40	8088	276	26
780	4	14	30	8096	2101	32
781	3	1	30	8104	2013	25
782	4	8	40	8112	3165	27
783	0	12	30	8120	3929	29
784	3	1	30	8128	6752	31
785	4	8	20	8136	1874	31
786	4	14	20	8144	558	31
787	3	1	30	8152	5556	30
788	4	8	20	8160	7213	27
789	4	8	30	8168	3481	27
790	3	1	20	8176	59	31
791	0	12	10	8184	2871	35
792	4	14	40	8192	5725	26
793	4	8	10	8200	8170	30
794	0	12	30	8208	2646	25
795	4	8	20	8216	7016	30
796	4	14	20	8224	297	25
797	4	14	10	8232	769	35
798	0	12	40	8240	701	30
799	4	8	10	8248	4006	30
800	4	14	30	8256	1177	30
801	3	1	20	8264	2325	30
802	4	14	10	8272	2488	26
803	0	12	40	8280	28	32
804	3	1	30	8288	3978	26
805	4	14	10	8296	2589	27
806	3	1	40	8304	10261	35
807	4	8	10	8312	267	27
808	4	8	30	8320	454	31
809	4	8	40	8328	338	33
810	4	14	30	8336	4562	32
811	4	14	30	8344	4243	31
812	0	12	10	8352	4751	25
813	4	14	40	8360	3115	34
814	4	8	20	8368	2328	27
815	3	1	20	8376	2957	27
816	0	12	30	8400	3325	28
817	3	1	10	8410	4032	29
818	4	8	10	8420	5811	32
819	3	1	20	8430	1773	27
820	4	8	10	8440	11672	33
821	0	12	40	8450	2177	35
822	4	14	40	8460	2335	32
823	4	14	30	8470	895	29
824	4	14	20	8480	4149	31
825	3	1	10	8490	4320	27
826	0	12	20	8500	5812	31
827	4	14	10	8510	2845	31
828	4	8	40	8520	1077	26
829	0	12	40	8530	1364	25
830	3	1	20	8540	578	32
831	3	1	20	8550	3941	32
832	4	14	40	8560	1296	31
833	3	1	20	8570	218	32
834	4	14	20	8580	6677	31
835	0	12	10	8590	13729	26
836	4	14	20	8600	10775	34
837	4	8	10	8610	3104	31
838	3	1	40	8620	21506	28
839	4	14	20	8630	1652	28
840	3	1	20	8640	2398	32
841	4	8	10	8650	270	28
842	0	12	10	8660	4123	35
843	0	12	30	8670	5611	29
844	3	1	10	8680	9242	30
845	3	1	30	8690	1791	25
846	4	14	40	8700	6794	35
847	4	14	40	8710	993	27
848	0	12	30	8720	2241	28
849	4	8	20	8730	13024	34
850	4	8	30	8740	1217	27
851	0	12	20	8750	2295	31
852	4	8	40	8760	2102	28
853	3	1	30	8800	6493	27
854	0	12	40	8812	4642	33
855	4	14	30	8824	7213	31
856	3	1	20	8836	26449	34
857	0	12	30	8848	1218	33
858	0	12	20	8860	1793	25
859	4	14	30	8872	13985	35
860	3	1	40	8884	4958	32
861	4	14	40	8896	2138	29
862	0	12	20	8908	7056	25
863	4	8	30	8920	6823	31
864	4	14	20	8932	11707	26
865	0	12	10	8944	220	25
866	0	12	30	8956	1893	35
867	4	8	40	8968	4109	29
868	4	14	20	8980	5228	27
869	0	12	20	8992	2567	25
870	4	14	40	9004	3568	28
871	3	1	30	9016	100	32
872	0	12	10	9028	4083	26
873	3	1	30	9040	2231	28
874	4	14	40	9052	9507	31
875	4	14	10	9064	8496	29
876	0	12	40	9076	5993	25
877	4	14	20	9088	4660	27
878	4	8	30	9100	1425	34
879	4	8	30	9112	1339	31
880	3	1	10	9124	7416	27
881	0	12	20	9136	3159	28
882	4	14	20	9148	333	28
883	4	14	30	9160	1284	28
884	3	1	10	9200	107	33
885	4	8	40	9208	4790	25
886	4	8	20	9216	982	29
887	4	8	20	9224	2569	28
888	3	1	30	9232	1824	35
889	0	12	40	9240	14982	25
890	3	1	30	9248	13899	28
891	4	14	40	9256	4432	26
892	0	12	30	9264	785	30
893	3	1	20	9272	104	28
894	0	12	30	9280	3955	32
895	3	1	30	9288	150	28
896	4	8	40	9296	1081	27
897	4	14	20	9304	6970	28
898	0	12	10	9312	6594	28
899	4	8	40	9320	7511	30
900	3	1	10	9328	16526	25
901	3	1	10	9336	769	30
902	0	12	30	9344	2698	25
903	4	14	20	9352	12432	27
904	3	1	20	9360	1856	31
905	3	1	10	9368	1085	30
906	4	14	20	9376	6376	30
907	3	1	20	9384	15916	35
908	3	1	30	9392	9038	32
909	0	12	40	9400	6564	28
910	3	1	40	9408	242	30
911	4	14	10	9416	1487	32
912	4	14	10	9424	13170	34
913	4	14	30	9432	319	30
914	4	8	30	9440	539	32
915	4	8	20	9448	718	29
916	0	12	20	9456	1626	25
917	0	12	40	9464	3229	33
918	3	1	30	9472	6276	33
919	4	8	30	9480	1141	25
920	4	14	40	9488	7229	31
921	3	1	10	9496	9333	31
922	3	1	20	9504	1290	30
923	4	14	30	9512	5593	27
924	3	1	30	9520	2809	33
925	0	12	40	9528	10122	26
926	4	8	40	9536	7493	26
927	3	1	40	9544	3807	33
928	3	1	10	9552	6429	32
929	4	8	20	9560	8169	28
930	3	1	10	9568	4127	26
931	0	12	20	9576	12111	33
932	3	1	10	9584	8495	34
933	4	14	30	9600	2410	29
934	3	1	30	9610	1430	30
935	4	14	40	9620	4415	32
936	0	12	40	9630	228	28
937	4	14	10	9640	532	25
938	4	8	10	9650	9346	32
939	0	12	10	9660	6222	28
940	4	8	30	9670	9257	31
941	3	1	10	9680	1079	29
942	4	14	30	9690	3454	32
943	4	8	30	9700	3284	31
944	4	8	10	9710	9985	30
945	4	14	20	9720	4297	31
946	4	14	40	9730	4909	28
947	4	8	40	9740	428	25
948	0	12	30	9750	9186	32
949	3	1	10	9760	2492	28
950	3	1	10	9770	4852	27
951	0	12	10	9780	4593	30
952	4	8	40	9790	134	30
953	4	14	30	9800	3278	27
954	3	1	10	9810	44	34
955	4	14	40	9820	337	30
956	4	14	40	9830	9181	25
957	0	12	40	9840	5351	34
958	4	8	30	9850	2396	30
959	4	8	30	9860	2397	29
960	0	12	20	9870	1985	28
961	4	8	30	9880	808	32
962	0	12	10	9890	802	28
963	4	8	20	9900	102	29
964	3	1	30	9910	709	26
965	4	8	20	9920	453	33
966	0	12	10	9930	2249	33
967	4	14	20	9940	2855	29
968	0	12	10	9950	5986	35
969	3	1	30	9960	2449	35
970	4	8	30	9970	460	26
971	0	12	20	10000	939	25
972	4	14	40	10008	4206	25
973	3	1	30	10016	11	30
974	4	14	10	10024	1705	29
975	0	12	40	10032	3659	27
976	4	14	20	10040	1570	35
977	4	8	30	10048	5030	34
978	4	8	30	10056	7216	32
979	4	14	20	10064	7486	26
980	0	12	40	10072	960	33
981	0	12	40	10080	5463	25
982	3	1	10	10088	5015	26
983	4	14	10	10096	1637	28
984	3	1	20	10104	733	25
985	3	1	40	10112	12958	32
986	4	14	30	10120	10026	27
987	4	14	30	10128	1549	32
988	4	8	20	10136	2329	30
989	3	1	30	10144	992	25
990	4	14	10	10152	5863	32
991	4	14	40	10160	1530	29
992	3	1	20	10168	4483	31
993	4	14	20	10176	2409	28
994	4	14	30	10184	2027	35
995	0	12	40	10192	5067	35
996	4	8	40	10200	225	25
997	4	8	20	10208	3221	28
998	4	14	10	10216	2026	30
999	4	14	30	10224	6652	33
1000	3	1	20	10232	1037	34
1001	0	12	30	10240	876	34
1002	4	8	40	10248	1574	26
1003	3	1	40	10256	2330	32
1004	4	8	30	10264	1753	27
1005	4	8	40	10272	2719	27
1006	0	12	20	10280	130	29
1007	4	14	20	10288	122	25
1008	4	14	20	10296	954	34
1009	4	8	20	10304	2122	32
1010	0	12	20	10312	5646	31
1011	3	1	20	10320	811	26
1012	4	14	20	10328	9300	27
1013	4	8	20	10336	3711	29
1014	0	12	40	10344	1084	31
1015	0	12	30	10352	4158	27
1016	4	14	20	10360	2526	30
1017	0	12	10	10368	7478	25
1018	3	1	10	10376	7801	28
1019	4	14	30	10384	901	29
1020	3	1	30	10400	836	31
1021	0	12	30	10411	461	26
1022	3	1	40	10422	284	34
1023	4	8	20	10433	3251	34
1024	3	1	30	10444	4669	28
1025	4	8	30	10455	6258	32
1026	3	1	40	10466	3066	30
1027	4	14	20	10477	883	33
1028	3	1	40	10488	3717	30
1029	4	14	10	10499	3965	30
1030	4	14	40	10510	3146	26
1031	4	8	10	10521	5906	31
1032	4	8	20	10532	1532	29
1033	4	8	40	10543	101	35
1034	0	12	40	10554	3846	27
1035	0	12	20	10565	67	35
1036	3	1	40	10576	2174	35
1037	4	14	10	10587	1275	30
1038	3	1	30	10598	15854	26
1039	4	8	30	10609	4485	34
1040	3	1	30	10620	10561	28
1041	0	12	10	10631	8763	27
1042	4	14	10	10642	461	33
1043	4	14	10	10653	120	34
1044	3	1	20	10664	2490	30
1045	4	8	30	10675	3522	31
1046	4	14	20	10686	2149	27
1047	0	12	10	10697	287	26
1048	4	14	20	10708	968	32
1049	3	1	10	10719	5565	33
1050	0	12	20	10730	1150	29
1051	0	12	30	10741	937	25
1052	4	14	20	10752	4753	25
1053	0	12	20	10763	870	25
1054	4	8	40	10800	3888	26
1055	4	8	40	10807	508	33
1056	4	8	30	10814	547	25
1057	4	14	20	10821	5862	28
1058	4	14	20	10828	5589	28
1059	4	14	40	10835	3321	31
1060	4	14	40	10842	12676	33
1061	0	12	40	10849	7182	31
1062	0	12	20	10856	2214	31
1063	0	12	20	10863	3501	29
1064	3	1	20	10870	8073	30
1065	3	1	20	10877	16702	35
1066	0	12	40	10884	8021	32
1067	4	8	30	10891	8391	27
1068	4	8	20	10898	17333	26
1069	0	12	30	10905	997	32
1070	4	8	30	10912	1029	28
1071	4	14	20	10919	868	25
1072	3	1	30	10926	8004	34
1073	4	8	30	10933	811	30
1074	4	8	10	10940	1276	26
1075	3	1	20	10947	1429	28
1076	4	8	20	10954	0	28
1077	4	14	40	10961	159	25
1078	4	14	10	10968	389	28
1079	0	12	40	10975	436	33
1080	4	8	20	10982	1880	29
1081	3	1	40	10989	2509	28
1082	0	12	10	10996	16336	26
1083	0	12	40	11003	7693	32
1084	3	1	30	11010	1905	25
1085	3	1	10	11017	1635	26
1086	3	1	30	11024	317	31
1087	4	8	10	11031	523	29
1088	0	12	40	11038	2064	33
1089	3	1	10	11045	2758	30
1090	4	14	30	11052	8780	34
1091	4	14	30	11059	4203	32
1092	0	12	40	11066	2938	26
1093	4	14	40	11073	2157	31
1094	4	8	30	11080	5038	25
1095	4	8	30	11087	397	32
1096	0	12	40	11094	2487	31
1097	3	1	40	11101	2982	29
1098	4	8	30	11108	709	28
1099	0	12	40	11115	2607	31
1100	0	12	40	11122	5093	34
1101	3	1	40	11129	3092	35
1102	3	1	30	11136	344	35
1103	4	14	40	11143	20648	35
1104	0	12	20	11150	2971	30
1105	4	8	10	11200	224	28
1106	3	1	10	11207	1687	26
1107	3	1	40	11214	2866	30
1108	3	1	10	11221	10230	34
1109	4	14	20	11228	1549	33
1110	0	12	20	11235	508	29
1111	3	1	30	11242	372	35
1112	4	14	20	11249	4510	35
1113	4	14	30	11256	4192	31
1114	4	8	20	11263	837	26
1115	4	8	10	11270	2709	30
1116	0	12	40	11277	7609	30
1117	4	14	30	11284	3387	34
1118	3	1	30	11291	914	28
1119	0	12	20	11298	3032	29
1120	4	14	40	11305	9556	28
1121	4	14	30	11312	5431	28
1122	4	8	40	11319	2570	30
1123	4	14	20	11326	2682	32
1124	0	12	40	11333	1614	33
1125	3	1	10	11340	3438	31
1126	4	14	30	11347	4494	35
1127	4	14	40	11354	2375	28
1128	4	14	40	11361	2519	29
1129	0	12	20	11368	786	29
1130	3	1	30	11375	7266	33
1131	3	1	30	11382	2573	35
1132	4	8	20	11389	8364	32
1133	4	14	10	11396	3807	33
1134	0	12	40	11403	1932	34
1135	4	14	30	11410	7247	29
1136	4	14	20	11417	1934	28
1137	4	8	10	11424	17999	26
1138	0	12	20	11431	1599	27
1139	0	12	30	11438	1567	32
1140	4	14	40	11445	19073	35
1141	0	12	30	11452	3326	25
1142	3	1	40	11459	892	30
1143	4	8	20	11466	342	35
1144	4	8	30	11473	1905	25
1145	4	8	40	11480	6431	35
1146	4	14	10	11487	14618	33
1147	4	8	10	11494	8189	30
1148	4	8	20	11501	1034	30
1149	0	12	30	11508	1015	31
1150	0	12	40	11515	1118	27
1151	0	12	10	11522	8899	33
1152	0	12	10	11529	1550	26
1153	4	8	20	11536	3988	34
1154	0	12	10	11543	3381	27
1155	4	8	10	11550	15142	30
1156	0	12	10	11557	266	30
1157	4	14	10	11564	3605	28
1158	3	1	40	11600	4340	26
1159	3	1	20	11612	11796	34
1160	4	8	30	11624	1910	29
1161	4	14	20	11636	9064	34
1162	3	1	40	11648	181	26
1163	3	1	40	11660	5451	30
1164	4	8	30	11672	2644	25
1165	4	8	30	11684	4139	30
1166	0	12	20	11696	955	28
1167	0	12	10	11708	257	26
1168	3	1	30	11720	1238	32
1169	4	8	40	11732	1737	32
1170	4	8	40	11744	460	26
1171	4	14	40	11756	7919	28
1172	4	14	20	11768	1106	31
1173	4	8	10	11780	8482	31
1174	0	12	20	11792	3105	30
1175	4	14	10	11804	1684	27
1176	0	12	40	11816	3129	33
1177	0	12	20	11828	1990	30
1178	4	8	30	11840	464	32
1179	4	14	40	11852	3040	34
1180	3	1	40	11864	3690	34
1181	3	1	20	11876	6517	29
1182	4	8	20	11888	993	34
1183	3	1	20	11900	1114	33
1184	4	14	30	11912	10903	26
1185	4	8	30	11924	11640	35
1186	3	1	20	11936	665	34
1187	0	12	40	11948	1126	33
1188	3	1	10	11960	177	31
1189	3	1	40	11972	2082	29
1190	4	14	30	12000	5917	34
1191	4	14	10	12014	6231	25
1192	3	1	10	12028	1582	35
1193	3	1	40	12042	1925	29
1194	4	14	40	12056	11565	27
1195	4	14	30	12070	400	25
1196	4	8	40	12084	2939	35
1197	4	14	10	12098	2435	25
1198	4	14	30	12112	3648	34
1199	0	12	10	12126	5300	30
1200	0	12	30	12140	3538	31
1201	4	14	10	12154	9716	31
1202	3	1	30	12168	3712	34
1203	4	14	20	12182	8337	33
1204	4	14	40	12196	491	30
1205	0	12	10	12210	1925	35
1206	0	12	30	12224	4202	26
1207	3	1	10	12238	2327	30
1208	0	12	40	12252	382	29
1209	0	12	10	12266	1029	35
1210	0	12	20	12280	2280	33
1211	0	12	30	12294	4464	35
1212	3	1	20	12308	2649	32
1213	3	1	10	12322	555	28
1214	4	14	20	12336	1692	35
1215	4	14	20	12350	3430	25
1216	3	1	40	12364	4512	35
1217	4	14	30	12400	6459	28
1218	4	14	10	12411	6634	28
1219	4	14	10	12422	3090	25
1220	4	14	10	12433	2704	32
1221	4	14	20	12444	13664	30
1222	4	8	40	12455	76	31
1223	0	12	40	12466	7874	28
1224	3	1	20	12477	3471	33
1225	3	1	30	12488	1538	25
1226	4	8	30	12499	3064	28
1227	4	8	20	12510	7852	27
1228	3	1	10	12521	10966	29
1229	4	8	30	12532	2353	29
1230	4	8	20	12543	6930	28
1231	0	12	40	12554	362	32
1232	0	12	30	12565	6311	31
1233	4	8	30	12576	1882	26
1234	3	1	20	12587	11621	28
1235	3	1	40	12598	4693	28
1236	0	12	30	12609	888	31
1237	4	8	10	12620	1688	26
1238	4	14	20	12631	546	28
1239	3	1	30	12642	3216	27
1240	4	8	40	12653	1399	34
1241	4	14	10	12664	4980	28
1242	0	12	40	12675	670	29
1243	3	1	10	12686	6780	31
1244	4	8	30	12697	14203	31
1245	4	14	40	12708	420	34
1246	4	8	30	12719	1455	29
1247	4	14	10	12730	877	32
1248	3	1	30	12741	150	29
1249	0	12	30	12752	1839	27
1250	4	8	30	12763	2171	26
1251	3	1	10	12800	5082	32
1252	0	12	40	12811	4158	33
1253	0	12	30	12822	248	33
1254	0	12	40	12833	1112	34
1255	4	8	10	12844	3870	26
1256	4	8	10	12855	8940	25
1257	4	8	40	12866	5455	30
1258	4	8	10	12877	1401	35
1259	4	8	10	12888	6365	29
1260	4	14	20	12899	7504	31
1261	4	14	20	12910	6256	35
1262	0	12	10	12921	2818	26
1263	4	14	20	12932	4158	35
1264	3	1	40	12943	2068	32
1265	4	14	30	12954	1709	25
1266	4	14	40	12965	8443	29
1267	4	8	40	12976	461	31
1268	0	12	30	12987	815	35
1269	0	12	30	12998	4250	32
1270	3	1	30	13009	1889	30
1271	0	12	40	13020	1614	34
1272	0	12	10	13031	4476	35
1273	0	12	30	13042	1188	26
1274	3	1	10	13053	1113	27
1275	0	12	10	13064	6045	28
1276	4	14	20	13075	6705	25
1277	4	14	40	13086	904	35
1278	4	14	20	13097	8794	32
1279	4	14	30	13108	2618	34
1280	0	12	10	13119	57	32
1281	4	8	30	13130	1651	31
1282	4	14	40	13141	6918	33
1283	3	1	20	13152	3346	26
1284	4	14	10	13163	104	28
1285	4	14	10	13200	438	31
1286	0	12	40	13213	2321	35
1287	4	14	10	13226	5288	34
1288	0	12	40	13239	569	27
1289	4	8	20	13252	1573	26
1290	0	12	40	13265	6390	27
1291	4	14	30	13278	2427	25
1292	0	12	10	13291	200	26
1293	3	1	20	13304	1609	35
1294	3	1	10	13317	4892	31
1295	4	8	30	13330	2808	34
1296	3	1	10	13343	924	27
1297	0	12	30	13356	2835	29
1298	4	14	20	13369	2128	35
1299	4	8	40	13382	3907	31
1300	4	14	40	13395	998	30
1301	4	14	40	13408	873	34
1302	4	14	20	13421	50	32
1303	4	8	40	13434	1928	33
1304	4	8	10	13447	19380	33
1305	0	12	30	13460	363	27
1306	3	1	40	13473	187	32
1307	4	14	10	13486	1972	31
1308	3	1	20	13499	6796	31
1309	4	14	40	13512	2489	30
1310	3	1	30	13525	6581	25
1311	3	1	10	13538	4692	25
1312	3	1	30	13551	7731	33
1313	4	8	30	13564	6752	25
1314	0	12	10	13577	6096	32
1315	3	1	40	13600	2841	35
1316	0	12	20	13609	13779	26
1317	3	1	30	13618	11176	35
1318	4	14	10	13627	3875	32
1319	3	1	30	13636	1426	25
1320	4	14	30	13645	9521	25
1321	4	14	30	13654	628	30
1322	0	12	40	13663	14975	28
1323	3	1	20	13672	7841	33
1324	0	12	30	13681	7773	29
1325	4	14	40	13690	10183	29
1326	4	14	40	13699	1332	33
1327	4	8	40	13708	1675	35
1328	4	8	30	13717	3206	30
1329	0	12	30	13726	5365	28
1330	3	1	40	13735	3403	25
1331	3	1	40	13744	1455	32
1332	4	14	30	13753	6239	25
1333	4	8	20	13762	1234	26
1334	4	14	30	13771	1201	28
1335	4	8	20	13780	6816	34
1336	3	1	10	13789	1576	35
1337	4	8	40	13798	2320	35
1338	0	12	20	13807	3419	29
1339	3	1	20	13816	11193	26
1340	4	8	10	13825	239	34
1341	0	12	40	13834	209	29
1342	4	8	40	13843	9922	27
1343	4	8	10	13852	4425	33
1344	4	14	30	13861	2921	26
1345	3	1	30	13870	452	26
1346	0	12	10	13879	3661	28
1347	4	14	20	13888	1064	25
1348	3	1	20	13897	3185	27
1349	0	12	10	13906	878	31
1350	4	8	10	13915	3074	33
1351	4	14	30	13924	1245	28
1352	0	12	30	13933	8732	33
1353	0	12	40	13942	478	34
1354	3	1	20	13951	5035	30
1355	0	12	20	13960	313	35
1356	4	14	40	14000	992	31
1357	0	12	40	14010	665	34
1358	4	8	10	14020	2984	28
1359	4	8	10	14030	292	28
1360	0	12	30	14040	6508	30
1361	0	12	10	14050	4864	32
1362	4	8	30	14060	7278	26
1363	3	1	30	14070	327	27
1364	4	8	40	14080	8842	29
1365	4	14	40	14090	2788	29
1366	4	14	30	14100	9239	25
1367	0	12	20	14110	3563	32
1368	4	8	40	14120	3244	32
1369	4	14	30	14130	13309	34
1370	0	12	40	14140	807	25
1371	3	1	20	14150	3002	26
1372	4	8	10	14160	1810	30
1373	0	12	30	14170	4575	31
1374	4	8	20	14180	1107	26
1375	3	1	30	14190	7763	32
1376	3	1	40	14200	1040	28
1377	4	14	40	14210	1467	31
1378	4	14	40	14220	1667	32
1379	3	1	10	14230	5540	28
1380	3	1	40	14240	1554	26
1381	0	12	20	14250	203	32
1382	3	1	30	14260	6302	33
1383	4	8	20	14270	1749	34
1384	3	1	20	14280	903	31
1385	3	1	20	14290	1457	33
1386	4	8	10	14300	2163	34
1387	3	1	40	14310	4521	26
1388	4	14	40	14320	3190	31
1389	4	14	10	14330	813	29
1390	4	8	30	14340	3648	27
1391	4	8	10	14350	757	25
1392	0	12	30	14360	9831	32
1393	3	1	20	14370	2806	25
1394	3	1	30	14380	582	32
1395	0	12	10	14390	1750	26
1396	4	14	20	14400	958	28
1397	4	14	10	14412	7272	25
1398	4	14	10	14424	6036	28
1399	4	14	40	14436	65	33
1400	3	1	10	14448	924	25
1401	4	14	30	14460	40	32
1402	4	8	20	14472	4532	29
1403	4	14	30	14484	3517	29
1404	0	12	20	14496	57	31
1405	4	14	40	14508	33	31
1406	4	8	20	14520	9350	33
1407	4	14	40	14532	922	27
1408	4	14	20	14544	8187	33
1409	4	14	40	14556	7852	34
1410	3	1	20	14568	7492	32
1411	0	12	40	14580	9752	25
1412	4	8	10	14592	6692	27
1413	4	14	10	14604	5985	25
1414	4	14	20	14616	5522	27
1415	4	14	20	14628	5607	33
1416	4	8	20	14640	9656	35
1417	0	12	10	14652	2643	27
1418	4	14	20	14664	8365	31
1419	4	14	20	14676	3517	32
1420	4	8	30	14688	351	30
1421	4	8	40	14700	1012	35
1422	4	8	30	14712	163	25
1423	3	1	40	14724	1858	28
1424	4	8	10	14736	1821	31
1425	3	1	30	14748	41	25
1426	3	1	30	14760	3803	30
1427	4	14	40	14772	7862	30
1428	3	1	40	14784	3157	34
1429	0	12	10	14800	8739	35
1430	4	14	20	14807	4123	29
1431	3	1	30	14814	1986	27
1432	4	14	30	14821	3004	27
1433	4	14	40	14828	1570	34
1434	4	14	40	14835	3135	27
1435	4	14	10	14842	1495	30
1436	4	14	40	14849	1858	28
1437	4	14	10	14856	933	28
1438	4	8	10	14863	1662	28
1439	4	14	30	14870	861	25
1440	0	12	10	14877	2056	35
1441	4	8	20	14884	952	31
1442	3	1	20	14891	6564	28
1443	0	12	40	14898	4684	32
1444	4	8	40	14905	1647	32
1445	4	8	30	14912	4628	27
1446	0	12	10	14919	1785	33
1447	4	8	30	14926	595	31
1448	4	14	40	14933	5635	34
1449	3	1	20	14940	1923	34
1450	4	14	30	14947	2346	27
1451	3	1	20	14954	5229	25
1452	0	12	40	14961	12997	29
1453	0	12	40	14968	862	31
1454	4	8	10	14975	10757	28
1455	0	12	10	14982	16230	26
1456	3	1	10	14989	14009	31
1457	3	1	30	14996	1463	25
1458	3	1	20	15003	989	33
1459	3	1	40	15010	15	30
1460	4	8	10	15017	2008	25
1461	3	1	30	15024	177	28
1462	0	12	40	15031	4316	28
1463	4	14	10	15038	16377	33
1464	4	14	30	15045	974	30
1465	4	14	40	15052	2427	30
1466	0	12	10	15059	1941	33
1467	4	8	10	15066	2675	29
1468	4	14	10	15073	1059	34
1469	0	12	10	15080	2295	33
1470	0	12	20	15087	1926	30
1471	3	1	20	15094	4848	32
1472	4	14	40	15101	620	35
1473	4	14	30	15108	4592	31
1474	3	1	20	15115	808	32
1475	4	14	20	15122	8233	34
1476	4	14	20	15129	2160	31
1477	4	8	30	15136	1723	28
1478	0	12	40	15143	138	32
1479	4	14	30	15150	4560	28
1480	4	8	30	15157	4203	28
1481	0	12	10	15164	2579	35
1482	4	14	40	15171	440	31
1483	0	12	30	15178	717	25
1484	4	8	20	15200	2345	33
1485	0	12	10	15207	9804	28
1486	3	1	40	15214	2250	33
1487	3	1	40	15221	1627	31
1488	4	8	40	15228	1994	31
1489	3	1	30	15235	3289	25
1490	0	12	10	15242	1674	34
1491	0	12	10	15249	269	27
1492	0	12	30	15256	18031	31
1493	3	1	20	15263	1639	33
1494	3	1	30	15270	6416	25
1495	4	8	20	15277	1775	32
1496	0	12	20	15284	3209	27
1497	3	1	10	15291	6924	30
1498	0	12	20	15298	2567	27
1499	3	1	10	15305	8573	26
1500	0	12	20	15312	1433	30
1501	4	14	40	15319	8236	28
1502	4	8	20	15326	9444	32
1503	4	14	40	15333	1536	25
1504	3	1	10	15340	30040	28
1505	0	12	20	15347	5410	30
1506	4	14	20	15354	3526	26
1507	0	12	10	15361	1305	34
1508	3	1	20	15368	44	35
1509	4	8	30	15375	246	29
1510	4	8	40	15382	3332	30
1511	4	8	20	15389	3868	28
1512	3	1	40	15396	1272	29
1513	3	1	30	15403	3097	30
1514	0	12	20	15410	1744	27
1515	0	12	40	15417	10081	25
1516	4	14	40	15424	11198	32
1517	0	12	20	15431	2740	28
1518	3	1	40	15438	3103	25
1519	3	1	30	15445	1440	26
1520	0	12	40	15452	100	32
1521	4	8	20	15459	206	26
1522	4	14	20	15466	399	34
1523	0	12	30	15473	4458	34
1524	4	14	10	15480	397	35
1525	4	14	10	15487	1525	27
1526	4	8	30	15494	4999	26
1527	0	12	30	15501	6589	26
1528	4	8	10	15508	8610	30
1529	0	12	10	15515	6958	25
1530	4	14	10	15522	1545	31
1531	0	12	20	15529	3610	25
1532	0	12	10	15536	8361	26
1533	3	1	40	15543	655	30
1534	4	14	10	15550	1906	34
1535	3	1	30	15600	6019	35
1536	4	14	40	15612	3371	27
1537	4	14	10	15624	6155	31
1538	3	1	20	15636	719	32
1539	0	12	10	15648	4846	27
1540	4	8	30	15660	1589	27
1541	3	1	40	15672	658	34
1542	0	12	30	15684	1561	32
1543	4	14	10	15696	1619	26
1544	4	8	40	15708	21463	30
1545	3	1	30	15720	5124	31
1546	3	1	20	15732	6295	34
1547	3	1	40	15744	2391	25
1548	3	1	10	15756	16234	31
1549	3	1	40	15768	8459	35
1550	3	1	30	15780	2174	35
1551	0	12	40	15792	229	35
1552	0	12	20	15804	1332	30
1553	4	8	40	15816	751	25
1554	4	8	10	15828	7809	29
1555	3	1	10	15840	1155	28
1556	0	12	30	15852	6009	30
1557	0	12	40	15864	1064	34
1558	0	12	30	15876	1016	26
1559	3	1	10	15888	4587	25
1560	3	1	30	15900	113	29
1561	4	14	30	15912	6027	25
1562	4	14	40	15924	2007	29
1563	4	8	20	15936	826	34
1564	3	1	30	15948	5375	33
1565	4	8	30	15960	14146	29
1566	4	8	10	16000	5441	27
1567	4	14	40	16010	517	34
1568	4	14	30	16020	696	31
1569	3	1	30	16030	3427	28
1570	0	12	40	16040	1723	34
1571	4	14	30	16050	668	26
1572	4	8	10	16060	1609	31
1573	4	8	30	16070	7264	34
1574	4	8	40	16080	14682	35
1575	3	1	40	16090	8252	34
1576	4	8	30	16100	5193	30
1577	4	14	10	16110	5744	32
1578	4	14	30	16120	4516	28
1579	0	12	20	16130	1862	28
1580	0	12	30	16140	2971	29
1581	4	14	30	16150	1222	25
1582	4	8	30	16160	6965	31
1583	4	14	20	16170	17	31
1584	3	1	20	16180	2077	25
1585	3	1	10	16190	1230	32
1586	0	12	40	16200	1491	31
1587	3	1	20	16210	4884	25
1588	0	12	30	16220	1387	25
1589	0	12	10	16230	548	30
1590	3	1	10	16240	2	30
1591	3	1	10	16250	1637	29
1592	4	14	20	16260	3292	29
1593	4	14	20	16270	2633	31
1594	3	1	20	16280	4487	33
1595	3	1	10	16290	3190	27
1596	4	14	40	16300	5660	30
1597	4	14	20	16310	587	33
1598	4	8	30	16320	3602	29
1599	0	12	20	16330	98	26
1600	4	8	30	16340	15426	28
1601	4	14	30	16350	4452	25
1602	4	14	20	16360	1370	30
1603	0	12	20	16400	2091	28
1604	4	8	40	16409	3014	26
1605	3	1	40	16418	1234	34
1606	4	14	40	16427	5156	29
1607	3	1	30	16436	2361	32
1608	0	12	10	16445	876	26
1609	4	14	20	16454	16827	31
1610	4	8	20	16463	2968	34
1611	0	12	20	16472	61	33
1612	4	8	10	16481	3256	31
1613	4	14	20	16490	7647	33
1614	3	1	20	16499	688	32
1615	4	14	40	16508	5785	29
1616	4	8	40	16517	12288	29
1617	4	14	30	16526	1978	34
1618	4	14	40	16535	6083	34
1619	0	12	30	16544	2572	26
1620	0	12	30	16553	4311	34
1621	3	1	40	16562	156	26
1622	3	1	10	16571	7043	33
1623	4	14	20	16580	129	26
1624	0	12	30	16589	3422	33
1625	4	8	40	16598	56	30
1626	4	14	20	16607	3594	32
1627	4	8	40	16616	7563	35
1628	4	14	20	16625	711	25
1629	4	14	30	16634	2213	33
1630	4	14	10	16643	492	29
1631	3	1	20	16652	3569	32
1632	3	1	30	16661	737	28
1633	4	14	20	16670	4224	27
1634	3	1	40	16679	1999	25
1635	4	8	10	16688	7663	29
1636	4	14	10	16697	14489	30
1637	4	8	20	16706	2161	28
1638	4	8	30	16715	2578	29
1639	4	14	20	16724	601	27
1640	4	14	20	16733	3108	28
1641	4	8	10	16742	8017	34
1642	4	8	10	16751	2840	35
1643	4	8	20	16760	1472	30
1644	3	1	30	16769	3707	32
1645	4	8	30	16800	16880	32
1646	4	8	40	16812	6035	33
1647	0	12	10	16824	4933	31
1648	4	8	40	16836	1566	35
1649	3	1	20	16848	9620	28
1650	0	12	10	16860	3624	33
1651	4	14	20	16872	1828	32
1652	4	14	20	16884	1754	35
1653	0	12	40	16896	508	28
1654	4	14	30	16908	1814	27
1655	4	14	30	16920	11290	26
1656	0	12	30	16932	7415	27
1657	0	12	40	16944	1195	29
1658	0	12	30	16956	7140	30
1659	4	14	40	16968	2895	32
1660	4	14	30	16980	4466	26
1661	4	8	10	16992	8330	29
1662	3	1	20	17004	1329	31
1663	4	8	20	17016	5908	28
1664	0	12	20	17028	8138	27
1665	4	14	10	17040	10844	26
1666	3	1	40	17052	7504	30
1667	3	1	40	17064	9406	29
1668	0	12	20	17076	2456	33
1669	4	8	20	17088	1457	27
1670	4	14	40	17100	6267	35
1671	0	12	30	17112	3072	26
1672	3	1	10	17124	9860	29
1673	0	12	30	17136	4107	31
1674	0	12	20	17148	10879	34
1675	4	14	20	17160	6328	35
1676	0	12	30	17172	3018	27
1677	4	8	30	17184	2936	28
1678	0	12	40	17200	2230	29
1679	3	1	10	17208	3563	26
1680	0	12	40	17216	1073	32
1681	4	14	20	17224	8622	25
1682	0	12	40	17232	2977	25
1683	4	8	40	17240	1168	32
1684	3	1	30	17248	7066	35
1685	4	14	30	17256	5527	32
1686	3	1	10	17264	1072	33
1687	4	8	30	17272	201	25
1688	4	14	30	17280	1356	35
1689	4	14	10	17288	2411	34
1690	0	12	20	17296	37	27
1691	4	14	20	17304	5019	26
1692	4	8	30	17312	3520	34
1693	3	1	30	17320	12874	33
1694	0	12	40	17328	2516	25
1695	3	1	10	17336	4373	34
1696	4	14	40	17344	3492	28
1697	4	14	40	17352	5338	31
1698	0	12	10	17360	2310	27
1699	3	1	30	17368	4443	31
1700	3	1	40	17376	596	27
1701	3	1	10	17384	8288	29
1702	4	14	30	17392	1150	34
1703	0	12	30	17400	75	32
1704	3	1	30	17408	504	29
1705	0	12	30	17416	246	31
1706	0	12	10	17424	2405	27
1707	4	14	30	17432	4996	28
1708	4	14	30	17440	819	30
1709	0	12	10	17448	3378	27
1710	3	1	10	17456	2115	34
1711	4	14	40	17464	1562	34
1712	4	14	10	17472	7109	35
1713	4	8	30	17480	1111	28
1714	4	14	10	17488	1313	35
1715	4	14	10	17496	6212	25
1716	4	8	10	17504	1725	29
1717	4	8	30	17512	119	34
1718	4	14	40	17520	11430	28
1719	0	12	30	17528	513	30
1720	0	12	40	17536	4793	28
1721	0	12	10	17544	6391	29
1722	3	1	10	17552	3841	29
1723	4	8	20	17560	24	35
1724	0	12	40	17568	1403	25
1725	0	12	20	17576	317	33
1726	3	1	40	17584	12054	28
1727	0	12	30	17592	12404	31
1728	0	12	40	17600	769	30
1729	3	1	10	17612	1254	35
1730	0	12	30	17624	953	32
1731	0	12	40	17636	6302	32
1732	0	12	20	17648	339	26
1733	4	8	10	17660	5655	34
1734	0	12	20	17672	2399	34
1735	4	8	40	17684	1792	28
1736	0	12	40	17696	4023	27
1737	0	12	20	17708	2822	28
1738	3	1	10	17720	579	28
1739	4	8	40	17732	5868	29
1740	4	14	30	17744	1409	29
1741	4	14	20	17756	2952	29
1742	3	1	40	17768	7979	31
1743	4	14	30	17780	5052	32
1744	0	12	40	17792	172	35
1745	4	8	20	17804	4635	28
1746	4	14	10	17816	8615	26
1747	4	14	40	17828	1678	30
1748	4	14	30	17840	4559	34
1749	0	12	30	17852	4539	25
1750	4	8	10	17864	1510	30
1751	4	8	10	17876	3219	29
1752	0	12	40	17888	6322	27
1753	0	12	30	17900	1532	32
1754	3	1	30	17912	14358	27
1755	4	8	30	17924	1666	33
1756	0	12	40	17936	1187	35
1757	4	8	10	17948	1118	35
1758	4	14	30	17960	5133	31
1759	3	1	10	17972	171	32
1760	4	8	30	18000	460	28
1761	0	12	30	18010	2748	32
1762	4	14	40	18020	3091	34
1763	0	12	30	18030	9905	30
1764	4	14	30	18040	1773	31
1765	4	8	20	18050	3844	27
1766	3	1	30	18060	1108	33
1767	4	8	10	18070	308	26
1768	4	8	20	18080	6269	30
1769	4	8	10	18090	10037	32
1770	4	14	20	18100	669	33
1771	0	12	30	18110	7438	25
1772	4	14	20	18120	9003	31
1773	4	8	40	18130	760	35
1774	4	8	40	18140	6937	25
1775	4	8	30	18150	775	35
1776	3	1	10	18160	10855	34
1777	3	1	30	18170	9210	32
1778	4	8	20	18180	13282	25
1779	4	14	20	18190	3764	32
1780	0	12	20	18200	854	31
1781	4	14	40	18210	3747	34
1782	4	8	10	18220	1285	33
1783	4	14	20	18230	2743	30
1784	4	8	40	18240	12383	29
1785	3	1	20	18250	4306	28
1786	0	12	40	18260	27683	30
1787	0	12	40	18270	5758	29
1788	4	14	20	18280	6137	31
1789	3	1	30	18290	467	25
1790	4	8	10	18300	441	28
1791	3	1	30	18310	1979	28
1792	0	12	40	18320	6116	32
1793	0	12	40	18330	389	32
1794	0	12	10	18340	4322	26
1795	3	1	10	18350	6437	33
1796	0	12	30	18360	16463	30
1797	4	8	20	18370	11826	25
1798	4	14	40	18400	1779	26
1799	3	1	30	18410	2210	32
1800	3	1	40	18420	2349	31
1801	4	8	40	18430	6640	25
1802	3	1	30	18440	3205	35
1803	4	8	20	18450	5732	27
1804	4	8	20	18460	2972	27
1805	0	12	20	18470	2540	30
1806	4	8	40	18480	4293	33
1807	3	1	40	18490	3880	27
1808	3	1	30	18500	2731	31
1809	0	12	10	18510	6360	27
1810	4	14	20	18520	2090	35
1811	4	8	10	18530	1765	27
1812	0	12	30	18540	1314	34
1813	4	14	10	18550	480	34
1814	4	8	30	18560	7578	25
1815	3	1	40	18570	2777	29
1816	4	14	20	18580	1004	34
1817	4	14	30	18590	171	29
1818	4	14	30	18600	12995	26
1819	4	8	10	18610	4801	28
1820	4	8	20	18620	3854	32
1821	3	1	40	18630	2607	28
1822	3	1	40	18640	1368	30
1823	4	14	30	18650	4570	29
1824	0	12	10	18660	6733	28
1825	0	12	30	18670	5771	30
1826	0	12	40	18680	251	28
1827	4	14	30	18690	6475	35
1828	4	8	40	18700	2874	34
1829	3	1	40	18710	95	28
1830	4	8	10	18720	855	29
1831	4	8	40	18730	16991	33
1832	4	14	30	18740	3114	31
1833	3	1	30	18750	3099	28
1834	0	12	30	18760	724	26
1835	3	1	30	18770	1928	31
1836	0	12	20	18800	234	34
1837	4	14	40	18812	2881	31
1838	4	8	10	18824	14302	27
1839	4	8	30	18836	2651	35
1840	0	12	30	18848	4	30
1841	4	8	40	18860	1899	28
1842	4	8	10	18872	1248	33
1843	4	14	20	18884	17801	29
1844	4	14	20	18896	4859	26
1845	4	14	40	18908	5506	25
1846	3	1	10	18920	467	29
1847	4	8	30	18932	4436	33
1848	3	1	10	18944	1114	31
1849	4	8	20	18956	697	32
1850	4	14	30	18968	3450	34
1851	0	12	10	18980	11373	26
1852	3	1	30	18992	17318	35
1853	3	1	40	19004	4316	34
1854	0	12	20	19016	6560	25
1855	0	12	10	19028	13432	27
1856	4	14	10	19040	2937	30
1857	4	14	10	19052	8169	30
1858	4	8	10	19064	11761	34
1859	4	8	30	19076	5719	33
1860	0	12	20	19088	2105	26
1861	3	1	10	19100	7758	34
1862	4	8	10	19112	458	29
1863	4	14	40	19124	2549	28
1864	4	14	40	19136	3699	33
1865	4	8	20	19148	2188	26
1866	3	1	20	19160	6769	32
1867	4	8	40	19200	5399	31
1868	3	1	30	19208	11789	33
1869	3	1	10	19216	2517	30
1870	4	8	20	19224	2346	30
1871	4	14	30	19232	4931	28
1872	4	8	20	19240	289	26
1873	4	8	10	19248	2589	27
1874	0	12	30	19256	4787	33
1875	0	12	30	19264	1100	29
1876	0	12	30	19272	947	30
1877	4	14	20	19280	1434	26
1878	0	12	20	19288	15221	28
1879	0	12	20	19296	276	27
1880	4	8	30	19304	4237	25
1881	3	1	20	19312	1982	31
1882	0	12	20	19320	3272	28
1883	4	14	20	19328	1739	26
1884	4	14	10	19336	2359	29
1885	0	12	10	19344	1155	27
1886	4	14	20	19352	27173	34
1887	0	12	40	19360	8507	33
1888	3	1	20	19368	5285	27
1889	0	12	20	19376	894	34
1890	4	14	20	19384	7933	25
1891	4	8	20	19392	826	28
1892	3	1	30	19400	3341	32
1893	0	12	20	19408	949	30
1894	4	8	10	19416	313	33
1895	3	1	20	19424	625	31
1896	0	12	30	19432	1257	34
1897	4	8	10	19440	6373	30
1898	0	12	20	19448	1943	31
1899	4	8	40	19456	1324	35
1900	4	8	20	19464	10734	29
1901	4	8	10	19472	1846	33
1902	3	1	40	19480	5130	25
1903	0	12	10	19488	5986	25
1904	0	12	40	19496	5037	27
1905	4	14	40	19504	8140	31
1906	3	1	30	19512	8218	25
1907	0	12	20	19520	2855	32
1908	3	1	20	19528	13107	25
1909	0	12	30	19536	3335	31
1910	4	14	20	19544	5615	32
1911	0	12	30	19552	987	28
1912	4	14	30	19560	8922	27
1913	4	8	40	19568	8496	31
1914	4	14	40	19600	454	32
1915	4	8	10	19609	74	31
1916	3	1	40	19618	1412	31
1917	4	8	40	19627	5636	27
1918	0	12	30	19636	104	35
1919	3	1	40	19645	1739	31
1920	4	8	10	19654	2196	27
1921	4	8	30	19663	10941	35
1922	4	14	20	19672	30	29
1923	3	1	20	19681	5499	34
1924	4	14	30	19690	3712	30
1925	4	14	10	19699	1189	26
1926	4	8	10	19708	613	31
1927	0	12	10	19717	7823	31
1928	4	14	40	19726	2051	29
1929	4	8	10	19735	3221	27
1930	0	12	40	19744	14119	30
1931	4	14	20	19753	2138	25
1932	4	14	40	19762	9931	31
1933	3	1	20	19771	4760	29
1934	3	1	40	19780	580	34
1935	0	12	30	19789	1334	27
1936	4	14	20	19798	4411	30
1937	0	12	20	19807	6104	27
1938	4	14	20	19816	4047	35
1939	0	12	10	19825	3434	34
1940	4	8	20	19834	1905	27
1941	3	1	40	19843	2682	27
1942	3	1	30	19852	10029	32
1943	4	8	30	19861	733	32
1944	4	8	40	19870	2362	26
1945	3	1	30	19879	4127	33
1946	3	1	30	19888	1392	26
1947	0	12	30	19897	4631	25
1948	4	8	20	19906	439	33
1949	0	12	10	19915	234	27
1950	0	12	30	19924	7516	25
1951	3	1	40	19933	2887	32
1952	4	8	30	19942	5896	30
1953	4	8	30	19951	131	25
1954	4	14	40	19960	7847	32
1955	4	14	40	19969	22686	30
1956	4	8	30	20000	1798	29
1957	0	12	30	20010	14843	26
1958	0	12	20	20020	752	31
1959	0	12	30	20030	2457	25
1960	3	1	40	20040	5194	35
1961	3	1	20	20050	53	29
1962	0	12	30	20060	461	28
1963	0	12	10	20070	2105	34
1964	0	12	40	20080	3614	25
1965	4	14	10	20090	1663	31
1966	4	8	40	20100	1439	32
1967	0	12	20	20110	876	34
1968	3	1	40	20120	5473	33
1969	3	1	20	20130	6941	30
1970	4	8	30	20140	1725	25
1971	4	8	30	20150	2893	28
1972	4	8	30	20160	507	27
1973	4	14	20	20170	2387	25
1974	0	12	20	20180	14540	28
1975	4	14	10	20190	10863	25
1976	4	14	40	20200	66	27
1977	4	8	40	20210	7328	32
1978	4	8	20	20220	1432	32
1979	0	12	40	20230	12980	32
1980	4	8	30	20240	13197	25
1981	0	12	20	20250	2438	30
1982	4	14	30	20260	5618	34
1983	4	14	30	20270	1688	27
1984	4	8	30	20280	4893	26
1985	4	8	10	20290	2439	34
1986	3	1	40	20300	4120	30
1987	4	8	20	20310	8624	31
1988	3	1	30	20320	7242	33
1989	3	1	40	20330	596	29
1990	3	1	10	20340	10179	33
1991	4	14	30	20350	4718	29
1992	4	14	10	20360	3778	32
1993	4	14	30	20370	781	34
1994	3	1	20	20400	7567	35
1995	4	14	10	20466	1820	33
1996	3	1	20	20532	1910	34
1997	4	8	20	20598	2847	34
1998	4	8	40	20664	3400	31
1999	4	8	40	20730	447	30
