0	3	1	20	0	1728	35
1	4	8	20	8	838	36
2	4	14	10	16	1165	35
3	4	14	20	24	1270	42
4	3	1	30	32	3444	42
5	4	8	20	40	2159	38
6	3	1	20	48	1325	40
7	3	1	20	56	9314	45
8	3	1	40	64	4510	43
9	4	14	40	72	2591	35
10	4	8	10	80	3560	38
11	0	12	10	88	1309	36
12	4	14	30	96	548	38
13	4	14	10	104	4082	39
14	3	1	10	112	2760	45
15	0	12	10	120	4665	39
16	0	12	10	128	3579	36
17	4	14	10	136	227	35
18	0	12	20	144	470	39
19	4	14	40	152	5433	45
20	4	14	20	160	478	42
21	0	12	10	168	18754	42
22	0	12	30	176	3297	38
23	0	12	20	184	1247	35
24	4	8	30	192	97	45
25	3	1	40	200	4053	45
26	3	1	20	208	512	35
27	3	1	20	216	1112	39
28	0	12	40	224	850	41
29	0	12	40	232	563	40
30	3	1	20	240	2602	35
31	3	1	20	248	3448	35
32	4	14	10	256	3341	35
33	4	14	40	264	3447	36
34	4	14	40	272	4628	43
35	4	14	20	280	2023	37
36	0	12	20	288	14527	42
37	4	14	40	296	6890	38
38	0	12	40	304	1772	35
39	3	1	30	312	385	44
40	4	8	30	320	262	42
41	4	8	40	328	3329	37
42	3	1	30	336	2810	45
43	4	14	30	344	1507	42
44	3	1	30	352	5177	39
45	3	1	10	360	2593	41
46	4	8	10	400	2852	40
47	4	8	40	408	3617	37
48	4	8	20	416	14977	35
49	4	14	30	424	3443	44
50	0	12	30	432	2488	40
51	4	8	10	440	8432	45
52	0	12	20	448	6033	38
53	3	1	10	456	13008	42
54	4	8	10	464	475	35
55	4	8	10	472	1785	39
56	4	8	40	480	3952	44
57	4	14	40	488	16794	45
58	4	8	30	496	1140	43
59	4	14	30	504	11273	42
60	3	1	10	512	1408	37
61	4	14	10	520	159	36
62	3	1	30	528	4966	39
63	3	1	10	536	3147	37
64	4	8	20	544	26046	45
65	3	1	30	552	46	37
66	4	8	10	560	4991	35
67	0	12	40	568	3197	36
68	4	14	20	576	12319	42
69	4	14	30	584	428	42
70	0	12	30	592	5020	43
71	4	8	20	600	5878	43
72	3	1	20	608	4782	45
73	3	1	30	616	77	40
74	4	8	20	624	4550	37
75	4	8	30	632	3172	39
76	3	1	20	640	2662	42
77	0	12	40	648	1137	41
78	3	1	40	656	3123	42
79	4	14	30	664	3166	38
80	4	8	30	672	543	40
81	4	8	30	680	2977	44
82	4	8	40	688	1239	38
83	4	8	10	696	3810	42
84	4	14	10	704	4413	35
85	0	12	20	712	3663	36
86	3	1	10	720	6418	43
87	0	12	10	728	3715	38
88	3	1	30	736	2505	36
89	4	8	30	744	1575	38
90	4	8	20	752	5866	38
91	4	8	30	760	17879	42
92	4	8	10	768	3406	40
93	4	8	20	776	2162	38
94	4	14	30	784	6337	41
95	4	8	20	800	98	41
96	4	14	10	810	7695	44
97	4	14	30	820	12883	42
98	3	1	10	830	1516	42
99	4	14	40	840	5010	36
100	0	12	10	850	5780	40
101	4	8	20	860	12826	38
102	4	8	20	870	4100	40
103	4	8	30	880	8313	38
104	3	1	10	890	7930	36
105	4	14	20	900	4726	42
106	4	14	30	910	798	35
107	3	1	40	920	5701	43
108	4	8	40	930	1324	39
109	4	14	30	940	3325	41
110	3	1	40	950	8287	42
111	4	8	40	960	1913	38
112	0	12	10	970	2341	37
113	3	1	10	980	4832	39
114	4	8	40	990	6710	37
115	4	8	30	1000	5911	39
116	3	1	20	1010	5924	43
117	0	12	30	1020	407	42
118	4	14	40	1030	8362	37
119	4	8	10	1040	2034	44
120	0	12	30	1050	956	40
121	4	8	40	1060	456	42
122	4	8	10	1070	354	35
123	4	8	40	1080	3960	38
124	4	8	10	1090	1615	39
125	4	14	40	1100	5184	35
126	4	14	20	1110	876	37
127	4	8	40	1120	1313	41
128	3	1	10	1130	1015	45
129	4	14	40	1140	4257	42
130	4	8	20	1150	4732	40
131	3	1	40	1160	2985	35
132	4	8	40	1200	10754	44
133	3	1	40	1211	7033	40
134	4	14	30	1222	6104	43
135	0	12	20	1233	733	37
136	4	14	10	1244	8609	38
137	0	12	10	1255	1988	35
138	3	1	40	1266	5577	40
139	0	12	40	1277	14763	38
140	0	12	30	1288	2170	35
141	4	14	10	1299	161	45
142	3	1	10	1310	1561	45
143	3	1	10	1321	9246	40
144	3	1	40	1332	2402	42
145	0	12	30	1343	1971	35
146	0	12	30	1354	3154	40
147	4	14	10	1365	8221	36
148	4	14	20	1376	3709	36
149	3	1	40	1387	93	37
150	4	14	10	1398	1160	44
151	4	14	30	1409	5661	37
152	0	12	40	1420	349	40
153	4	8	10	1431	9944	44
154	3	1	20	1442	2785	42
155	4	14	10	1453	4273	43
156	4	14	20	1464	8305	37
157	0	12	20	1475	51	36
158	4	14	20	1486	3129	45
159	4	14	10	1497	584	36
160	4	14	10	1508	2744	39
161	4	8	40	1519	9257	39
162	0	12	40	1530	3065	44
163	4	8	40	1541	3943	43
164	3	1	10	1552	8189	35
165	0	12	40	1563	1711	42
166	4	14	10	1600	2378	40
167	4	8	10	1610	3821	42
168	3	1	20	1620	10036	42
169	4	8	30	1630	4148	45
170	4	8	20	1640	8758	35
171	3	1	10	1650	1918	42
172	4	8	30	1660	1691	36
173	3	1	40	1670	9264	44
174	0	12	20	1680	15639	43
175	0	12	20	1690	760	40
176	3	1	40	1700	6143	43
177	4	14	10	1710	813	41
178	3	1	10	1720	779	42
179	4	8	30	1730	11466	38
180	3	1	10	1740	798	41
181	0	12	10	1750	1570	36
182	3	1	20	1760	4501	40
183	0	12	10	1770	898	43
184	0	12	30	1780	2065	44
185	3	1	40	1790	11025	38
186	3	1	40	1800	2335	40
187	0	12	30	1810	61	35
188	0	12	20	1820	1578	44
189	0	12	30	1830	539	45
190	4	8	40	1840	1386	45
191	4	14	40	1850	8194	37
192	0	12	30	1860	7561	35
193	3	1	30	1870	3829	39
194	0	12	40	1880	2604	44
195	4	14	40	1890	2915	42
196	4	14	20	1900	2805	36
197	4	8	20	1910	4766	36
198	0	12	10	1920	121	39
199	3	1	40	1930	436	35
200	4	8	30	1940	11313	41
201	3	1	20	1950	10645	43
202	0	12	30	1960	12256	39
203	4	8	40	2000	12766	36
204	0	12	20	2012	580	36
205	4	8	10	2024	8186	36
206	4	8	40	2036	2126	35
207	4	8	40	2048	805	41
208	4	8	30	2060	11046	35
209	3	1	40	2072	1593	37
210	0	12	20	2084	8213	35
211	0	12	20	2096	4693	42
212	4	8	10	2108	7223	40
213	3	1	40	2120	3660	41
214	4	8	10	2132	12405	41
215	4	14	40	2144	753	37
216	4	14	20	2156	1023	45
217	4	14	30	2168	1626	35
218	0	12	20	2180	1012	45
219	0	12	10	2192	10900	43
220	3	1	10	2204	9449	36
221	4	14	20	2216	2269	39
222	4	8	40	2228	1366	44
223	3	1	40	2240	6289	42
224	4	14	30	2252	1738	35
225	4	8	30	2264	68	44
226	4	8	20	2276	3036	41
227	3	1	10	2288	5218	43
228	4	8	10	2300	2198	35
229	0	12	30	2312	2482	36
230	0	12	40	2324	4422	38
231	0	12	20	2336	370	42
232	3	1	40	2348	668	36
233	4	14	20	2360	305	41
234	4	14	40	2372	8	43
235	4	14	40	2400	1154	44
236	4	14	20	2410	1857	43
237	0	12	30	2420	5042	38
238	4	14	30	2430	273	41
239	4	14	20	2440	3040	42
240	0	12	10	2450	2970	38
241	0	12	10	2460	1204	45
242	3	1	10	2470	326	35
243	4	8	20	2480	23877	41
244	4	14	20	2490	1174	45
245	4	8	30	2500	3688	37
246	3	1	30	2510	144	42
247	4	8	40	2520	1147	40
248	4	8	30	2530	4328	44
249	4	8	40	2540	1465	42
250	4	14	30	2550	1380	43
251	4	14	40	2560	745	35
252	0	12	40	2570	2559	37
253	0	12	40	2580	401	42
254	0	12	40	2590	880	45
255	4	8	20	2600	2836	36
256	4	8	30	2610	4095	44
257	4	8	40	2620	701	43
258	3	1	10	2630	3729	36
259	3	1	40	2640	502	38
260	4	14	40	2650	1655	40
261	3	1	40	2660	4603	38
262	0	12	40	2670	5700	41
263	0	12	10	2680	2573	44
264	4	8	10	2690	4310	44
265	4	14	40	2700	6115	39
266	4	8	20	2710	3077	41
267	4	8	40	2720	5742	44
268	3	1	40	2730	3638	43
269	4	8	10	2740	4873	43
270	0	12	30	2750	6444	40
271	4	14	30	2760	2846	42
272	0	12	40	2800	1248	40
273	4	8	40	2809	4700	37
274	4	14	10	2818	2112	39
275	4	8	10	2827	4152	36
276	0	12	20	2836	1750	39
277	0	12	20	2845	1380	37
278	4	14	30	2854	3088	43
279	3	1	40	2863	5548	43
280	4	14	10	2872	15966	36
281	4	14	30	2881	1328	36
282	4	8	20	2890	280	44
283	0	12	10	2899	493	38
284	4	8	40	2908	747	39
285	0	12	10	2917	2764	37
286	0	12	20	2926	3826	39
287	3	1	10	2935	241	40
288	4	14	30	2944	8351	42
289	3	1	30	2953	2726	42
290	3	1	10	2962	3765	45
291	4	8	20	2971	945	35
292	3	1	30	2980	466	36
293	0	12	40	2989	11831	38
294	4	14	30	2998	860	37
295	3	1	20	3007	7341	35
296	0	12	10	3016	2776	39
297	3	1	40	3025	3705	36
298	4	14	20	3034	1649	42
299	0	12	20	3043	2549	41
300	4	14	20	3052	271	42
301	0	12	30	3061	1277	44
302	4	14	40	3070	4222	42
303	4	14	20	3079	12567	36
304	4	8	20	3088	2824	36
305	0	12	40	3097	6105	36
306	4	14	40	3106	9287	41
307	4	14	10	3115	6083	35
308	0	12	30	3124	4622	37
309	3	1	40	3133	3209	44
310	0	12	10	3142	666	42
311	0	12	20	3151	1716	41
312	3	1	20	3160	3901	45
313	4	14	10	3169	7756	38
314	4	14	40	3178	587	36
315	0	12	20	3200	232	38
316	4	8	20	3211	3828	39
317	4	14	40	3222	4125	37
318	4	14	10	3233	1449	40
319	4	8	40	3244	700	42
320	4	14	20	3255	733	45
321	3	1	10	3266	2601	35
322	3	1	10	3277	8685	37
323	0	12	20	3288	435	36
324	4	14	10	3299	396	43
325	3	1	10	3310	3563	40
326	0	12	10	3321	2036	40
327	0	12	10	3332	1542	36
328	3	1	10	3343	2753	35
329	4	8	40	3354	3374	39
330	4	8	40	3365	628	43
331	3	1	20	3376	5553	38
332	0	12	40	3387	12321	40
333	3	1	10	3398	275	36
334	4	14	30	3409	4614	36
335	4	14	20	3420	4925	38
336	0	12	30	3431	3982	39
337	4	8	10	3442	469	43
338	4	14	30	3453	3762	37
339	4	8	10	3464	1963	38
340	4	8	10	3475	3636	42
341	0	12	20	3486	7190	39
342	4	8	20	3497	1869	37
343	0	12	40	3508	1568	44
344	4	8	30	3519	1666	45
345	4	8	40	3530	1210	39
346	3	1	10	3541	3544	35
347	4	14	20	3552	1172	43
348	4	8	40	3563	6675	37
349	4	14	20	3574	590	44
350	0	12	40	3585	1016	41
351	0	12	10	3600	7779	37
352	4	14	40	3609	1427	41
353	3	1	20	3618	780	35
354	4	8	10	3627	1448	41
355	0	12	10	3636	3542	41
356	4	8	30	3645	1960	42
357	3	1	20	3654	3184	40
358	0	12	20	3663	7935	39
359	3	1	20	3672	9941	42
360	4	14	40	3681	1935	41
361	4	14	40	3690	3488	39
362	4	8	40	3699	1335	45
363	4	14	40	3708	489	44
364	0	12	40	3717	2085	35
365	4	8	40	3726	2063	39
366	0	12	20	3735	2008	35
367	0	12	20	3744	3250	44
368	4	14	20	3753	753	37
369	4	14	30	3762	2237	44
370	4	14	30	3771	2219	45
371	4	14	20	3780	2814	42
372	0	12	20	3789	137	45
373	3	1	10	3798	9910	37
374	4	14	40	3807	3315	45
375	3	1	40	3816	1620	41
376	4	8	30	3825	443	44
377	3	1	20	3834	3298	38
378	4	14	40	3843	5746	37
379	4	8	20	3852	7165	39
380	0	12	10	3861	8	40
381	4	8	30	3870	626	42
382	3	1	10	3879	2840	45
383	3	1	30	3888	1788	37
384	0	12	40	3897	1695	43
385	4	8	40	3906	1361	40
386	4	14	20	3915	2394	42
387	4	8	30	3924	5998	40
388	4	8	40	3933	5755	41
389	4	14	20	3942	407	40
390	4	8	30	3951	1546	41
391	4	8	10	3960	340	45
392	0	12	40	3969	1141	39
393	0	12	10	4000	4722	40
394	4	8	10	4010	16	42
395	3	1	20	4020	61	37
396	4	14	20	4030	3198	39
397	3	1	30	4040	1193	39
398	4	14	10	4050	10007	43
399	4	14	40	4060	11111	40
400	4	8	30	4070	8047	38
401	3	1	30	4080	127	37
402	4	14	40	4090	343	40
403	4	8	20	4100	1932	38
404	4	14	40	4110	4969	45
405	0	12	30	4120	5080	45
406	4	14	30	4130	6930	37
407	4	8	40	4140	1938	39
408	4	14	30	4150	3805	35
409	3	1	10	4160	14121	35
410	4	14	30	4170	2636	43
411	4	14	10	4180	6990	38
412	4	14	30	4190	6179	38
413	4	14	40	4200	118	45
414	3	1	20	4210	9845	37
415	4	8	10	4220	1090	45
416	0	12	30	4230	305	40
417	3	1	20	4240	10273	43
418	3	1	10	4250	5875	35
419	4	14	10	4260	501	40
420	3	1	20	4270	12190	42
421	3	1	30	4280	3849	41
422	3	1	30	4290	6309	37
423	0	12	10	4300	310	43
424	3	1	40	4310	455	37
425	3	1	20	4320	1688	35
426	4	14	30	4330	1187	37
427	0	12	10	4340	1667	40
428	0	12	40	4350	9713	41
429	4	8	20	4360	3179	43
430	3	1	30	4370	6105	36
431	3	1	10	4380	7504	39
432	4	14	20	4400	4126	41
433	4	14	10	4408	6959	42
434	0	12	30	4416	13647	36
435	4	8	20	4424	14104	37
436	4	8	40	4432	258	36
437	0	12	30	4440	535	41
438	4	14	40	4448	4190	37
439	0	12	10	4456	3936	43
440	4	8	10	4464	2503	38
441	3	1	30	4472	274	38
442	3	1	40	4480	711	39
443	3	1	30	4488	6282	41
444	4	14	40	4496	3810	42
445	4	8	30	4504	2731	38
446	3	1	20	4512	1397	41
447	4	8	40	4520	989	39
448	4	8	40	4528	6024	38
449	4	14	40	4536	5803	42
450	4	8	30	4544	11364	42
451	4	8	10	4552	3946	42
452	0	12	20	4560	2679	39
453	4	14	10	4568	6442	37
454	4	8	20	4576	16879	44
455	3	1	40	4584	1141	42
456	0	12	10	4592	1087	45
457	4	14	40	4600	30	43
458	4	14	30	4608	1288	36
459	0	12	20	4616	1828	45
460	4	8	10	4624	2482	42
461	4	14	20	4632	2633	43
462	0	12	40	4640	2556	43
463	3	1	10	4648	270	38
464	0	12	30	4656	833	44
465	0	12	20	4664	4041	39
466	0	12	40	4672	804	43
467	0	12	30	4680	13102	41
468	3	1	10	4688	256	44
469	4	8	40	4696	11536	45
470	4	14	20	4704	774	43
471	0	12	40	4712	11840	44
472	3	1	20	4720	1281	40
473	3	1	40	4728	620	37
474	3	1	40	4736	4229	37
475	4	14	30	4744	8690	39
476	0	12	30	4752	2427	37
477	4	14	40	4760	5	42
478	0	12	10	4768	2468	35
479	0	12	20	4776	3795	44
480	0	12	40	4800	203	39
481	4	8	30	4811	153	44
482	3	1	20	4822	3307	36
483	0	12	10	4833	632	44
484	4	14	30	4844	3733	35
485	4	8	30	4855	676	40
486	3	1	40	4866	1776	35
487	4	14	10	4877	7414	38
488	3	1	30	4888	7309	44
489	4	8	40	4899	5074	39
490	4	8	20	4910	5276	38
491	3	1	40	4921	226	39
492	4	8	10	4932	7584	40
493	3	1	30	4943	1327	38
494	3	1	10	4954	715	36
495	4	8	30	4965	16282	41
496	3	1	40	4976	3607	40
497	0	12	40	4987	411	35
498	3	1	10	4998	3706	42
499	3	1	30	5009	15330	38
500	4	8	30	5020	1499	41
501	3	1	40	5031	1617	45
502	3	1	30	5042	683	41
503	0	12	40	5053	7187	39
504	0	12	20	5064	3563	45
505	4	8	40	5075	20112	44
506	3	1	30	5086	1741	36
507	4	8	20	5097	1689	36
508	4	8	10	5108	638	35
509	3	1	30	5119	417	39
510	3	1	10	5130	6305	39
511	0	12	10	5141	1079	37
512	3	1	40	5152	3167	42
513	3	1	20	5163	4346	37
514	0	12	20	5174	1526	40
515	0	12	20	5185	2211	44
516	4	8	10	5200	10087	41
517	0	12	30	5209	1578	45
518	3	1	20	5218	2454	37
519	3	1	40	5227	131	39
520	3	1	30	5236	1298	38
521	4	8	30	5245	1655	39
522	4	8	10	5254	525	43
523	0	12	20	5263	1682	40
524	4	14	30	5272	950	42
525	0	12	20	5281	515	39
526	3	1	40	5290	414	39
527	0	12	40	5299	19197	37
528	4	14	40	5308	15600	36
529	0	12	20	5317	4430	41
530	4	8	40	5326	1380	44
531	4	14	40	5335	1768	36
532	0	12	40	5344	2025	35
533	4	8	20	5353	2632	43
534	4	14	30	5362	1427	38
535	3	1	10	5371	5048	40
536	3	1	10	5380	8503	38
537	3	1	30	5389	5214	43
538	0	12	30	5398	3252	45
539	3	1	40	5407	3800	37
540	3	1	40	5416	6488	39
541	0	12	20	5425	56	45
542	4	8	10	5434	4758	38
543	0	12	40	5443	5388	39
544	4	14	40	5452	10386	45
545	0	12	10	5461	2740	35
546	0	12	10	5470	2837	43
547	3	1	30	5479	829	37
548	3	1	10	5488	13411	43
549	3	1	30	5497	5375	37
550	0	12	30	5506	261	35
551	4	8	10	5515	1248	41
552	3	1	20	5524	4076	43
553	4	14	10	5533	3391	38
554	0	12	10	5542	4830	45
555	0	12	40	5551	14548	37
556	0	12	40	5560	940	37
557	3	1	20	5600	6719	36
558	0	12	10	5608	3898	43
559	4	14	10	5616	2530	40
560	3	1	10	5624	9019	40
561	3	1	40	5632	1793	45
562	4	8	30	5640	1815	45
563	4	8	30	5648	2600	39
564	0	12	40	5656	6585	41
565	3	1	10	5664	2290	38
566	0	12	20	5672	7312	37
567	0	12	20	5680	268	45
568	4	14	30	5688	1800	45
569	3	1	20	5696	3668	35
570	4	8	10	5704	3141	41
571	3	1	20	5712	849	44
572	0	12	10	5720	5870	35
573	4	14	30	5728	7466	35
574	4	14	10	5736	1044	45
575	4	8	20	5744	1221	39
576	4	14	30	5752	4123	35
577	4	8	10	5760	1931	38
578	0	12	20	5768	2164	40
579	3	1	30	5776	5027	41
580	0	12	10	5784	3794	42
581	0	12	10	5792	9682	36
582	3	1	30	5800	108	39
583	4	8	10	5808	1100	44
584	4	14	40	5816	3729	41
585	4	14	30	5824	96	38
586	4	8	30	5832	5066	38
587	0	12	30	5840	6987	42
588	4	8	20	5848	6075	43
589	3	1	40	5856	1581	35
590	3	1	10	5864	2831	37
591	0	12	40	5872	277	37
592	4	8	20	5880	447	35
593	4	8	30	5888	366	39
594	4	14	30	5896	5065	42
595	0	12	40	5904	2328	40
596	3	1	30	5912	4190	45
597	4	14	30	5920	982	45
598	4	14	10	5928	10798	44
599	4	8	30	5936	2689	42
600	0	12	30	5944	4276	44
601	4	14	40	5952	2342	43
602	4	14	10	5960	6965	38
603	4	14	30	5968	1814	43
604	0	12	30	6000	868	42
605	4	8	10	6009	8222	37
606	4	8	10	6018	2761	41
607	3	1	30	6027	6313	43
608	0	12	40	6036	1672	38
609	3	1	40	6045	2304	40
610	0	12	20	6054	1604	37
611	3	1	40	6063	7007	44
612	4	8	40	6072	2014	41
613	4	8	30	6081	9509	36
614	3	1	40	6090	7755	44
615	3	1	10	6099	16537	39
616	4	14	10	6108	1628	41
617	0	12	30	6117	530	36
618	4	8	30	6126	8208	44
619	4	8	10	6135	6119	37
620	0	12	20	6144	5060	45
621	4	14	30	6153	54	40
622	4	14	40	6162	1335	36
623	0	12	40	6171	146	44
624	0	12	10	6180	390	43
625	4	8	20	6189	2592	38
626	4	8	10	6198	357	43
627	4	14	30	6207	4580	41
628	0	12	40	6216	544	38
629	3	1	20	6225	6216	40
630	3	1	30	6234	3806	40
631	4	14	40	6243	2217	36
632	3	1	10	6252	2393	40
633	4	14	40	6261	10549	44
634	3	1	40	6270	242	43
635	0	12	20	6279	742	44
636	4	8	40	6288	361	44
637	3	1	10	6297	4339	41
638	0	12	30	6306	186	36
639	3	1	40	6315	5303	39
640	4	8	30	6324	2978	43
641	4	14	10	6333	10335	41
642	0	12	40	6342	2646	39
643	3	1	30	6351	1681	37
644	3	1	30	6360	22176	44
645	4	14	20	6369	4568	39
646	3	1	10	6378	4451	41
647	0	12	40	6400	885	44
648	3	1	30	6408	1053	40
649	4	8	30	6416	5299	38
650	4	8	30	6424	451	45
651	3	1	10	6432	2978	43
652	3	1	40	6440	1699	35
653	3	1	40	6448	646	41
654	4	8	20	6456	5907	43
655	0	12	10	6464	4121	38
656	0	12	40	6472	694	42
657	3	1	20	6480	6218	39
658	4	14	30	6488	1267	45
659	4	14	10	6496	5066	38
660	0	12	10	6504	6176	39
661	3	1	30	6512	6789	45
662	4	8	30	6520	4392	39
663	4	8	30	6528	3221	43
664	4	14	10	6536	6949	35
665	0	12	20	6544	9409	35
666	4	14	30	6552	1888	39
667	4	8	10	6560	2518	43
668	4	14	30	6568	7548	39
669	3	1	30	6576	4641	35
670	4	8	10	6584	9114	40
671	4	8	10	6592	4464	45
672	4	14	40	6600	328	45
673	4	14	40	6608	589	40
674	4	14	30	6616	1195	40
675	0	12	20	6624	6305	38
676	3	1	40	6632	3016	36
677	0	12	20	6640	11298	44
678	3	1	10	6648	162	35
679	0	12	30	6656	2125	39
680	3	1	20	6664	6549	43
681	4	8	10	6672	8718	45
682	0	12	40	6680	2393	35
683	3	1	10	6688	1996	45
684	4	8	30	6696	4580	41
685	0	12	30	6704	372	42
686	4	8	10	6712	330	35
687	0	12	10	6720	1432	44
688	3	1	20	6728	682	35
689	4	8	40	6736	2148	39
690	4	14	20	6744	40	36
691	3	1	30	6752	1413	40
692	3	1	30	6760	1980	41
693	4	8	20	6768	1585	44
694	4	8	40	6776	11821	35
695	4	14	40	6784	4927	43
696	3	1	20	6792	1193	36
697	4	14	10	6800	10687	41
698	3	1	20	6808	2928	37
699	4	8	10	6816	382	43
700	4	14	30	6824	1452	35
701	4	8	10	6832	913	44
702	0	12	10	6840	1723	39
703	0	12	10	6848	3148	40
704	0	12	30	6856	7246	44
705	4	14	30	6864	2279	45
706	3	1	10	6872	2364	44
707	4	14	10	6880	938	41
708	3	1	10	6888	8863	36
709	0	12	40	6896	15338	39
710	4	8	10	6904	481	36
711	0	12	20	6912	987	44
712	0	12	10	6920	5526	38
713	4	14	40	6928	7848	41
714	0	12	40	6936	9752	41
715	4	14	40	6944	9193	39
716	4	8	30	6952	1825	44
717	3	1	30	6960	1278	39
718	4	14	40	6968	8199	37
719	4	14	30	6976	5314	38
720	4	14	20	6984	6983	35
721	4	14	30	6992	313	41
722	4	14	30	7000	1486	42
723	4	8	40	7008	2268	35
724	3	1	20	7016	4514	44
725	3	1	20	7024	3664	35
726	3	1	30	7032	1324	38
727	3	1	30	7040	5568	36
728	4	8	10	7048	838	39
729	0	12	40	7056	3194	42
730	3	1	10	7064	3065	36
731	4	14	30	7072	3652	41
732	4	8	10	7080	2189	41
733	0	12	40	7088	11878	38
734	0	12	10	7096	455	38
735	4	8	10	7104	3678	44
736	0	12	40	7112	3078	40
737	0	12	40	7120	9433	40
738	3	1	30	7128	3251	36
739	4	8	10	7136	1137	41
740	3	1	20	7144	4115	44
741	3	1	40	7152	8169	40
742	4	8	40	7160	2110	42
743	4	8	30	7168	785	41
744	4	14	30	7200	1438	37
745	4	14	40	7212	6267	38
746	3	1	20	7224	3183	36
747	4	14	40	7236	3028	35
748	4	8	20	7248	2141	37
749	3	1	40	7260	198	41
750	4	8	10	7272	1672	44
751	4	14	40	7284	16647	42
752	0	12	10	7296	245	39
753	4	14	30	7308	6129	45
754	3	1	40	7320	1235	43
755	0	12	10	7332	1041	40
756	4	8	20	7344	8968	36
757	4	14	20	7356	9964	39
758	4	8	40	7368	8110	42
759	4	8	10	7380	1080	43
760	4	8	40	7392	661	42
761	4	14	30	7404	4747	43
762	4	8	10	7416	80	36
763	4	8	20	7428	1667	39
764	3	1	40	7440	2341	38
765	3	1	30	7452	2892	41
766	3	1	20	7464	6382	37
767	4	14	10	7476	6441	35
768	3	1	30	7488	5574	37
769	3	1	30	7500	1492	42
770	4	14	40	7512	1802	45
771	4	8	40	7524	2472	39
772	0	12	40	7536	5051	37
773	4	8	40	7548	3910	41
774	0	12	10	7560	388	40
775	4	8	20	7572	12423	41
776	4	8	30	7600	4377	44
777	3	1	40	7609	566	35
778	3	1	10	7618	560	43
779	3	1	20	7627	8659	41
780	4	14	40	7636	209	44
781	3	1	40	7645	5560	38
782	4	8	10	7654	1643	44
783	3	1	10	7663	607	44
784	4	14	30	7672	934	43
785	4	14	10	7681	3201	39
786	4	14	20	7690	3098	37
787	3	1	20	7699	4060	42
788	3	1	10	7708	4594	40
789	0	12	40	7717	8427	44
790	0	12	30	7726	4918	43
791	4	8	30	7735	3866	35
792	3	1	10	7744	151	44
793	4	8	30	7753	1540	39
794	0	12	10	7762	399	45
795	3	1	40	7771	11803	36
796	0	12	40	7780	7598	38
797	0	12	20	7789	286	37
798	3	1	40	7798	5316	38
799	4	8	10	7807	6191	41
800	4	8	30	7816	20545	36
801	4	14	20	7825	5524	36
802	4	8	10	7834	6041	43
803	3	1	40	7843	435	41
804	4	14	40	7852	4628	41
805	4	14	20	7861	8505	40
806	3	1	40	7870	1243	40
807	3	1	20	7879	2289	43
808	3	1	20	7888	4702	39
809	0	12	20	7897	1487	36
810	3	1	20	7906	3320	41
811	4	14	30	7915	5737	35
812	0	12	10	7924	6174	42
813	4	14	20	7933	16329	36
814	4	8	10	7942	821	44
815	4	14	10	7951	2052	39
816	3	1	30	7960	1772	44
817	4	14	40	7969	8451	38
818	3	1	40	8000	568	42
819	4	14	30	8009	8910	44
820	4	14	10	8018	14861	39
821	0	12	40	8027	695	40
822	4	8	10	8036	498	40
823	3	1	40	8045	8267	39
824	3	1	40	8054	3703	45
825	3	1	20	8063	5435	44
826	3	1	40	8072	2206	40
827	3	1	20	8081	2026	44
828	4	8	30	8090	3008	42
829	3	1	20	8099	626	38
830	4	8	30	8108	442	37
831	4	8	10	8117	3626	42
832	4	14	10	8126	2021	43
833	4	8	10	8135	1683	36
834	4	8	40	8144	8869	39
835	0	12	30	8153	1440	43
836	4	8	40	8162	14269	40
837	4	14	20	8171	1064	38
838	4	14	10	8180	2428	37
839	4	14	20	8189	1587	38
840	0	12	20	8198	1334	45
841	0	12	10	8207	435	39
842	4	14	10	8216	11693	38
843	4	8	30	8225	1863	38
844	4	8	30	8234	1509	38
845	0	12	10	8243	11663	42
846	0	12	30	8252	7166	39
847	4	14	30	8261	221	43
848	4	14	20	8270	575	40
849	4	8	10	8279	4731	40
850	4	14	20	8288	3563	37
851	4	8	40	8297	14198	35
852	4	8	30	8306	11032	41
853	4	14	10	8315	7408	40
854	4	8	40	8324	6678	37
855	4	8	30	8333	7195	42
856	3	1	10	8342	3992	41
857	3	1	10	8351	9447	38
858	4	14	40	8360	2768	41
859	4	8	30	8369	11431	43
860	4	8	20	8378	2440	35
861	0	12	30	8400	8152	41
862	4	8	30	8409	9508	36
863	0	12	10	8418	3162	35
864	4	14	40	8427	921	45
865	4	8	10	8436	13753	45
866	4	14	20	8445	1816	38
867	4	14	40	8454	2339	40
868	4	8	30	8463	386	42
869	0	12	20	8472	8592	35
870	4	8	10	8481	2246	44
871	4	14	10	8490	531	41
872	4	14	30	8499	2206	35
873	3	1	20	8508	6539	38
874	3	1	20	8517	3751	44
875	3	1	10	8526	8235	45
876	0	12	40	8535	959	37
877	4	14	30	8544	5462	36
878	0	12	20	8553	3275	35
879	4	8	40	8562	4291	37
880	3	1	30	8571	9620	39
881	4	14	10	8580	1848	42
882	3	1	40	8589	1223	38
883	0	12	20	8598	7208	36
884	3	1	10	8607	3240	36
885	4	14	30	8616	573	37
886	4	14	30	8625	4309	35
887	4	14	10	8634	3226	38
888	4	14	20	8643	3035	45
889	0	12	10	8652	232	43
890	3	1	30	8661	4445	37
891	3	1	30	8670	273	36
892	4	14	30	8679	5299	42
893	4	8	30	8688	2874	40
894	3	1	40	8697	8187	37
895	0	12	30	8706	2137	39
896	4	14	20	8715	872	38
897	3	1	10	8724	2041	37
898	3	1	30	8733	729	39
899	0	12	20	8742	1701	39
900	4	8	40	8751	3478	39
901	0	12	30	8760	1979	45
902	4	8	10	8769	13071	36
903	3	1	10	8800	1154	39
904	4	14	10	8809	1225	42
905	0	12	10	8818	2504	42
906	4	8	20	8827	3170	35
907	3	1	10	8836	564	37
908	4	8	40	8845	1069	41
909	4	14	30	8854	11204	37
910	0	12	40	8863	3882	40
911	3	1	30	8872	8710	39
912	3	1	40	8881	1703	38
913	4	8	40	8890	7367	39
914	4	14	40	8899	133	38
915	3	1	20	8908	362	38
916	4	8	30	8917	3728	37
917	0	12	10	8926	299	35
918	3	1	40	8935	18985	45
919	4	14	20	8944	299	42
920	4	8	30	8953	1474	44
921	0	12	20	8962	6671	35
922	0	12	30	8971	9679	41
923	4	8	30	8980	144	45
924	3	1	40	8989	954	44
925	3	1	30	8998	1808	42
926	4	14	30	9007	1978	44
927	4	8	10	9016	9695	40
928	0	12	30	9025	10881	35
929	3	1	30	9034	866	40
930	3	1	40	9043	4512	42
931	3	1	40	9052	6719	35
932	4	8	40	9061	3451	42
933	4	14	40	9070	955	42
934	0	12	40	9079	320	44
935	4	8	10	9088	2930	40
936	4	8	10	9097	2097	41
937	4	14	40	9106	51	45
938	0	12	20	9115	3386	40
939	4	8	10	9124	376	39
940	3	1	20	9133	3530	37
941	0	12	20	9142	3002	43
942	3	1	20	9151	1537	42
943	4	14	30	9160	3591	42
944	0	12	10	9169	2286	38
945	4	14	10	9200	6133	43
946	4	14	30	9208	5081	44
947	3	1	30	9216	8928	38
948	3	1	30	9224	2613	37
949	0	12	30	9232	6133	44
950	3	1	40	9240	6593	36
951	3	1	20	9248	529	38
952	4	14	10	9256	2100	37
953	3	1	20	9264	397	43
954	4	14	30	9272	155	40
955	0	12	30	9280	5870	38
956	4	14	10	9288	2610	39
957	0	12	20	9296	10439	37
958	0	12	20	9304	156	40
959	0	12	30	9312	9221	45
960	0	12	20	9320	312	44
961	4	14	10	9328	4041	40
962	3	1	30	9336	879	36
963	3	1	10	9344	162	36
964	0	12	40	9352	1220	41
965	4	8	10	9360	6592	40
966	4	8	40	9368	1476	43
967	4	14	10	9376	576	41
968	0	12	40	9384	5782	40
969	4	8	40	9392	2882	43
970	0	12	10	9400	4539	43
971	4	8	40	9408	3600	38
972	4	14	30	9416	2780	41
973	4	8	40	9424	9271	40
974	4	8	10	9432	2660	39
975	0	12	20	9440	6064	35
976	3	1	40	9448	2710	38
977	0	12	40	9456	1533	44
978	4	8	20	9464	3665	41
979	3	1	30	9472	2235	36
980	3	1	40	9480	4135	44
981	4	8	10	9488	2752	40
982	4	14	30	9496	2260	37
983	0	12	40	9504	649	37
984	4	14	30	9512	1957	38
985	4	14	30	9520	3215	39
986	3	1	30	9528	2077	43
987	3	1	20	9536	2641	45
988	4	14	10	9544	766	37
989	0	12	20	9552	1470	40
990	3	1	10	9560	163	36
991	4	8	30	9600	2628	38
992	4	14	30	9611	14665	39
993	0	12	40	9622	4444	40
994	4	8	30	9633	58	41
995	3	1	10	9644	12014	42
996	3	1	30	9655	1604	42
997	4	14	10	9666	1309	41
998	3	1	40	9677	1599	35
999	3	1	40	9688	3953	44
1000	4	8	20	9699	2581	45
1001	0	12	30	9710	3518	38
1002	4	8	30	9721	549	43
1003	4	8	30	9732	13544	39
1004	4	14	20	9743	446	36
1005	4	8	10	9754	964	44
1006	4	14	30	9765	3900	42
1007	3	1	10	9776	2828	42
1008	4	8	20	9787	3754	38
1009	4	14	20	9798	1192	39
1010	3	1	30	9809	1298	35
1011	3	1	10	9820	701	40
1012	3	1	10	9831	1580	41
1013	4	8	30	9842	3768	39
1014	4	8	30	9853	1182	36
1015	4	14	20	9864	3448	38
1016	0	12	20	9875	913	38
1017	3	1	30	9886	194	45
1018	3	1	20	9897	4231	43
1019	4	8	20	9908	4957	37
1020	4	14	20	9919	2059	42
1021	4	14	20	9930	6978	43
1022	4	14	40	9941	12864	38
1023	0	12	30	9952	2441	35
1024	4	14	40	9963	2566	42
1025	4	14	30	9974	876	39
1026	4	8	10	9985	3860	45
1027	4	14	40	10000	7092	35
1028	4	14	20	10012	8719	44
1029	3	1	40	10024	3066	43
1030	4	8	30	10036	2390	39
1031	3	1	40	10048	957	43
1032	3	1	40	10060	17975	44
1033	3	1	20	10072	14346	43
1034	4	8	20	10084	12197	36
1035	3	1	10	10096	244	40
1036	4	14	20	10108	1842	42
1037	4	8	10	10120	2506	44
1038	0	12	30	10132	181	35
1039	3	1	30	10144	758	40
1040	0	12	40	10156	10612	42
1041	4	14	20	10168	9139	35
1042	4	8	10	10180	8304	41
1043	0	12	40	10192	9937	44
1044	4	8	40	10204	123	40
1045	4	14	40	10216	8453	42
1046	3	1	30	10228	675	43
1047	4	8	10	10240	1811	35
1048	3	1	20	10252	2144	39
1049	3	1	20	10264	2296	38
1050	4	8	30	10276	5485	39
1051	0	12	40	10288	1330	42
1052	0	12	40	10300	3938	44
1053	4	8	30	10312	3862	44
1054	4	14	20	10324	1021	36
1055	3	1	40	10336	4202	37
1056	4	8	40	10348	3925	45
1057	4	8	10	10360	4452	43
1058	4	8	40	10372	2714	43
1059	0	12	40	10384	9581	42
1060	4	14	10	10400	3617	45
1061	4	14	40	10412	6293	42
1062	3	1	40	10424	3870	44
1063	3	1	20	10436	304	41
1064	4	8	30	10448	6596	45
1065	0	12	40	10460	265	37
1066	0	12	20	10472	755	42
1067	4	14	30	10484	1748	43
1068	0	12	10	10496	4286	37
1069	4	14	20	10508	875	41
1070	4	14	40	10520	935	41
1071	3	1	20	10532	5366	39
1072	4	8	10	10544	12	44
1073	0	12	40	10556	2615	37
1074	0	12	20	10568	6072	40
1075	4	14	10	10580	2806	41
1076	4	8	20	10592	12038	37
1077	3	1	40	10604	176	40
1078	4	14	30	10616	2224	40
1079	4	14	40	10628	3609	35
1080	0	12	10	10640	169	42
1081	0	12	10	10652	1176	44
1082	0	12	20	10664	2146	41
1083	4	8	40	10676	2392	40
1084	4	8	10	10688	6227	38
1085	4	8	40	10700	730	43
1086	4	8	40	10712	3532	45
1087	0	12	20	10724	1845	45
1088	4	14	40	10736	5497	41
1089	3	1	20	10748	1440	45
1090	0	12	20	10760	2277	41
1091	3	1	20	10772	4784	45
1092	4	14	10	10784	14437	35
1093	4	14	40	10800	582	39
1094	3	1	20	10810	3447	41
1095	0	12	10	10820	588	45
1096	0	12	30	10830	1304	37
1097	4	14	30	10840	6462	35
1098	4	14	20	10850	461	44
1099	0	12	40	10860	13522	37
1100	4	14	30	10870	4912	35
1101	4	14	40	10880	6463	45
1102	0	12	40	10890	4906	43
1103	4	14	40	10900	985	43
1104	3	1	20	10910	1036	43
1105	3	1	10	10920	30	45
1106	3	1	30	10930	1313	43
1107	0	12	10	10940	633	41
1108	0	12	10	10950	7288	39
1109	4	14	20	10960	5106	40
1110	4	8	30	10970	4810	45
1111	4	14	40	10980	3488	39
1112	3	1	20	10990	1124	38
1113	3	1	40	11000	9142	42
1114	0	12	30	11010	8080	35
1115	4	14	40	11020	1664	35
1116	3	1	20	11030	1895	35
1117	0	12	40	11040	744	38
1118	0	12	10	11050	1337	38
1119	4	14	40	11060	4096	36
1120	4	14	40	11070	2598	38
1121	4	14	40	11080	6486	42
1122	4	14	30	11090	3736	37
1123	3	1	30	11100	1755	37
1124	3	1	10	11110	5749	35
1125	0	12	20	11120	2861	42
1126	4	14	10	11130	5803	39
1127	4	8	20	11140	8091	40
1128	4	8	20	11150	9305	42
1129	4	14	10	11160	4131	40
1130	3	1	20	11170	1024	39
1131	4	8	30	11180	647	37
1132	3	1	30	11190	10896	42
1133	3	1	30	11200	2468	38
1134	0	12	20	11208	8729	35
1135	4	8	10	11216	1098	42
1136	4	14	10	11224	3176	36
1137	4	8	30	11232	877	44
1138	4	14	30	11240	1003	43
1139	3	1	10	11248	6084	38
1140	3	1	10	11256	8722	35
1141	0	12	40	11264	2319	38
1142	4	14	20	11272	3030	41
1143	0	12	20	11280	105	35
1144	0	12	30	11288	3692	45
1145	4	8	30	11296	7648	36
1146	0	12	40	11304	2410	41
1147	4	8	20	11312	310	39
1148	4	14	10	11320	1248	39
1149	4	14	30	11328	1083	41
1150	4	8	40	11336	5699	45
1151	0	12	30	11344	458	45
1152	3	1	20	11352	2911	43
1153	4	14	20	11360	2524	42
1154	4	8	10	11368	2679	44
1155	4	14	40	11376	9403	38
1156	4	14	20	11384	863	43
1157	3	1	10	11392	1732	41
1158	0	12	40	11400	2434	43
1159	4	8	40	11408	5052	36
1160	4	14	40	11416	1108	41
1161	0	12	20	11424	2125	38
1162	3	1	30	11432	1119	45
1163	4	8	40	11440	864	44
1164	4	8	40	11448	2732	36
1165	4	14	10	11456	3195	43
1166	0	12	20	11464	4170	43
1167	4	14	30	11472	6137	45
1168	4	8	30	11480	44	42
1169	4	14	30	11488	3946	38
1170	4	14	40	11496	6286	45
1171	4	8	30	11504	795	37
1172	4	8	20	11512	11824	40
1173	3	1	10	11520	2793	45
1174	0	12	40	11528	5607	36
1175	3	1	10	11536	153	35
1176	0	12	30	11544	1265	36
1177	4	14	10	11552	3480	36
1178	4	8	40	11560	5585	37
1179	4	8	30	11600	9642	44
1180	0	12	30	11610	240	35
1181	4	8	40	11620	4697	45
1182	3	1	20	11630	3661	36
1183	4	8	40	11640	4375	35
1184	3	1	20	11650	8634	41
1185	3	1	40	11660	500	40
1186	4	14	10	11670	4002	40
1187	3	1	20	11680	2512	45
1188	0	12	30	11690	14356	39
1189	4	8	30	11700	16186	43
1190	4	8	40	11710	188	45
1191	4	8	40	11720	875	40
1192	4	8	30	11730	5405	35
1193	4	8	30	11740	2810	41
1194	3	1	10	11750	3101	42
1195	3	1	30	11760	2576	42
1196	4	8	10	11770	872	39
1197	3	1	20	11780	1643	42
1198	3	1	30	11790	3028	45
1199	4	8	30	11800	216	37
1200	4	8	10	11810	916	39
1201	0	12	20	11820	4413	42
1202	0	12	30	11830	262	42
1203	0	12	20	11840	4097	35
1204	0	12	30	11850	2354	42
1205	0	12	10	11860	3460	42
1206	3	1	10	11870	699	39
1207	0	12	20	11880	58	43
1208	4	14	30	11890	5009	40
1209	4	14	10	11900	2394	44
1210	3	1	10	11910	4015	37
1211	4	14	10	11920	3798	41
1212	0	12	20	11930	3654	38
1213	4	14	20	11940	3155	44
1214	4	8	20	11950	4302	36
1215	3	1	10	11960	3203	41
1216	3	1	10	11970	6696	37
1217	4	8	40	11980	3460	44
1218	3	1	30	12000	1483	37
1219	4	14	10	12008	1894	41
1220	0	12	40	12016	9994	38
1221	4	8	10	12024	799	43
1222	4	14	10	12032	6686	41
1223	4	14	10	12040	115	45
1224	4	8	40	12048	3480	39
1225	3	1	40	12056	3622	39
1226	4	14	40	12064	2314	37
1227	0	12	40	12072	2342	44
1228	4	14	10	12080	13201	37
1229	3	1	10	12088	1308	40
1230	0	12	40	12096	7372	41
1231	4	8	10	12104	10886	39
1232	4	8	30	12112	205	36
1233	0	12	20	12120	4814	35
1234	4	14	20	12128	4890	40
1235	0	12	20	12136	1977	38
1236	0	12	20	12144	3948	38
1237	3	1	40	12152	12747	35
1238	4	8	10	12160	994	39
1239	4	8	20	12168	1458	44
1240	4	14	40	12176	12615	35
1241	3	1	40	12184	3848	42
1242	4	14	30	12192	5581	39
1243	0	12	30	12200	2951	40
1244	3	1	20	12208	1716	40
1245	3	1	30	12216	2269	38
1246	0	12	30	12224	3641	37
1247	3	1	20	12232	869	36
1248	0	12	10	12240	7476	40
1249	0	12	10	12248	17845	36
1250	4	14	30	12256	4343	40
1251	0	12	10	12264	3839	41
1252	4	14	40	12272	109	39
1253	4	14	20	12280	667	38
1254	0	12	30	12288	579	44
1255	4	14	10	12296	95	41
1256	0	12	10	12304	7756	36
1257	0	12	30	12312	142	43
1258	3	1	30	12320	246	42
1259	4	8	40	12328	7568	37
1260	4	8	10	12336	601	40
1261	3	1	10	12344	5050	40
1262	0	12	10	12352	210	41
1263	0	12	20	12360	2285	35
1264	4	14	10	12368	3753	38
1265	4	8	40	12376	4806	43
1266	4	8	20	12400	3311	40
1267	0	12	40	12409	9173	37
1268	4	14	10	12418	7333	39
1269	0	12	10	12427	1252	43
1270	4	8	30	12436	10289	38
1271	0	12	10	12445	7691	36
1272	4	14	40	12454	1777	39
1273	4	8	20	12463	17	39
1274	4	14	20	12472	2178	41
1275	4	8	10	12481	1426	42
1276	3	1	20	12490	2240	38
1277	3	1	20	12499	1370	35
1278	4	8	30	12508	4552	39
1279	3	1	10	12517	641	35
1280	4	8	10	12526	24978	36
1281	4	8	30	12535	1118	35
1282	4	14	40	12544	3640	39
1283	4	14	10	12553	14704	36
1284	3	1	20	12562	3834	45
1285	4	14	40	12571	1017	35
1286	4	8	20	12580	9505	45
1287	4	8	10	12589	9069	43
1288	4	14	30	12598	3330	37
1289	0	12	10	12607	4581	44
1290	4	14	10	12616	3053	37
1291	0	12	30	12625	3589	40
1292	4	14	20	12634	9164	39
1293	4	14	20	12643	1853	37
1294	0	12	10	12652	724	39
1295	4	8	30	12661	1099	41
1296	3	1	40	12670	3343	36
1297	3	1	10	12679	1525	39
1298	4	8	30	12688	9774	37
1299	4	8	20	12697	4195	43
1300	0	12	20	12706	8158	44
1301	0	12	30	12715	4796	45
1302	3	1	20	12724	1756	43
1303	4	14	40	12733	3440	43
1304	3	1	20	12742	268	43
1305	4	14	30	12751	6612	39
1306	4	8	20	12760	1194	36
1307	3	1	30	12800	92	35
1308	0	12	10	12811	5292	43
1309	4	14	30	12822	7204	37
1310	4	8	40	12833	3612	37
1311	3	1	40	12844	3339	35
1312	4	14	40	12855	1757	39
1313	0	12	30	12866	9706	41
1314	4	14	30	12877	7620	35
1315	4	14	30	12888	9047	40
1316	3	1	20	12899	509	36
1317	4	8	10	12910	319	39
1318	4	8	10	12921	6827	36
1319	4	14	20	12932	1938	37
1320	4	14	30	12943	6284	44
1321	0	12	10	12954	4393	42
1322	0	12	20	12965	1625	35
1323	4	14	10	12976	688	40
1324	4	8	10	12987	5311	40
1325	4	8	10	12998	1609	44
1326	4	8	40	13009	12400	43
1327	4	14	30	13020	17671	37
1328	4	8	10	13031	7294	35
1329	4	8	30	13042	792	35
1330	3	1	10	13053	5287	40
1331	4	14	10	13064	474	45
1332	0	12	40	13075	1892	43
1333	0	12	20	13086	121	41
1334	4	8	30	13097	1304	37
1335	4	8	30	13108	1423	37
1336	3	1	20	13119	8775	38
1337	0	12	40	13130	83	42
1338	0	12	40	13141	9626	38
1339	4	14	40	13152	6602	41
1340	3	1	30	13163	13576	44
1341	4	14	40	13174	8627	44
1342	4	8	10	13200	710	35
1343	0	12	40	13211	5240	35
1344	4	14	10	13222	364	42
1345	4	8	10	13233	13752	36
1346	4	8	40	13244	1080	35
1347	3	1	30	13255	17430	44
1348	0	12	30	13266	2933	36
1349	0	12	30	13277	1258	44
1350	3	1	10	13288	514	39
1351	4	8	40	13299	2692	42
1352	4	8	10	13310	2760	38
1353	3	1	20	13321	3011	35
1354	4	8	40	13332	7792	45
1355	0	12	10	13343	909	37
1356	4	14	20	13354	1813	44
1357	4	14	20	13365	878	37
1358	3	1	40	13376	7379	37
1359	4	8	20	13387	5289	45
1360	3	1	30	13398	7685	41
1361	4	8	30	13409	1260	45
1362	4	8	20	13420	814	35
1363	3	1	20	13431	3229	43
1364	0	12	20	13442	428	42
1365	4	8	40	13453	2638	38
1366	4	8	10	13464	838	38
1367	4	14	30	13475	1575	43
1368	3	1	40	13486	4013	38
1369	3	1	10	13497	3209	44
1370	4	8	10	13508	29	36
1371	3	1	30	13519	416	40
1372	0	12	10	13530	729	35
1373	3	1	10	13541	42	40
1374	4	8	40	13552	2162	39
1375	4	14	30	13563	9538	45
1376	3	1	10	13574	2803	41
1377	4	14	20	13600	3702	35
1378	4	14	40	13608	294	44
1379	0	12	40	13616	5827	39
1380	0	12	10	13624	397	43
1381	3	1	10	13632	13738	45
1382	4	14	40	13640	2526	35
1383	0	12	20	13648	3363	36
1384	3	1	30	13656	243	41
1385	4	8	20	13664	1116	44
1386	3	1	40	13672	3800	42
1387	3	1	20	13680	7533	43
1388	3	1	20	13688	756	42
1389	4	8	30	13696	311	35
1390	4	8	10	13704	10927	38
1391	3	1	10	13712	4702	35
1392	4	8	10	13720	787	39
1393	4	14	20	13728	776	39
1394	0	12	10	13736	12359	45
1395	0	12	40	13744	4764	44
1396	3	1	20	13752	4817	44
1397	3	1	30	13760	3753	37
1398	0	12	20	13768	3963	38
1399	4	8	20	13776	3707	38
1400	4	14	10	13784	6035	44
1401	4	8	20	13792	9683	38
1402	0	12	40	13800	1746	40
1403	4	8	30	13808	13768	38
1404	4	14	20	13816	1218	42
1405	0	12	30	13824	88	45
1406	4	8	30	13832	1560	41
1407	3	1	10	13840	2677	43
1408	0	12	30	13848	472	41
1409	4	8	10	13856	11949	45
1410	4	8	10	13864	4808	41
1411	0	12	10	13872	5722	44
1412	4	14	20	13880	539	39
1413	4	8	40	13888	311	44
1414	4	8	10	13896	4074	36
1415	0	12	30	13904	8679	42
1416	3	1	30	13912	6478	45
1417	0	12	40	13920	3824	44
1418	0	12	40	13928	2732	37
1419	3	1	10	13936	7807	44
1420	4	14	40	13944	8147	41
1421	4	14	30	13952	1668	41
1422	0	12	10	13960	665	35
1423	4	8	20	13968	3269	38
1424	0	12	40	14000	3836	40
1425	3	1	10	14009	1519	36
1426	0	12	20	14018	10106	35
1427	4	8	30	14027	18583	41
1428	4	8	10	14036	230	41
1429	0	12	40	14045	5113	40
1430	4	8	20	14054	931	36
1431	0	12	30	14063	9018	39
1432	3	1	40	14072	14753	42
1433	3	1	30	14081	2515	40
1434	4	8	40	14090	17769	40
1435	3	1	40	14099	810	40
1436	3	1	10	14108	3807	39
1437	4	8	20	14117	2774	43
1438	0	12	10	14126	1461	39
1439	3	1	40	14135	150	41
1440	0	12	40	14144	10123	37
1441	4	14	40	14153	535	45
1442	4	8	40	14162	5336	36
1443	0	12	20	14171	1008	43
1444	4	14	20	14180	1883	40
1445	4	8	10	14189	764	40
1446	4	14	30	14198	3331	42
1447	0	12	20	14207	438	41
1448	4	8	20	14216	3084	38
1449	0	12	30	14225	284	37
1450	3	1	10	14234	8981	45
1451	4	8	20	14243	353	45
1452	4	8	40	14252	483	35
1453	4	8	20	14261	5891	40
1454	3	1	20	14270	5307	43
1455	0	12	30	14279	2302	37
1456	0	12	20	14288	5674	37
1457	3	1	30	14297	6345	37
1458	4	8	30	14306	1730	43
1459	4	8	20	14315	11720	41
1460	4	14	10	14324	429	45
1461	0	12	40	14333	1617	35
1462	4	8	40	14342	2262	36
1463	4	14	30	14351	1976	36
1464	0	12	40	14360	5415	44
1465	4	8	30	14400	6526	36
1466	4	8	10	14412	6164	36
1467	4	8	30	14424	4307	44
1468	0	12	40	14436	362	38
1469	4	14	20	14448	2431	42
1470	4	8	20	14460	1268	37
1471	0	12	20	14472	1436	37
1472	0	12	40	14484	1481	40
1473	3	1	40	14496	2449	41
1474	3	1	10	14508	11095	41
1475	0	12	10	14520	5453	42
1476	4	8	30	14532	3710	39
1477	0	12	40	14544	10658	38
1478	4	8	40	14556	808	44
1479	4	14	40	14568	2339	45
1480	4	14	20	14580	5557	39
1481	0	12	10	14592	6776	39
1482	4	14	20	14604	2412	38
1483	0	12	20	14616	17473	38
1484	3	1	30	14628	7027	40
1485	4	14	40	14640	526	36
1486	3	1	40	14652	6080	38
1487	4	8	30	14664	913	37
1488	4	14	20	14676	5268	43
1489	0	12	20	14688	3198	37
1490	4	8	20	14700	2216	37
1491	4	14	30	14712	6828	37
1492	0	12	30	14724	645	45
1493	4	14	40	14736	1781	44
1494	3	1	40	14748	10942	42
1495	0	12	10	14760	3544	37
1496	4	8	40	14772	4729	43
1497	4	8	20	14784	1703	45
1498	0	12	20	14800	2623	44
1499	3	1	40	14809	3386	38
1500	4	14	40	14818	1965	39
1501	4	8	40	14827	9451	43
1502	4	14	20	14836	69	38
1503	3	1	40	14845	341	42
1504	3	1	10	14854	6375	35
1505	3	1	40	14863	3589	43
1506	4	8	20	14872	5966	40
1507	4	14	40	14881	4266	39
1508	4	14	20	14890	7163	44
1509	3	1	20	14899	18626	35
1510	3	1	40	14908	7163	44
1511	0	12	20	14917	7030	45
1512	0	12	40	14926	3790	38
1513	3	1	30	14935	9563	44
1514	3	1	40	14944	871	36
1515	4	14	10	14953	1345	40
1516	0	12	20	14962	8472	42
1517	0	12	30	14971	2352	44
1518	4	8	40	14980	3306	41
1519	0	12	40	14989	3854	42
1520	3	1	40	14998	93	43
1521	0	12	20	15007	3485	45
1522	3	1	20	15016	10483	36
1523	4	14	30	15025	3072	35
1524	4	8	40	15034	122	39
1525	3	1	30	15043	2414	45
1526	4	14	30	15052	663	37
1527	4	8	10	15061	11987	42
1528	4	14	10	15070	2959	44
1529	3	1	10	15079	1722	39
1530	3	1	10	15088	208	45
1531	4	14	20	15097	1192	39
1532	4	14	20	15106	2386	39
1533	4	14	40	15115	3785	40
1534	4	14	10	15124	224	41
1535	4	8	20	15133	7455	41
1536	0	12	30	15142	6418	36
1537	0	12	30	15151	1854	42
1538	4	8	10	15160	845	38
1539	0	12	40	15169	1071	43
1540	3	1	20	15178	1712	42
1541	4	14	40	15187	536	44
1542	4	8	20	15200	1854	38
1543	4	8	10	15210	5412	42
1544	3	1	20	15220	5053	39
1545	0	12	40	15230	3644	38
1546	3	1	40	15240	923	44
1547	4	8	40	15250	1100	36
1548	0	12	40	15260	714	42
1549	3	1	30	15270	4193	37
1550	4	14	30	15280	4923	40
1551	4	8	20	15290	1144	44
1552	0	12	20	15300	6136	39
1553	4	14	20	15310	7938	36
1554	0	12	10	15320	3176	40
1555	4	14	20	15330	6570	39
1556	3	1	30	15340	15372	42
1557	0	12	40	15350	2623	37
1558	0	12	40	15360	212	37
1559	0	12	30	15370	1684	35
1560	3	1	10	15380	2316	40
1561	0	12	20	15390	6970	43
1562	4	14	40	15400	570	41
1563	4	8	10	15410	2641	40
1564	4	14	10	15420	11239	36
1565	3	1	30	15430	3426	39
1566	0	12	10	15440	1900	40
1567	4	8	40	15450	1	44
1568	4	14	30	15460	7692	37
1569	0	12	20	15470	1728	40
1570	3	1	20	15480	2666	39
1571	4	14	40	15490	2842	35
1572	4	14	20	15500	1172	41
1573	4	8	40	15510	1586	44
1574	3	1	30	15520	1259	35
1575	4	14	40	15530	9117	44
1576	3	1	10	15540	945	42
1577	0	12	20	15550	821	39
1578	4	8	10	15560	6833	41
1579	4	8	10	15570	2264	36
1580	4	14	40	15580	1134	35
1581	3	1	40	15600	9730	36
1582	0	12	10	15607	6175	35
1583	0	12	20	15614	8264	42
1584	3	1	20	15621	4107	44
1585	4	8	40	15628	6475	35
1586	4	14	40	15635	2565	35
1587	0	12	40	15642	3534	38
1588	4	14	30	15649	264	35
1589	4	14	30	15656	1140	36
1590	4	14	40	15663	8050	45
1591	0	12	30	15670	1531	44
1592	4	14	30	15677	1538	40
1593	4	8	30	15684	7505	37
1594	3	1	40	15691	6349	37
1595	4	8	10	15698	2963	45
1596	4	14	10	15705	19532	38
1597	0	12	10	15712	8748	43
1598	4	8	40	15719	6474	41
1599	4	14	40	15726	612	45
1600	4	14	40	15733	992	44
1601	4	8	40	15740	921	35
1602	3	1	20	15747	1955	44
1603	0	12	30	15754	6700	36
1604	0	12	20	15761	711	43
1605	0	12	40	15768	888	40
1606	4	8	40	15775	20980	38
1607	4	14	30	15782	2442	40
1608	4	8	40	15789	3589	36
1609	0	12	10	15796	4203	41
1610	0	12	20	15803	3624	43
1611	3	1	10	15810	6298	38
1612	3	1	40	15817	4341	41
1613	4	14	40	15824	3865	35
1614	0	12	30	15831	406	45
1615	0	12	20	15838	2997	39
1616	0	12	10	15845	157	43
1617	3	1	20	15852	1202	45
1618	3	1	40	15859	7365	41
1619	3	1	10	15866	593	35
1620	4	14	30	15873	430	39
1621	0	12	10	15880	6270	36
1622	3	1	10	15887	11034	43
1623	4	14	10	15894	3723	35
1624	4	8	20	15901	2650	41
1625	3	1	30	15908	738	40
1626	4	14	20	15915	840	40
1627	4	8	30	15922	2091	38
1628	3	1	40	15929	3035	42
1629	0	12	20	15936	5494	36
1630	4	14	40	15943	9424	41
1631	3	1	10	15950	1559	44
1632	4	14	20	15957	1937	43
1633	3	1	10	15964	4519	42
1634	4	8	10	16000	955	38
1635	3	1	10	16008	168	35
1636	4	14	20	16016	2981	37
1637	4	14	30	16024	14555	44
1638	0	12	40	16032	4957	44
1639	3	1	30	16040	2337	39
1640	4	14	40	16048	6583	43
1641	0	12	20	16056	66	41
1642	4	14	40	16064	20747	36
1643	3	1	30	16072	2134	39
1644	3	1	20	16080	4223	38
1645	0	12	30	16088	305	42
1646	3	1	40	16096	4266	37
1647	4	14	30	16104	4811	39
1648	0	12	10	16112	5548	37
1649	3	1	30	16120	1248	44
1650	4	8	40	16128	2653	36
1651	0	12	30	16136	5278	39
1652	4	8	10	16144	189	37
1653	3	1	30	16152	4361	41
1654	0	12	10	16160	162	41
1655	4	14	40	16168	2235	42
1656	3	1	30	16176	1254	37
1657	3	1	10	16184	6073	43
1658	4	14	10	16192	1590	40
1659	4	8	30	16200	20673	38
1660	0	12	30	16208	39	45
1661	0	12	20	16216	3541	45
1662	0	12	30	16224	10369	43
1663	0	12	30	16232	7470	35
1664	4	8	20	16240	5468	35
1665	3	1	10	16248	1276	45
1666	4	14	30	16256	2104	40
1667	0	12	40	16264	16878	45
1668	3	1	40	16272	2090	42
1669	4	8	20	16280	228	45
1670	0	12	40	16288	7	36
1671	0	12	30	16296	267	44
1672	4	8	20	16304	3187	35
1673	0	12	20	16312	2035	36
1674	4	14	20	16320	1606	38
1675	4	14	20	16328	357	43
1676	4	8	10	16336	6379	35
1677	4	14	30	16344	2961	39
1678	4	8	40	16352	12286	42
1679	0	12	40	16400	2118	45
1680	0	12	40	16409	2876	38
1681	4	14	30	16418	2691	35
1682	4	8	30	16427	4280	36
1683	0	12	10	16436	1224	44
1684	3	1	30	16445	1215	45
1685	3	1	20	16454	757	36
1686	4	8	40	16463	1294	42
1687	0	12	40	16472	5091	37
1688	4	8	40	16481	4053	35
1689	3	1	20	16490	6136	42
1690	0	12	20	16499	5914	43
1691	0	12	10	16508	5458	39
1692	0	12	20	16517	4148	39
1693	4	14	20	16526	5037	41
1694	3	1	10	16535	2267	39
1695	4	14	30	16544	992	43
1696	4	14	40	16553	382	43
1697	3	1	20	16562	644	36
1698	4	8	10	16571	4414	39
1699	0	12	10	16580	1905	39
1700	4	8	10	16589	4367	36
1701	4	8	10	16598	4440	37
1702	4	8	40	16607	1385	43
1703	3	1	30	16616	4746	38
1704	4	8	40	16625	1238	42
1705	4	8	10	16634	2179	37
1706	3	1	10	16643	810	39
1707	0	12	40	16652	4171	35
1708	4	14	20	16661	1620	37
1709	4	8	40	16670	12347	43
1710	4	8	30	16679	3989	41
1711	4	14	40	16688	5482	44
1712	4	8	20	16697	7024	36
1713	3	1	20	16706	9958	41
1714	4	8	40	16715	2627	45
1715	0	12	10	16724	2936	45
1716	3	1	30	16733	10660	44
1717	4	14	20	16742	4332	45
1718	3	1	40	16751	3503	36
1719	3	1	10	16760	3400	44
1720	4	8	10	16769	22832	38
1721	3	1	40	16778	4672	38
1722	3	1	40	16787	1712	45
1723	0	12	20	16800	3898	35
1724	4	8	10	16809	1332	36
1725	0	12	30	16818	1190	42
1726	4	14	10	16827	2173	40
1727	3	1	10	16836	7161	40
1728	3	1	20	16845	13530	43
1729	0	12	40	16854	471	40
1730	4	14	30	16863	20657	35
1731	3	1	30	16872	4178	45
1732	4	8	20	16881	7717	45
1733	0	12	30	16890	3419	38
1734	3	1	30	16899	5492	44
1735	3	1	40	16908	7386	35
1736	3	1	30	16917	878	38
1737	3	1	10	16926	13111	43
1738	4	14	20	16935	23809	36
1739	4	8	20	16944	7377	42
1740	4	14	10	16953	18035	43
1741	0	12	10	16962	3965	41
1742	4	8	20	16971	1956	45
1743	0	12	10	16980	4591	37
1744	0	12	40	16989	665	35
1745	0	12	30	16998	105	44
1746	3	1	40	17007	9967	38
1747	4	8	10	17016	5215	44
1748	4	8	30	17025	1069	41
1749	4	8	10	17034	9753	40
1750	0	12	40	17043	1365	45
1751	0	12	20	17052	2246	44
1752	0	12	30	17061	3332	35
1753	4	14	10	17070	402	41
1754	4	14	40	17079	1927	36
1755	3	1	10	17088	14810	43
1756	3	1	10	17097	1555	37
1757	4	8	30	17106	4434	43
1758	4	8	30	17115	2119	36
1759	4	8	10	17124	35	35
1760	4	8	10	17133	3	43
1761	0	12	40	17142	1725	44
1762	3	1	30	17151	4576	37
1763	3	1	30	17160	1003	42
1764	4	8	20	17169	12882	43
1765	4	14	40	17178	16291	42
1766	4	8	20	17187	8875	45
1767	4	8	30	17200	1164	43
1768	4	14	30	17212	747	42
1769	3	1	40	17224	4078	45
1770	4	8	20	17236	1560	41
1771	0	12	30	17248	13783	35
1772	4	14	40	17260	4363	43
1773	4	8	30	17272	5413	39
1774	3	1	40	17284	3505	35
1775	0	12	10	17296	1833	42
1776	4	8	30	17308	1439	38
1777	4	8	40	17320	4381	43
1778	0	12	30	17332	2535	45
1779	4	8	20	17344	1189	38
1780	4	8	40	17356	1662	38
1781	4	8	40	17368	4694	42
1782	4	8	30	17380	3650	44
1783	0	12	20	17392	219	38
1784	4	14	40	17404	6900	41
1785	3	1	10	17416	3325	37
1786	3	1	10	17428	345	45
1787	3	1	20	17440	5692	39
1788	4	8	40	17452	854	36
1789	0	12	30	17464	5902	35
1790	4	14	30	17476	2935	43
1791	4	8	40	17488	2995	41
1792	4	8	20	17500	3202	42
1793	3	1	10	17512	17856	36
1794	4	14	20	17524	7355	45
1795	4	14	10	17536	4071	44
1796	3	1	30	17548	11782	38
1797	3	1	40	17560	720	38
1798	4	14	40	17572	5129	39
1799	4	8	40	17600	746	39
1800	4	14	10	17609	579	45
1801	4	8	10	17618	4370	40
1802	3	1	30	17627	3267	36
1803	4	14	30	17636	3618	42
1804	4	14	30	17645	3563	44
1805	0	12	20	17654	1549	45
1806	0	12	20	17663	5804	35
1807	3	1	10	17672	6942	41
1808	4	8	10	17681	2869	40
1809	3	1	40	17690	58	40
1810	0	12	30	17699	4473	40
1811	4	8	20	17708	4275	40
1812	0	12	40	17717	895	43
1813	0	12	10	17726	669	44
1814	4	14	20	17735	4420	42
1815	4	14	10	17744	1485	36
1816	4	14	20	17753	5575	35
1817	4	8	20	17762	3957	45
1818	3	1	30	17771	2043	36
1819	4	14	10	17780	2013	41
1820	0	12	40	17789	9217	43
1821	3	1	10	17798	567	40
1822	4	14	40	17807	248	42
1823	4	14	10	17816	2036	42
1824	3	1	10	17825	508	36
1825	0	12	20	17834	6357	35
1826	3	1	10	17843	2159	39
1827	4	8	40	17852	4503	42
1828	4	8	10	17861	9236	39
1829	3	1	30	17870	11607	36
1830	3	1	30	17879	2181	38
1831	4	14	30	17888	590	35
1832	3	1	40	17897	11461	38
1833	3	1	40	17906	1421	41
1834	4	8	20	17915	522	38
1835	0	12	40	17924	4501	43
1836	4	14	20	17933	568	40
1837	3	1	10	17942	12	37
1838	4	8	30	17951	2491	39
1839	4	14	30	17960	2778	42
1840	4	8	40	18000	6414	37
1841	4	14	10	18009	1199	38
1842	4	8	20	18018	1135	44
1843	3	1	10	18027	783	42
1844	4	14	40	18036	413	41
1845	3	1	20	18045	7962	38
1846	0	12	10	18054	1580	43
1847	4	8	20	18063	2022	43
1848	3	1	40	18072	1540	40
1849	4	14	10	18081	3027	44
1850	0	12	40	18090	8711	44
1851	0	12	10	18099	1538	38
1852	4	14	10	18108	5790	36
1853	4	14	30	18117	1584	44
1854	0	12	40	18126	1259	41
1855	0	12	10	18135	10	39
1856	4	8	10	18144	3709	44
1857	4	14	20	18153	693	40
1858	0	12	20	18162	2585	41
1859	4	14	10	18171	6315	44
1860	4	8	10	18180	9370	41
1861	4	14	30	18189	377	39
1862	4	8	40	18198	10259	37
1863	3	1	20	18207	3347	38
1864	0	12	10	18216	3607	37
1865	4	8	40	18225	3071	39
1866	3	1	20	18234	5001	37
1867	4	8	10	18243	9269	37
1868	3	1	40	18252	128	41
1869	4	14	30	18261	20058	44
1870	0	12	30	18270	781	41
1871	4	8	10	18279	5524	43
1872	0	12	30	18288	718	41
1873	4	14	10	18297	9184	40
1874	4	8	20	18306	3632	38
1875	0	12	40	18315	4098	40
1876	4	8	30	18324	8655	42
1877	0	12	40	18333	8563	35
1878	4	14	10	18342	1431	35
1879	0	12	40	18351	1182	43
1880	0	12	20	18360	2535	37
1881	4	8	40	18400	82	41
1882	3	1	10	18407	1759	36
1883	3	1	10	18414	1846	41
1884	4	8	40	18421	240	38
1885	4	8	20	18428	426	45
1886	4	14	20	18435	1863	44
1887	3	1	10	18442	3828	39
1888	3	1	40	18449	117	45
1889	4	8	10	18456	511	44
1890	3	1	30	18463	294	45
1891	0	12	10	18470	14508	35
1892	4	8	30	18477	2996	41
1893	4	8	30	18484	4432	40
1894	4	8	30	18491	3633	35
1895	3	1	10	18498	4934	43
1896	3	1	20	18505	1638	36
1897	3	1	40	18512	4559	41
1898	3	1	40	18519	3504	40
1899	4	8	40	18526	3304	37
1900	4	14	10	18533	649	36
1901	3	1	40	18540	2213	41
1902	3	1	30	18547	1818	37
1903	4	14	10	18554	1579	42
1904	3	1	30	18561	1743	38
1905	4	14	30	18568	594	35
1906	0	12	30	18575	672	43
1907	0	12	10	18582	8024	42
1908	3	1	20	18589	5242	41
1909	4	14	10	18596	3966	36
1910	3	1	20	18603	499	43
1911	0	12	20	18610	5119	44
1912	4	14	10	18617	7818	39
1913	4	14	30	18624	994	43
1914	4	14	30	18631	1568	42
1915	0	12	20	18638	8601	35
1916	4	8	30	18645	5298	37
1917	3	1	40	18652	3223	42
1918	4	8	30	18659	2841	35
1919	3	1	40	18666	2718	37
1920	4	8	30	18673	714	40
1921	4	14	10	18680	410	43
1922	4	14	10	18687	8235	37
1923	0	12	30	18694	9701	42
1924	0	12	10	18701	10218	45
1925	0	12	30	18708	913	40
1926	4	14	30	18715	1001	36
1927	3	1	10	18722	2729	36
1928	4	8	20	18729	1441	39
1929	4	14	10	18736	8755	41
1930	3	1	30	18743	1455	38
1931	4	14	40	18750	917	35
1932	3	1	40	18757	1420	41
1933	3	1	20	18764	5365	44
1934	0	12	30	18771	448	42
1935	4	8	30	18778	182	41
1936	3	1	20	18800	4257	38
1937	3	1	40	18811	120	40
1938	4	14	20	18822	66	37
1939	3	1	10	18833	10121	37
1940	4	8	40	18844	11694	37
1941	4	14	20	18855	2828	37
1942	0	12	40	18866	8674	44
1943	3	1	40	18877	2043	43
1944	3	1	40	18888	10	36
1945	4	8	10	18899	1717	35
1946	4	8	40	18910	488	41
1947	4	8	10	18921	1467	44
1948	3	1	10	18932	1695	44
1949	4	8	20	18943	4996	35
1950	0	12	30	18954	14701	41
1951	4	14	30	18965	6106	40
1952	4	8	20	18976	753	41
1953	4	14	10	18987	379	37
1954	4	14	20	18998	2034	42
1955	0	12	40	19009	214	38
1956	3	1	30	19020	3216	38
1957	3	1	40	19031	2418	41
1958	4	14	10	19042	2070	43
1959	3	1	40	19053	645	43
1960	0	12	10	19064	9930	44
1961	3	1	30	19075	4316	42
1962	3	1	40	19086	3311	38
1963	3	1	20	19097	7390	35
1964	4	8	20	19108	1566	43
1965	4	14	30	19119	9743	43
1966	3	1	30	19130	2200	38
1967	4	8	40	19141	510	41
1968	4	14	40	19152	484	36
1969	4	8	40	19163	1312	35
1970	3	1	40	19174	1037	42
1971	3	1	30	19185	4876	43
1972	4	14	20	19200	3078	39
1973	3	1	30	19214	3548	43
1974	4	8	10	19228	3166	35
1975	3	1	20	19242	4276	38
1976	3	1	20	19256	952	45
1977	0	12	20	19270	2557	39
1978	4	8	30	19284	9590	40
1979	3	1	10	19298	3405	44
1980	3	1	40	19312	373	45
1981	4	8	30	19326	9837	38
1982	4	14	40	19340	645	37
1983	0	12	10	19354	3559	38
1984	3	1	30	19368	9780	45
1985	3	1	10	19382	2954	44
1986	4	8	20	19396	135	40
1987	3	1	40	19410	935	38
1988	3	1	40	19424	1661	37
1989	0	12	40	19438	221	38
1990	3	1	40	19452	2708	37
1991	0	12	20	19466	899	42
1992	4	14	30	19480	3929	43
1993	0	12	30	19494	8080	40
1994	4	8	40	19508	15	38
1995	3	1	10	19522	1348	41
1996	0	12	30	19536	11523	44
1997	3	1	30	19550	177	44
1998	4	8	20	19564	316	35
1999	4	14	10	19578	377	39
