0	4	8	30	0	12523	25
1	4	8	10	12	2335	24
2	3	1	30	24	16734	21
3	3	1	30	36	2149	22
4	4	14	10	48	3617	18
5	4	14	40	60	161	21
6	4	14	10	72	6206	22
7	0	12	30	84	8224	20
8	0	12	10	96	2321	24
9	0	12	10	108	404	24
10	4	14	40	120	535	17
11	0	12	30	132	183	19
12	3	1	30	144	4405	25
13	4	8	30	156	742	17
14	3	1	20	168	134	25
15	0	12	20	180	9108	25
16	4	8	30	192	3213	15
17	0	12	10	204	8071	16
18	3	1	10	216	444	21
19	0	12	20	228	1600	20
20	4	8	40	240	2972	17
21	4	14	20	252	2091	22
22	3	1	20	264	269	23
23	4	8	10	276	9833	17
24	0	12	10	288	733	17
25	3	1	10	300	1125	23
26	0	12	20	312	10346	22
27	4	8	30	324	1348	23
28	4	8	30	336	130	23
29	3	1	30	348	5566	25
30	0	12	10	360	6948	18
31	3	1	20	400	4554	18
32	3	1	30	410	4416	22
33	4	14	30	420	6143	19
34	4	14	20	430	12477	17
35	3	1	30	440	1803	16
36	4	14	20	450	3670	18
37	0	12	10	460	6045	21
38	0	12	20	470	5625	18
39	3	1	10	480	241	17
40	3	1	10	490	148	15
41	0	12	40	500	22497	19
42	3	1	10	510	5247	17
43	0	12	40	520	1364	19
44	4	8	20	530	102	17
45	3	1	40	540	203	20
46	0	12	10	550	3009	24
47	0	12	10	560	112	17
48	4	14	40	570	10891	23
49	0	12	30	580	3807	20
50	4	8	20	590	1062	24
51	4	8	30	600	6141	23
52	3	1	30	610	407	18
53	4	14	30	620	549	24
54	4	14	40	630	5137	23
55	3	1	10	640	3185	18
56	3	1	40	650	1893	15
57	4	8	20	660	291	18
58	4	8	30	670	1140	19
59	0	12	10	680	1723	20
60	3	1	30	690	487	25
61	3	1	30	700	2788	24
62	4	14	40	710	7330	23
63	4	8	20	720	4670	25
64	4	14	40	730	1270	20
65	0	12	20	740	2358	25
66	3	1	40	750	1888	23
67	4	14	40	760	8575	21
68	3	1	10	770	961	15
69	4	14	30	800	4437	23
70	0	12	40	808	1408	22
71	4	8	20	816	5928	19
72	0	12	30	824	475	24
73	4	14	40	832	190	18
74	4	8	10	840	1389	20
75	4	8	40	848	3002	24
76	0	12	20	856	4515	19
77	3	1	20	864	5983	19
78	0	12	40	872	8801	15
79	3	1	10	880	502	22
80	4	8	40	888	5041	24
81	4	14	20	896	9089	20
82	3	1	40	904	1734	15
83	4	8	40	912	2165	17
84	0	12	10	920	2919	16
85	3	1	20	928	160	21
86	0	12	40	936	3496	25
87	4	14	40	944	3108	23
88	0	12	40	952	254	21
89	0	12	20	960	2088	25
90	0	12	40	968	16998	15
91	3	1	40	976	3021	25
92	3	1	30	984	3030	17
93	4	14	20	992	2076	23
94	4	14	20	1000	11517	18
95	4	14	30	1008	3058	16
96	4	8	10	1016	680	22
97	0	12	30	1024	170	18
98	0	12	40	1032	68	24
99	0	12	40	1040	3466	18
100	4	14	10	1048	4472	23
101	4	8	20	1056	4153	18
102	4	8	40	1064	6730	17
103	4	14	10	1072	1226	15
104	4	14	30	1080	1525	24
105	0	12	10	1088	2467	19
106	4	8	10	1096	4465	25
107	3	1	30	1104	207	15
108	4	8	30	1112	7204	19
109	3	1	40	1120	868	24
110	4	8	30	1128	8238	24
111	0	12	20	1136	3676	22
112	4	8	30	1144	799	18
113	4	14	20	1152	557	23
114	4	14	20	1160	4015	22
115	4	14	20	1168	983	19
116	0	12	40	1176	650	24
117	3	1	10	1184	2192	20
118	4	8	20	1192	749	24
119	4	8	30	1200	1060	24
120	0	12	30	1210	7943	25
121	4	14	40	1220	7234	25
122	4	14	10	1230	6886	25
123	4	8	40	1240	6578	15
124	4	14	40	1250	4614	23
125	4	8	40	1260	5820	22
126	3	1	40	1270	1106	17
127	0	12	20	1280	4912	15
128	4	14	20	1290	433	15
129	4	8	30	1300	5690	18
130	4	14	40	1310	1858	17
131	0	12	40	1320	4029	16
132	4	8	30	1330	5692	20
133	4	14	40	1340	1481	23
134	3	1	10	1350	2354	24
135	0	12	20	1360	292	21
136	4	8	20	1370	345	18
137	3	1	30	1380	367	15
138	4	8	10	1390	425	18
139	0	12	10	1400	237	22
140	4	8	20	1410	1828	22
141	4	8	10	1420	3039	25
142	4	8	20	1430	4888	18
143	4	8	40	1440	8051	23
144	4	14	30	1450	3056	15
145	4	14	20	1460	1941	19
146	4	8	20	1470	1717	22
147	3	1	10	1480	2051	20
148	0	12	40	1490	5903	16
149	0	12	10	1500	5177	24
150	4	14	40	1510	1940	18
151	4	14	40	1520	5302	16
152	4	14	20	1530	8189	19
153	4	14	10	1540	6132	25
154	4	14	20	1550	5048	18
155	0	12	10	1560	7257	23
156	4	8	10	1570	6965	18
157	0	12	10	1580	28	16
158	0	12	10	1590	3465	17
159	4	8	30	1600	3198	16
160	4	8	10	1611	987	17
161	4	8	30	1622	13451	24
162	4	14	10	1633	11814	25
163	4	14	40	1644	316	16
164	3	1	40	1655	6939	22
165	4	8	40	1666	1085	23
166	3	1	40	1677	7384	16
167	4	8	40	1688	8208	21
168	4	8	10	1699	4623	24
169	3	1	40	1710	3311	16
170	4	8	40	1721	580	16
171	4	8	10	1732	257	24
172	0	12	40	1743	1548	16
173	0	12	10	1754	480	17
174	0	12	20	1765	8039	17
175	4	14	30	1776	1604	15
176	4	8	30	1787	560	22
177	4	8	10	1798	12387	17
178	3	1	20	1809	1273	15
179	4	14	30	1820	1426	18
180	0	12	30	1831	2161	15
181	0	12	40	1842	7340	23
182	0	12	20	1853	10980	24
183	3	1	20	1864	1890	16
184	4	8	40	1875	1877	25
185	0	12	10	1886	4055	15
186	4	8	20	1897	5773	22
187	3	1	20	1908	14742	21
188	4	14	20	1919	3592	19
189	4	8	10	1930	3744	16
190	3	1	10	1941	1128	17
191	4	8	20	1952	314	17
192	4	8	20	1963	2838	23
193	0	12	20	2000	3198	17
194	3	1	10	2008	7300	19
195	4	14	30	2016	2053	23
196	4	8	40	2024	3512	25
197	3	1	20	2032	3970	16
198	4	14	10	2040	175	15
199	4	8	30	2048	1407	18
200	0	12	20	2056	3127	17
201	4	14	30	2064	2597	15
202	4	8	40	2072	5035	21
203	4	8	10	2080	934	25
204	4	14	20	2088	3574	23
205	3	1	30	2096	1554	19
206	4	14	10	2104	2133	15
207	3	1	10	2112	5670	17
208	4	14	40	2120	10010	23
209	0	12	40	2128	1954	17
210	4	14	20	2136	4901	16
211	4	14	10	2144	8157	16
212	4	8	40	2152	5305	15
213	4	8	30	2160	1311	25
214	4	8	10	2168	570	16
215	4	8	20	2176	1902	20
216	0	12	10	2184	120	25
217	4	8	40	2192	3386	24
218	4	8	10	2200	4833	17
219	4	8	40	2208	824	22
220	4	14	20	2216	2568	15
221	0	12	30	2224	8076	21
222	4	8	20	2232	1307	16
223	4	14	10	2240	322	23
224	0	12	30	2248	1526	25
225	4	14	30	2256	245	24
226	4	14	40	2264	3231	16
227	0	12	20	2272	5888	25
228	3	1	10	2280	1282	23
229	0	12	30	2288	2498	19
230	3	1	30	2296	5480	16
231	3	1	10	2304	2783	20
232	4	8	10	2312	9720	16
233	0	12	30	2320	14928	22
234	3	1	10	2328	5667	15
235	0	12	10	2336	11250	25
236	3	1	40	2344	531	16
237	4	14	20	2352	5198	25
238	3	1	10	2360	6163	19
239	4	14	10	2400	216	21
240	4	8	40	2408	1013	25
241	3	1	10	2416	24	20
242	4	14	20	2424	233	23
243	4	14	30	2432	923	17
244	3	1	30	2440	9271	25
245	4	14	10	2448	1885	16
246	4	14	30	2456	1668	17
247	0	12	30	2464	1038	23
248	3	1	20	2472	2162	15
249	4	8	30	2480	2467	25
250	4	14	30	2488	1859	24
251	0	12	40	2496	53	15
252	4	8	20	2504	10528	25
253	4	8	10	2512	7765	19
254	3	1	10	2520	6921	18
255	0	12	30	2528	4498	22
256	3	1	10	2536	885	25
257	4	8	30	2544	4071	24
258	4	8	20	2552	8872	15
259	0	12	30	2560	3031	25
260	3	1	40	2568	5840	18
261	4	14	40	2576	4117	15
262	0	12	10	2584	2641	20
263	3	1	10	2592	2417	19
264	3	1	10	2600	4093	16
265	0	12	20	2608	917	21
266	4	8	40	2616	12673	25
267	4	8	10	2624	5683	18
268	3	1	20	2632	2952	24
269	0	12	10	2640	857	16
270	3	1	20	2648	1172	19
271	4	8	30	2656	1439	15
272	4	14	40	2664	6154	20
273	4	8	40	2672	4183	22
274	0	12	40	2680	13127	22
275	4	8	10	2688	2521	21
276	4	8	10	2696	6651	23
277	4	8	30	2704	302	25
278	4	8	30	2712	773	23
279	4	8	20	2720	11340	23
280	4	14	40	2728	5069	22
281	4	14	10	2736	1575	18
282	4	8	40	2744	1741	24
283	0	12	20	2752	6728	23
284	4	8	10	2800	389	20
285	3	1	40	2810	5275	15
286	4	8	40	2820	3406	21
287	0	12	10	2830	228	23
288	3	1	20	2840	665	19
289	3	1	30	2850	343	18
290	3	1	40	2860	5407	15
291	4	8	10	2870	2660	17
292	3	1	40	2880	7236	24
293	4	8	20	2890	1174	19
294	0	12	20	2900	1341	17
295	3	1	10	2910	3481	24
296	3	1	10	2920	2959	25
297	0	12	20	2930	3697	19
298	4	8	20	2940	3333	15
299	4	8	20	2950	4769	19
300	4	8	20	2960	2165	17
301	3	1	20	2970	3493	24
302	4	8	20	2980	4905	24
303	3	1	20	2990	1017	25
304	3	1	10	3000	924	21
305	4	8	40	3010	288	23
306	0	12	10	3020	1035	21
307	4	14	20	3030	1310	18
308	4	8	10	3040	8978	22
309	0	12	40	3050	1754	22
310	3	1	30	3060	8003	24
311	0	12	30	3070	538	25
312	4	14	10	3080	2485	16
313	0	12	40	3090	11974	18
314	0	12	40	3100	6705	17
315	4	14	30	3110	2335	25
316	3	1	40	3120	1368	17
317	4	14	30	3130	4426	22
318	4	8	40	3140	1790	24
319	0	12	20	3150	9546	15
320	4	14	20	3160	3996	15
321	4	8	40	3170	9308	16
322	3	1	30	3180	3717	24
323	0	12	40	3190	2316	20
324	3	1	10	3200	2403	15
325	4	8	20	3212	5849	16
326	4	14	40	3224	2509	16
327	4	8	30	3236	3027	15
328	0	12	30	3248	1808	19
329	3	1	40	3260	1920	23
330	3	1	10	3272	11588	21
331	4	8	40	3284	928	19
332	4	14	10	3296	2832	24
333	0	12	20	3308	2610	19
334	4	14	10	3320	2963	21
335	0	12	30	3332	584	23
336	4	8	30	3344	3858	19
337	3	1	30	3356	549	25
338	3	1	10	3368	3743	17
339	4	14	20	3380	93	23
340	4	8	40	3392	2809	20
341	4	8	30	3404	1391	17
342	3	1	40	3416	704	16
343	4	8	20	3428	6400	22
344	4	14	40	3440	981	20
345	4	8	20	3452	3822	15
346	4	8	40	3464	92	16
347	3	1	40	3476	8697	21
348	4	8	20	3488	2329	17
349	4	8	30	3500	7397	18
350	0	12	10	3512	1378	22
351	4	14	20	3524	7683	17
352	3	1	20	3536	1109	20
353	4	8	10	3548	4284	15
354	4	8	40	3560	267	19
355	4	14	20	3600	2899	15
356	0	12	30	3613	15134	25
357	4	8	30	3626	1242	19
358	4	14	10	3639	5929	24
359	0	12	40	3652	2304	19
360	4	8	10	3665	3701	21
361	4	14	20	3678	4777	21
362	4	14	30	3691	9893	25
363	4	14	20	3704	2876	24
364	3	1	40	3717	2112	16
365	4	8	40	3730	4286	19
366	0	12	20	3743	3854	16
367	4	14	40	3756	16427	22
368	0	12	40	3769	2224	22
369	0	12	20	3782	4520	19
370	4	8	10	3795	6934	20
371	4	14	20	3808	703	18
372	0	12	20	3821	254	20
373	4	8	20	3834	1648	16
374	4	14	30	3847	2066	21
375	3	1	40	3860	1649	23
376	4	14	10	3873	5403	15
377	0	12	20	3886	6582	17
378	0	12	40	3899	1004	15
379	4	8	40	3912	7237	15
380	0	12	20	3925	5471	15
381	4	8	40	3938	3467	21
382	0	12	10	3951	374	24
383	4	14	40	3964	2944	15
384	4	8	30	3977	376	16
385	4	14	30	4000	383	18
386	4	14	20	4013	13398	25
387	3	1	10	4026	7588	24
388	4	14	20	4039	2141	15
389	0	12	40	4052	31	20
390	0	12	40	4065	691	24
391	0	12	10	4078	1735	15
392	4	14	20	4091	1757	15
393	4	8	20	4104	744	23
394	4	8	20	4117	2175	16
395	4	8	20	4130	6590	25
396	4	8	40	4143	1899	18
397	4	14	30	4156	4184	17
398	4	14	20	4169	1962	21
399	3	1	10	4182	3284	15
400	0	12	40	4195	23168	25
401	3	1	10	4208	160	19
402	4	8	10	4221	2462	24
403	0	12	10	4234	5784	23
404	4	14	30	4247	77	24
405	4	8	40	4260	557	19
406	3	1	10	4273	6279	23
407	0	12	10	4286	9393	19
408	3	1	30	4299	1171	20
409	3	1	10	4312	5190	22
410	0	12	20	4325	5959	15
411	4	14	20	4338	746	23
412	0	12	30	4351	183	18
413	3	1	20	4364	11037	24
414	0	12	30	4377	4718	19
415	0	12	10	4400	96	15
416	4	14	20	4409	3742	22
417	0	12	40	4418	2007	24
418	4	8	30	4427	2199	23
419	4	14	20	4436	1536	23
420	4	8	20	4445	4719	20
421	3	1	20	4454	5852	18
422	4	14	20	4463	3366	22
423	0	12	40	4472	2170	17
424	0	12	30	4481	2921	21
425	4	8	40	4490	2550	19
426	0	12	40	4499	6555	18
427	4	14	10	4508	8896	22
428	0	12	10	4517	10022	25
429	4	8	20	4526	3625	22
430	0	12	40	4535	12860	19
431	4	14	20	4544	387	24
432	4	8	40	4553	2173	21
433	3	1	40	4562	4339	15
434	0	12	40	4571	7313	15
435	4	8	10	4580	4896	22
436	4	14	30	4589	511	22
437	4	14	40	4598	1571	16
438	4	14	20	4607	2786	17
439	0	12	30	4616	12834	23
440	0	12	30	4625	1423	21
441	3	1	20	4634	249	20
442	4	14	30	4643	3626	19
443	0	12	20	4652	4655	18
444	4	14	20	4661	1061	19
445	0	12	20	4670	17868	15
446	4	14	30	4679	1467	23
447	0	12	10	4688	2170	16
448	0	12	30	4697	2593	19
449	4	8	10	4706	2014	16
450	4	8	40	4715	891	17
451	4	8	10	4724	16412	19
452	3	1	40	4733	1023	19
453	4	14	10	4742	285	23
454	0	12	30	4751	8081	20
455	3	1	30	4760	1037	21
456	3	1	30	4769	2542	22
457	4	8	10	4778	166	22
458	0	12	30	4787	1130	16
459	3	1	30	4800	3175	20
460	0	12	10	4808	1568	16
461	4	14	40	4816	9213	15
462	0	12	40	4824	17106	19
463	0	12	10	4832	4290	24
464	4	8	10	4840	5825	17
465	0	12	40	4848	4586	17
466	4	8	30	4856	5559	17
467	3	1	40	4864	1930	17
468	4	8	20	4872	409	23
469	4	14	20	4880	17255	23
470	0	12	30	4888	9367	18
471	0	12	20	4896	1329	21
472	0	12	20	4904	8933	22
473	0	12	40	4912	2490	15
474	4	14	40	4920	79	17
475	4	14	10	4928	4001	25
476	3	1	40	4936	756	25
477	3	1	10	4944	8523	19
478	0	12	30	4952	821	23
479	4	14	10	4960	3018	21
480	3	1	20	4968	718	21
481	4	14	40	4976	1957	16
482	3	1	20	4984	2142	18
483	3	1	40	4992	2958	24
484	4	14	20	5000	2018	19
485	3	1	40	5008	14982	25
486	4	8	30	5016	8057	19
487	3	1	30	5024	1725	23
488	4	8	10	5032	6332	20
489	3	1	20	5040	3774	20
490	3	1	30	5048	1074	25
491	4	8	20	5056	329	15
492	3	1	10	5064	327	25
493	4	8	30	5072	12309	22
494	0	12	30	5080	4033	22
495	0	12	30	5088	2038	20
496	3	1	20	5096	308	16
497	3	1	20	5104	11136	21
498	4	14	10	5112	10142	15
499	4	14	30	5120	3201	17
500	3	1	40	5128	1085	24
501	0	12	40	5136	10321	20
502	3	1	30	5144	1551	18
503	4	8	20	5152	2697	22
504	0	12	30	5200	2707	23
505	4	8	20	5207	9955	21
506	0	12	30	5214	380	22
507	4	8	40	5221	5746	19
508	0	12	20	5228	201	21
509	4	8	20	5235	1072	20
510	4	14	40	5242	231	22
511	0	12	30	5249	3557	18
512	4	8	30	5256	7728	25
513	4	8	30	5263	5040	21
514	4	14	20	5270	1934	24
515	4	8	20	5277	11086	25
516	0	12	30	5284	2657	23
517	4	8	10	5291	2489	21
518	4	8	40	5298	1213	19
519	3	1	20	5305	6253	18
520	3	1	20	5312	6765	23
521	4	14	40	5319	2046	19
522	4	8	30	5326	3548	22
523	4	14	10	5333	2666	18
524	0	12	40	5340	5561	23
525	4	14	10	5347	6965	18
526	4	8	10	5354	912	21
527	4	14	40	5361	11182	25
528	0	12	20	5368	7046	19
529	3	1	10	5375	3873	22
530	0	12	40	5382	3264	24
531	4	14	20	5389	1066	19
532	4	14	40	5396	12925	18
533	4	8	10	5403	4030	20
534	0	12	20	5410	1382	22
535	4	8	20	5417	1098	16
536	0	12	10	5424	270	24
537	4	8	10	5431	10318	21
538	3	1	10	5438	125	16
539	3	1	40	5445	2609	23
540	4	8	10	5452	8677	17
541	4	14	30	5459	440	15
542	4	8	20	5466	1433	17
543	4	14	30	5473	3279	15
544	3	1	30	5480	3235	23
545	3	1	40	5487	4159	22
546	0	12	40	5494	1014	15
547	4	8	30	5501	1799	19
548	4	8	10	5508	3379	24
549	3	1	20	5515	4785	22
550	4	14	10	5522	9810	23
551	4	8	10	5529	3776	20
552	4	8	30	5536	4514	16
553	0	12	30	5543	558	23
554	0	12	10	5550	5313	19
555	4	14	40	5557	7261	20
556	4	14	10	5564	1638	23
557	4	14	30	5571	7206	25
558	4	8	30	5578	5380	25
559	4	8	20	5585	4398	19
560	4	14	10	5600	4992	15
561	4	8	30	5610	658	22
562	4	8	30	5620	10875	15
563	4	8	10	5630	2240	24
564	0	12	30	5640	4523	21
565	0	12	20	5650	6904	18
566	0	12	30	5660	3961	15
567	0	12	30	5670	995	19
568	0	12	20	5680	2208	24
569	3	1	10	5690	619	22
570	4	8	10	5700	8221	16
571	4	14	20	5710	3294	16
572	3	1	40	5720	2265	19
573	3	1	40	5730	6101	22
574	0	12	10	5740	9408	15
575	3	1	40	5750	4970	23
576	4	8	30	5760	417	17
577	4	8	10	5770	116	22
578	0	12	20	5780	10742	21
579	4	8	40	5790	441	16
580	3	1	20	5800	3672	17
581	0	12	30	5810	7374	17
582	3	1	30	5820	1838	16
583	4	8	40	5830	559	22
584	3	1	10	5840	4901	25
585	4	14	40	5850	11744	18
586	4	8	40	5860	3262	17
587	4	14	10	5870	7094	20
588	0	12	40	5880	9202	15
589	4	8	20	5890	2427	17
590	4	8	20	5900	9374	18
591	0	12	30	5910	1048	24
592	0	12	30	5920	816	22
593	4	8	30	5930	1809	23
594	4	14	30	5940	5814	23
595	0	12	20	5950	5297	20
596	3	1	40	5960	746	25
597	4	14	20	5970	8233	18
598	4	14	10	6000	8555	19
599	3	1	20	6010	5277	19
600	3	1	20	6020	72	21
601	4	14	10	6030	14	22
602	0	12	20	6040	11128	21
603	3	1	10	6050	2227	16
604	4	8	10	6060	6989	21
605	0	12	30	6070	1740	21
606	3	1	10	6080	787	16
607	4	14	30	6090	8979	20
608	4	14	20	6100	1021	23
609	4	8	20	6110	95	22
610	4	8	20	6120	5358	18
611	3	1	40	6130	1469	15
612	3	1	10	6140	9337	19
613	4	14	30	6150	4031	23
614	3	1	10	6160	274	16
615	3	1	30	6170	8197	23
616	3	1	40	6180	6114	21
617	4	14	30	6190	6510	18
618	4	14	40	6200	5128	25
619	0	12	40	6210	5242	18
620	3	1	20	6220	1228	15
621	4	8	20	6230	6404	21
622	4	14	30	6240	1545	18
623	3	1	40	6250	13931	21
624	0	12	30	6260	1094	19
625	0	12	30	6270	4102	18
626	4	14	40	6280	1889	20
627	4	8	10	6290	283	22
628	4	14	20	6300	65	24
629	0	12	40	6310	749	20
630	0	12	40	6320	3116	24
631	3	1	10	6330	1028	24
632	4	8	10	6340	633	18
633	3	1	10	6350	888	16
634	3	1	30	6360	362	20
635	3	1	10	6370	3635	21
636	4	14	10	6380	9359	22
637	0	12	30	6390	11356	25
638	0	12	40	6400	1453	16
639	3	1	20	6418	1745	19
640	4	8	30	6436	5849	17
641	3	1	20	6454	4356	23
642	4	14	40	6472	3714	22
643	3	1	20	6490	8353	19
644	0	12	40	6508	5048	25
645	4	14	20	6526	3631	17
646	4	8	20	6544	1586	20
647	0	12	40	6562	3190	24
648	3	1	30	6580	1413	21
649	0	12	10	6598	9019	25
650	4	8	20	6616	12052	25
651	3	1	10	6634	1827	21
652	0	12	20	6652	649	18
653	4	14	10	6670	658	16
654	0	12	40	6688	2526	18
655	4	8	10	6706	991	15
656	0	12	30	6724	4598	19
657	3	1	20	6742	13869	25
658	4	8	30	6760	831	23
659	0	12	30	6778	814	18
660	0	12	40	6800	14962	16
661	4	8	40	6809	467	19
662	0	12	20	6818	8411	21
663	3	1	30	6827	224	17
664	4	8	30	6836	2635	23
665	4	14	10	6845	2863	19
666	0	12	40	6854	701	23
667	0	12	40	6863	4869	17
668	4	8	10	6872	3180	18
669	4	14	10	6881	2534	21
670	4	14	20	6890	13707	16
671	3	1	20	6899	7371	22
672	3	1	40	6908	2763	17
673	4	8	30	6917	1841	21
674	4	14	10	6926	13082	15
675	4	14	10	6935	3674	18
676	4	8	30	6944	859	24
677	0	12	10	6953	2350	24
678	3	1	40	6962	1163	22
679	4	8	10	6971	4117	16
680	3	1	10	6980	1508	23
681	4	14	40	6989	7014	21
682	3	1	30	6998	5892	16
683	4	14	20	7007	516	25
684	3	1	20	7016	993	21
685	4	8	30	7025	766	17
686	4	8	40	7034	320	20
687	3	1	40	7043	20894	16
688	4	8	20	7052	5250	23
689	4	8	30	7061	8067	19
690	3	1	30	7070	9800	17
691	4	8	40	7079	10924	22
692	3	1	10	7088	5608	16
693	0	12	10	7097	513	24
694	4	8	30	7106	1895	18
695	0	12	30	7115	4293	24
696	3	1	10	7124	6160	16
697	0	12	10	7133	3196	19
698	4	8	40	7142	2000	21
699	0	12	40	7151	921	21
700	4	14	30	7160	2288	20
701	4	8	30	7169	3905	17
702	4	14	40	7200	4	21
703	4	14	30	7209	7048	15
704	0	12	30	7218	10502	23
705	4	14	10	7227	462	18
706	4	14	10	7236	8093	19
707	4	14	40	7245	6073	23
708	4	14	40	7254	842	16
709	0	12	40	7263	8081	15
710	0	12	20	7272	106	17
711	4	14	20	7281	1092	20
712	4	14	30	7290	5041	18
713	0	12	20	7299	3148	22
714	4	8	20	7308	8167	20
715	4	8	40	7317	647	21
716	3	1	20	7326	1658	17
717	0	12	10	7335	5655	22
718	0	12	20	7344	7199	22
719	4	14	40	7353	1473	21
720	4	8	20	7362	2278	24
721	4	8	40	7371	727	21
722	3	1	30	7380	14467	19
723	4	14	30	7389	4577	25
724	0	12	20	7398	3244	19
725	4	8	30	7407	132	20
726	4	14	20	7416	367	20
727	3	1	30	7425	1902	19
728	4	14	40	7434	19081	18
729	3	1	30	7443	1448	16
730	4	8	10	7452	6754	17
731	0	12	30	7461	4121	19
732	4	14	20	7470	208	17
733	4	8	10	7479	191	15
734	3	1	30	7488	928	22
735	4	8	30	7497	4694	20
736	0	12	10	7506	6988	25
737	4	14	10	7515	11421	15
738	3	1	30	7524	860	16
739	3	1	20	7533	469	18
740	4	8	20	7542	1465	23
741	3	1	10	7551	1404	22
742	3	1	10	7560	6534	15
743	4	8	20	7569	7965	23
744	4	8	10	7578	7348	16
745	4	14	20	7600	4493	22
746	3	1	20	7610	985	19
747	3	1	40	7620	938	20
748	3	1	40	7630	1151	19
749	0	12	40	7640	1034	22
750	4	8	20	7650	1534	21
751	4	8	40	7660	117	19
752	0	12	40	7670	5029	23
753	4	8	10	7680	357	15
754	4	14	30	7690	5904	22
755	4	8	40	7700	1255	24
756	3	1	40	7710	4201	24
757	4	14	10	7720	1540	22
758	3	1	10	7730	1273	22
759	3	1	10	7740	9013	18
760	4	14	40	7750	86	23
761	0	12	20	7760	2687	15
762	4	14	40	7770	6231	20
763	4	8	20	7780	8684	25
764	4	14	40	7790	214	23
765	4	14	40	7800	1931	24
766	4	14	40	7810	833	17
767	4	8	20	7820	4432	17
768	4	8	30	7830	1648	15
769	0	12	40	7840	791	25
770	4	8	30	7850	1564	21
771	3	1	20	7860	2023	16
772	3	1	20	7870	3314	21
773	4	8	40	7880	5149	19
774	4	8	20	7890	5	23
775	3	1	10	7900	594	16
776	3	1	40	7910	1794	20
777	4	8	10	7920	464	21
778	3	1	30	7930	7352	23
779	4	8	10	7940	8508	22
780	4	14	20	7950	6733	16
781	4	8	20	7960	8434	25
782	0	12	40	7970	549	15
783	4	14	40	7980	5768	21
784	0	12	20	8000	16851	20
785	4	14	10	8008	6174	23
786	4	14	30	8016	10499	22
787	4	8	10	8024	13448	17
788	3	1	30	8032	1287	18
789	0	12	40	8040	11107	23
790	3	1	30	8048	165	22
791	0	12	10	8056	2822	18
792	4	8	40	8064	4431	19
793	4	14	30	8072	1418	23
794	4	14	30	8080	373	20
795	0	12	40	8088	6802	23
796	4	14	10	8096	2826	17
797	4	8	30	8104	10043	16
798	4	8	20	8112	6670	15
799	4	8	10	8120	2447	18
800	4	14	20	8128	2667	19
801	0	12	40	8136	3181	16
802	0	12	10	8144	8205	20
803	3	1	10	8152	293	19
804	4	14	20	8160	9383	16
805	3	1	40	8168	10189	19
806	4	14	30	8176	2505	24
807	3	1	40	8184	19106	18
808	0	12	30	8192	351	17
809	0	12	20	8200	4013	21
810	3	1	40	8208	9535	18
811	4	8	30	8216	3111	17
812	4	8	30	8224	2605	24
813	0	12	10	8232	1989	25
814	4	14	30	8240	336	17
815	3	1	20	8248	616	24
816	0	12	30	8256	1790	15
817	0	12	40	8264	104	25
818	0	12	40	8272	9240	19
819	4	14	40	8280	1235	25
820	0	12	10	8288	2431	16
821	3	1	30	8296	1008	25
822	3	1	40	8304	2007	24
823	4	8	40	8312	2042	17
824	4	8	10	8320	598	17
825	0	12	30	8328	6805	17
826	4	8	20	8336	5196	23
827	3	1	40	8344	1230	23
828	3	1	20	8352	4029	25
829	0	12	20	8360	813	15
830	4	14	10	8368	3993	25
831	4	8	10	8376	2338	19
832	4	14	30	8384	1417	21
833	0	12	20	8392	1932	19
834	4	8	40	8400	2004	17
835	3	1	20	8407	1234	25
836	0	12	20	8414	28	19
837	3	1	40	8421	237	21
838	4	14	30	8428	7845	19
839	4	8	20	8435	262	16
840	0	12	30	8442	1548	25
841	4	8	40	8449	10994	18
842	4	8	30	8456	8523	15
843	3	1	20	8463	4106	23
844	3	1	40	8470	121	19
845	4	8	10	8477	2771	20
846	4	14	20	8484	111	19
847	0	12	40	8491	1302	20
848	0	12	40	8498	982	21
849	0	12	20	8505	11695	21
850	0	12	20	8512	2439	23
851	4	14	10	8519	2621	17
852	4	8	40	8526	72	22
853	3	1	30	8533	3154	15
854	4	8	40	8540	8	16
855	4	8	30	8547	1225	20
856	3	1	10	8554	668	17
857	4	14	10	8561	2551	18
858	0	12	40	8568	10732	17
859	3	1	30	8575	362	24
860	4	8	30	8582	865	22
861	0	12	30	8589	895	15
862	0	12	20	8596	1764	19
863	4	14	20	8603	9213	16
864	0	12	10	8610	7	21
865	4	8	40	8617	2502	24
866	4	8	40	8624	1109	21
867	0	12	20	8631	401	19
868	4	14	10	8638	24279	22
869	0	12	20	8645	6752	17
870	4	8	40	8652	583	19
871	3	1	30	8659	1445	19
872	0	12	20	8666	728	20
873	3	1	30	8673	7262	18
874	4	14	10	8680	11588	15
875	3	1	20	8687	2932	23
876	4	8	10	8694	1671	25
877	0	12	20	8701	5590	16
878	4	14	10	8708	1847	23
879	4	14	40	8715	4076	22
880	4	8	10	8722	6244	24
881	0	12	20	8729	2386	17
882	3	1	40	8736	192	17
883	4	8	10	8743	4666	18
884	0	12	40	8750	5200	17
885	0	12	40	8757	653	22
886	4	14	20	8764	2211	23
887	4	8	10	8800	5589	21
888	4	14	20	8811	1919	18
889	0	12	10	8822	558	23
890	0	12	10	8833	473	23
891	0	12	20	8844	3068	16
892	4	8	40	8855	538	19
893	4	8	40	8866	5924	21
894	0	12	40	8877	8129	19
895	0	12	40	8888	512	24
896	0	12	30	8899	3462	25
897	3	1	10	8910	15896	24
898	4	8	10	8921	4086	16
899	0	12	10	8932	3328	21
900	4	14	10	8943	1191	25
901	4	14	10	8954	10752	25
902	4	8	30	8965	1315	23
903	0	12	30	8976	2061	18
904	3	1	20	8987	6653	16
905	4	8	40	8998	665	18
906	3	1	40	9009	1509	22
907	3	1	20	9020	797	18
908	4	14	20	9031	3672	25
909	3	1	30	9042	2635	18
910	0	12	20	9053	10221	20
911	3	1	30	9064	2051	16
912	0	12	10	9075	428	20
913	0	12	40	9086	1384	20
914	4	8	30	9097	1407	15
915	0	12	10	9108	5469	19
916	4	8	40	9119	666	24
917	3	1	10	9130	4413	15
918	3	1	20	9141	757	25
919	4	14	20	9152	7616	25
920	4	8	30	9163	164	16
921	0	12	40	9174	2689	25
922	0	12	40	9200	5012	16
923	3	1	10	9210	8080	25
924	0	12	10	9220	4862	20
925	4	8	30	9230	3666	18
926	0	12	30	9240	779	15
927	4	14	20	9250	2002	25
928	3	1	40	9260	13807	25
929	3	1	20	9270	6960	17
930	4	8	40	9280	11274	24
931	4	14	10	9290	1787	15
932	3	1	20	9300	478	25
933	3	1	40	9310	6539	17
934	4	14	40	9320	1921	23
935	4	8	10	9330	7810	24
936	4	14	40	9340	740	20
937	3	1	20	9350	4135	25
938	3	1	40	9360	8416	16
939	4	14	10	9370	3414	25
940	4	8	10	9380	7243	15
941	0	12	40	9390	1118	20
942	4	8	30	9400	659	21
943	4	8	30	9410	9149	25
944	0	12	40	9420	932	17
945	4	8	30	9430	4957	21
946	0	12	10	9440	2276	22
947	0	12	40	9450	7170	25
948	4	14	20	9460	2585	20
949	4	14	30	9470	528	25
950	3	1	40	9480	13613	25
951	4	8	20	9490	9676	25
952	4	14	40	9500	6613	25
953	4	8	30	9510	6223	17
954	3	1	20	9520	2974	19
955	4	14	10	9530	5847	25
956	3	1	10	9540	981	24
957	3	1	30	9550	2129	24
958	0	12	20	9560	4804	24
959	4	8	40	9570	944	24
960	0	12	10	9580	14946	17
961	4	14	20	9590	10121	22
962	0	12	20	9600	955	18
963	0	12	10	9608	5989	23
964	0	12	40	9616	3126	20
965	0	12	20	9624	3302	20
966	0	12	20	9632	1361	17
967	4	8	10	9640	1407	17
968	0	12	10	9648	9685	22
969	4	14	30	9656	2308	16
970	4	8	20	9664	3433	25
971	4	14	30	9672	2846	25
972	0	12	20	9680	6245	24
973	4	14	20	9688	3649	25
974	4	8	20	9696	58	25
975	0	12	30	9704	6366	21
976	3	1	20	9712	1647	19
977	4	14	10	9720	6769	17
978	3	1	10	9728	4308	22
979	3	1	30	9736	19895	24
980	0	12	20	9744	726	21
981	0	12	30	9752	1684	16
982	4	14	10	9760	9997	19
983	3	1	10	9768	7445	25
984	4	14	20	9776	7801	17
985	0	12	30	9784	118	24
986	4	14	20	9792	3209	15
987	0	12	30	9800	1565	22
988	4	14	20	9808	1316	23
989	0	12	30	9816	3799	24
990	4	14	40	9824	4091	15
991	0	12	10	9832	5646	21
992	3	1	40	9840	11618	15
993	0	12	40	9848	4407	18
994	3	1	40	9856	3645	22
995	3	1	30	9864	9913	18
996	0	12	20	9872	127	16
997	4	8	30	9880	1884	24
998	0	12	40	9888	1761	19
999	4	14	30	9896	4153	23
1000	4	8	10	9904	2192	19
1001	3	1	10	9912	591	19
1002	4	14	40	9920	10218	17
1003	4	14	40	9928	152	19
1004	3	1	20	9936	3173	25
1005	4	14	20	9944	2446	15
1006	4	8	40	9952	515	16
1007	0	12	20	9960	943	25
1008	4	14	20	10000	5956	18
1009	3	1	40	10009	5209	24
1010	0	12	40	10018	2253	21
1011	4	14	40	10027	2054	21
1012	0	12	20	10036	5600	16
1013	4	8	30	10045	4897	25
1014	4	8	30	10054	180	17
1015	0	12	30	10063	4003	16
1016	4	14	20	10072	9	17
1017	3	1	20	10081	1834	18
1018	4	8	30	10090	10028	20
1019	0	12	20	10099	2877	22
1020	4	8	40	10108	41	19
1021	0	12	30	10117	13367	20
1022	3	1	30	10126	64	19
1023	0	12	20	10135	1415	23
1024	0	12	30	10144	6398	16
1025	4	8	10	10153	6855	18
1026	4	8	30	10162	3319	24
1027	4	14	30	10171	522	21
1028	4	8	30	10180	1	18
1029	4	14	30	10189	414	21
1030	0	12	10	10198	5791	20
1031	4	8	40	10207	13061	20
1032	3	1	20	10216	2462	23
1033	3	1	30	10225	54	25
1034	0	12	20	10234	3385	19
1035	3	1	20	10243	116	17
1036	0	12	40	10252	2188	24
1037	0	12	10	10261	8493	15
1038	4	14	40	10270	1408	15
1039	0	12	40	10279	2044	17
1040	3	1	30	10288	9564	23
1041	4	14	40	10297	1671	16
1042	0	12	20	10306	3188	19
1043	4	8	30	10315	3214	25
1044	0	12	30	10324	806	18
1045	0	12	40	10333	1091	19
1046	4	14	40	10342	11	20
1047	0	12	10	10351	1093	16
1048	4	14	20	10360	3907	15
1049	4	8	20	10369	13467	20
1050	4	14	10	10378	9796	15
1051	4	8	10	10400	4357	23
1052	4	14	40	10410	2444	18
1053	0	12	20	10420	7411	23
1054	3	1	30	10430	4038	18
1055	4	8	30	10440	2445	25
1056	0	12	20	10450	517	25
1057	4	14	20	10460	3915	19
1058	3	1	10	10470	1094	18
1059	4	8	10	10480	5205	22
1060	3	1	30	10490	8964	17
1061	4	8	20	10500	25731	20
1062	4	14	40	10510	941	22
1063	0	12	30	10520	4507	22
1064	4	8	40	10530	13206	19
1065	3	1	10	10540	2530	15
1066	0	12	30	10550	11386	24
1067	4	8	40	10560	5388	16
1068	0	12	20	10570	580	21
1069	3	1	20	10580	62	15
1070	0	12	40	10590	948	17
1071	3	1	10	10600	520	17
1072	3	1	20	10610	294	18
1073	4	8	30	10620	2921	18
1074	4	8	30	10630	3710	24
1075	4	8	10	10640	4419	18
1076	4	14	20	10650	2146	16
1077	4	8	10	10660	2492	20
1078	4	14	30	10670	490	20
1079	0	12	30	10680	3276	22
1080	4	8	20	10690	6793	24
1081	0	12	30	10700	1570	23
1082	0	12	20	10710	2763	20
1083	4	14	20	10720	142	23
1084	0	12	30	10730	817	21
1085	3	1	40	10740	427	22
1086	3	1	40	10750	2809	17
1087	4	8	40	10760	3833	25
1088	0	12	10	10770	1897	22
1089	4	14	40	10800	482	20
1090	3	1	10	10809	9515	17
1091	0	12	20	10818	6381	19
1092	4	8	10	10827	4096	23
1093	3	1	30	10836	3367	18
1094	3	1	20	10845	2825	15
1095	4	8	20	10854	9635	17
1096	0	12	10	10863	565	19
1097	4	14	30	10872	8267	22
1098	4	14	40	10881	3558	21
1099	3	1	30	10890	5002	18
1100	4	14	20	10899	1408	21
1101	4	8	10	10908	1219	18
1102	4	14	40	10917	439	20
1103	0	12	40	10926	3746	25
1104	4	8	20	10935	5616	18
1105	0	12	10	10944	6271	24
1106	3	1	30	10953	3591	19
1107	3	1	10	10962	11180	25
1108	3	1	30	10971	1090	25
1109	0	12	20	10980	13629	15
1110	4	8	20	10989	172	24
1111	3	1	10	10998	4286	20
1112	0	12	30	11007	2843	25
1113	3	1	20	11016	4560	21
1114	4	14	40	11025	9667	23
1115	4	8	10	11034	3365	19
1116	0	12	40	11043	2768	15
1117	4	14	30	11052	768	24
1118	0	12	10	11061	2702	16
1119	4	14	40	11070	7915	22
1120	0	12	10	11079	13322	23
1121	3	1	30	11088	1574	24
1122	4	8	30	11097	1799	20
1123	4	8	20	11106	86	16
1124	0	12	20	11115	457	24
1125	4	14	20	11124	2137	23
1126	4	8	10	11133	2625	19
1127	4	14	40	11142	2788	25
1128	3	1	20	11151	47	18
1129	0	12	20	11160	4742	21
1130	4	8	10	11169	3078	24
1131	0	12	30	11178	3122	19
1132	4	8	20	11187	8305	25
1133	4	8	10	11200	2055	17
1134	0	12	20	11214	1217	15
1135	4	14	20	11228	3231	20
1136	4	8	30	11242	997	17
1137	0	12	20	11256	8860	20
1138	4	8	40	11270	1316	20
1139	4	14	20	11284	1998	23
1140	0	12	10	11298	2844	17
1141	4	14	40	11312	3336	17
1142	4	14	10	11326	1897	15
1143	0	12	30	11340	2116	21
1144	4	8	20	11354	297	21
1145	4	14	40	11368	1149	22
1146	0	12	30	11382	1360	20
1147	3	1	30	11396	12942	16
1148	4	14	40	11410	4294	21
1149	4	8	10	11424	11099	21
1150	0	12	20	11438	2114	17
1151	0	12	20	11452	12603	20
1152	4	14	20	11466	1926	20
1153	0	12	40	11480	5198	24
1154	4	8	20	11494	5536	20
1155	0	12	40	11508	14214	23
1156	0	12	20	11522	9233	24
1157	4	8	20	11536	346	19
1158	4	14	30	11550	2772	16
1159	4	8	40	11564	1665	20
1160	4	14	40	11600	1485	19
1161	3	1	40	11614	379	20
1162	4	14	30	11628	10475	22
1163	3	1	20	11642	3143	18
1164	3	1	20	11656	2248	16
1165	4	8	30	11670	2774	19
1166	4	8	40	11684	6110	21
1167	3	1	30	11698	452	22
1168	3	1	10	11712	2164	20
1169	4	14	30	11726	1763	18
1170	4	14	20	11740	1712	17
1171	0	12	30	11754	3752	20
1172	3	1	40	11768	8983	19
1173	0	12	40	11782	411	19
1174	4	14	30	11796	1741	20
1175	0	12	20	11810	2033	21
1176	4	14	20	11824	11801	23
1177	0	12	10	11838	12087	24
1178	4	14	10	11852	11959	20
1179	4	8	20	11866	7817	17
1180	4	14	40	11880	536	18
1181	3	1	20	11894	2940	17
1182	0	12	10	11908	7424	19
1183	4	8	20	11922	308	23
1184	4	14	10	11936	1335	19
1185	4	8	30	11950	3467	18
1186	0	12	20	11964	695	25
1187	4	8	20	11978	637	15
1188	4	14	40	12000	4226	22
1189	4	14	20	12008	1375	18
1190	4	14	40	12016	4241	22
1191	4	14	20	12024	592	23
1192	0	12	30	12032	1983	19
1193	4	14	40	12040	11254	15
1194	0	12	20	12048	346	18
1195	4	8	20	12056	2167	23
1196	4	14	20	12064	4071	20
1197	0	12	40	12072	7171	22
1198	3	1	10	12080	15836	20
1199	0	12	40	12088	3387	17
1200	4	8	10	12096	2515	16
1201	4	8	10	12104	800	23
1202	0	12	20	12112	3130	22
1203	4	14	10	12120	1436	17
1204	4	8	30	12128	3560	19
1205	4	14	30	12136	6477	22
1206	4	8	30	12144	260	16
1207	4	14	30	12152	1338	16
1208	4	8	20	12160	1876	18
1209	4	8	10	12168	1728	24
1210	4	8	30	12176	95	25
1211	4	14	20	12184	11925	25
1212	3	1	20	12192	571	25
1213	4	8	20	12200	4104	24
1214	3	1	10	12208	968	17
1215	0	12	30	12216	6237	16
1216	3	1	40	12224	1133	15
1217	4	8	10	12232	7668	25
1218	3	1	10	12240	1206	25
1219	0	12	40	12248	7596	24
1220	0	12	10	12256	1666	20
1221	4	14	20	12264	4038	20
1222	4	14	30	12272	2425	15
1223	3	1	40	12280	542	16
1224	0	12	30	12288	4854	21
1225	4	14	10	12296	945	19
1226	4	14	40	12304	981	16
1227	3	1	40	12312	12330	19
1228	4	14	20	12320	59	15
1229	4	8	10	12328	10907	23
1230	4	8	10	12336	5706	15
1231	4	14	20	12344	484	16
1232	3	1	40	12352	14075	19
1233	4	14	10	12360	1901	17
1234	4	14	20	12368	1986	15
1235	4	8	40	12400	11547	20
1236	4	8	40	12410	15220	21
1237	4	8	40	12420	3123	16
1238	0	12	30	12430	2652	19
1239	4	14	20	12440	2629	22
1240	4	14	40	12450	2908	17
1241	4	8	40	12460	8322	23
1242	0	12	40	12470	5927	23
1243	3	1	40	12480	1434	24
1244	3	1	40	12490	1244	19
1245	4	14	30	12500	4874	23
1246	4	8	10	12510	18	24
1247	4	14	20	12520	5534	20
1248	0	12	30	12530	5164	23
1249	0	12	40	12540	1388	17
1250	4	14	30	12550	752	22
1251	4	8	10	12560	6160	21
1252	4	8	30	12570	3404	23
1253	4	8	20	12580	559	21
1254	4	14	30	12590	1048	23
1255	3	1	30	12600	7115	22
1256	4	8	20	12610	5187	23
1257	3	1	30	12620	2151	20
1258	3	1	30	12630	3653	22
1259	4	8	30	12640	1904	25
1260	4	14	40	12650	3511	21
1261	4	14	30	12660	460	23
1262	4	14	20	12670	1256	16
1263	4	14	10	12680	2318	21
1264	4	14	40	12690	3576	23
1265	3	1	10	12700	9611	23
1266	4	8	30	12710	15436	20
1267	3	1	10	12720	5621	22
1268	4	8	40	12730	1151	24
1269	0	12	20	12740	1262	22
1270	3	1	30	12750	6684	21
1271	0	12	40	12760	4879	24
1272	4	8	30	12770	1836	21
1273	3	1	40	12780	6031	17
1274	0	12	40	12790	1623	22
1275	4	14	20	12800	2506	22
1276	3	1	30	12813	7947	23
1277	4	8	40	12826	665	16
1278	4	14	40	12839	7850	23
1279	4	8	10	12852	25910	24
1280	3	1	10	12865	922	21
1281	0	12	20	12878	2526	21
1282	4	8	10	12891	1040	21
1283	4	14	20	12904	5113	24
1284	3	1	30	12917	5759	15
1285	4	14	10	12930	14641	20
1286	4	8	30	12943	3115	19
1287	4	8	20	12956	7324	24
1288	0	12	30	12969	640	19
1289	4	8	30	12982	3286	19
1290	0	12	30	12995	981	22
1291	3	1	20	13008	3299	16
1292	3	1	20	13021	11471	20
1293	3	1	10	13034	447	19
1294	4	14	30	13047	9112	16
1295	0	12	20	13060	2095	20
1296	4	8	20	13073	3721	21
1297	4	8	30	13086	1619	16
1298	3	1	40	13099	4956	15
1299	0	12	40	13112	1771	22
1300	4	8	10	13125	5170	18
1301	3	1	40	13138	1149	16
1302	4	8	20	13151	2766	22
1303	0	12	20	13164	2423	15
1304	4	8	20	13177	2625	21
1305	3	1	30	13200	2515	24
1306	0	12	20	13209	2160	15
1307	3	1	40	13218	6328	20
1308	0	12	30	13227	6377	25
1309	4	14	10	13236	5792	15
1310	4	14	10	13245	13803	25
1311	0	12	20	13254	3407	22
1312	4	14	40	13263	3252	23
1313	4	8	20	13272	3669	24
1314	4	14	20	13281	759	19
1315	4	14	20	13290	493	15
1316	4	8	20	13299	8472	16
1317	0	12	10	13308	3176	18
1318	0	12	20	13317	4518	21
1319	0	12	40	13326	3836	18
1320	0	12	20	13335	1838	19
1321	4	14	10	13344	599	22
1322	3	1	30	13353	3734	18
1323	0	12	20	13362	4681	19
1324	0	12	30	13371	218	15
1325	0	12	10	13380	1151	20
1326	4	8	30	13389	5734	19
1327	3	1	20	13398	1217	16
1328	4	14	20	13407	8516	16
1329	0	12	30	13416	10404	17
1330	4	8	40	13425	7864	15
1331	4	8	40	13434	3019	21
1332	4	14	40	13443	2340	16
1333	3	1	10	13452	2786	15
1334	4	14	10	13461	1275	21
1335	4	14	10	13470	12504	20
1336	4	14	10	13479	13908	24
1337	4	8	40	13488	5961	20
1338	4	8	40	13497	1098	17
1339	0	12	10	13506	1405	16
1340	4	14	30	13515	3255	20
1341	3	1	40	13524	5491	24
1342	0	12	40	13533	174	24
1343	0	12	20	13542	1930	18
1344	4	8	30	13551	3586	20
1345	0	12	10	13560	4134	15
1346	4	14	30	13600	21	18
1347	4	8	40	13608	1679	22
1348	4	14	30	13616	10810	15
1349	0	12	10	13624	6085	15
1350	3	1	40	13632	3003	18
1351	4	8	20	13640	236	18
1352	0	12	20	13648	4269	20
1353	4	8	40	13656	393	23
1354	4	14	20	13664	18165	17
1355	4	8	40	13672	3530	21
1356	0	12	20	13680	4119	24
1357	4	8	10	13688	6631	17
1358	4	14	30	13696	2051	15
1359	4	8	10	13704	1051	16
1360	0	12	40	13712	4885	20
1361	4	8	10	13720	673	24
1362	4	14	30	13728	9785	19
1363	4	14	10	13736	8196	23
1364	3	1	20	13744	9415	15
1365	3	1	20	13752	2307	18
1366	0	12	20	13760	559	20
1367	0	12	30	13768	225	22
1368	4	8	20	13776	1586	18
1369	4	14	20	13784	977	24
1370	4	14	20	13792	635	16
1371	0	12	30	13800	443	21
1372	3	1	10	13808	1471	16
1373	0	12	10	13816	1916	20
1374	4	8	20	13824	246	24
1375	3	1	30	13832	3889	21
1376	3	1	20	13840	405	23
1377	4	8	20	13848	1014	25
1378	3	1	40	13856	411	25
1379	0	12	30	13864	2102	25
1380	0	12	30	13872	1123	16
1381	0	12	40	13880	2170	22
1382	3	1	30	13888	1598	16
1383	3	1	10	13896	419	15
1384	4	8	30	13904	2028	24
1385	0	12	20	13912	6487	23
1386	4	8	20	13920	8282	16
1387	4	8	40	13928	1718	18
1388	3	1	30	13936	2873	24
1389	4	8	20	13944	4641	25
1390	3	1	40	13952	1502	22
1391	4	8	40	13960	695	22
1392	3	1	10	13968	1870	20
1393	0	12	40	13976	36	15
1394	4	14	20	13984	3576	22
1395	4	8	20	13992	2055	21
1396	3	1	20	14000	7165	20
1397	0	12	30	14008	753	16
1398	3	1	40	14016	2599	18
1399	4	14	10	14024	667	17
1400	4	14	30	14032	2884	20
1401	3	1	40	14040	12025	22
1402	0	12	20	14048	62	19
1403	0	12	20	14056	5037	16
1404	0	12	40	14064	4028	25
1405	3	1	10	14072	2200	23
1406	3	1	20	14080	5539	17
1407	0	12	10	14088	1288	15
1408	0	12	30	14096	137	25
1409	4	8	40	14104	1832	22
1410	3	1	20	14112	2693	24
1411	4	14	10	14120	2171	24
1412	3	1	20	14128	4975	18
1413	3	1	10	14136	19548	15
1414	0	12	20	14144	17117	15
1415	0	12	40	14152	1349	23
1416	3	1	30	14160	6987	22
1417	4	8	20	14168	6725	18
1418	3	1	20	14176	2565	24
1419	3	1	40	14184	432	18
1420	4	8	40	14192	3324	16
1421	4	14	20	14200	6077	17
1422	4	8	40	14208	3126	23
1423	4	14	10	14216	4095	18
1424	0	12	20	14224	9359	17
1425	4	8	20	14232	17446	19
1426	3	1	30	14240	5260	16
1427	3	1	20	14248	1419	15
1428	0	12	40	14256	6234	23
1429	0	12	40	14264	4292	17
1430	4	14	10	14272	6214	15
1431	4	8	40	14280	10344	22
1432	4	14	20	14288	5483	21
1433	3	1	30	14296	11529	22
1434	4	8	10	14304	9016	19
1435	4	8	40	14312	1394	19
1436	4	14	20	14320	2066	18
1437	3	1	10	14328	3799	15
1438	4	8	10	14336	2500	15
1439	4	14	20	14344	14703	16
1440	3	1	10	14352	217	20
1441	0	12	20	14360	3649	15
1442	4	8	20	14400	1516	19
1443	4	8	40	14409	625	17
1444	4	14	40	14418	875	16
1445	4	14	40	14427	8984	23
1446	4	14	30	14436	2375	18
1447	4	14	40	14445	1918	19
1448	4	14	20	14454	92	25
1449	3	1	20	14463	1453	24
1450	3	1	40	14472	3433	25
1451	4	8	40	14481	78	16
1452	3	1	10	14490	4792	17
1453	4	14	10	14499	1882	15
1454	3	1	20	14508	3559	15
1455	0	12	10	14517	5276	18
1456	0	12	10	14526	2098	25
1457	4	8	10	14535	1877	15
1458	4	14	40	14544	6695	24
1459	4	14	30	14553	4170	20
1460	0	12	30	14562	4703	22
1461	4	14	10	14571	2397	16
1462	4	14	10	14580	2660	17
1463	4	14	30	14589	1884	22
1464	3	1	30	14598	3460	21
1465	0	12	30	14607	3332	16
1466	4	14	30	14616	4469	18
1467	0	12	30	14625	5839	21
1468	4	8	40	14634	410	22
1469	4	14	30	14643	4707	22
1470	4	8	30	14652	8582	20
1471	0	12	20	14661	955	22
1472	4	14	20	14670	1717	17
1473	4	14	10	14679	2762	23
1474	0	12	40	14688	204	23
1475	0	12	20	14697	13522	16
1476	4	8	10	14706	2506	23
1477	0	12	10	14715	2026	21
1478	0	12	10	14724	2348	17
1479	0	12	30	14733	38	20
1480	3	1	30	14742	3100	15
1481	3	1	30	14751	1726	22
1482	3	1	10	14760	1290	16
1483	4	8	30	14769	2654	25
1484	4	8	10	14778	341	18
1485	4	8	20	14800	5864	24
1486	4	14	30	14812	1027	19
1487	4	14	20	14824	1852	21
1488	0	12	10	14836	1752	22
1489	4	8	40	14848	708	16
1490	0	12	40	14860	8694	20
1491	3	1	10	14872	116	18
1492	3	1	10	14884	6452	16
1493	3	1	30	14896	6801	20
1494	3	1	30	14908	1331	20
1495	3	1	10	14920	3684	19
1496	4	8	20	14932	477	23
1497	4	8	30	14944	11243	22
1498	3	1	10	14956	3337	22
1499	3	1	20	14968	3991	25
1500	4	14	10	14980	1000	19
1501	3	1	40	14992	4559	23
1502	3	1	10	15004	1333	23
1503	0	12	30	15016	1609	18
1504	4	8	40	15028	2190	19
1505	3	1	30	15040	1808	17
1506	4	8	20	15052	4438	25
1507	4	14	10	15064	890	20
1508	4	14	20	15076	1575	17
1509	3	1	40	15088	3905	25
1510	3	1	10	15100	1242	21
1511	4	14	40	15112	43	18
1512	4	8	40	15124	10667	23
1513	3	1	20	15136	6498	18
1514	0	12	40	15148	457	20
1515	3	1	40	15160	1667	25
1516	0	12	10	15172	769	15
1517	4	8	30	15184	3	18
1518	3	1	30	15200	1391	19
1519	0	12	20	15209	6640	22
1520	4	8	10	15218	1655	23
1521	0	12	20	15227	1438	23
1522	4	14	30	15236	2131	24
1523	4	14	10	15245	10935	20
1524	3	1	40	15254	6549	17
1525	4	14	20	15263	7702	16
1526	4	8	10	15272	2122	20
1527	4	8	40	15281	3034	22
1528	0	12	20	15290	971	18
1529	4	8	30	15299	2375	19
1530	4	14	10	15308	7678	18
1531	4	14	30	15317	2984	15
1532	3	1	40	15326	7127	24
1533	3	1	40	15335	6700	18
1534	4	8	30	15344	6207	16
1535	4	14	40	15353	7843	18
1536	0	12	30	15362	277	25
1537	3	1	20	15371	11572	24
1538	0	12	30	15380	261	20
1539	3	1	30	15389	5065	15
1540	0	12	40	15398	416	25
1541	4	14	30	15407	109	25
1542	4	14	40	15416	184	18
1543	4	8	10	15425	5258	23
1544	3	1	40	15434	9028	20
1545	0	12	40	15443	8335	16
1546	0	12	10	15452	413	20
1547	4	14	40	15461	24322	24
1548	4	8	30	15470	4941	15
1549	0	12	40	15479	11410	20
1550	4	8	10	15488	2226	18
1551	4	14	30	15497	474	20
1552	4	14	40	15506	4153	18
1553	3	1	40	15515	5641	25
1554	0	12	20	15524	1384	17
1555	4	14	30	15533	10063	22
1556	3	1	20	15542	1242	24
1557	3	1	40	15551	1714	17
1558	4	8	40	15560	2983	16
1559	3	1	30	15569	3351	17
1560	4	8	20	15578	12148	22
1561	0	12	30	15587	596	17
1562	3	1	30	15600	16532	16
1563	3	1	30	15610	8409	24
1564	3	1	40	15620	5877	21
1565	4	14	30	15630	5408	21
1566	4	8	10	15640	788	20
1567	4	14	10	15650	501	20
1568	4	8	40	15660	59	17
1569	0	12	10	15670	1144	16
1570	4	8	20	15680	1280	15
1571	3	1	30	15690	1047	17
1572	4	8	10	15700	11089	23
1573	4	14	10	15710	3429	18
1574	0	12	20	15720	4965	22
1575	4	8	20	15730	1495	23
1576	0	12	20	15740	1188	19
1577	3	1	20	15750	4578	16
1578	4	8	10	15760	161	15
1579	4	8	10	15770	10634	15
1580	3	1	10	15780	5642	22
1581	4	8	10	15790	2137	22
1582	4	14	10	15800	6913	22
1583	0	12	30	15810	1276	24
1584	0	12	30	15820	84	15
1585	0	12	30	15830	5412	23
1586	0	12	30	15840	8472	23
1587	4	14	40	15850	315	24
1588	4	8	30	15860	2937	16
1589	3	1	40	15870	8128	19
1590	0	12	20	15880	3587	19
1591	3	1	30	15890	5070	23
1592	0	12	20	15900	2171	22
1593	3	1	10	15910	2740	18
1594	4	8	10	15920	5811	19
1595	0	12	20	15930	12904	23
1596	0	12	40	15940	175	23
1597	4	8	20	15950	732	20
1598	3	1	20	15960	13023	16
1599	4	14	20	15970	669	25
1600	3	1	30	15980	4769	22
1601	4	8	10	15990	15734	15
1602	3	1	10	16000	16262	21
1603	4	8	30	16012	2468	25
1604	3	1	20	16024	4415	20
1605	4	14	20	16036	874	16
1606	4	8	30	16048	765	22
1607	4	14	30	16060	291	25
1608	4	8	20	16072	183	18
1609	3	1	40	16084	15777	19
1610	3	1	20	16096	4341	17
1611	0	12	10	16108	3521	22
1612	0	12	30	16120	1477	16
1613	0	12	40	16132	3623	15
1614	4	14	20	16144	6672	21
1615	0	12	10	16156	3089	25
1616	0	12	20	16168	1520	20
1617	3	1	40	16180	4961	18
1618	4	8	40	16192	7775	23
1619	3	1	20	16204	115	23
1620	3	1	40	16216	7908	23
1621	3	1	10	16228	435	21
1622	4	8	20	16240	3641	18
1623	4	14	40	16252	630	24
1624	4	14	30	16264	4275	23
1625	4	14	30	16276	3241	18
1626	4	8	10	16288	6676	20
1627	4	14	40	16300	2330	20
1628	3	1	10	16312	6634	25
1629	0	12	10	16324	5556	24
1630	4	8	30	16336	1252	25
1631	4	14	40	16348	375	25
1632	4	14	40	16360	5094	15
1633	4	8	40	16372	8672	15
1634	3	1	20	16400	1063	19
1635	0	12	40	16410	5976	21
1636	3	1	10	16420	2256	16
1637	3	1	30	16430	1797	23
1638	4	8	10	16440	3713	18
1639	0	12	20	16450	6962	25
1640	3	1	10	16460	3350	16
1641	0	12	40	16470	6631	24
1642	4	8	20	16480	125	21
1643	4	14	40	16490	3102	22
1644	4	14	30	16500	926	16
1645	0	12	20	16510	27	22
1646	4	8	10	16520	2108	21
1647	0	12	30	16530	6928	22
1648	3	1	40	16540	4615	23
1649	4	8	40	16550	1035	19
1650	4	14	40	16560	4132	17
1651	3	1	40	16570	1615	20
1652	4	14	30	16580	1486	22
1653	0	12	10	16590	10817	18
1654	0	12	20	16600	1384	16
1655	0	12	30	16610	3598	15
1656	0	12	40	16620	1930	22
1657	4	14	10	16630	7254	23
1658	4	8	40	16640	6515	17
1659	4	14	40	16650	480	17
1660	4	8	10	16660	1943	22
1661	3	1	30	16670	5278	17
1662	4	8	30	16680	1208	25
1663	4	8	20	16690	1393	20
1664	4	8	10	16700	4975	19
1665	4	14	20	16710	3399	18
1666	4	8	10	16720	8016	22
1667	4	14	40	16730	2201	16
1668	4	8	20	16740	1799	21
1669	3	1	30	16750	145	25
1670	4	8	10	16760	452	24
1671	4	8	40	16770	12333	23
1672	0	12	40	16780	447	25
1673	0	12	20	16800	131	24
1674	0	12	20	16809	2472	22
1675	3	1	40	16818	213	25
1676	0	12	30	16827	300	25
1677	3	1	30	16836	239	21
1678	4	14	20	16845	11201	22
1679	4	14	10	16854	4197	15
1680	3	1	30	16863	629	23
1681	0	12	30	16872	17869	24
1682	4	8	10	16881	5657	23
1683	4	8	10	16890	3484	20
1684	0	12	10	16899	450	21
1685	3	1	30	16908	11038	20
1686	4	14	20	16917	6043	17
1687	4	14	40	16926	6187	22
1688	4	8	20	16935	3596	24
1689	3	1	40	16944	4087	18
1690	0	12	10	16953	1995	24
1691	4	14	10	16962	3607	18
1692	4	8	30	16971	3266	21
1693	3	1	20	16980	2706	16
1694	4	14	20	16989	2318	18
1695	4	14	20	16998	7196	24
1696	4	14	20	17007	3183	24
1697	0	12	10	17016	5336	16
1698	4	8	30	17025	7037	18
1699	0	12	10	17034	4022	24
1700	3	1	20	17043	610	15
1701	3	1	10	17052	17206	19
1702	4	14	20	17061	2470	15
1703	4	14	10	17070	4184	23
1704	0	12	40	17079	516	21
1705	3	1	10	17088	4683	19
1706	4	8	10	17097	1026	20
1707	4	14	10	17106	1303	24
1708	4	14	40	17115	2554	21
1709	3	1	20	17124	1100	17
1710	0	12	40	17133	2943	15
1711	4	8	10	17142	1570	16
1712	4	14	30	17151	9119	15
1713	4	8	40	17160	669	16
1714	0	12	10	17169	13697	20
1715	0	12	30	17178	2018	24
1716	4	8	30	17200	14890	20
1717	0	12	20	17209	4546	19
1718	0	12	20	17218	831	24
1719	3	1	30	17227	5967	25
1720	0	12	40	17236	6304	15
1721	3	1	10	17245	325	25
1722	4	8	20	17254	7091	17
1723	3	1	20	17263	5124	18
1724	3	1	20	17272	4120	16
1725	4	8	10	17281	2875	20
1726	0	12	10	17290	2017	17
1727	3	1	20	17299	3810	24
1728	4	8	10	17308	3590	21
1729	0	12	40	17317	3939	24
1730	3	1	30	17326	2798	15
1731	4	14	30	17335	1636	24
1732	0	12	40	17344	1046	18
1733	3	1	10	17353	1455	24
1734	4	8	30	17362	2838	15
1735	0	12	20	17371	693	18
1736	4	8	10	17380	3001	23
1737	4	8	40	17389	457	25
1738	0	12	20	17398	2467	25
1739	3	1	10	17407	2156	16
1740	4	8	30	17416	4956	25
1741	0	12	10	17425	2781	19
1742	4	14	10	17434	1513	16
1743	3	1	40	17443	1739	22
1744	4	8	10	17452	507	17
1745	4	14	40	17461	282	23
1746	4	14	20	17470	4769	18
1747	4	14	40	17479	2070	19
1748	4	8	10	17488	2971	22
1749	3	1	40	17497	178	20
1750	3	1	30	17506	7828	18
1751	4	14	40	17515	8150	20
1752	4	14	40	17524	3185	17
1753	4	14	10	17533	216	18
1754	0	12	20	17542	7355	23
1755	4	14	20	17551	262	15
1756	0	12	40	17560	679	17
1757	0	12	40	17569	5364	23
1758	4	8	40	17578	22	21
1759	3	1	30	17600	3751	16
1760	4	8	10	17610	1391	16
1761	4	14	40	17620	3787	22
1762	4	8	10	17630	4629	18
1763	4	14	40	17640	7471	23
1764	4	14	40	17650	5345	17
1765	0	12	20	17660	818	17
1766	4	8	20	17670	396	23
1767	0	12	20	17680	3593	17
1768	0	12	10	17690	4151	16
1769	0	12	40	17700	6605	16
1770	4	14	20	17710	8112	15
1771	4	14	40	17720	8089	20
1772	4	14	40	17730	987	20
1773	3	1	10	17740	5895	22
1774	4	8	10	17750	267	25
1775	0	12	30	17760	1381	22
1776	4	14	40	17770	5759	24
1777	3	1	20	17780	2596	21
1778	0	12	20	17790	3695	15
1779	4	14	30	17800	3422	18
1780	4	8	30	17810	6774	17
1781	4	8	20	17820	19330	24
1782	0	12	10	17830	377	17
1783	4	14	20	17840	3183	16
1784	4	8	20	17850	5840	20
1785	4	14	40	17860	4016	21
1786	4	14	40	17870	6182	21
1787	4	8	40	17880	781	15
1788	3	1	40	17890	2494	15
1789	4	8	20	17900	2353	15
1790	4	14	30	17910	11	16
1791	0	12	20	17920	6230	15
1792	0	12	10	17930	432	18
1793	4	8	30	17940	7638	24
1794	0	12	40	17950	524	25
1795	4	8	30	17960	414	18
1796	3	1	10	17970	6759	15
1797	0	12	20	17980	2535	18
1798	4	14	10	18000	3822	19
1799	4	8	40	18009	10883	15
1800	4	8	30	18018	14544	15
1801	4	14	40	18027	438	15
1802	3	1	30	18036	5679	17
1803	4	8	20	18045	5035	20
1804	4	14	30	18054	770	19
1805	4	14	40	18063	18876	24
1806	4	14	40	18072	4209	15
1807	4	8	30	18081	6021	21
1808	4	8	10	18090	17738	18
1809	0	12	30	18099	3184	15
1810	0	12	20	18108	1429	16
1811	4	8	20	18117	4542	21
1812	4	14	20	18126	582	22
1813	3	1	10	18135	2253	18
1814	4	8	10	18144	6287	25
1815	0	12	40	18153	1436	18
1816	3	1	30	18162	2952	19
1817	3	1	40	18171	588	17
1818	4	8	20	18180	323	17
1819	0	12	10	18189	437	21
1820	0	12	20	18198	2031	21
1821	4	14	20	18207	9953	22
1822	3	1	20	18216	551	16
1823	4	14	40	18225	897	16
1824	0	12	10	18234	6545	15
1825	3	1	40	18243	329	25
1826	3	1	30	18252	5795	16
1827	4	8	20	18261	1828	22
1828	3	1	10	18270	4177	22
1829	4	14	20	18279	13563	21
1830	4	8	30	18288	2589	21
1831	4	14	30	18297	1389	20
1832	4	14	20	18306	7925	16
1833	4	14	30	18315	4420	15
1834	4	8	40	18324	3678	18
1835	3	1	30	18333	4984	16
1836	4	14	30	18342	1065	21
1837	4	14	30	18351	1873	22
1838	0	12	40	18360	1871	22
1839	3	1	30	18400	5996	22
1840	4	14	40	18409	16224	21
1841	3	1	10	18418	35	15
1842	0	12	30	18427	839	22
1843	3	1	20	18436	9860	25
1844	0	12	40	18445	623	24
1845	3	1	20	18454	1566	20
1846	4	8	10	18463	4244	19
1847	3	1	40	18472	4456	15
1848	0	12	30	18481	245	24
1849	0	12	10	18490	6882	22
1850	4	14	10	18499	3434	24
1851	0	12	20	18508	4540	24
1852	3	1	40	18517	1988	16
1853	3	1	10	18526	2868	24
1854	0	12	20	18535	3070	20
1855	4	8	10	18544	233	18
1856	0	12	30	18553	14756	24
1857	3	1	40	18562	3258	16
1858	0	12	20	18571	9664	19
1859	0	12	30	18580	404	20
1860	4	8	10	18589	1024	22
1861	4	8	30	18598	1336	19
1862	3	1	20	18607	556	24
1863	4	8	40	18616	88	22
1864	3	1	40	18625	300	19
1865	4	8	40	18634	27	21
1866	4	8	10	18643	6785	19
1867	4	14	30	18652	2514	22
1868	0	12	20	18661	7072	15
1869	4	14	20	18670	333	23
1870	0	12	10	18679	281	22
1871	3	1	40	18688	641	23
1872	3	1	40	18697	5760	20
1873	4	14	40	18706	1432	20
1874	0	12	10	18715	515	15
1875	3	1	10	18724	1973	20
1876	4	14	40	18733	5202	15
1877	0	12	10	18742	962	16
1878	3	1	10	18751	233	17
1879	3	1	40	18760	2624	21
1880	4	8	40	18769	2214	21
1881	4	14	40	18778	391	16
1882	4	8	30	18800	1469	23
1883	3	1	10	18810	7019	15
1884	4	14	20	18820	1977	23
1885	4	8	20	18830	6398	23
1886	0	12	30	18840	9280	19
1887	4	8	10	18850	1725	18
1888	4	14	20	18860	570	20
1889	4	14	40	18870	3146	25
1890	4	8	10	18880	5347	17
1891	0	12	40	18890	4515	20
1892	3	1	20	18900	2488	18
1893	4	14	10	18910	1300	17
1894	0	12	20	18920	3200	15
1895	4	8	10	18930	4797	16
1896	0	12	40	18940	8441	17
1897	3	1	40	18950	733	25
1898	4	14	20	18960	7397	20
1899	4	14	40	18970	590	17
1900	0	12	20	18980	2832	15
1901	4	8	20	18990	829	22
1902	3	1	30	19000	7392	15
1903	0	12	20	19010	15549	16
1904	4	14	10	19020	5594	25
1905	4	8	10	19030	2236	16
1906	4	8	20	19040	9883	18
1907	4	14	10	19050	380	21
1908	3	1	40	19060	1983	23
1909	3	1	10	19070	633	25
1910	3	1	20	19080	1596	18
1911	0	12	20	19090	5729	23
1912	0	12	30	19100	2775	24
1913	3	1	30	19110	2245	24
1914	4	14	40	19120	4445	24
1915	4	8	10	19130	569	21
1916	0	12	40	19140	15029	22
1917	0	12	20	19150	1443	24
1918	4	8	20	19160	3996	25
1919	4	8	30	19170	1282	22
1920	0	12	10	19200	444	17
1921	0	12	40	19208	2511	16
1922	4	14	20	19216	1624	16
1923	4	8	20	19224	1340	15
1924	4	8	10	19232	1678	21
1925	0	12	20	19240	1986	17
1926	4	14	30	19248	4618	19
1927	4	14	40	19256	2657	18
1928	3	1	20	19264	5550	20
1929	3	1	40	19272	2194	24
1930	4	8	20	19280	2859	18
1931	4	8	40	19288	3285	15
1932	4	8	30	19296	1855	22
1933	3	1	10	19304	10074	15
1934	4	8	20	19312	14555	20
1935	4	14	20	19320	1086	24
1936	4	8	20	19328	1155	15
1937	0	12	20	19336	1589	21
1938	4	14	40	19344	307	15
1939	3	1	10	19352	13058	21
1940	4	14	10	19360	8566	20
1941	4	8	30	19368	6665	23
1942	3	1	20	19376	12816	21
1943	4	8	20	19384	17225	20
1944	4	8	30	19392	971	22
1945	4	8	40	19400	14938	20
1946	0	12	10	19408	775	21
1947	0	12	40	19416	137	19
1948	4	14	10	19424	3733	18
1949	4	14	20	19432	2166	20
1950	4	8	20	19440	5120	20
1951	4	14	30	19448	3431	18
1952	0	12	30	19456	3068	25
1953	3	1	40	19464	3360	24
1954	3	1	40	19472	130	15
1955	4	14	20	19480	167	25
1956	4	8	10	19488	7684	20
1957	0	12	10	19496	3263	15
1958	4	14	10	19504	4051	20
1959	3	1	30	19512	1795	23
1960	4	8	30	19520	5440	23
1961	3	1	20	19528	2248	15
1962	0	12	30	19536	1664	16
1963	0	12	40	19544	13848	24
1964	0	12	40	19552	4039	22
1965	0	12	30	19560	5859	17
1966	4	14	30	19600	1978	15
1967	4	8	30	19611	3479	24
1968	0	12	10	19622	2433	19
1969	0	12	30	19633	2269	25
1970	4	14	40	19644	8540	20
1971	0	12	30	19655	4185	15
1972	4	8	20	19666	1039	23
1973	4	14	10	19677	4434	19
1974	4	8	20	19688	1988	17
1975	4	14	20	19699	1393	19
1976	3	1	30	19710	2828	20
1977	3	1	10	19721	1705	21
1978	4	14	40	19732	286	19
1979	4	14	20	19743	1826	15
1980	0	12	20	19754	969	22
1981	4	14	40	19765	4212	15
1982	4	14	30	19776	8438	25
1983	4	14	10	19787	1615	15
1984	0	12	30	19798	4819	18
1985	3	1	30	19809	10920	25
1986	0	12	20	19820	98	15
1987	3	1	40	19831	6493	23
1988	4	14	10	19842	8732	15
1989	4	8	40	19853	10788	20
1990	4	8	20	19864	1940	19
1991	0	12	10	19875	4724	15
1992	0	12	10	19886	4697	16
1993	0	12	10	19897	4984	18
1994	0	12	30	19908	985	24
1995	4	8	30	19919	2409	20
1996	0	12	10	19930	2545	22
1997	3	1	20	19941	18742	22
1998	4	8	20	19952	1728	24
1999	0	12	10	19963	2367	19
