0	1	11	80	0	4862	92
1	4	7	160	12	488	73
2	4	7	120	24	2394	81
3	3	16	160	36	16237	96
4	4	7	120	48	8993	108
5	4	7	160	60	1837	87
6	4	7	160	72	9472	106
7	0	18	80	84	5041	85
8	0	18	120	96	1941	110
9	0	18	160	108	3368	84
10	0	18	40	120	3522	102
11	3	16	120	132	2101	70
12	1	11	80	144	4305	95
13	3	16	80	156	1445	82
14	4	7	160	168	5996	102
15	1	11	40	180	6608	70
16	4	7	80	192	20178	75
17	1	11	40	204	429	110
18	3	16	40	216	2284	80
19	4	7	80	228	3091	99
20	0	18	80	240	11311	94
21	0	18	120	252	1758	96
22	4	7	40	264	13882	82
23	3	16	160	276	6254	95
24	1	11	80	288	3397	102
25	4	7	160	300	542	73
26	3	16	40	312	16434	75
27	4	7	80	324	15305	78
28	4	7	120	336	2392	109
29	1	11	40	348	2099	111
30	4	7	40	360	7728	88
31	1	11	120	372	8185	85
32	3	16	120	384	8032	79
33	4	7	160	400	6486	81
34	4	7	160	409	15975	77
35	3	16	160	418	2562	79
36	3	16	160	427	992	73
37	0	18	120	436	6934	97
38	0	18	120	445	1622	99
39	3	16	80	454	8734	82
40	4	7	120	463	6453	111
41	3	16	120	472	3619	95
42	4	7	40	481	3948	69
43	0	18	80	490	8651	72
44	0	18	160	499	1856	77
45	4	7	40	508	5335	70
46	0	18	120	517	92	110
47	0	18	160	526	18149	76
48	3	16	40	535	2692	97
49	0	18	160	544	2075	89
50	0	18	160	553	2117	103
51	1	11	80	562	2283	101
52	3	16	40	571	12475	90
53	1	11	120	580	11560	83
54	4	7	40	589	3781	100
55	1	11	160	598	1709	107
56	0	18	120	607	631	103
57	0	18	160	616	4312	98
58	0	18	80	625	2113	106
59	0	18	160	634	5836	103
60	0	18	160	643	1943	80
61	0	18	120	652	10532	97
62	1	11	160	661	1238	88
63	4	7	120	670	14962	110
64	1	11	160	679	5008	107
65	3	16	80	688	5016	86
66	4	7	40	697	3130	102
67	1	11	80	706	7773	82
68	3	16	120	715	1552	73
69	1	11	40	724	1447	91
70	4	7	40	733	3552	108
71	4	7	120	742	746	90
72	1	11	120	751	5850	79
73	0	18	120	760	3174	110
74	4	7	120	769	5351	99
75	1	11	120	800	1695	110
76	1	11	80	810	5212	95
77	4	7	160	820	350	78
78	3	16	160	830	2174	87
79	1	11	80	840	7227	100
80	4	7	80	850	439	74
81	3	16	80	860	20646	110
82	1	11	80	870	2680	92
83	4	7	120	880	185	88
84	0	18	40	890	23769	76
85	3	16	120	900	2179	98
86	4	7	120	910	9861	107
87	0	18	160	920	10169	108
88	0	18	120	930	847	93
89	3	16	160	940	4018	81
90	3	16	40	950	1583	88
91	1	11	40	960	3283	87
92	4	7	80	970	2130	103
93	0	18	120	980	3337	107
94	1	11	120	990	2792	70
95	4	7	40	1000	8243	83
96	1	11	120	1010	1596	76
97	4	7	120	1020	4211	70
98	3	16	120	1030	749	77
99	1	11	80	1040	4276	103
100	4	7	40	1050	861	79
101	3	16	40	1060	726	96
102	3	16	40	1070	4406	71
103	0	18	40	1080	824	74
104	1	11	120	1090	6777	92
105	1	11	40	1100	1101	82
106	4	7	160	1110	4394	91
107	1	11	80	1120	2097	92
108	3	16	40	1130	927	95
109	3	16	120	1140	1236	101
110	0	18	80	1150	3864	81
111	1	11	160	1160	257	94
112	3	16	160	1170	1100	79
113	4	7	40	1180	3418	74
114	0	18	120	1200	4356	98
115	3	16	80	1214	1980	81
116	4	7	80	1228	2317	73
117	3	16	80	1242	998	111
118	4	7	80	1256	15431	103
119	4	7	40	1270	1392	77
120	4	7	160	1284	6430	91
121	4	7	40	1298	3886	106
122	1	11	160	1312	4384	101
123	4	7	120	1326	4657	104
124	4	7	160	1340	15051	72
125	1	11	40	1354	116	90
126	4	7	80	1368	5662	99
127	0	18	160	1382	904	84
128	3	16	160	1396	185	108
129	0	18	120	1410	8007	85
130	4	7	40	1424	65	103
131	1	11	160	1438	321	93
132	0	18	80	1452	9766	70
133	1	11	80	1466	5752	96
134	3	16	80	1480	4110	89
135	0	18	40	1494	11121	90
136	4	7	40	1508	1581	108
137	0	18	40	1522	1439	87
138	1	11	160	1536	1040	108
139	3	16	40	1550	5652	106
140	3	16	160	1564	5601	76
141	1	11	40	1600	2828	83
142	3	16	160	1614	5013	81
143	1	11	40	1628	10357	104
144	3	16	120	1642	57	69
145	1	11	80	1656	1229	105
146	4	7	40	1670	1539	76
147	0	18	40	1684	7290	97
148	4	7	160	1698	9306	78
149	3	16	80	1712	474	100
150	0	18	160	1726	2268	79
151	4	7	80	1740	458	76
152	0	18	80	1754	4461	79
153	4	7	80	1768	8381	111
154	1	11	120	1782	7780	80
155	0	18	160	1796	3396	85
156	1	11	40	1810	2774	106
157	3	16	80	1824	15602	79
158	1	11	80	1838	939	71
159	4	7	120	1852	6198	70
160	1	11	160	1866	2642	94
161	3	16	160	1880	2495	75
162	3	16	120	1894	1802	95
163	3	16	80	1908	1673	79
164	4	7	80	1922	1148	109
165	4	7	120	1936	3125	99
166	0	18	120	1950	646	93
167	1	11	80	1964	2599	95
168	1	11	160	1978	10779	96
169	4	7	80	2000	5171	76
170	3	16	40	2010	264	85
171	4	7	40	2020	592	97
172	0	18	80	2030	19219	72
173	0	18	80	2040	1005	109
174	0	18	80	2050	3109	70
175	3	16	120	2060	1385	76
176	0	18	80	2070	9502	94
177	4	7	120	2080	5402	109
178	1	11	40	2090	4477	103
179	1	11	80	2100	4981	78
180	1	11	160	2110	4939	83
181	4	7	40	2120	10045	70
182	0	18	40	2130	1427	74
183	0	18	120	2140	10828	76
184	4	7	160	2150	2262	75
185	4	7	120	2160	9546	95
186	0	18	120	2170	2076	83
187	0	18	160	2180	146	70
188	4	7	160	2190	9440	84
189	1	11	80	2200	289	73
190	4	7	40	2210	2303	95
191	1	11	120	2220	1703	97
192	3	16	160	2230	389	85
193	1	11	80	2240	2329	106
194	0	18	40	2250	1275	80
195	4	7	160	2260	1366	69
196	3	16	120	2270	622	100
197	0	18	120	2280	1864	70
198	3	16	120	2290	4498	106
199	4	7	40	2300	2555	81
200	0	18	160	2310	490	81
201	3	16	120	2320	7370	92
202	4	7	80	2330	9455	70
203	0	18	80	2340	778	70
204	4	7	40	2350	196	84
205	0	18	120	2360	1399	93
206	4	7	160	2370	495	73
207	0	18	160	2380	2390	81
208	4	7	40	2390	1641	110
209	4	7	160	2400	3323	73
210	4	7	120	2408	4376	102
211	1	11	80	2416	5696	109
212	0	18	80	2424	1462	87
213	4	7	160	2432	2750	104
214	3	16	120	2440	327	99
215	3	16	160	2448	3326	93
216	1	11	160	2456	716	70
217	3	16	160	2464	2245	87
218	3	16	80	2472	9628	73
219	4	7	160	2480	1671	82
220	3	16	160	2488	590	84
221	0	18	120	2496	480	91
222	1	11	120	2504	3397	80
223	4	7	80	2512	7937	91
224	0	18	80	2520	1357	93
225	1	11	120	2528	5050	99
226	1	11	80	2536	183	81
227	3	16	160	2544	3197	78
228	4	7	40	2552	11918	98
229	0	18	80	2560	1156	69
230	4	7	40	2568	643	88
231	4	7	120	2576	3059	92
232	1	11	40	2584	271	71
233	3	16	40	2592	899	91
234	1	11	80	2600	3632	108
235	4	7	40	2608	8086	102
236	4	7	120	2616	51	111
237	0	18	120	2624	525	73
238	0	18	120	2632	8659	104
239	3	16	40	2640	588	93
240	4	7	120	2648	6273	91
241	0	18	120	2656	12412	71
242	1	11	120	2664	4808	72
243	0	18	160	2672	1669	79
244	1	11	160	2680	2075	83
245	1	11	120	2688	4538	97
246	0	18	80	2696	165	79
247	3	16	160	2704	3620	92
248	4	7	120	2712	1803	75
249	3	16	40	2720	4929	98
250	1	11	160	2728	535	111
251	0	18	120	2736	5015	81
252	3	16	40	2744	2483	109
253	4	7	160	2752	1623	92
254	0	18	40	2760	1631	109
255	0	18	40	2768	8	102
256	0	18	40	2776	1255	81
257	0	18	40	2784	177	90
258	4	7	40	2792	8798	88
259	3	16	120	2800	1607	96
260	4	7	80	2810	1152	80
261	1	11	40	2820	3339	106
262	0	18	160	2830	2778	95
263	3	16	160	2840	357	109
264	4	7	160	2850	2150	97
265	0	18	160	2860	559	79
266	0	18	80	2870	4731	106
267	1	11	80	2880	442	108
268	3	16	120	2890	9232	107
269	3	16	120	2900	947	109
270	3	16	40	2910	3209	93
271	1	11	80	2920	166	108
272	1	11	80	2930	3143	95
273	4	7	80	2940	5933	91
274	4	7	40	2950	3194	103
275	1	11	80	2960	804	82
276	3	16	40	2970	2136	87
277	1	11	160	2980	1050	70
278	1	11	120	2990	2448	77
279	4	7	160	3000	3758	107
280	0	18	40	3010	4513	89
281	3	16	80	3020	2386	101
282	3	16	80	3030	830	71
283	1	11	160	3040	1101	111
284	3	16	80	3050	538	69
285	4	7	80	3060	2275	75
286	1	11	120	3070	298	94
287	3	16	40	3080	5267	90
288	1	11	160	3090	8053	93
289	1	11	40	3100	3611	74
290	3	16	40	3110	3647	90
291	4	7	120	3120	13956	89
292	1	11	120	3130	1066	96
293	3	16	160	3140	3232	77
294	3	16	160	3150	8700	82
295	3	16	120	3160	1022	96
296	4	7	160	3170	2423	87
297	3	16	160	3180	3807	74
298	0	18	160	3200	10385	93
299	1	11	160	3209	1281	73
300	0	18	40	3218	16765	102
301	3	16	40	3227	10982	82
302	4	7	80	3236	4748	97
303	1	11	40	3245	659	78
304	4	7	40	3254	681	74
305	0	18	120	3263	352	72
306	3	16	80	3272	746	97
307	3	16	120	3281	4677	87
308	4	7	160	3290	6122	101
309	3	16	120	3299	663	96
310	1	11	40	3308	3550	84
311	3	16	40	3317	156	80
312	3	16	120	3326	3524	82
313	4	7	80	3335	1313	92
314	3	16	80	3344	4251	75
315	1	11	160	3353	6457	91
316	4	7	120	3362	1902	104
317	4	7	160	3371	1204	96
318	4	7	80	3380	12828	109
319	0	18	120	3389	16055	90
320	3	16	40	3398	241	96
321	3	16	40	3407	13038	85
322	0	18	80	3416	1089	84
323	0	18	80	3425	1460	101
324	4	7	80	3434	3794	88
325	3	16	120	3443	3492	72
326	4	7	160	3452	6576	80
327	4	7	80	3461	18432	86
328	0	18	80	3470	8711	78
329	1	11	80	3479	1569	75
330	3	16	120	3488	5203	106
331	0	18	40	3497	6433	81
332	1	11	160	3506	1458	88
333	4	7	120	3515	811	73
334	4	7	120	3524	3916	74
335	1	11	40	3533	5398	75
336	3	16	40	3542	5617	72
337	1	11	40	3551	145	105
338	3	16	160	3560	351	105
339	3	16	120	3569	169	109
340	0	18	160	3600	1223	89
341	3	16	160	3608	1928	76
342	3	16	80	3616	11857	100
343	4	7	40	3624	5001	109
344	0	18	40	3632	25	102
345	0	18	160	3640	3283	78
346	1	11	160	3648	1936	76
347	1	11	80	3656	12330	72
348	4	7	120	3664	9200	70
349	1	11	160	3672	357	102
350	4	7	160	3680	7508	104
351	0	18	40	3688	864	102
352	3	16	120	3696	4250	77
353	4	7	80	3704	11495	71
354	3	16	160	3712	971	88
355	1	11	40	3720	94	86
356	3	16	120	3728	4781	110
357	4	7	160	3736	1970	107
358	1	11	120	3744	3098	102
359	0	18	80	3752	3415	70
360	0	18	160	3760	1300	103
361	3	16	40	3768	795	80
362	3	16	80	3776	6492	78
363	1	11	80	3784	2458	95
364	0	18	40	3792	2214	101
365	0	18	40	3800	6214	72
366	1	11	40	3808	5278	103
367	3	16	40	3816	2057	78
368	0	18	120	3824	4263	87
369	0	18	40	3832	9806	111
370	3	16	120	3840	190	87
371	3	16	120	3848	1679	111
372	1	11	160	3856	773	102
373	1	11	120	3864	10002	111
374	4	7	120	3872	5068	70
375	0	18	40	3880	4508	88
376	4	7	120	3888	53	96
377	0	18	80	3896	2975	87
378	0	18	80	3904	1424	111
379	4	7	120	3912	216	78
380	1	11	120	3920	885	108
381	3	16	120	3928	7659	76
382	4	7	160	3936	378	84
383	4	7	80	3944	6463	87
384	3	16	80	3952	2596	82
385	1	11	120	3960	3048	72
386	1	11	120	3968	628	72
387	1	11	120	4000	1797	85
388	1	11	120	4008	13756	96
389	1	11	120	4016	3676	99
390	3	16	120	4024	176	77
391	4	7	40	4032	1819	77
392	4	7	120	4040	2744	72
393	1	11	120	4048	2852	104
394	1	11	160	4056	5776	75
395	3	16	160	4064	347	78
396	0	18	120	4072	3468	110
397	0	18	160	4080	2687	74
398	3	16	160	4088	1361	76
399	4	7	160	4096	982	99
400	4	7	160	4104	7022	87
401	3	16	160	4112	15988	110
402	0	18	120	4120	1418	97
403	4	7	80	4128	17049	71
404	4	7	40	4136	158	84
405	1	11	80	4144	2805	105
406	4	7	40	4152	75	69
407	1	11	160	4160	5335	78
408	0	18	160	4168	1020	70
409	3	16	120	4176	3102	69
410	3	16	80	4184	40	102
411	3	16	80	4192	758	92
412	3	16	120	4200	374	107
413	3	16	40	4208	2665	92
414	3	16	120	4216	1884	74
415	3	16	80	4224	2212	95
416	3	16	80	4232	377	107
417	4	7	160	4240	5	102
418	4	7	40	4248	15986	81
419	4	7	120	4256	8894	97
420	4	7	80	4264	4122	111
421	4	7	120	4272	1852	87
422	1	11	80	4280	2278	93
423	4	7	40	4288	224	100
424	3	16	120	4296	8179	103
425	3	16	120	4304	4570	78
426	3	16	160	4312	7496	108
427	4	7	40	4320	4384	110
428	4	7	160	4328	668	105
429	1	11	120	4336	4032	103
430	0	18	120	4344	404	90
431	3	16	160	4352	2968	91
432	3	16	80	4360	1077	79
433	0	18	80	4368	342	80
434	0	18	120	4376	1022	103
435	4	7	120	4384	978	110
436	1	11	160	4400	3230	91
437	0	18	80	4412	440	82
438	0	18	80	4424	5748	72
439	1	11	160	4436	14514	89
440	3	16	80	4448	2891	72
441	4	7	120	4460	2102	106
442	1	11	160	4472	588	83
443	3	16	40	4484	2236	96
444	3	16	80	4496	3576	109
445	0	18	80	4508	8178	96
446	0	18	80	4520	1292	81
447	1	11	120	4532	40	91
448	4	7	160	4544	576	99
449	3	16	80	4556	1657	92
450	4	7	120	4568	19974	83
451	1	11	160	4580	3455	76
452	1	11	160	4592	2834	104
453	4	7	80	4604	2021	90
454	0	18	120	4616	3417	100
455	4	7	40	4628	2438	111
456	0	18	120	4640	3170	85
457	0	18	120	4652	1119	109
458	1	11	120	4664	490	80
459	0	18	120	4676	1771	74
460	3	16	120	4688	4286	109
461	0	18	40	4700	1740	71
462	1	11	40	4712	3494	84
463	3	16	40	4724	3566	79
464	3	16	40	4736	2343	90
465	4	7	120	4748	2663	79
466	4	7	40	4760	11022	81
467	1	11	80	4772	29	96
468	1	11	80	4784	1208	101
469	3	16	160	4800	691	76
470	0	18	80	4808	8185	72
471	3	16	160	4816	16982	93
472	4	7	120	4824	1092	99
473	3	16	40	4832	32	103
474	0	18	80	4840	1893	94
475	4	7	120	4848	1068	73
476	3	16	160	4856	1065	72
477	3	16	80	4864	23	109
478	0	18	160	4872	2490	102
479	1	11	80	4880	0	75
480	3	16	40	4888	2075	109
481	1	11	80	4896	7242	86
482	0	18	80	4904	3034	79
483	1	11	80	4912	6743	82
484	1	11	160	4920	4107	88
485	4	7	120	4928	2916	83
486	1	11	160	4936	65	98
487	3	16	160	4944	7317	101
488	0	18	120	4952	2833	92
489	0	18	80	4960	5863	103
490	3	16	40	4968	4428	93
491	1	11	80	4976	1483	94
492	4	7	120	4984	18059	71
493	4	7	120	4992	2073	110
494	3	16	80	5000	1518	92
495	1	11	80	5008	706	70
496	3	16	120	5016	6998	90
497	3	16	120	5024	3166	73
498	0	18	160	5032	16777	74
499	4	7	160	5040	443	98
500	0	18	40	5048	10880	83
501	3	16	160	5056	1252	97
502	4	7	40	5064	5534	101
503	0	18	160	5072	14801	92
504	3	16	40	5080	2527	88
505	1	11	160	5088	30	102
506	3	16	80	5096	1658	89
507	3	16	120	5104	2768	69
508	3	16	40	5112	79	108
509	0	18	160	5120	1662	95
510	1	11	80	5128	1007	107
511	1	11	80	5136	3118	88
512	4	7	160	5144	6069	75
513	4	7	80	5152	489	73
514	1	11	80	5160	12233	76
515	0	18	40	5168	6884	92
516	0	18	120	5200	6881	103
517	0	18	160	5211	5842	71
518	0	18	40	5222	11832	102
519	3	16	80	5233	10397	76
520	1	11	120	5244	2538	92
521	0	18	40	5255	407	92
522	1	11	120	5266	2771	72
523	0	18	160	5277	2706	110
524	4	7	160	5288	2688	94
525	4	7	40	5299	3292	90
526	3	16	80	5310	22759	91
527	4	7	160	5321	7195	101
528	4	7	160	5332	4714	80
529	4	7	40	5343	969	93
530	1	11	40	5354	2099	95
531	4	7	40	5365	4645	111
532	3	16	80	5376	84	103
533	1	11	160	5387	1776	72
534	0	18	40	5398	272	103
535	4	7	40	5409	584	80
536	1	11	40	5420	364	96
537	4	7	80	5431	3251	99
538	4	7	40	5442	1700	105
539	0	18	40	5453	4024	98
540	1	11	80	5464	785	105
541	4	7	40	5475	2909	98
542	0	18	160	5486	6856	104
543	4	7	160	5497	733	109
544	4	7	40	5508	3163	107
545	1	11	160	5519	548	73
546	1	11	120	5530	3013	87
547	0	18	80	5541	8279	109
548	3	16	40	5552	2402	102
549	1	11	40	5563	2730	69
550	1	11	120	5574	1667	79
551	1	11	160	5585	240	87
552	1	11	120	5600	3653	82
553	1	11	120	5610	244	110
554	3	16	40	5620	4030	74
555	0	18	40	5630	7261	102
556	1	11	40	5640	5862	94
557	3	16	80	5650	1191	102
558	0	18	40	5660	2661	109
559	3	16	160	5670	9520	110
560	3	16	120	5680	43	80
561	3	16	120	5690	2812	100
562	3	16	160	5700	6584	101
563	4	7	160	5710	6528	84
564	4	7	120	5720	10736	69
565	1	11	80	5730	3069	108
566	4	7	160	5740	2939	97
567	3	16	160	5750	2193	72
568	3	16	40	5760	202	82
569	3	16	80	5770	6794	108
570	4	7	40	5780	5297	107
571	0	18	80	5790	1229	72
572	1	11	120	5800	2189	78
573	0	18	160	5810	1505	73
574	1	11	40	5820	5503	82
575	3	16	120	5830	12240	106
576	0	18	40	5840	1297	99
577	1	11	160	5850	1615	74
578	1	11	160	5860	11610	71
579	3	16	160	5870	1793	90
580	3	16	120	5880	128	71
581	3	16	160	5890	524	93
582	1	11	120	5900	1931	110
583	3	16	160	5910	880	80
584	1	11	80	5920	8294	83
585	4	7	40	5930	1723	76
586	3	16	80	5940	369	98
587	0	18	160	5950	13055	104
588	4	7	160	5960	5144	109
589	0	18	40	5970	1038	69
590	1	11	160	5980	1828	97
591	4	7	160	5990	7074	105
592	4	7	40	6000	292	101
593	0	18	80	6014	2311	107
594	3	16	120	6028	3906	87
595	3	16	160	6042	4475	74
596	0	18	80	6056	4945	108
597	0	18	160	6070	62	89
598	0	18	40	6084	1075	109
599	3	16	120	6098	43	111
600	3	16	160	6112	3742	88
601	3	16	120	6126	453	84
602	1	11	40	6140	6958	96
603	4	7	160	6154	4024	105
604	3	16	160	6168	5720	74
605	1	11	80	6182	317	75
606	0	18	80	6196	4050	78
607	1	11	120	6210	1342	77
608	4	7	80	6224	1494	97
609	4	7	120	6238	4580	79
610	4	7	160	6252	3285	71
611	0	18	80	6266	2296	89
612	1	11	80	6280	1499	100
613	1	11	80	6294	532	88
614	0	18	80	6308	8342	107
615	4	7	120	6322	8760	98
616	1	11	160	6336	519	101
617	0	18	160	6350	3762	90
618	3	16	80	6364	10648	69
619	4	7	80	6378	3486	105
620	4	7	160	6400	2373	78
621	3	16	40	6409	3272	104
622	4	7	160	6418	4795	74
623	1	11	40	6427	6874	81
624	0	18	80	6436	2392	79
625	4	7	40	6445	9398	70
626	0	18	40	6454	863	82
627	0	18	80	6463	16218	83
628	3	16	40	6472	4688	97
629	4	7	80	6481	307	76
630	1	11	40	6490	1116	110
631	4	7	80	6499	1213	79
632	0	18	120	6508	406	76
633	4	7	80	6517	10892	72
634	0	18	160	6526	5603	71
635	4	7	160	6535	10337	99
636	1	11	160	6544	1417	109
637	1	11	120	6553	5523	73
638	4	7	160	6562	2296	74
639	4	7	40	6571	6396	76
640	3	16	160	6580	4997	109
641	0	18	160	6589	6499	89
642	0	18	80	6598	4198	76
643	4	7	80	6607	170	98
644	1	11	40	6616	4417	109
645	1	11	120	6625	10646	77
646	3	16	80	6634	2909	74
647	1	11	160	6643	11660	82
648	0	18	160	6652	3312	111
649	3	16	40	6661	5317	100
650	0	18	160	6670	3207	85
651	0	18	80	6679	421	87
652	3	16	80	6688	356	89
653	0	18	120	6697	4245	73
654	3	16	120	6706	3313	102
655	4	7	160	6715	200	95
656	3	16	160	6724	2101	78
657	4	7	160	6733	15	83
658	3	16	120	6742	814	95
659	4	7	160	6751	7755	72
660	1	11	40	6760	8557	104
661	0	18	40	6769	4246	107
662	4	7	80	6778	3613	91
663	0	18	40	6787	1086	89
664	3	16	80	6800	2307	81
665	4	7	120	6810	1418	104
666	4	7	160	6820	1662	81
667	1	11	40	6830	1900	96
668	1	11	80	6840	1854	86
669	0	18	120	6850	12082	77
670	3	16	120	6860	3563	101
671	0	18	80	6870	1868	96
672	0	18	40	6880	758	84
673	3	16	40	6890	567	105
674	1	11	120	6900	8111	107
675	3	16	40	6910	4137	100
676	1	11	160	6920	9578	97
677	0	18	120	6930	4275	87
678	0	18	160	6940	660	83
679	4	7	120	6950	2936	70
680	1	11	160	6960	1962	107
681	3	16	40	6970	1141	69
682	4	7	80	6980	2175	84
683	0	18	40	6990	12397	108
684	4	7	80	7000	2957	103
685	1	11	160	7010	619	91
686	1	11	160	7020	776	102
687	4	7	160	7030	2337	72
688	0	18	120	7040	1855	82
689	0	18	40	7050	4879	87
690	0	18	40	7060	2901	89
691	1	11	160	7070	1396	94
692	4	7	160	7080	3324	90
693	0	18	40	7090	3476	71
694	3	16	40	7100	9891	84
695	3	16	160	7110	244	71
696	1	11	80	7120	933	109
697	0	18	40	7130	2124	99
698	1	11	40	7140	3700	85
699	1	11	120	7150	1848	73
700	3	16	160	7160	3566	108
701	0	18	40	7170	596	90
702	0	18	120	7200	3420	108
703	0	18	40	7212	3785	102
704	4	7	120	7224	629	111
705	4	7	80	7236	785	100
706	4	7	80	7248	10477	71
707	4	7	40	7260	12225	95
708	4	7	40	7272	6160	77
709	4	7	120	7284	10036	70
710	3	16	40	7296	603	110
711	3	16	80	7308	5578	103
712	4	7	40	7320	7631	111
713	4	7	40	7332	4364	94
714	1	11	160	7344	2527	77
715	3	16	40	7356	4020	103
716	0	18	120	7368	1068	92
717	3	16	80	7380	4085	94
718	0	18	120	7392	5024	97
719	1	11	80	7404	1396	101
720	1	11	120	7416	520	71
721	4	7	160	7428	9116	77
722	0	18	120	7440	28	83
723	0	18	80	7452	4390	110
724	4	7	120	7464	2286	100
725	1	11	120	7476	1398	75
726	1	11	120	7488	6617	75
727	0	18	160	7500	3587	82
728	0	18	40	7512	976	89
729	4	7	120	7524	6625	105
730	1	11	120	7536	2293	102
731	0	18	120	7548	2746	109
732	4	7	80	7560	218	70
733	3	16	40	7572	6094	79
734	0	18	160	7584	10637	73
735	0	18	120	7600	1145	86
736	1	11	120	7608	4477	73
737	4	7	80	7616	6594	93
738	1	11	80	7624	6627	109
739	4	7	40	7632	1688	71
740	1	11	120	7640	975	88
741	3	16	120	7648	1011	75
742	0	18	120	7656	4278	106
743	1	11	40	7664	2409	80
744	3	16	40	7672	3325	89
745	3	16	160	7680	5771	98
746	1	11	160	7688	2341	94
747	4	7	160	7696	9220	107
748	3	16	40	7704	476	105
749	0	18	40	7712	1323	92
750	1	11	80	7720	6965	90
751	3	16	160	7728	3360	84
752	0	18	80	7736	4774	70
753	0	18	120	7744	1476	96
754	4	7	40	7752	1140	70
755	3	16	160	7760	4715	100
756	4	7	120	7768	563	75
757	4	7	40	7776	9562	109
758	0	18	120	7784	776	71
759	1	11	160	7792	7605	104
760	3	16	160	7800	1844	93
761	3	16	80	7808	1631	101
762	3	16	40	7816	5332	75
763	0	18	80	7824	15001	84
764	3	16	160	7832	2633	79
765	1	11	80	7840	4125	69
766	4	7	160	7848	4802	101
767	0	18	40	7856	288	101
768	3	16	40	7864	5299	89
769	1	11	40	7872	990	102
770	0	18	80	7880	12923	99
771	1	11	80	7888	2226	110
772	1	11	160	7896	7102	97
773	1	11	120	7904	1853	95
774	4	7	160	7912	326	81
775	4	7	40	7920	9151	108
776	4	7	80	7928	1101	82
777	4	7	120	7936	3235	71
778	3	16	80	7944	429	89
779	0	18	160	7952	4454	71
780	0	18	160	7960	7641	93
781	1	11	120	7968	9566	79
782	3	16	160	8000	2614	88
783	0	18	40	8010	10929	108
784	1	11	80	8020	16656	83
785	3	16	120	8030	8099	87
786	0	18	40	8040	6433	108
787	4	7	120	8050	5456	86
788	3	16	40	8060	3054	77
789	3	16	40	8070	1085	85
790	1	11	40	8080	500	79
791	3	16	80	8090	5794	75
792	3	16	120	8100	3989	91
793	4	7	120	8110	12739	73
794	0	18	40	8120	14739	89
795	3	16	40	8130	8527	99
796	4	7	120	8140	2671	111
797	4	7	40	8150	4562	90
798	4	7	80	8160	14044	70
799	0	18	120	8170	10159	89
800	4	7	160	8180	267	108
801	0	18	160	8190	1870	104
802	0	18	160	8200	726	87
803	1	11	160	8210	8937	71
804	4	7	120	8220	1549	104
805	0	18	160	8230	2029	91
806	0	18	40	8240	5353	98
807	3	16	120	8250	1578	87
808	0	18	160	8260	1047	83
809	0	18	40	8270	1720	74
810	4	7	120	8280	2402	86
811	4	7	160	8290	3440	72
812	1	11	160	8300	6573	88
813	4	7	160	8310	2811	111
814	0	18	160	8320	26473	80
815	0	18	80	8330	2471	83
816	0	18	120	8340	7727	82
817	3	16	160	8350	6465	78
818	3	16	40	8360	19328	70
819	4	7	40	8370	3811	104
820	0	18	40	8400	7423	73
821	4	7	40	8410	12369	83
822	3	16	160	8420	3067	93
823	0	18	160	8430	2744	73
824	4	7	40	8440	429	91
825	3	16	160	8450	869	93
826	3	16	120	8460	6351	88
827	3	16	80	8470	8223	93
828	0	18	120	8480	2016	74
829	0	18	160	8490	877	94
830	0	18	80	8500	2119	109
831	4	7	40	8510	3287	103
832	0	18	40	8520	3513	70
833	1	11	120	8530	796	69
834	1	11	160	8540	3733	74
835	4	7	40	8550	2603	100
836	0	18	160	8560	5426	104
837	0	18	160	8570	3536	85
838	0	18	80	8580	3805	73
839	1	11	120	8590	3533	103
840	3	16	120	8600	558	101
841	1	11	80	8610	2568	89
842	3	16	160	8620	2886	72
843	3	16	40	8630	816	72
844	4	7	120	8640	6167	111
845	1	11	40	8650	3112	76
846	0	18	120	8660	12720	98
847	3	16	160	8670	539	91
848	3	16	120	8680	12870	104
849	0	18	160	8690	2885	75
850	3	16	120	8700	106	85
851	0	18	120	8710	4630	102
852	0	18	40	8720	4663	89
853	4	7	80	8730	1758	78
854	4	7	120	8740	322	85
855	4	7	160	8750	466	94
856	3	16	160	8760	7281	80
857	0	18	160	8770	4429	83
858	1	11	160	8800	6266	91
859	1	11	160	8806	537	80
860	3	16	80	8812	3687	72
861	3	16	160	8818	8031	74
862	3	16	40	8824	10637	82
863	0	18	40	8830	136	100
864	4	7	120	8836	11134	76
865	4	7	80	8842	8872	94
866	4	7	120	8848	19499	71
867	4	7	40	8854	3934	88
868	3	16	160	8860	9133	106
869	1	11	160	8866	2937	92
870	4	7	80	8872	5070	90
871	4	7	120	8878	1248	109
872	1	11	80	8884	831	74
873	1	11	120	8890	2079	78
874	1	11	80	8896	2647	71
875	3	16	120	8902	1847	95
876	1	11	40	8908	2323	79
877	4	7	160	8914	1728	90
878	0	18	80	8920	4958	74
879	3	16	160	8926	3292	84
880	1	11	40	8932	1081	107
881	4	7	160	8938	4427	109
882	4	7	120	8944	9723	100
883	0	18	160	8950	8548	110
884	3	16	40	8956	748	78
885	4	7	160	8962	5171	76
886	3	16	160	8968	8224	83
887	0	18	160	8974	1038	104
888	1	11	40	8980	435	96
889	1	11	40	8986	2745	92
890	1	11	80	8992	4091	89
891	4	7	40	8998	302	90
892	3	16	160	9004	6352	105
893	4	7	120	9010	2677	104
894	4	7	80	9016	16630	100
895	4	7	160	9022	1229	95
896	4	7	80	9028	3139	76
897	1	11	160	9034	2620	84
898	4	7	120	9040	1131	107
899	4	7	40	9046	9009	85
900	1	11	120	9052	3179	73
901	0	18	120	9058	1615	79
902	0	18	160	9064	1036	96
903	1	11	160	9070	2317	81
904	0	18	80	9076	6348	97
905	3	16	160	9082	5676	88
906	3	16	40	9088	2757	96
907	4	7	120	9094	1330	80
908	3	16	160	9100	8212	75
909	0	18	160	9106	4918	101
910	3	16	120	9112	4429	83
911	4	7	160	9118	2670	101
912	4	7	80	9124	12782	77
913	4	7	40	9130	1046	76
914	4	7	120	9136	8786	85
915	3	16	80	9142	10802	74
916	4	7	40	9200	12287	85
917	3	16	40	9210	196	84
918	3	16	160	9220	7943	91
919	4	7	160	9230	956	69
920	1	11	80	9240	77	80
921	4	7	160	9250	5769	79
922	1	11	160	9260	2960	103
923	1	11	120	9270	2052	83
924	4	7	80	9280	8472	71
925	4	7	80	9290	4149	69
926	0	18	120	9300	2558	72
927	3	16	120	9310	4811	81
928	3	16	40	9320	2186	89
929	1	11	80	9330	991	88
930	4	7	80	9340	6997	87
931	4	7	80	9350	12880	107
932	4	7	80	9360	441	95
933	1	11	40	9370	6763	100
934	0	18	80	9380	50	79
935	1	11	120	9390	9399	96
936	4	7	160	9400	2327	81
937	1	11	160	9410	2556	87
938	0	18	120	9420	361	81
939	0	18	80	9430	2128	101
940	0	18	120	9440	1032	91
941	4	7	80	9450	3558	71
942	1	11	40	9460	1766	97
943	1	11	80	9470	2013	106
944	4	7	120	9480	7019	77
945	1	11	80	9490	665	99
946	4	7	120	9500	483	81
947	4	7	160	9510	3333	98
948	0	18	40	9520	3656	88
949	0	18	160	9530	211	95
950	0	18	160	9540	1489	78
951	1	11	40	9550	2738	104
952	4	7	40	9560	3847	105
953	4	7	160	9570	137	106
954	3	16	120	9580	8340	74
955	3	16	120	9590	6143	106
956	3	16	120	9600	6631	88
957	3	16	80	9612	7012	82
958	1	11	80	9624	3284	78
959	0	18	160	9636	649	97
960	1	11	40	9648	1345	84
961	0	18	80	9660	6406	83
962	0	18	80	9672	7915	102
963	1	11	80	9684	4223	99
964	1	11	120	9696	8530	83
965	3	16	80	9708	4944	87
966	4	7	120	9720	1928	75
967	3	16	40	9732	619	89
968	4	7	160	9744	982	108
969	3	16	40	9756	16595	100
970	4	7	120	9768	2706	104
971	1	11	40	9780	2626	110
972	3	16	120	9792	13028	71
973	1	11	80	9804	2392	101
974	4	7	40	9816	16859	90
975	1	11	40	9828	2248	77
976	1	11	120	9840	2087	93
977	0	18	120	9852	544	108
978	1	11	40	9864	3416	74
979	1	11	40	9876	5184	84
980	0	18	120	9888	3035	99
981	1	11	160	9900	9503	86
982	3	16	120	9912	423	105
983	3	16	80	9924	1845	106
984	0	18	120	9936	9573	78
985	1	11	40	9948	1603	94
986	4	7	40	9960	1675	71
987	0	18	120	9972	293	100
988	4	7	120	10000	11250	94
989	1	11	120	10007	1034	85
990	3	16	160	10014	400	77
991	0	18	120	10021	3811	111
992	4	7	80	10028	9733	77
993	4	7	120	10035	11033	96
994	3	16	80	10042	543	86
995	0	18	40	10049	2241	77
996	4	7	160	10056	5198	81
997	0	18	120	10063	4882	110
998	4	7	120	10070	2887	92
999	1	11	80	10077	500	102
1000	3	16	120	10084	5893	92
1001	1	11	80	10091	14081	104
1002	0	18	160	10098	1709	101
1003	3	16	40	10105	3817	99
1004	1	11	40	10112	3282	102
1005	4	7	120	10119	7076	80
1006	4	7	120	10126	3056	102
1007	1	11	120	10133	733	73
1008	0	18	120	10140	198	85
1009	0	18	120	10147	2360	109
1010	0	18	40	10154	1900	82
1011	3	16	40	10161	4584	91
1012	1	11	40	10168	1163	77
1013	4	7	40	10175	7174	106
1014	0	18	40	10182	3850	109
1015	4	7	40	10189	1902	109
1016	3	16	160	10196	4787	90
1017	1	11	160	10203	2710	107
1018	0	18	160	10210	5441	89
1019	4	7	80	10217	3204	100
1020	3	16	40	10224	1830	85
1021	4	7	40	10231	1494	87
1022	4	7	120	10238	909	106
1023	1	11	80	10245	18371	91
1024	4	7	80	10252	8794	92
1025	3	16	40	10259	8390	105
1026	1	11	120	10266	3367	101
1027	3	16	40	10273	100	86
1028	4	7	40	10280	1561	84
1029	3	16	40	10287	3250	82
1030	3	16	40	10294	4850	108
1031	1	11	160	10301	4836	94
1032	1	11	160	10308	3799	85
1033	0	18	160	10315	2441	83
1034	4	7	80	10322	12452	103
1035	3	16	80	10329	3296	106
1036	1	11	160	10336	3278	96
1037	0	18	120	10343	2659	74
1038	1	11	80	10350	6637	72
1039	1	11	40	10400	329	109
1040	3	16	120	10408	6359	104
1041	3	16	120	10416	767	110
1042	0	18	40	10424	90	84
1043	4	7	160	10432	2726	97
1044	1	11	80	10440	7578	72
1045	0	18	120	10448	2131	97
1046	4	7	80	10456	1797	102
1047	0	18	80	10464	327	83
1048	4	7	80	10472	1533	98
1049	4	7	40	10480	5519	88
1050	3	16	40	10488	5253	98
1051	1	11	40	10496	1072	85
1052	4	7	160	10504	13035	90
1053	0	18	40	10512	13185	103
1054	3	16	80	10520	5549	85
1055	4	7	120	10528	2458	74
1056	3	16	160	10536	5825	110
1057	3	16	120	10544	1771	78
1058	3	16	120	10552	5176	76
1059	3	16	40	10560	4590	109
1060	1	11	160	10568	1206	91
1061	1	11	80	10576	2848	84
1062	3	16	80	10584	7442	100
1063	1	11	80	10592	2710	72
1064	1	11	120	10600	5436	69
1065	4	7	40	10608	4515	99
1066	1	11	40	10616	285	75
1067	0	18	80	10624	6350	105
1068	0	18	160	10632	8418	72
1069	1	11	160	10640	233	71
1070	3	16	40	10648	6841	82
1071	3	16	80	10656	954	84
1072	0	18	120	10664	4588	104
1073	3	16	120	10672	4365	91
1074	1	11	160	10680	5627	108
1075	0	18	80	10688	856	87
1076	3	16	40	10696	1366	71
1077	4	7	160	10704	4941	77
1078	0	18	160	10712	604	88
1079	4	7	120	10720	2584	106
1080	4	7	120	10728	2896	71
1081	1	11	80	10736	2697	87
1082	3	16	120	10744	4902	99
1083	4	7	40	10752	3420	107
1084	0	18	160	10760	6976	95
1085	1	11	40	10768	2520	91
1086	1	11	160	10800	5388	73
1087	0	18	120	10807	4201	93
1088	3	16	120	10814	4904	110
1089	0	18	160	10821	2743	97
1090	0	18	120	10828	6327	108
1091	4	7	80	10835	900	86
1092	1	11	160	10842	5704	110
1093	3	16	80	10849	543	75
1094	0	18	40	10856	6832	87
1095	1	11	40	10863	1351	88
1096	4	7	40	10870	1603	78
1097	3	16	120	10877	3020	80
1098	1	11	80	10884	5562	97
1099	1	11	80	10891	759	84
1100	3	16	120	10898	1687	91
1101	4	7	40	10905	3342	108
1102	4	7	120	10912	895	80
1103	3	16	80	10919	1213	95
1104	1	11	160	10926	10593	75
1105	0	18	160	10933	2926	83
1106	0	18	80	10940	3218	93
1107	1	11	40	10947	1411	110
1108	4	7	80	10954	932	107
1109	3	16	160	10961	3262	110
1110	0	18	120	10968	744	71
1111	3	16	160	10975	237	101
1112	1	11	120	10982	981	102
1113	3	16	40	10989	1150	81
1114	4	7	80	10996	732	106
1115	0	18	80	11003	5877	73
1116	3	16	160	11010	6497	96
1117	3	16	80	11017	1256	105
1118	1	11	120	11024	4399	89
1119	4	7	120	11031	1290	89
1120	1	11	40	11038	11035	94
1121	0	18	80	11045	2169	93
1122	3	16	120	11052	372	107
1123	4	7	160	11059	1923	86
1124	1	11	80	11066	1217	75
1125	4	7	160	11073	3845	107
1126	0	18	120	11080	2409	85
1127	1	11	80	11087	3241	97
1128	3	16	120	11094	7469	73
1129	4	7	120	11101	2527	88
1130	1	11	40	11108	7935	78
1131	0	18	80	11115	5696	103
1132	3	16	120	11122	12696	92
1133	3	16	120	11129	13674	73
1134	0	18	40	11136	565	84
1135	0	18	120	11143	11889	75
1136	1	11	160	11150	1369	75
1137	0	18	80	11200	2353	73
1138	3	16	40	11210	4148	101
1139	4	7	40	11220	1463	80
1140	0	18	120	11230	9847	110
1141	0	18	160	11240	2338	75
1142	1	11	80	11250	2335	98
1143	0	18	120	11260	645	69
1144	4	7	80	11270	1581	94
1145	1	11	120	11280	5338	76
1146	1	11	120	11290	16527	96
1147	4	7	120	11300	2852	97
1148	4	7	40	11310	12854	80
1149	4	7	120	11320	200	83
1150	3	16	80	11330	2644	103
1151	0	18	160	11340	249	84
1152	0	18	40	11350	7952	103
1153	1	11	120	11360	2580	76
1154	0	18	40	11370	1078	101
1155	3	16	40	11380	10388	109
1156	0	18	80	11390	2596	69
1157	4	7	120	11400	6832	105
1158	0	18	160	11410	29216	89
1159	3	16	40	11420	1493	80
1160	0	18	40	11430	274	109
1161	3	16	40	11440	23724	107
1162	4	7	120	11450	2405	106
1163	4	7	120	11460	5381	87
1164	0	18	120	11470	4751	101
1165	4	7	40	11480	2114	80
1166	0	18	80	11490	419	78
1167	4	7	40	11500	1152	97
1168	1	11	40	11510	502	109
1169	3	16	120	11520	986	100
1170	3	16	120	11530	2615	109
1171	3	16	80	11540	1774	92
1172	4	7	80	11550	3913	72
1173	3	16	80	11560	1789	77
1174	3	16	160	11570	1791	91
1175	1	11	80	11580	2724	88
1176	3	16	40	11600	14978	107
1177	3	16	160	11608	11256	107
1178	0	18	120	11616	227	103
1179	0	18	160	11624	2983	110
1180	1	11	80	11632	4017	79
1181	0	18	160	11640	11428	99
1182	1	11	80	11648	3620	86
1183	3	16	160	11656	6370	101
1184	0	18	80	11664	16709	96
1185	0	18	80	11672	6476	105
1186	4	7	80	11680	9061	69
1187	0	18	160	11688	2637	84
1188	3	16	120	11696	5250	83
1189	1	11	40	11704	924	86
1190	4	7	40	11712	2549	74
1191	1	11	80	11720	2548	82
1192	0	18	80	11728	2358	95
1193	0	18	40	11736	1625	90
1194	4	7	160	11744	1097	82
1195	3	16	80	11752	9974	72
1196	0	18	40	11760	18746	81
1197	3	16	120	11768	4853	79
1198	4	7	40	11776	2419	79
1199	4	7	40	11784	9908	83
1200	0	18	80	11792	4055	109
1201	1	11	120	11800	5291	111
1202	1	11	120	11808	1988	100
1203	0	18	80	11816	5407	92
1204	0	18	40	11824	3365	86
1205	0	18	160	11832	536	80
1206	0	18	120	11840	2294	81
1207	3	16	120	11848	2791	94
1208	4	7	120	11856	485	97
1209	4	7	160	11864	5425	82
1210	0	18	160	11872	11915	71
1211	3	16	80	11880	3083	74
1212	4	7	160	11888	5769	70
1213	0	18	40	11896	2567	90
1214	0	18	120	11904	4531	69
1215	4	7	80	11912	528	78
1216	1	11	160	11920	2055	90
1217	0	18	120	11928	4259	73
1218	3	16	80	11936	5623	103
1219	0	18	40	11944	8946	108
1220	0	18	120	11952	2888	80
1221	0	18	80	12000	3835	105
1222	1	11	120	12010	2931	83
1223	4	7	40	12020	9714	92
1224	4	7	120	12030	5499	94
1225	1	11	40	12040	35	95
1226	3	16	40	12050	9759	109
1227	4	7	40	12060	1370	94
1228	3	16	80	12070	514	107
1229	0	18	120	12080	2345	87
1230	0	18	40	12090	2798	76
1231	4	7	80	12100	1278	96
1232	4	7	160	12110	2663	96
1233	0	18	80	12120	599	89
1234	4	7	120	12130	8772	70
1235	4	7	120	12140	9214	80
1236	4	7	80	12150	3201	111
1237	1	11	40	12160	7704	106
1238	1	11	160	12170	1033	84
1239	0	18	80	12180	7840	85
1240	0	18	160	12190	1819	93
1241	1	11	120	12200	2002	86
1242	1	11	40	12210	1838	99
1243	4	7	120	12220	17856	70
1244	1	11	40	12230	1188	83
1245	0	18	120	12240	10871	111
1246	3	16	80	12250	4917	80
1247	4	7	80	12260	14262	73
1248	0	18	80	12270	4269	89
1249	4	7	120	12280	493	72
1250	0	18	120	12290	2899	93
1251	0	18	120	12300	1634	76
1252	0	18	80	12310	11820	88
1253	3	16	160	12320	3289	83
1254	4	7	120	12330	2054	71
1255	0	18	160	12340	82	73
1256	0	18	40	12350	963	96
1257	1	11	120	12360	2614	77
1258	1	11	120	12370	20545	109
1259	4	7	160	12380	3284	102
1260	3	16	160	12400	956	82
1261	1	11	80	12413	633	98
1262	4	7	40	12426	1922	98
1263	3	16	40	12439	4443	78
1264	3	16	120	12452	1093	74
1265	0	18	80	12465	4503	86
1266	4	7	120	12478	210	89
1267	4	7	80	12491	3917	92
1268	0	18	120	12504	3520	89
1269	0	18	40	12517	6016	101
1270	0	18	40	12530	3404	79
1271	0	18	120	12543	3171	96
1272	3	16	160	12556	2231	101
1273	3	16	160	12569	9041	86
1274	0	18	40	12582	3001	84
1275	3	16	160	12595	513	105
1276	4	7	80	12608	1141	75
1277	3	16	160	12621	3028	81
1278	3	16	160	12634	4253	77
1279	3	16	40	12647	6710	94
1280	4	7	120	12660	1434	83
1281	3	16	160	12673	11328	104
1282	3	16	120	12686	4020	74
1283	3	16	160	12699	18	103
1284	4	7	160	12712	10526	105
1285	4	7	120	12725	734	69
1286	4	7	40	12738	1575	77
1287	0	18	160	12751	10389	81
1288	0	18	160	12764	5349	87
1289	3	16	120	12777	8098	108
1290	4	7	120	12800	4632	95
1291	1	11	120	12809	294	103
1292	4	7	80	12818	7869	108
1293	1	11	160	12827	4406	93
1294	1	11	120	12836	4159	71
1295	3	16	120	12845	988	106
1296	1	11	80	12854	49	99
1297	3	16	160	12863	4785	89
1298	0	18	40	12872	5533	108
1299	0	18	120	12881	3484	109
1300	1	11	40	12890	8574	91
1301	3	16	40	12899	346	100
1302	4	7	120	12908	1954	96
1303	0	18	80	12917	8425	99
1304	4	7	120	12926	3132	105
1305	0	18	160	12935	13778	109
1306	1	11	120	12944	9542	87
1307	1	11	120	12953	214	70
1308	3	16	120	12962	133	111
1309	1	11	120	12971	1320	78
1310	1	11	80	12980	5918	109
1311	3	16	40	12989	4597	84
1312	4	7	120	12998	6975	69
1313	3	16	120	13007	798	83
1314	0	18	80	13016	1197	87
1315	0	18	40	13025	1267	90
1316	3	16	120	13034	2873	93
1317	0	18	80	13043	1891	107
1318	3	16	80	13052	5429	84
1319	3	16	160	13061	296	74
1320	1	11	80	13070	1722	77
1321	3	16	120	13079	537	77
1322	3	16	120	13088	8720	74
1323	1	11	160	13097	5053	92
1324	1	11	80	13106	385	75
1325	3	16	80	13115	2789	88
1326	0	18	80	13124	4650	99
1327	0	18	160	13133	5706	76
1328	0	18	40	13142	1146	83
1329	1	11	120	13151	1476	89
1330	1	11	120	13160	457	74
1331	0	18	80	13169	3198	97
1332	1	11	120	13178	6087	85
1333	3	16	80	13187	304	79
1334	1	11	160	13200	10659	72
1335	0	18	120	13209	984	95
1336	4	7	40	13218	3235	77
1337	3	16	80	13227	5636	86
1338	4	7	40	13236	2477	110
1339	4	7	160	13245	12870	108
1340	3	16	40	13254	1202	94
1341	1	11	120	13263	1277	76
1342	1	11	80	13272	8926	82
1343	4	7	80	13281	2437	77
1344	1	11	40	13290	402	111
1345	0	18	80	13299	11	79
1346	3	16	160	13308	1128	103
1347	1	11	160	13317	4547	93
1348	1	11	120	13326	2102	74
1349	1	11	120	13335	1879	93
1350	4	7	160	13344	4904	82
1351	0	18	40	13353	4037	104
1352	0	18	120	13362	12408	74
1353	1	11	80	13371	4529	102
1354	4	7	80	13380	1053	100
1355	3	16	80	13389	5660	82
1356	4	7	120	13398	873	94
1357	1	11	160	13407	4424	72
1358	3	16	160	13416	6176	93
1359	0	18	80	13425	167	86
1360	0	18	120	13434	1318	79
1361	0	18	120	13443	641	79
1362	1	11	80	13452	6499	98
1363	0	18	40	13461	5151	91
1364	4	7	40	13470	760	72
1365	0	18	40	13479	1003	81
1366	1	11	120	13488	9270	110
1367	1	11	80	13497	5577	101
1368	1	11	120	13506	1153	80
1369	0	18	120	13515	165	104
1370	1	11	160	13524	5048	82
1371	0	18	80	13533	5655	76
1372	1	11	40	13542	9865	109
1373	4	7	80	13551	6106	88
1374	0	18	160	13560	6681	92
1375	4	7	160	13569	318	70
1376	1	11	80	13600	1061	107
1377	4	7	40	13609	2253	108
1378	4	7	120	13618	3887	93
1379	0	18	160	13627	373	107
1380	0	18	80	13636	1184	96
1381	3	16	120	13645	32	74
1382	4	7	80	13654	1729	71
1383	4	7	120	13663	8293	102
1384	3	16	120	13672	3686	76
1385	0	18	80	13681	2558	82
1386	0	18	160	13690	3619	92
1387	4	7	80	13699	438	94
1388	3	16	160	13708	7370	91
1389	3	16	80	13717	761	101
1390	0	18	40	13726	89	70
1391	1	11	80	13735	8666	73
1392	4	7	80	13744	13913	104
1393	3	16	160	13753	2184	92
1394	3	16	80	13762	4547	98
1395	1	11	80	13771	473	84
1396	0	18	40	13780	2542	90
1397	0	18	40	13789	738	102
1398	4	7	80	13798	1331	74
1399	1	11	40	13807	8281	98
1400	4	7	160	13816	427	81
1401	1	11	80	13825	2723	70
1402	4	7	40	13834	2239	82
1403	0	18	160	13843	1837	82
1404	4	7	120	13852	4292	79
1405	4	7	120	13861	11965	75
1406	3	16	160	13870	5098	107
1407	1	11	40	13879	756	98
1408	1	11	120	13888	8037	79
1409	0	18	120	13897	673	99
1410	1	11	40	13906	2970	87
1411	0	18	80	13915	5798	97
1412	1	11	40	13924	194	91
1413	1	11	40	13933	4781	97
1414	0	18	160	13942	6140	101
1415	1	11	40	13951	1273	73
1416	1	11	40	13960	6379	76
1417	1	11	120	13969	10569	107
1418	3	16	80	14000	520	83
1419	4	7	120	14011	4823	102
1420	0	18	80	14022	3937	101
1421	1	11	80	14033	6389	84
1422	3	16	120	14044	9648	79
1423	4	7	40	14055	321	90
1424	4	7	120	14066	74	102
1425	4	7	120	14077	7122	78
1426	0	18	160	14088	6198	83
1427	4	7	40	14099	2727	85
1428	0	18	40	14110	437	102
1429	4	7	80	14121	4818	77
1430	3	16	120	14132	3727	91
1431	0	18	40	14143	266	73
1432	4	7	160	14154	638	103
1433	3	16	120	14165	5509	106
1434	1	11	40	14176	17616	95
1435	4	7	160	14187	5751	95
1436	3	16	80	14198	3465	104
1437	3	16	120	14209	16231	100
1438	4	7	40	14220	974	92
1439	3	16	40	14231	4226	70
1440	1	11	120	14242	5579	86
1441	3	16	120	14253	2200	105
1442	3	16	120	14264	1087	84
1443	3	16	80	14275	4640	103
1444	0	18	80	14286	4190	83
1445	0	18	120	14297	1186	84
1446	0	18	80	14308	7277	94
1447	1	11	80	14319	1268	76
1448	1	11	40	14330	4044	103
1449	0	18	40	14341	2087	94
1450	0	18	40	14352	1510	76
1451	3	16	120	14363	3119	94
1452	1	11	120	14400	190	87
1453	0	18	120	14409	3493	84
1454	0	18	160	14418	1137	109
1455	3	16	120	14427	1448	108
1456	3	16	160	14436	3502	103
1457	0	18	160	14445	1731	104
1458	1	11	80	14454	1722	91
1459	4	7	160	14463	7007	70
1460	3	16	120	14472	707	103
1461	4	7	120	14481	1025	91
1462	0	18	160	14490	285	108
1463	1	11	40	14499	724	71
1464	1	11	40	14508	3183	76
1465	1	11	160	14517	2461	83
1466	0	18	120	14526	3846	106
1467	3	16	80	14535	1425	96
1468	0	18	40	14544	4946	71
1469	1	11	160	14553	88	75
1470	3	16	120	14562	4725	80
1471	3	16	120	14571	6735	87
1472	1	11	80	14580	4987	84
1473	0	18	80	14589	2536	82
1474	1	11	40	14598	11863	84
1475	1	11	120	14607	908	107
1476	3	16	120	14616	3279	69
1477	4	7	40	14625	1013	87
1478	3	16	160	14634	2234	75
1479	3	16	160	14643	5736	87
1480	4	7	80	14652	20195	95
1481	3	16	120	14661	2902	75
1482	1	11	40	14670	7810	93
1483	0	18	160	14679	4774	77
1484	4	7	80	14688	1948	69
1485	4	7	160	14697	267	108
1486	3	16	120	14706	72	97
1487	4	7	40	14715	3330	87
1488	1	11	160	14724	2774	108
1489	4	7	80	14733	4608	98
1490	0	18	160	14742	789	103
1491	3	16	80	14751	1035	111
1492	1	11	80	14760	4007	78
1493	4	7	40	14800	1974	90
1494	0	18	80	14809	2695	78
1495	3	16	160	14818	2986	107
1496	3	16	120	14827	1749	109
1497	0	18	120	14836	299	81
1498	0	18	80	14845	592	95
1499	4	7	80	14854	841	111
1500	0	18	40	14863	4075	89
1501	1	11	160	14872	3089	109
1502	1	11	80	14881	3302	74
1503	0	18	40	14890	3810	97
1504	1	11	80	14899	5000	82
1505	1	11	120	14908	2774	100
1506	0	18	40	14917	7063	79
1507	1	11	80	14926	3439	74
1508	3	16	120	14935	4020	111
1509	4	7	80	14944	181	71
1510	4	7	160	14953	5453	107
1511	3	16	160	14962	1782	84
1512	3	16	40	14971	10272	97
1513	3	16	120	14980	3548	73
1514	0	18	120	14989	7158	86
1515	4	7	40	14998	4155	96
1516	1	11	120	15007	1835	109
1517	0	18	160	15016	1860	100
1518	3	16	160	15025	6058	70
1519	3	16	40	15034	2648	79
1520	3	16	80	15043	2329	98
1521	0	18	120	15052	216	87
1522	1	11	120	15061	6429	99
1523	0	18	120	15070	103	84
1524	1	11	160	15079	7401	83
1525	0	18	80	15088	2501	80
1526	0	18	40	15097	801	78
1527	1	11	80	15106	1560	106
1528	4	7	160	15115	15526	73
1529	4	7	40	15124	2196	88
1530	4	7	160	15133	7559	109
1531	3	16	40	15142	2672	100
1532	4	7	160	15151	359	103
1533	3	16	80	15160	1089	76
1534	3	16	120	15169	523	109
1535	1	11	80	15200	2431	98
1536	1	11	80	15210	12308	70
1537	1	11	40	15220	1118	108
1538	3	16	120	15230	16390	106
1539	1	11	120	15240	8665	81
1540	3	16	160	15250	1075	98
1541	0	18	80	15260	2328	92
1542	1	11	80	15270	10699	87
1543	3	16	120	15280	2435	106
1544	4	7	80	15290	11243	102
1545	1	11	40	15300	6849	87
1546	0	18	40	15310	1454	83
1547	4	7	160	15320	182	74
1548	4	7	80	15330	3253	72
1549	0	18	80	15340	7433	93
1550	0	18	80	15350	687	110
1551	1	11	160	15360	16172	78
1552	1	11	160	15370	1381	79
1553	3	16	80	15380	4240	84
1554	1	11	160	15390	5516	82
1555	4	7	120	15400	3531	71
1556	0	18	40	15410	5365	78
1557	0	18	120	15420	3075	101
1558	3	16	40	15430	5903	82
1559	1	11	40	15440	1142	70
1560	1	11	80	15450	1535	91
1561	3	16	160	15460	2820	85
1562	1	11	80	15470	3639	69
1563	3	16	80	15480	950	92
1564	4	7	80	15490	869	73
1565	1	11	160	15500	1187	76
1566	4	7	40	15510	1278	93
1567	4	7	120	15520	4619	90
1568	4	7	160	15530	2506	76
1569	4	7	80	15540	1895	100
1570	3	16	120	15550	4713	95
1571	0	18	120	15560	530	70
1572	3	16	80	15570	1967	105
1573	1	11	40	15580	9004	101
1574	4	7	40	15590	1142	93
1575	1	11	40	15600	0	74
1576	3	16	40	15608	518	111
1577	3	16	40	15616	1683	105
1578	0	18	40	15624	358	93
1579	0	18	160	15632	94	107
1580	0	18	40	15640	698	109
1581	1	11	80	15648	588	73
1582	3	16	160	15656	5815	102
1583	3	16	120	15664	581	92
1584	4	7	160	15672	1228	90
1585	1	11	40	15680	8052	99
1586	0	18	40	15688	868	89
1587	0	18	80	15696	2265	88
1588	1	11	120	15704	2694	105
1589	4	7	40	15712	3073	107
1590	0	18	40	15720	5049	88
1591	0	18	160	15728	2161	81
1592	3	16	160	15736	2557	94
1593	0	18	80	15744	5310	105
1594	0	18	80	15752	3345	102
1595	4	7	40	15760	5233	82
1596	3	16	160	15768	7425	91
1597	4	7	160	15776	5085	107
1598	3	16	40	15784	1207	102
1599	3	16	120	15792	4595	95
1600	1	11	40	15800	3158	106
1601	0	18	120	15808	3868	104
1602	4	7	160	15816	3461	110
1603	4	7	40	15824	789	83
1604	3	16	120	15832	658	110
1605	0	18	160	15840	137	109
1606	4	7	80	15848	3605	85
1607	0	18	120	15856	2025	90
1608	4	7	40	15864	2077	103
1609	4	7	160	15872	5512	76
1610	0	18	80	15880	2500	71
1611	1	11	40	15888	2009	85
1612	4	7	80	15896	2395	77
1613	3	16	80	15904	5515	87
1614	1	11	40	15912	369	72
1615	4	7	160	15920	802	86
1616	0	18	160	15928	5382	94
1617	3	16	160	15936	2480	89
1618	3	16	120	15944	11751	71
1619	3	16	80	15952	1595	85
1620	1	11	120	15960	254	99
1621	4	7	120	16000	7358	73
1622	1	11	40	16013	866	97
1623	4	7	120	16026	10596	80
1624	3	16	40	16039	4320	81
1625	3	16	160	16052	1285	82
1626	1	11	120	16065	4219	87
1627	1	11	40	16078	4240	111
1628	1	11	120	16091	1590	111
1629	4	7	40	16104	2925	80
1630	3	16	40	16117	680	95
1631	4	7	80	16130	2056	73
1632	0	18	40	16143	346	71
1633	3	16	120	16156	2061	110
1634	3	16	120	16169	2594	70
1635	4	7	80	16182	3109	73
1636	3	16	80	16195	3263	75
1637	3	16	120	16208	3538	87
1638	0	18	160	16221	16408	94
1639	4	7	40	16234	1049	92
1640	3	16	160	16247	1272	83
1641	0	18	120	16260	6394	111
1642	1	11	80	16273	111	96
1643	3	16	160	16286	5422	97
1644	4	7	160	16299	296	104
1645	3	16	40	16312	1554	71
1646	0	18	80	16325	13627	72
1647	4	7	120	16338	5153	76
1648	4	7	40	16351	4160	101
1649	0	18	80	16364	1943	84
1650	4	7	40	16400	18451	99
1651	0	18	40	16408	1922	71
1652	0	18	80	16416	5922	105
1653	0	18	160	16424	10733	85
1654	1	11	160	16432	3884	107
1655	3	16	80	16440	4881	101
1656	4	7	80	16448	2214	76
1657	4	7	40	16456	4197	98
1658	1	11	40	16464	2924	71
1659	0	18	160	16472	8384	96
1660	3	16	40	16480	1925	90
1661	1	11	40	16488	11276	85
1662	3	16	40	16496	287	90
1663	4	7	40	16504	8697	92
1664	0	18	120	16512	3580	93
1665	0	18	40	16520	259	109
1666	1	11	160	16528	1495	83
1667	1	11	120	16536	196	79
1668	4	7	120	16544	1263	85
1669	1	11	120	16552	3175	110
1670	1	11	80	16560	3913	80
1671	1	11	40	16568	661	76
1672	3	16	40	16576	2605	107
1673	4	7	80	16584	5039	90
1674	0	18	120	16592	232	71
1675	1	11	40	16600	1225	99
1676	1	11	80	16608	6722	89
1677	4	7	80	16616	2409	111
1678	0	18	160	16624	7804	87
1679	4	7	160	16632	1652	79
1680	1	11	120	16640	1472	79
1681	1	11	40	16648	10496	80
1682	1	11	160	16656	28	79
1683	0	18	40	16664	11472	95
1684	4	7	160	16672	3008	92
1685	3	16	40	16680	5964	93
1686	4	7	160	16688	3971	79
1687	0	18	40	16696	656	98
1688	1	11	160	16704	6083	71
1689	0	18	40	16712	5921	80
1690	0	18	40	16720	489	109
1691	3	16	80	16728	9541	88
1692	1	11	120	16736	283	84
1693	0	18	160	16744	449	109
1694	0	18	160	16752	7555	70
1695	0	18	120	16760	1614	110
1696	1	11	80	16768	5214	89
1697	1	11	80	16776	608	73
1698	1	11	80	16784	653	72
1699	3	16	160	16800	34	107
1700	1	11	40	16809	40	100
1701	4	7	120	16818	10053	105
1702	4	7	160	16827	2416	102
1703	3	16	120	16836	415	102
1704	4	7	40	16845	5720	72
1705	3	16	160	16854	7270	91
1706	1	11	40	16863	9328	75
1707	0	18	160	16872	231	83
1708	0	18	80	16881	8324	83
1709	4	7	120	16890	1769	77
1710	0	18	40	16899	8870	81
1711	4	7	40	16908	14386	76
1712	3	16	80	16917	6279	79
1713	1	11	40	16926	795	104
1714	3	16	80	16935	3368	86
1715	1	11	160	16944	2424	79
1716	0	18	80	16953	10830	75
1717	1	11	160	16962	539	106
1718	4	7	40	16971	1770	111
1719	3	16	80	16980	6784	69
1720	1	11	40	16989	2272	98
1721	0	18	120	16998	700	96
1722	4	7	160	17007	1238	77
1723	4	7	80	17016	2759	74
1724	0	18	120	17025	2267	70
1725	3	16	40	17034	5037	104
1726	4	7	120	17043	351	103
1727	1	11	40	17052	1862	109
1728	4	7	120	17061	8085	88
1729	4	7	160	17070	5154	72
1730	4	7	120	17079	3066	78
1731	4	7	40	17088	4467	84
1732	3	16	40	17097	1436	107
1733	3	16	40	17106	7570	92
1734	1	11	160	17115	1591	90
1735	3	16	160	17124	1969	85
1736	1	11	80	17133	2570	89
1737	4	7	80	17142	9560	88
1738	0	18	40	17151	805	92
1739	1	11	160	17160	4699	70
1740	0	18	40	17169	8220	86
1741	3	16	40	17178	3405	108
1742	0	18	160	17187	1292	83
1743	1	11	80	17200	2206	106
1744	4	7	40	17209	8525	110
1745	1	11	40	17218	615	101
1746	4	7	160	17227	493	78
1747	0	18	80	17236	8763	92
1748	3	16	120	17245	3082	92
1749	4	7	160	17254	2005	103
1750	0	18	80	17263	2035	103
1751	4	7	120	17272	3688	94
1752	3	16	40	17281	6119	74
1753	4	7	160	17290	1626	72
1754	0	18	120	17299	3424	77
1755	0	18	80	17308	7577	72
1756	4	7	160	17317	4229	97
1757	0	18	120	17326	12405	97
1758	1	11	40	17335	4386	101
1759	1	11	160	17344	182	80
1760	3	16	80	17353	5602	100
1761	4	7	160	17362	3025	78
1762	1	11	80	17371	836	107
1763	0	18	80	17380	654	79
1764	0	18	160	17389	6906	110
1765	1	11	40	17398	985	109
1766	1	11	160	17407	4444	81
1767	0	18	40	17416	11430	98
1768	4	7	80	17425	7643	82
1769	4	7	80	17434	795	69
1770	4	7	120	17443	15736	101
1771	0	18	160	17452	100	99
1772	0	18	160	17461	11507	83
1773	1	11	40	17470	4392	110
1774	1	11	80	17479	11578	94
1775	4	7	40	17488	7869	102
1776	0	18	160	17497	8633	81
1777	1	11	120	17506	7390	82
1778	0	18	80	17515	3839	75
1779	4	7	80	17524	1369	81
1780	3	16	40	17533	3666	94
1781	4	7	40	17542	871	79
1782	4	7	80	17551	7208	85
1783	4	7	120	17560	2564	97
1784	4	7	120	17600	1575	81
1785	4	7	40	17611	10817	96
1786	1	11	160	17622	8801	79
1787	3	16	40	17633	13718	104
1788	1	11	80	17644	1281	84
1789	0	18	80	17655	2605	87
1790	4	7	40	17666	5331	100
1791	1	11	120	17677	2928	104
1792	3	16	80	17688	1110	98
1793	4	7	40	17699	593	80
1794	4	7	120	17710	11094	82
1795	1	11	40	17721	1670	76
1796	0	18	120	17732	1941	69
1797	4	7	120	17743	535	73
1798	0	18	80	17754	3684	107
1799	3	16	160	17765	4349	70
1800	4	7	40	17776	2553	89
1801	4	7	120	17787	761	92
1802	0	18	40	17798	147	79
1803	3	16	80	17809	1766	92
1804	4	7	40	17820	2136	70
1805	4	7	80	17831	1873	73
1806	4	7	160	17842	4298	80
1807	0	18	40	17853	497	76
1808	1	11	120	17864	1973	89
1809	1	11	120	17875	5020	86
1810	0	18	120	17886	13420	102
1811	1	11	80	17897	6648	83
1812	4	7	40	17908	1649	90
1813	1	11	120	17919	1886	88
1814	4	7	120	17930	2350	98
1815	3	16	40	17941	3262	89
1816	0	18	120	17952	4757	104
1817	3	16	160	17963	5026	78
1818	0	18	160	18000	6981	110
1819	1	11	120	18012	8793	83
1820	4	7	80	18024	1597	98
1821	3	16	120	18036	4859	88
1822	3	16	160	18048	4415	82
1823	3	16	40	18060	1869	107
1824	4	7	80	18072	2347	80
1825	3	16	160	18084	2474	109
1826	1	11	120	18096	6102	69
1827	1	11	120	18108	6555	71
1828	3	16	80	18120	5221	96
1829	0	18	40	18132	3698	87
1830	4	7	80	18144	2582	101
1831	1	11	40	18156	5696	77
1832	0	18	40	18168	1100	86
1833	3	16	80	18180	12336	73
1834	0	18	40	18192	6816	104
1835	4	7	120	18204	2225	71
1836	4	7	40	18216	696	69
1837	0	18	40	18228	2600	105
1838	4	7	80	18240	245	95
1839	4	7	40	18252	12111	76
1840	0	18	80	18264	1283	84
1841	1	11	120	18276	5919	71
1842	0	18	120	18288	3452	83
1843	0	18	120	18300	3276	110
1844	0	18	120	18312	2882	96
1845	3	16	160	18324	10414	86
1846	1	11	80	18336	799	82
1847	0	18	160	18348	8048	78
1848	0	18	80	18360	4729	94
1849	0	18	120	18372	1911	105
1850	0	18	80	18400	4151	84
1851	3	16	160	18409	4423	103
1852	3	16	160	18418	1425	74
1853	4	7	120	18427	4991	93
1854	3	16	120	18436	1623	83
1855	0	18	120	18445	5855	69
1856	0	18	160	18454	2812	78
1857	1	11	160	18463	4347	84
1858	3	16	160	18472	9766	80
1859	1	11	40	18481	12181	73
1860	3	16	160	18490	3579	73
1861	1	11	40	18499	7664	77
1862	1	11	120	18508	1963	91
1863	1	11	80	18517	6169	71
1864	1	11	40	18526	1093	96
1865	4	7	80	18535	921	93
1866	0	18	40	18544	3373	108
1867	1	11	160	18553	1936	85
1868	1	11	80	18562	3265	96
1869	0	18	40	18571	71	95
1870	4	7	160	18580	2029	88
1871	4	7	120	18589	980	111
1872	3	16	120	18598	4267	94
1873	1	11	120	18607	8280	102
1874	1	11	80	18616	3813	110
1875	3	16	120	18625	3255	95
1876	1	11	40	18634	534	73
1877	3	16	40	18643	462	83
1878	1	11	80	18652	7859	79
1879	1	11	120	18661	2919	106
1880	0	18	120	18670	1315	95
1881	1	11	160	18679	9919	102
1882	1	11	40	18688	476	88
1883	1	11	160	18697	1717	103
1884	4	7	120	18706	12641	71
1885	1	11	120	18715	6572	110
1886	3	16	80	18724	2460	71
1887	1	11	120	18733	2999	105
1888	4	7	160	18742	3876	102
1889	4	7	120	18751	202	103
1890	3	16	120	18760	10191	104
1891	1	11	40	18769	2748	97
1892	1	11	40	18778	3330	93
1893	1	11	40	18800	453	91
1894	1	11	80	18811	1786	72
1895	3	16	80	18822	2190	75
1896	4	7	40	18833	1940	92
1897	4	7	40	18844	6281	81
1898	3	16	80	18855	1542	83
1899	1	11	80	18866	1471	71
1900	1	11	120	18877	1761	89
1901	4	7	120	18888	6387	109
1902	4	7	80	18899	1474	94
1903	0	18	80	18910	4505	111
1904	1	11	120	18921	16061	85
1905	1	11	160	18932	2236	84
1906	4	7	80	18943	53	77
1907	1	11	40	18954	2220	84
1908	3	16	80	18965	414	95
1909	4	7	160	18976	5999	99
1910	3	16	120	18987	4125	107
1911	3	16	120	18998	2015	106
1912	0	18	120	19009	6496	73
1913	0	18	80	19020	2009	86
1914	0	18	120	19031	4461	89
1915	0	18	40	19042	4497	82
1916	0	18	160	19053	5395	100
1917	0	18	160	19064	158	99
1918	3	16	120	19075	7053	111
1919	0	18	120	19086	2266	97
1920	0	18	160	19097	5487	90
1921	4	7	80	19108	172	72
1922	3	16	40	19119	5760	95
1923	1	11	120	19130	2841	104
1924	1	11	80	19141	403	102
1925	3	16	120	19152	9247	102
1926	1	11	80	19163	4226	87
1927	0	18	80	19174	3183	72
1928	4	7	80	19185	2883	98
1929	3	16	40	19200	856	103
1930	4	7	80	19210	757	72
1931	3	16	160	19220	1620	104
1932	4	7	120	19230	6228	69
1933	0	18	40	19240	3212	76
1934	0	18	160	19250	705	85
1935	1	11	160	19260	2636	98
1936	1	11	80	19270	3745	77
1937	0	18	160	19280	2294	89
1938	0	18	40	19290	1829	87
1939	1	11	160	19300	3014	99
1940	1	11	80	19310	6309	102
1941	0	18	80	19320	136	99
1942	4	7	80	19330	2242	78
1943	4	7	160	19340	7424	71
1944	0	18	40	19350	2082	108
1945	0	18	40	19360	2985	110
1946	1	11	120	19370	4737	92
1947	0	18	120	19380	745	76
1948	0	18	80	19390	2282	71
1949	0	18	80	19400	4621	102
1950	1	11	80	19410	4572	87
1951	3	16	80	19420	1695	105
1952	1	11	80	19430	13239	81
1953	1	11	160	19440	8733	97
1954	0	18	80	19450	3296	92
1955	3	16	40	19460	1507	86
1956	1	11	120	19470	139	82
1957	1	11	120	19480	6432	101
1958	3	16	160	19490	3469	77
1959	4	7	40	19500	338	94
1960	0	18	80	19510	5983	109
1961	3	16	160	19520	2496	73
1962	1	11	160	19530	9736	97
1963	4	7	40	19540	9438	103
1964	0	18	80	19550	3709	96
1965	0	18	120	19560	1486	71
1966	3	16	40	19570	3731	105
1967	4	7	80	19600	1155	109
1968	0	18	120	19612	1062	69
1969	4	7	160	19624	840	103
1970	3	16	120	19636	278	74
1971	4	7	160	19648	1449	80
1972	0	18	120	19660	4456	81
1973	0	18	160	19672	1422	81
1974	4	7	80	19684	4077	106
1975	4	7	120	19696	4990	103
1976	0	18	40	19708	3797	105
1977	3	16	80	19720	10072	93
1978	1	11	120	19732	433	107
1979	1	11	80	19744	3375	104
1980	1	11	160	19756	926	79
1981	0	18	160	19768	2633	79
1982	0	18	40	19780	483	69
1983	3	16	40	19792	7054	108
1984	1	11	120	19804	2866	85
1985	0	18	40	19816	7015	79
1986	1	11	80	19828	1845	92
1987	1	11	160	19840	9287	83
1988	4	7	120	19852	18691	95
1989	3	16	120	19864	7530	111
1990	0	18	80	19876	2379	85
1991	0	18	120	19888	6604	87
1992	3	16	40	19900	7767	81
1993	0	18	160	19912	1347	104
1994	1	11	80	19924	5599	101
1995	4	7	80	19936	1596	97
1996	4	7	120	19948	516	71
1997	4	7	40	19960	2966	87
1998	4	7	80	19972	1094	86
1999	4	7	80	19984	401	105
