0	1	11	160	0	9884	75
1	4	7	160	4	1522	75
2	4	7	40	8	2298	95
3	1	11	40	12	3032	93
4	1	11	120	16	12021	69
5	0	18	160	20	11176	71
6	4	7	40	24	2282	75
7	1	11	80	28	14345	87
8	3	16	160	32	27240	75
9	1	11	40	36	31309	86
10	0	18	80	40	856	74
11	1	11	160	44	6030	75
12	1	11	80	48	14002	86
13	0	18	40	52	23198	71
14	1	11	120	56	15309	75
15	4	7	160	60	10344	74
16	1	11	120	64	495	77
17	3	16	80	68	26125	93
18	3	16	160	72	20249	92
19	1	11	40	76	6621	72
20	3	16	160	80	1338	79
21	1	11	120	84	696	69
22	1	11	40	88	670	98
23	4	7	80	92	22912	97
24	4	7	120	96	32050	86
25	0	18	80	100	5260	77
26	4	7	40	104	26309	94
27	1	11	120	108	21189	86
28	3	16	80	112	3796	69
29	4	7	40	116	21339	69
30	4	7	120	120	3742	76
31	4	7	120	124	2229	77
32	3	16	80	128	16388	82
33	4	7	80	132	5722	72
34	1	11	40	136	18678	89
35	0	18	120	140	4470	75
36	0	18	40	144	5862	72
37	0	18	40	148	89	89
38	1	11	80	152	9074	86
39	0	18	120	156	3460	95
40	0	18	160	160	7045	73
41	3	16	120	164	10775	92
42	3	16	80	168	343	82
43	4	7	120	172	11083	83
44	3	16	160	176	23546	69
45	0	18	80	180	10092	69
46	1	11	160	184	1406	71
47	3	16	80	188	6313	88
48	4	7	80	192	635	79
49	1	11	40	196	3972	77
50	4	7	120	200	940	88
51	1	11	160	204	28430	85
52	0	18	80	208	12192	85
53	1	11	80	212	31901	97
54	0	18	160	216	38844	93
55	0	18	40	220	8434	74
56	3	16	160	224	804	75
57	0	18	160	228	4672	96
58	1	11	120	232	4152	75
59	0	18	80	236	3906	91
60	0	18	120	240	15174	76
61	3	16	120	244	5064	88
62	3	16	40	248	6666	87
63	4	7	160	252	814	74
64	3	16	80	256	12892	78
65	1	11	120	260	27548	96
66	4	7	80	264	12606	91
67	3	16	40	268	4441	83
68	3	16	160	272	821	80
69	0	18	40	276	6327	69
70	4	7	120	280	2546	70
71	1	11	120	284	402	87
72	0	18	160	288	5282	75
73	1	11	40	292	9974	96
74	1	11	80	296	46955	98
75	0	18	40	300	8632	86
76	3	16	80	304	343	85
77	3	16	80	308	7206	84
78	1	11	80	312	58532	96
79	4	7	40	316	5394	85
80	4	7	120	320	3361	74
81	1	11	160	324	7830	74
82	1	11	40	328	18025	75
83	1	11	40	332	54534	90
84	0	18	80	336	16910	80
85	3	16	160	340	5382	89
86	3	16	40	344	9100	91
87	0	18	40	400	20238	84
88	4	7	80	404	6507	77
89	1	11	40	408	4013	84
90	3	16	160	412	3391	69
91	0	18	80	416	793	75
92	3	16	80	420	15060	82
93	0	18	40	424	3495	93
94	0	18	40	428	9135	88
95	1	11	80	432	1261	83
96	4	7	120	436	2183	73
97	4	7	120	440	39419	77
98	0	18	80	444	34677	73
99	1	11	40	448	38667	72
100	0	18	160	452	30083	76
101	4	7	120	456	19385	87
102	4	7	80	460	5039	77
103	4	7	40	464	12320	79
104	3	16	120	468	1140	76
105	1	11	40	472	520	69
106	0	18	160	476	9591	78
107	4	7	80	480	916	87
108	0	18	40	484	35930	98
109	4	7	120	488	7125	76
110	1	11	160	492	7770	88
111	0	18	80	496	11402	89
112	3	16	80	500	4807	69
113	3	16	80	504	31982	89
114	1	11	160	508	409	86
115	4	7	120	512	3267	70
116	0	18	80	516	10042	81
117	1	11	160	520	6890	96
118	3	16	120	524	4452	92
119	4	7	80	528	4229	88
120	4	7	80	532	5501	73
121	3	16	80	536	21650	76
122	4	7	120	540	26574	74
123	1	11	160	544	18272	95
124	3	16	80	548	2143	98
125	3	16	40	552	1632	94
126	4	7	40	556	4593	74
127	4	7	160	560	1309	81
128	1	11	40	564	384	77
129	4	7	40	568	25465	83
130	1	11	120	572	5106	81
131	4	7	160	576	814	77
132	1	11	40	580	8488	79
133	4	7	80	584	393	92
134	3	16	80	588	7035	77
135	4	7	160	592	7025	85
136	1	11	120	596	1758	95
137	3	16	40	600	1747	95
138	3	16	120	604	27479	83
139	4	7	80	608	14989	80
140	3	16	160	612	19998	80
141	3	16	160	616	7351	72
142	4	7	40	620	24022	85
143	4	7	160	624	42397	70
144	4	7	40	628	19780	94
145	3	16	80	632	12023	78
146	1	11	160	636	15886	75
147	4	7	40	640	18419	92
148	4	7	40	644	2968	76
149	1	11	80	648	4187	86
150	1	11	160	652	9133	71
151	1	11	120	656	15691	76
152	1	11	160	660	12687	83
153	1	11	160	664	12507	84
154	3	16	160	668	10770	97
155	1	11	120	672	1040	69
156	0	18	40	676	28949	81
157	1	11	80	680	9880	80
158	0	18	160	684	7806	79
159	0	18	80	688	39707	80
160	3	16	160	692	15465	94
161	0	18	40	696	7107	96
162	3	16	80	700	514	79
163	1	11	40	704	867	83
164	1	11	160	708	1280	94
165	3	16	40	712	6352	79
166	3	16	80	716	1348	79
167	4	7	40	720	4243	75
168	4	7	40	724	8005	80
169	3	16	40	728	10710	70
170	1	11	40	732	1291	73
171	3	16	80	736	6775	84
172	3	16	80	800	9269	81
173	4	7	80	804	10897	81
174	1	11	80	808	7985	76
175	0	18	120	812	28845	70
176	4	7	40	816	42268	90
177	4	7	120	820	30310	73
178	3	16	160	824	43908	69
179	4	7	160	828	9079	89
180	0	18	80	832	5996	88
181	4	7	40	836	9150	81
182	0	18	160	840	25876	74
183	0	18	120	844	16026	89
184	3	16	40	848	5121	81
185	0	18	40	852	11517	73
186	3	16	160	856	6393	92
187	4	7	80	860	23566	94
188	1	11	120	864	6954	93
189	0	18	120	868	5364	77
190	3	16	120	872	9130	72
191	4	7	40	876	10276	83
192	1	11	40	880	12850	85
193	3	16	40	884	32853	72
194	0	18	80	888	53942	85
195	1	11	160	892	5433	83
196	0	18	80	896	6457	91
197	3	16	40	900	19029	70
198	1	11	160	904	24442	74
199	0	18	160	908	6062	83
200	4	7	40	912	8972	98
201	3	16	160	916	6872	69
202	0	18	40	920	4240	80
203	0	18	160	924	11890	75
204	4	7	80	928	2566	81
205	3	16	120	932	1283	85
206	3	16	40	936	2549	94
207	1	11	120	940	690	70
208	0	18	80	944	2112	76
209	1	11	40	948	13778	96
210	3	16	80	952	1433	77
211	1	11	80	956	55741	77
212	4	7	120	960	10605	80
213	1	11	160	964	35354	88
214	4	7	160	968	10131	90
215	4	7	160	972	2541	82
216	4	7	40	976	9925	91
217	1	11	160	980	4365	88
218	3	16	160	984	15375	71
219	1	11	160	988	7944	89
220	0	18	80	992	74635	86
221	3	16	160	996	3397	83
222	1	11	120	1000	23426	80
223	3	16	80	1004	1620	72
224	4	7	80	1008	712	96
225	1	11	160	1012	8976	89
226	0	18	40	1016	17855	98
227	0	18	40	1020	11080	78
228	3	16	40	1024	11234	95
229	4	7	120	1028	1558	92
230	0	18	80	1032	8162	77
231	1	11	40	1036	2312	88
232	1	11	120	1040	621	97
233	1	11	160	1044	10342	84
234	4	7	160	1048	50	90
235	1	11	120	1052	37837	88
236	3	16	160	1056	3226	69
237	4	7	160	1060	3540	98
238	0	18	80	1064	9434	77
239	4	7	80	1068	3387	95
240	1	11	160	1072	6653	78
241	0	18	80	1076	5301	91
242	4	7	40	1080	14378	86
243	0	18	80	1084	16977	96
244	3	16	40	1088	3418	98
245	1	11	40	1092	9379	94
246	0	18	80	1096	53592	72
247	0	18	40	1100	14847	95
248	4	7	40	1104	5452	80
249	1	11	80	1108	19190	71
250	1	11	120	1112	19400	90
251	3	16	120	1116	1414	72
252	4	7	40	1120	908	98
253	4	7	40	1124	5840	84
254	0	18	120	1128	6101	96
255	0	18	40	1132	3941	83
256	1	11	40	1136	10352	87
257	1	11	120	1140	2256	76
258	1	11	80	1144	10158	77
259	3	16	80	1200	13152	91
260	1	11	80	1204	4756	85
261	3	16	40	1208	10658	84
262	3	16	120	1212	7130	74
263	0	18	160	1216	485	83
264	1	11	160	1220	2518	88
265	1	11	80	1224	33246	87
266	4	7	120	1228	33749	78
267	3	16	160	1232	110	94
268	1	11	40	1236	34431	97
269	1	11	80	1240	11387	71
270	0	18	160	1244	37240	81
271	0	18	80	1248	4403	91
272	1	11	80	1252	17150	80
273	4	7	80	1256	7763	74
274	0	18	40	1260	724	80
275	4	7	40	1264	12288	94
276	3	16	160	1268	9537	96
277	0	18	40	1272	1277	82
278	0	18	80	1276	25287	73
279	1	11	40	1280	8691	71
280	1	11	80	1284	9271	85
281	0	18	160	1288	797	72
282	0	18	160	1292	3256	97
283	1	11	120	1296	19924	92
284	1	11	160	1300	4634	70
285	1	11	120	1304	5780	74
286	1	11	160	1308	1295	89
287	3	16	120	1312	13126	82
288	0	18	40	1316	2367	86
289	4	7	120	1320	15458	75
290	0	18	80	1324	5722	69
291	1	11	80	1328	798	91
292	3	16	80	1332	13839	89
293	3	16	160	1336	25306	84
294	1	11	160	1340	30119	78
295	3	16	160	1344	21767	92
296	1	11	120	1348	28781	85
297	4	7	80	1352	12898	72
298	3	16	120	1356	10064	77
299	1	11	160	1360	4461	79
300	3	16	80	1364	11067	84
301	1	11	120	1368	46559	76
302	3	16	40	1372	17458	96
303	1	11	160	1376	16745	77
304	0	18	80	1380	22205	89
305	1	11	80	1384	8180	98
306	1	11	40	1388	5181	91
307	4	7	120	1392	10892	92
308	4	7	40	1396	4747	73
309	0	18	120	1400	17012	71
310	3	16	80	1404	15785	86
311	0	18	160	1408	7777	73
312	1	11	80	1412	4160	72
313	4	7	40	1416	688	75
314	1	11	160	1420	1638	75
315	1	11	120	1424	3660	81
316	1	11	40	1428	5186	86
317	1	11	160	1432	12195	80
318	3	16	160	1436	15243	81
319	0	18	40	1440	19742	83
320	4	7	80	1444	21622	97
321	0	18	40	1448	3856	95
322	1	11	120	1452	21272	76
323	3	16	120	1456	2966	91
324	1	11	40	1460	3192	70
325	4	7	120	1464	26565	88
326	1	11	40	1468	11698	71
327	4	7	120	1472	25632	94
328	1	11	80	1476	9787	95
329	1	11	40	1480	3006	86
330	3	16	80	1484	15788	77
331	4	7	120	1488	26449	93
332	3	16	120	1492	9144	74
333	3	16	80	1496	10069	92
334	4	7	160	1500	29291	85
335	4	7	160	1504	9820	77
336	1	11	160	1508	4241	75
337	4	7	40	1512	7972	88
338	0	18	80	1516	40972	72
339	0	18	120	1520	20991	71
340	0	18	120	1524	385	81
341	1	11	80	1528	8458	95
342	4	7	80	1532	4955	78
343	4	7	120	1536	6563	84
344	1	11	40	1540	58839	88
345	4	7	80	1544	27910	94
346	4	7	40	1548	17710	87
347	3	16	40	1552	11887	83
348	1	11	160	1556	16684	78
349	0	18	80	1560	12799	95
350	1	11	120	1564	7987	75
351	0	18	160	1568	3794	74
352	0	18	80	1572	33643	89
353	3	16	80	1576	17159	92
354	1	11	80	1580	7743	80
355	1	11	80	1584	4761	88
356	4	7	160	1600	1939	69
357	0	18	80	1604	9516	74
358	0	18	160	1608	8775	75
359	1	11	160	1612	36470	69
360	0	18	80	1616	24621	95
361	1	11	80	1620	7591	95
362	3	16	40	1624	476	96
363	1	11	160	1628	1333	85
364	3	16	80	1632	316	93
365	3	16	160	1636	22141	92
366	3	16	40	1640	34525	98
367	4	7	160	1644	15493	79
368	0	18	80	1648	1849	88
369	1	11	40	1652	10092	96
370	4	7	120	1656	40275	75
371	3	16	40	1660	24078	96
372	0	18	120	1664	13338	77
373	3	16	80	1668	26836	78
374	4	7	80	1672	17922	70
375	1	11	40	1676	4791	70
376	1	11	160	1680	33086	86
377	3	16	40	1684	6307	91
378	1	11	80	1688	3081	72
379	1	11	120	1692	4828	75
380	0	18	80	1696	1524	69
381	3	16	160	1700	61649	86
382	3	16	160	1704	1683	84
383	0	18	40	1708	27848	98
384	0	18	120	1712	15960	79
385	1	11	120	1716	7408	72
386	3	16	80	1720	36007	72
387	4	7	80	1724	17773	80
388	0	18	160	1728	1163	80
389	1	11	120	1732	10564	96
390	4	7	160	1736	6324	77
391	1	11	120	1740	16647	69
392	3	16	80	1744	40814	82
393	4	7	120	1748	181	71
394	0	18	80	1752	37108	75
395	3	16	40	1756	9928	85
396	4	7	40	1760	7548	98
397	1	11	120	1764	3185	91
398	0	18	40	1768	6036	90
399	3	16	80	1772	1958	94
400	1	11	40	1776	38213	95
401	0	18	80	1780	569	77
402	3	16	120	1784	7981	94
403	4	7	120	1788	2414	81
404	1	11	160	1792	14080	89
405	3	16	120	1796	11627	78
406	4	7	40	1800	10999	95
407	3	16	160	1804	568	80
408	4	7	160	1808	50593	91
409	0	18	80	1812	1898	79
410	4	7	80	1816	5951	71
411	1	11	120	1820	16184	76
412	4	7	160	1824	4647	70
413	3	16	40	1828	2490	69
414	1	11	80	1832	21465	69
415	1	11	80	1836	25182	77
416	4	7	120	1840	4948	80
417	1	11	40	1844	1769	97
418	0	18	80	1848	5537	74
419	0	18	120	1852	9998	90
420	0	18	80	1856	26680	89
421	4	7	160	1860	2251	86
422	3	16	160	1864	12016	97
423	3	16	160	1868	9783	90
424	3	16	40	1872	2079	87
425	1	11	40	1876	2903	74
426	4	7	120	1880	27497	83
427	1	11	40	1884	12804	74
428	3	16	40	1888	33473	72
429	1	11	80	1892	2868	84
430	3	16	160	1896	23792	71
431	4	7	80	1900	14583	93
432	1	11	160	1904	163	70
433	3	16	40	1908	946	76
434	0	18	80	1912	5595	78
435	4	7	40	1916	908	90
436	4	7	40	1920	8519	91
437	4	7	40	1924	35618	71
438	3	16	40	1928	2845	78
439	1	11	40	1932	1466	70
440	3	16	80	1936	23637	75
441	4	7	80	1940	28119	90
442	4	7	80	1944	18578	88
443	0	18	120	1948	35053	70
444	1	11	40	2000	2593	94
445	1	11	80	2005	13275	69
446	3	16	120	2010	6727	98
447	0	18	40	2015	18126	81
448	1	11	80	2020	2412	71
449	3	16	160	2025	964	96
450	3	16	80	2030	3056	73
451	1	11	160	2035	4801	70
452	0	18	40	2040	23900	85
453	0	18	120	2045	21259	98
454	3	16	160	2050	3594	74
455	1	11	80	2055	18586	78
456	3	16	120	2060	6408	79
457	0	18	120	2065	31626	72
458	0	18	120	2070	281	92
459	4	7	160	2075	7750	83
460	4	7	160	2080	15345	93
461	3	16	40	2085	34619	90
462	0	18	120	2090	1367	76
463	3	16	120	2095	17773	76
464	1	11	120	2100	4008	77
465	4	7	40	2105	13962	76
466	0	18	120	2110	15575	75
467	0	18	160	2115	3375	93
468	3	16	160	2120	20234	90
469	1	11	40	2125	17122	77
470	1	11	40	2130	5525	84
471	0	18	120	2135	5918	77
472	3	16	40	2140	31245	87
473	4	7	80	2145	3526	73
474	3	16	80	2150	14642	84
475	0	18	40	2155	52845	97
476	4	7	120	2160	5808	96
477	1	11	80	2165	13918	96
478	0	18	160	2170	5413	95
479	0	18	160	2175	8077	86
480	4	7	80	2180	18486	75
481	4	7	120	2185	1529	70
482	4	7	160	2190	7706	72
483	4	7	80	2195	23705	74
484	3	16	160	2200	52838	79
485	1	11	40	2205	9125	69
486	4	7	40	2210	21979	77
487	1	11	80	2215	2433	70
488	0	18	40	2220	20382	70
489	3	16	40	2225	10558	98
490	1	11	120	2230	12914	80
491	4	7	120	2235	10410	87
492	3	16	80	2240	31156	78
493	4	7	80	2245	15950	94
494	3	16	40	2250	5998	75
495	0	18	40	2255	29776	84
496	4	7	120	2260	19091	82
497	1	11	160	2265	178	81
498	3	16	40	2270	13021	92
499	3	16	160	2275	8480	86
500	1	11	120	2280	34232	93
501	1	11	120	2285	2439	73
502	1	11	40	2290	40038	90
503	0	18	40	2295	6581	92
504	0	18	160	2300	14780	80
505	3	16	160	2305	21661	95
506	3	16	160	2310	6205	81
507	1	11	160	2315	11266	81
508	1	11	40	2320	1603	83
509	1	11	160	2325	3793	76
510	3	16	120	2330	6205	81
511	0	18	40	2335	15592	81
512	4	7	160	2340	9994	76
513	4	7	120	2345	9143	74
514	0	18	80	2350	14056	76
515	4	7	80	2355	11054	92
516	3	16	80	2360	7625	86
517	0	18	80	2365	3394	71
518	0	18	160	2370	18437	95
519	0	18	80	2375	16706	76
520	0	18	40	2380	22590	98
521	4	7	80	2385	9406	73
522	4	7	160	2390	6706	92
523	4	7	160	2400	3130	90
524	4	7	80	2405	1275	95
525	3	16	120	2410	18671	96
526	3	16	40	2415	7480	98
527	4	7	160	2420	2538	92
528	0	18	40	2425	23697	96
529	3	16	40	2430	18640	98
530	1	11	80	2435	2550	83
531	1	11	160	2440	5524	84
532	3	16	40	2445	295	72
533	3	16	40	2450	23286	77
534	4	7	40	2455	9517	92
535	3	16	120	2460	11048	71
536	1	11	80	2465	2024	79
537	4	7	120	2470	636	79
538	3	16	80	2475	1993	93
539	4	7	40	2480	1981	83
540	3	16	40	2485	1654	87
541	1	11	40	2490	3150	95
542	4	7	40	2495	722	85
543	4	7	40	2500	9475	93
544	0	18	80	2505	2401	86
545	0	18	80	2510	32229	97
546	4	7	160	2515	179	80
547	3	16	120	2520	5974	72
548	4	7	160	2525	555	87
549	3	16	160	2530	18809	82
550	1	11	160	2535	7088	96
551	3	16	40	2540	9578	80
552	1	11	40	2545	3134	84
553	1	11	120	2550	28984	85
554	1	11	120	2555	12908	87
555	3	16	80	2560	6109	88
556	1	11	160	2565	16917	80
557	3	16	80	2570	15928	98
558	0	18	120	2575	4651	95
559	3	16	40	2580	30189	83
560	0	18	120	2585	5576	95
561	3	16	40	2590	2875	87
562	1	11	160	2595	16526	83
563	4	7	40	2600	4925	83
564	0	18	80	2605	994	91
565	0	18	160	2610	425	95
566	3	16	160	2615	14565	78
567	1	11	120	2620	14806	97
568	0	18	120	2625	50949	81
569	1	11	120	2630	1109	73
570	3	16	160	2635	7103	81
571	4	7	160	2640	6508	75
572	3	16	40	2645	1175	77
573	0	18	160	2650	12016	81
574	3	16	40	2655	11696	87
575	4	7	40	2660	11513	72
576	0	18	40	2665	7960	86
577	0	18	120	2670	25660	97
578	4	7	120	2675	593	72
579	4	7	40	2680	2221	96
580	3	16	160	2685	17857	84
581	4	7	80	2690	892	94
582	0	18	160	2695	1885	74
583	1	11	80	2700	868	82
584	0	18	80	2705	5029	71
585	3	16	80	2710	12313	72
586	0	18	160	2715	1796	98
587	0	18	120	2720	1448	86
588	0	18	120	2725	2639	89
589	1	11	160	2730	1930	72
590	0	18	160	2735	22446	90
591	4	7	40	2740	6544	79
592	4	7	160	2745	15725	82
593	4	7	40	2750	3197	78
594	4	7	80	2755	18200	86
595	0	18	40	2800	29680	98
596	0	18	40	2804	7920	80
597	4	7	40	2808	15354	71
598	3	16	160	2812	7538	70
599	4	7	80	2816	1901	90
600	3	16	80	2820	3119	88
601	3	16	40	2824	4383	81
602	3	16	40	2828	6261	89
603	1	11	40	2832	37748	82
604	0	18	160	2836	5071	70
605	3	16	40	2840	334	90
606	0	18	40	2844	7317	72
607	0	18	80	2848	10913	72
608	4	7	80	2852	4075	96
609	3	16	80	2856	515	84
610	3	16	80	2860	29451	71
611	1	11	40	2864	24824	81
612	4	7	160	2868	13923	95
613	1	11	120	2872	1983	98
614	0	18	80	2876	1879	97
615	1	11	40	2880	4279	70
616	1	11	40	2884	840	82
617	4	7	120	2888	13596	70
618	3	16	160	2892	61883	81
619	1	11	40	2896	6913	88
620	0	18	40	2900	27129	95
621	1	11	80	2904	10677	90
622	0	18	40	2908	8594	76
623	3	16	160	2912	21772	78
624	1	11	160	2916	3330	82
625	3	16	120	2920	320	71
626	0	18	160	2924	13989	92
627	3	16	160	2928	23544	97
628	1	11	80	2932	22932	93
629	3	16	160	2936	14730	87
630	3	16	160	2940	1722	90
631	0	18	160	2944	17279	84
632	1	11	160	2948	6448	96
633	4	7	40	2952	27830	81
634	0	18	120	2956	33780	77
635	0	18	120	2960	7578	71
636	0	18	80	2964	13129	74
637	4	7	160	2968	2505	91
638	0	18	80	2972	15496	81
639	3	16	40	2976	4538	79
640	3	16	40	2980	2455	98
641	4	7	80	2984	9365	95
642	0	18	40	2988	20964	89
643	3	16	40	2992	2026	74
644	4	7	80	2996	3207	70
645	3	16	160	3000	43042	78
646	0	18	80	3004	15881	83
647	1	11	40	3008	10351	83
648	4	7	160	3012	1117	79
649	1	11	40	3016	7860	85
650	3	16	40	3020	22610	85
651	1	11	120	3024	19632	78
652	0	18	40	3028	15605	88
653	1	11	120	3032	346	81
654	4	7	80	3036	3465	93
655	1	11	40	3040	12248	97
656	1	11	40	3044	18993	73
657	4	7	80	3048	10112	80
658	4	7	80	3052	15047	69
659	3	16	80	3056	4598	97
660	1	11	40	3060	4970	96
661	1	11	80	3064	10909	73
662	4	7	160	3068	16407	78
663	1	11	80	3072	10437	77
664	4	7	120	3076	28676	92
665	1	11	80	3080	1964	85
666	4	7	40	3084	7348	83
667	4	7	120	3088	18442	82
668	0	18	40	3092	2863	89
669	4	7	160	3096	13553	95
670	0	18	160	3100	12088	95
671	3	16	40	3104	25360	89
672	3	16	40	3108	36648	88
673	0	18	120	3112	13647	70
674	3	16	40	3116	3498	88
675	0	18	120	3120	5242	69
676	0	18	40	3124	17303	70
677	3	16	160	3200	5280	71
678	4	7	80	3205	11071	77
679	3	16	160	3210	3776	72
680	3	16	80	3215	4153	87
681	3	16	160	3220	1403	78
682	3	16	40	3225	17664	87
683	4	7	40	3230	5572	76
684	4	7	160	3235	23502	71
685	1	11	40	3240	4778	81
686	4	7	120	3245	433	95
687	0	18	80	3250	5877	83
688	4	7	160	3255	12625	87
689	4	7	80	3260	4287	79
690	4	7	80	3265	13436	96
691	0	18	160	3270	1207	92
692	4	7	120	3275	7705	91
693	3	16	40	3280	6266	82
694	1	11	40	3285	44656	82
695	1	11	160	3290	10638	94
696	4	7	120	3295	19110	85
697	4	7	160	3300	3368	80
698	4	7	120	3305	3405	81
699	1	11	40	3310	1046	83
700	4	7	160	3315	8668	93
701	0	18	120	3320	35676	69
702	1	11	160	3325	5462	92
703	4	7	160	3330	6374	83
704	1	11	80	3335	22429	89
705	4	7	40	3340	41639	94
706	3	16	120	3345	22960	89
707	0	18	120	3350	593	86
708	4	7	120	3355	17932	92
709	3	16	120	3360	27266	93
710	0	18	40	3365	25061	95
711	3	16	80	3370	6928	71
712	0	18	40	3375	40913	72
713	0	18	80	3380	7057	95
714	4	7	160	3385	313	79
715	4	7	80	3390	3117	87
716	3	16	80	3395	21024	85
717	0	18	160	3400	5615	70
718	1	11	120	3405	15363	75
719	1	11	80	3410	10406	80
720	1	11	120	3415	1473	89
721	4	7	160	3420	879	69
722	0	18	160	3425	1728	94
723	0	18	120	3430	29139	79
724	0	18	120	3435	37	97
725	0	18	160	3440	9295	71
726	3	16	120	3445	6237	97
727	4	7	40	3450	9477	75
728	4	7	80	3455	14588	87
729	1	11	80	3460	13121	93
730	1	11	40	3465	9779	82
731	1	11	80	3470	8777	88
732	3	16	80	3475	1384	88
733	3	16	80	3480	8782	92
734	4	7	40	3485	16908	78
735	1	11	160	3490	5053	86
736	1	11	160	3495	16382	84
737	4	7	40	3500	5326	72
738	3	16	160	3505	8952	86
739	0	18	120	3510	26493	75
740	4	7	120	3515	7756	90
741	4	7	40	3520	52296	77
742	0	18	120	3525	11349	90
743	0	18	40	3530	16824	93
744	4	7	80	3535	6626	82
745	0	18	40	3540	3214	94
746	0	18	160	3545	1653	89
747	4	7	40	3550	355	94
748	3	16	40	3555	5755	71
749	1	11	160	3560	16493	94
750	3	16	80	3565	17192	77
751	4	7	160	3570	6596	84
752	1	11	40	3575	8875	73
753	3	16	40	3580	13201	70
754	4	7	80	3585	41303	93
755	4	7	160	3590	7036	93
756	0	18	120	3600	20230	74
757	0	18	40	3604	7259	81
758	3	16	80	3608	6310	85
759	1	11	80	3612	4393	87
760	0	18	120	3616	9948	96
761	3	16	80	3620	4389	82
762	1	11	40	3624	5073	98
763	1	11	80	3628	1407	97
764	1	11	120	3632	4978	79
765	4	7	160	3636	5305	75
766	0	18	160	3640	4799	81
767	3	16	160	3644	7129	78
768	1	11	40	3648	14015	85
769	3	16	40	3652	13751	91
770	1	11	80	3656	7942	71
771	4	7	40	3660	7576	81
772	1	11	160	3664	22602	82
773	1	11	160	3668	21403	69
774	1	11	160	3672	1315	88
775	3	16	120	3676	1648	80
776	3	16	40	3680	7374	77
777	4	7	160	3684	5741	70
778	1	11	80	3688	8021	96
779	0	18	80	3692	17539	71
780	4	7	40	3696	6339	81
781	4	7	80	3700	5661	71
782	0	18	40	3704	2164	72
783	1	11	120	3708	37615	91
784	3	16	160	3712	28071	84
785	1	11	80	3716	1732	96
786	4	7	40	3720	66494	84
787	0	18	80	3724	6995	87
788	3	16	160	3728	9608	98
789	4	7	40	3732	4486	84
790	1	11	40	3736	9034	81
791	0	18	120	3740	4123	72
792	0	18	160	3744	35826	86
793	1	11	80	3748	2968	98
794	4	7	40	3752	4743	77
795	0	18	80	3756	2231	77
796	1	11	160	3760	12340	77
797	3	16	80	3764	8340	91
798	4	7	120	3768	6419	82
799	4	7	120	3772	832	75
800	0	18	40	3776	28290	81
801	3	16	40	3780	13703	79
802	1	11	40	3784	4989	77
803	0	18	160	3788	14404	79
804	0	18	120	3792	3660	92
805	4	7	40	3796	4163	94
806	1	11	160	3800	10266	70
807	0	18	80	3804	14082	73
808	0	18	80	3808	9943	81
809	0	18	160	3812	21965	81
810	0	18	160	3816	50074	84
811	0	18	160	3820	6839	72
812	3	16	160	3824	40718	84
813	3	16	160	3828	12286	82
814	1	11	80	3832	27185	74
815	1	11	80	3836	2490	93
816	1	11	80	3840	1828	79
817	0	18	120	3844	5898	75
818	4	7	80	3848	2783	81
819	0	18	80	3852	2755	81
820	4	7	120	3856	5379	90
821	4	7	120	3860	26259	93
822	4	7	160	3864	27271	79
823	1	11	40	3868	5679	70
824	0	18	40	3872	1993	79
825	1	11	120	3876	2578	97
826	3	16	80	3880	8774	94
827	0	18	120	3884	11892	83
828	1	11	120	3888	8449	90
829	1	11	120	3892	32642	80
830	1	11	120	3896	7984	71
831	4	7	120	3900	38079	85
832	0	18	40	3904	40550	86
833	1	11	120	3908	6547	90
834	0	18	80	3912	23834	89
835	1	11	40	3916	15693	71
836	3	16	40	3920	439	93
837	0	18	40	3924	7531	92
838	1	11	40	3928	14193	98
839	4	7	120	3932	11312	89
840	4	7	80	3936	9838	94
841	3	16	160	3940	4372	79
842	0	18	160	3944	25287	75
843	1	11	160	4000	14909	85
844	3	16	80	4005	4758	69
845	0	18	80	4010	1191	77
846	3	16	160	4015	4705	87
847	3	16	160	4020	4429	72
848	4	7	40	4025	4679	92
849	3	16	160	4030	1797	83
850	3	16	160	4035	345	96
851	1	11	80	4040	3518	71
852	4	7	160	4045	4176	78
853	3	16	80	4050	2816	69
854	4	7	160	4055	14679	83
855	0	18	80	4060	211	87
856	3	16	40	4065	18380	98
857	4	7	160	4070	39609	76
858	4	7	160	4075	9471	98
859	3	16	160	4080	865	93
860	0	18	120	4085	17874	98
861	1	11	40	4090	35057	86
862	4	7	120	4095	2458	82
863	3	16	160	4100	11905	70
864	4	7	80	4105	5238	78
865	1	11	40	4110	321	98
866	0	18	120	4115	7585	85
867	0	18	40	4120	9473	92
868	1	11	120	4125	18061	92
869	0	18	40	4130	2187	72
870	3	16	40	4135	1970	69
871	1	11	40	4140	13493	86
872	4	7	120	4145	14238	75
873	4	7	120	4150	10895	91
874	0	18	160	4155	12449	85
875	1	11	160	4160	690	80
876	3	16	120	4165	114	86
877	1	11	40	4170	2464	92
878	3	16	120	4175	611	70
879	0	18	120	4180	724	70
880	3	16	160	4185	24387	79
881	4	7	80	4190	2828	90
882	1	11	120	4195	4381	89
883	3	16	160	4200	5474	75
884	3	16	120	4205	28342	82
885	4	7	40	4210	3164	69
886	0	18	160	4215	13095	75
887	1	11	160	4220	16963	85
888	3	16	160	4225	15053	75
889	0	18	160	4230	22397	70
890	3	16	40	4235	34969	71
891	3	16	40	4240	906	85
892	0	18	40	4245	30357	92
893	3	16	80	4250	11738	74
894	3	16	40	4255	21686	89
895	3	16	40	4260	11402	77
896	4	7	40	4265	1534	96
897	1	11	40	4270	3439	74
898	3	16	120	4275	5310	76
899	1	11	40	4280	4295	70
900	0	18	120	4285	11801	91
901	1	11	120	4290	18086	93
902	1	11	80	4295	9077	79
903	4	7	160	4300	2039	89
904	4	7	160	4305	52729	83
905	0	18	160	4310	5229	79
906	3	16	160	4315	9835	94
907	4	7	40	4320	14338	86
908	3	16	80	4325	9948	83
909	3	16	160	4330	12591	71
910	1	11	120	4335	96	70
911	0	18	40	4340	10942	74
912	1	11	80	4345	29363	75
913	4	7	80	4350	8015	97
914	0	18	160	4355	2686	82
915	1	11	40	4360	9976	76
916	4	7	120	4400	12269	96
917	0	18	160	4405	20507	75
918	4	7	40	4410	15424	86
919	0	18	40	4415	1560	77
920	0	18	80	4420	5397	92
921	3	16	120	4425	14928	98
922	3	16	80	4430	21343	85
923	1	11	120	4435	32379	90
924	1	11	40	4440	2995	69
925	0	18	160	4445	983	82
926	0	18	40	4450	16870	93
927	1	11	80	4455	879	70
928	1	11	120	4460	17163	70
929	3	16	120	4465	393	77
930	3	16	160	4470	32957	83
931	1	11	120	4475	17136	80
932	4	7	80	4480	21125	85
933	1	11	120	4485	16578	69
934	4	7	160	4490	6800	78
935	1	11	40	4495	1138	85
936	3	16	40	4500	13647	80
937	3	16	160	4505	1943	69
938	4	7	160	4510	5711	91
939	1	11	120	4515	9649	72
940	1	11	80	4520	13391	73
941	0	18	120	4525	40922	87
942	4	7	80	4530	2576	71
943	4	7	160	4535	805	73
944	3	16	40	4540	21793	69
945	3	16	40	4545	5123	96
946	1	11	160	4550	2082	79
947	1	11	160	4555	6810	94
948	1	11	80	4560	6607	90
949	1	11	160	4565	3798	81
950	3	16	120	4570	43375	79
951	3	16	80	4575	4299	89
952	1	11	160	4580	8953	86
953	1	11	120	4585	3224	97
954	0	18	120	4590	33496	76
955	1	11	40	4595	29466	91
956	4	7	80	4600	35328	76
957	4	7	160	4605	10935	87
958	3	16	120	4610	32879	88
959	3	16	40	4615	28758	70
960	0	18	160	4620	10947	84
961	0	18	120	4625	8049	93
962	3	16	80	4630	33082	85
963	4	7	160	4635	9092	74
964	0	18	40	4640	15019	87
965	0	18	40	4645	3416	88
966	0	18	120	4650	17645	88
967	4	7	120	4655	2158	74
968	4	7	80	4660	674	87
969	4	7	120	4665	1400	96
970	3	16	40	4670	25977	95
971	1	11	120	4675	8097	96
972	1	11	160	4680	6963	83
973	1	11	80	4685	2249	83
974	3	16	120	4690	7164	72
975	0	18	160	4695	6035	73
976	4	7	40	4700	8772	96
977	4	7	120	4705	17438	81
978	4	7	80	4710	1202	89
979	3	16	40	4715	24796	72
980	4	7	160	4720	30209	71
981	4	7	40	4725	4659	98
982	4	7	160	4730	12504	78
983	4	7	160	4735	8066	87
984	0	18	160	4740	732	97
985	4	7	80	4745	12085	93
986	4	7	120	4750	3205	92
987	1	11	120	4800	10769	86
988	0	18	160	4804	19938	91
989	3	16	160	4808	8768	86
990	1	11	160	4812	1853	77
991	3	16	80	4816	1018	91
992	4	7	40	4820	2891	79
993	0	18	160	4824	7612	90
994	1	11	160	4828	36987	86
995	0	18	160	4832	2435	79
996	1	11	40	4836	371	71
997	4	7	120	4840	13015	96
998	4	7	120	4844	5187	84
999	3	16	40	4848	10686	80
1000	1	11	80	4852	10334	76
1001	1	11	80	4856	62910	73
1002	1	11	80	4860	5706	75
1003	3	16	120	4864	4510	93
1004	4	7	120	4868	5855	85
1005	0	18	160	4872	7901	82
1006	1	11	80	4876	23668	74
1007	4	7	80	4880	5259	72
1008	4	7	160	4884	18506	93
1009	4	7	160	4888	9407	72
1010	1	11	160	4892	6042	94
1011	0	18	160	4896	2398	94
1012	0	18	80	4900	8381	97
1013	4	7	120	4904	769	84
1014	4	7	40	4908	54830	97
1015	0	18	120	4912	3885	85
1016	1	11	120	4916	22098	83
1017	3	16	80	4920	7110	96
1018	4	7	160	4924	7664	76
1019	0	18	160	4928	990	93
1020	0	18	120	4932	161	94
1021	3	16	160	4936	2349	70
1022	4	7	160	4940	5252	82
1023	1	11	80	4944	9220	70
1024	1	11	160	4948	40930	88
1025	4	7	160	4952	19548	72
1026	1	11	120	4956	3885	86
1027	1	11	40	4960	42295	92
1028	0	18	120	4964	2931	95
1029	3	16	160	4968	3708	91
1030	3	16	120	4972	5445	71
1031	4	7	120	4976	23306	69
1032	4	7	160	4980	6437	96
1033	0	18	80	4984	8456	77
1034	1	11	120	4988	4211	94
1035	3	16	120	4992	31023	97
1036	3	16	120	4996	34446	91
1037	0	18	80	5000	4877	84
1038	0	18	80	5004	1308	71
1039	4	7	160	5008	10320	84
1040	3	16	160	5012	17838	87
1041	0	18	40	5016	25399	89
1042	3	16	160	5020	19696	91
1043	0	18	40	5024	3723	87
1044	0	18	40	5028	1572	90
1045	1	11	40	5032	39231	81
1046	3	16	160	5036	10373	93
1047	0	18	80	5040	1979	93
1048	0	18	120	5044	7849	91
1049	1	11	80	5048	13580	69
1050	3	16	40	5052	5027	95
1051	4	7	120	5056	10506	74
1052	0	18	120	5060	2527	88
1053	3	16	160	5064	3805	90
1054	1	11	120	5068	10303	85
1055	3	16	80	5072	6120	74
1056	3	16	80	5076	12267	89
1057	0	18	40	5080	22157	74
1058	1	11	120	5084	5101	73
1059	4	7	160	5088	10474	81
1060	3	16	80	5092	2764	95
1061	0	18	80	5096	26523	80
1062	4	7	160	5100	1783	75
1063	0	18	40	5104	8813	70
1064	1	11	40	5108	2360	69
1065	1	11	40	5112	9292	94
1066	0	18	160	5116	17427	97
1067	4	7	40	5120	69221	88
1068	1	11	160	5124	17432	88
1069	1	11	120	5128	806	98
1070	3	16	160	5132	4864	93
1071	0	18	40	5136	8497	97
1072	1	11	40	5140	5055	93
1073	0	18	160	5144	27064	91
1074	3	16	160	5148	4373	74
1075	0	18	80	5200	1723	73
1076	4	7	40	5204	5573	78
1077	3	16	160	5208	1101	93
1078	0	18	80	5212	6401	78
1079	4	7	160	5216	60	75
1080	1	11	160	5220	3061	78
1081	1	11	40	5224	1596	91
1082	0	18	80	5228	8090	69
1083	3	16	40	5232	9298	95
1084	4	7	120	5236	30864	95
1085	4	7	160	5240	18248	96
1086	4	7	160	5244	13183	79
1087	0	18	40	5248	1858	74
1088	4	7	160	5252	31828	91
1089	3	16	80	5256	27212	88
1090	4	7	40	5260	4015	76
1091	1	11	120	5264	1279	86
1092	4	7	120	5268	52750	80
1093	1	11	120	5272	8834	88
1094	0	18	120	5276	5565	88
1095	3	16	120	5280	25799	75
1096	0	18	40	5284	16232	82
1097	3	16	160	5288	4043	89
1098	4	7	160	5292	1107	86
1099	4	7	160	5296	10519	95
1100	1	11	40	5300	2617	83
1101	3	16	160	5304	10462	73
1102	3	16	120	5308	5852	73
1103	4	7	160	5312	6435	92
1104	4	7	80	5316	5063	75
1105	1	11	160	5320	21607	96
1106	1	11	80	5324	3286	79
1107	4	7	120	5328	4190	96
1108	0	18	160	5332	40694	85
1109	1	11	40	5336	7011	80
1110	3	16	80	5340	341	95
1111	4	7	120	5344	9648	94
1112	0	18	120	5348	6719	94
1113	1	11	160	5352	5009	96
1114	3	16	160	5356	5300	72
1115	1	11	40	5360	1016	72
1116	4	7	160	5364	6127	80
1117	0	18	160	5368	10961	79
1118	0	18	80	5372	10894	74
1119	1	11	40	5376	6073	72
1120	3	16	40	5380	24698	83
1121	4	7	160	5384	11690	91
1122	0	18	80	5388	836	95
1123	4	7	120	5392	24447	69
1124	1	11	120	5396	18203	91
1125	0	18	80	5400	3169	76
1126	1	11	120	5404	8802	86
1127	0	18	120	5408	20761	74
1128	4	7	80	5412	8909	72
1129	4	7	80	5416	6575	97
1130	4	7	80	5420	5977	90
1131	1	11	80	5424	1071	87
1132	3	16	160	5428	93525	76
1133	1	11	120	5432	21235	82
1134	3	16	120	5436	19867	91
1135	4	7	40	5440	12371	73
1136	3	16	120	5444	16098	86
1137	0	18	80	5448	940	76
1138	4	7	160	5452	2603	88
1139	1	11	120	5456	1116	97
1140	1	11	80	5460	9367	85
1141	0	18	80	5464	5580	81
1142	4	7	40	5468	2339	88
1143	1	11	120	5472	8010	79
1144	4	7	160	5476	24337	92
1145	0	18	80	5480	15796	80
1146	1	11	40	5484	13389	90
1147	1	11	120	5488	12474	82
1148	4	7	120	5492	2149	84
1149	3	16	80	5496	4108	84
1150	3	16	120	5500	7931	94
1151	0	18	80	5504	1846	71
1152	1	11	80	5508	14032	84
1153	3	16	120	5512	14092	83
1154	0	18	120	5516	14916	80
1155	1	11	80	5520	10225	91
1156	1	11	120	5524	8670	77
1157	4	7	160	5528	8717	73
1158	3	16	80	5532	12076	70
1159	3	16	40	5536	1426	97
1160	0	18	80	5540	4540	79
1161	1	11	160	5544	6471	73
1162	4	7	80	5600	17674	93
1163	1	11	120	5605	9434	86
1164	1	11	160	5610	617	88
1165	1	11	160	5615	34289	77
1166	1	11	160	5620	9659	87
1167	4	7	40	5625	10970	81
1168	3	16	40	5630	9118	74
1169	4	7	120	5635	15009	98
1170	4	7	120	5640	5034	85
1171	4	7	120	5645	4707	72
1172	0	18	160	5650	6207	90
1173	4	7	160	5655	8506	76
1174	4	7	160	5660	23195	85
1175	3	16	160	5665	8327	71
1176	4	7	120	5670	7073	72
1177	3	16	120	5675	10419	84
1178	4	7	160	5680	14	75
1179	0	18	40	5685	599	79
1180	3	16	40	5690	9846	85
1181	4	7	160	5695	24800	73
1182	0	18	40	5700	12901	88
1183	0	18	40	5705	3200	86
1184	1	11	120	5710	33416	71
1185	4	7	160	5715	3447	88
1186	0	18	160	5720	6050	72
1187	0	18	80	5725	4428	91
1188	0	18	160	5730	1508	71
1189	1	11	80	5735	3222	69
1190	1	11	120	5740	1655	95
1191	4	7	160	5745	3015	82
1192	1	11	40	5750	6977	75
1193	1	11	120	5755	1038	89
1194	0	18	80	5760	17836	86
1195	0	18	120	5765	1602	81
1196	0	18	160	5770	11030	87
1197	3	16	120	5775	12018	70
1198	4	7	160	5780	6890	89
1199	3	16	160	5785	31216	83
1200	4	7	120	5790	2366	92
1201	3	16	40	5795	911	78
1202	3	16	120	5800	1454	76
1203	0	18	160	5805	7180	85
1204	4	7	120	5810	35311	98
1205	3	16	40	5815	2079	91
1206	4	7	80	5820	16107	80
1207	3	16	120	5825	2405	77
1208	3	16	160	5830	21673	96
1209	3	16	160	5835	2845	78
1210	1	11	160	5840	1645	87
1211	3	16	160	5845	32644	91
1212	0	18	40	5850	8687	96
1213	1	11	40	5855	10575	89
1214	4	7	160	5860	9643	81
1215	1	11	80	5865	6992	75
1216	0	18	160	5870	17031	84
1217	4	7	80	5875	9229	75
1218	4	7	160	5880	11182	83
1219	3	16	40	5885	19341	69
1220	0	18	160	5890	9491	74
1221	0	18	80	5895	3361	94
1222	4	7	80	5900	7871	79
1223	1	11	160	5905	4224	74
1224	1	11	40	5910	10549	72
1225	4	7	160	5915	1540	71
1226	3	16	120	5920	25805	95
1227	4	7	80	5925	4644	69
1228	3	16	120	5930	15890	88
1229	4	7	40	5935	15723	73
1230	3	16	160	5940	27539	82
1231	1	11	160	5945	20098	70
1232	4	7	160	5950	1858	93
1233	0	18	160	5955	940	91
1234	1	11	120	5960	24456	86
1235	0	18	40	6000	8000	76
1236	0	18	80	6005	17089	95
1237	0	18	40	6010	2805	71
1238	0	18	80	6015	4056	87
1239	3	16	120	6020	18121	79
1240	0	18	80	6025	8583	76
1241	1	11	80	6030	2894	93
1242	3	16	120	6035	7683	94
1243	1	11	160	6040	28504	91
1244	0	18	120	6045	1363	80
1245	3	16	120	6050	2598	72
1246	4	7	160	6055	14732	84
1247	4	7	160	6060	23188	84
1248	1	11	160	6065	9076	76
1249	4	7	160	6070	4844	80
1250	4	7	160	6075	5486	95
1251	0	18	120	6080	801	80
1252	3	16	160	6085	322	86
1253	1	11	160	6090	12140	89
1254	1	11	160	6095	5721	78
1255	3	16	80	6100	32742	96
1256	3	16	120	6105	10761	97
1257	1	11	120	6110	20403	70
1258	3	16	120	6115	24068	82
1259	4	7	160	6120	21041	95
1260	0	18	120	6125	3868	94
1261	4	7	40	6130	6492	79
1262	0	18	40	6135	7123	87
1263	4	7	120	6140	1337	91
1264	0	18	160	6145	4485	94
1265	0	18	160	6150	4548	86
1266	4	7	40	6155	18767	96
1267	4	7	80	6160	6953	74
1268	0	18	120	6165	15106	72
1269	4	7	120	6170	815	74
1270	1	11	40	6175	13761	79
1271	0	18	120	6180	9572	81
1272	3	16	160	6185	3448	87
1273	1	11	40	6190	21058	73
1274	1	11	120	6195	4101	91
1275	4	7	120	6200	4845	79
1276	3	16	160	6205	17711	69
1277	3	16	80	6210	10241	86
1278	1	11	80	6215	2519	93
1279	4	7	120	6220	5933	98
1280	0	18	40	6225	6401	86
1281	3	16	120	6230	345	80
1282	3	16	120	6235	18743	91
1283	3	16	120	6240	6166	77
1284	0	18	40	6245	5417	77
1285	1	11	40	6250	21596	70
1286	3	16	40	6255	18510	82
1287	1	11	160	6260	8488	73
1288	3	16	160	6265	14293	82
1289	4	7	80	6270	32806	89
1290	1	11	80	6275	26989	77
1291	3	16	120	6280	34149	93
1292	1	11	80	6285	5041	88
1293	0	18	80	6290	7394	90
1294	1	11	40	6295	8403	84
1295	0	18	40	6300	1172	96
1296	1	11	80	6305	17464	75
1297	4	7	160	6310	5495	71
1298	0	18	40	6315	10851	96
1299	4	7	120	6320	18837	92
1300	4	7	80	6325	6210	75
1301	4	7	80	6330	3731	79
1302	4	7	40	6335	1798	81
1303	1	11	40	6340	7505	70
1304	3	16	160	6345	12592	70
1305	3	16	40	6350	20397	83
1306	3	16	120	6355	20238	92
1307	1	11	120	6360	2669	81
1308	4	7	40	6365	5112	96
1309	3	16	80	6370	577	97
1310	0	18	120	6375	2138	95
1311	0	18	80	6400	218	80
1312	4	7	80	6405	11866	76
1313	4	7	40	6410	7739	83
1314	4	7	160	6415	6401	77
1315	3	16	160	6420	3407	83
1316	1	11	120	6425	11852	87
1317	1	11	80	6430	563	79
1318	3	16	80	6435	16263	83
1319	4	7	120	6440	7782	92
1320	1	11	160	6445	9042	72
1321	3	16	40	6450	4003	91
1322	1	11	80	6455	16335	91
1323	1	11	80	6460	18223	82
1324	1	11	80	6465	2252	96
1325	3	16	80	6470	16184	84
1326	4	7	40	6475	2777	92
1327	1	11	120	6480	18711	95
1328	0	18	160	6485	4690	88
1329	1	11	80	6490	2623	94
1330	1	11	40	6495	10004	73
1331	3	16	160	6500	6210	96
1332	1	11	40	6505	46294	89
1333	1	11	160	6510	6079	70
1334	0	18	40	6515	51306	91
1335	1	11	120	6520	1896	76
1336	4	7	120	6525	26400	98
1337	0	18	80	6530	4721	89
1338	4	7	160	6535	16730	75
1339	1	11	160	6540	9477	93
1340	3	16	120	6545	240	77
1341	1	11	80	6550	10604	69
1342	1	11	160	6555	2094	76
1343	4	7	80	6560	12567	83
1344	3	16	160	6565	17729	92
1345	0	18	160	6570	25092	95
1346	4	7	80	6575	4520	86
1347	1	11	80	6580	24272	74
1348	1	11	80	6585	572	82
1349	3	16	80	6590	3554	69
1350	4	7	120	6595	7518	78
1351	4	7	160	6600	15310	94
1352	0	18	80	6605	11779	87
1353	0	18	80	6610	1506	72
1354	3	16	120	6615	3655	88
1355	0	18	40	6620	1539	83
1356	3	16	40	6625	8897	86
1357	3	16	160	6630	5321	97
1358	0	18	120	6635	4174	73
1359	0	18	120	6640	28816	84
1360	4	7	40	6645	11318	90
1361	1	11	40	6650	305	95
1362	0	18	160	6655	25040	92
1363	3	16	120	6660	1957	70
1364	1	11	40	6665	7880	93
1365	1	11	120	6670	17087	98
1366	4	7	40	6675	479	90
1367	3	16	120	6680	3144	75
1368	4	7	160	6685	8061	90
1369	1	11	80	6690	3730	70
1370	4	7	80	6695	5317	84
1371	0	18	40	6700	4319	96
1372	1	11	120	6705	4175	72
1373	1	11	80	6710	2619	89
1374	0	18	40	6715	7336	84
1375	0	18	120	6720	34283	71
1376	0	18	80	6725	1581	84
1377	1	11	40	6730	1192	76
1378	3	16	120	6735	111	89
1379	0	18	80	6740	4189	69
1380	3	16	160	6745	6672	97
1381	1	11	160	6750	4966	86
1382	4	7	40	6755	16308	82
1383	1	11	80	6760	834	87
1384	1	11	160	6765	15750	85
1385	1	11	40	6770	22351	77
1386	3	16	80	6800	18100	77
1387	0	18	160	6805	23672	85
1388	4	7	40	6810	1738	80
1389	4	7	40	6815	24094	77
1390	4	7	120	6820	11694	88
1391	0	18	120	6825	9086	69
1392	0	18	160	6830	383	85
1393	4	7	40	6835	22184	90
1394	1	11	160	6840	32877	72
1395	1	11	80	6845	62882	80
1396	0	18	120	6850	14889	76
1397	4	7	40	6855	116	74
1398	3	16	40	6860	2201	88
1399	0	18	40	6865	151	92
1400	1	11	120	6870	21788	74
1401	0	18	120	6875	1044	79
1402	3	16	80	6880	5707	82
1403	0	18	40	6885	18136	80
1404	4	7	40	6890	27436	84
1405	4	7	80	6895	2139	80
1406	3	16	80	6900	6680	90
1407	3	16	160	6905	6728	97
1408	0	18	40	6910	12966	87
1409	1	11	40	6915	4628	86
1410	0	18	120	6920	69223	98
1411	0	18	160	6925	6724	79
1412	4	7	80	6930	5150	77
1413	4	7	80	6935	84369	72
1414	1	11	120	6940	7913	85
1415	3	16	40	6945	3804	72
1416	1	11	160	6950	3975	82
1417	3	16	80	6955	19849	74
1418	0	18	160	6960	6529	84
1419	4	7	160	6965	12151	84
1420	3	16	40	6970	47253	89
1421	3	16	80	6975	2355	73
1422	4	7	80	6980	1206	94
1423	0	18	160	6985	11721	82
1424	1	11	160	6990	12414	80
1425	3	16	120	6995	21051	83
1426	0	18	80	7000	3789	79
1427	3	16	80	7005	7203	81
1428	0	18	120	7010	3624	85
1429	4	7	160	7015	7453	72
1430	4	7	160	7020	3163	94
1431	0	18	80	7025	1450	78
1432	4	7	160	7030	31395	87
1433	1	11	80	7035	68450	95
1434	4	7	120	7040	7337	93
1435	3	16	40	7045	5043	86
1436	3	16	120	7050	38763	73
1437	4	7	40	7055	39786	70
1438	3	16	80	7060	2218	71
1439	3	16	120	7065	10060	73
1440	4	7	160	7070	6491	86
1441	0	18	80	7075	5160	79
1442	0	18	120	7080	2682	97
1443	1	11	40	7085	20235	92
1444	3	16	80	7090	24376	77
1445	4	7	120	7095	2582	78
1446	1	11	80	7100	2411	91
1447	0	18	80	7105	394	82
1448	1	11	120	7110	5349	73
1449	4	7	160	7115	13077	98
1450	4	7	80	7120	14965	96
1451	1	11	80	7125	27886	70
1452	3	16	80	7130	10700	89
1453	3	16	40	7135	9083	72
1454	1	11	160	7140	390	72
1455	3	16	80	7145	12911	70
1456	1	11	80	7150	52767	84
1457	3	16	120	7155	16877	98
1458	3	16	40	7160	1737	98
1459	1	11	120	7165	888	70
1460	4	7	160	7200	26760	70
1461	4	7	160	7205	44550	78
1462	3	16	80	7210	2214	80
1463	0	18	80	7215	2646	83
1464	3	16	40	7220	1109	90
1465	0	18	80	7225	25751	88
1466	1	11	160	7230	8367	90
1467	1	11	160	7235	5212	81
1468	4	7	160	7240	9362	77
1469	4	7	80	7245	1806	98
1470	4	7	120	7250	4474	97
1471	3	16	160	7255	4598	81
1472	0	18	160	7260	12257	72
1473	3	16	40	7265	22930	79
1474	4	7	40	7270	2964	97
1475	3	16	160	7275	11962	78
1476	3	16	160	7280	45757	74
1477	1	11	80	7285	3956	70
1478	1	11	80	7290	16860	74
1479	3	16	40	7295	7195	71
1480	1	11	40	7300	12425	91
1481	4	7	160	7305	3268	96
1482	0	18	160	7310	1153	76
1483	0	18	120	7315	10904	86
1484	4	7	80	7320	16635	74
1485	1	11	120	7325	4798	92
1486	1	11	40	7330	8902	88
1487	0	18	160	7335	6050	83
1488	4	7	80	7340	40104	91
1489	1	11	80	7345	19218	92
1490	0	18	160	7350	5270	70
1491	0	18	160	7355	2760	73
1492	0	18	160	7360	21185	70
1493	0	18	160	7365	1229	70
1494	4	7	120	7370	13491	72
1495	4	7	40	7375	7005	76
1496	1	11	40	7380	2395	98
1497	4	7	40	7385	29	82
1498	3	16	160	7390	15555	71
1499	3	16	40	7395	51053	88
1500	1	11	120	7400	14114	86
1501	4	7	80	7405	21244	79
1502	1	11	120	7410	8096	73
1503	3	16	40	7415	2980	74
1504	4	7	40	7420	5214	69
1505	1	11	120	7425	6016	84
1506	1	11	80	7430	3648	97
1507	0	18	40	7435	16072	79
1508	4	7	40	7440	4488	73
1509	4	7	40	7445	6150	92
1510	0	18	80	7450	13714	94
1511	4	7	160	7455	14722	83
1512	0	18	40	7460	4	93
1513	4	7	160	7465	13817	96
1514	0	18	80	7470	6671	77
1515	4	7	160	7475	12736	72
1516	4	7	160	7480	25843	70
1517	1	11	160	7485	10171	93
1518	1	11	40	7490	7128	78
1519	0	18	120	7495	17061	96
1520	3	16	80	7500	5341	69
1521	0	18	40	7505	1345	75
1522	1	11	80	7510	5885	88
1523	3	16	120	7515	16316	84
1524	3	16	120	7520	18404	96
1525	4	7	120	7525	1341	92
1526	3	16	160	7530	8067	79
1527	4	7	40	7535	9384	70
1528	3	16	120	7540	2336	75
1529	0	18	160	7545	17988	89
1530	0	18	120	7550	7173	79
1531	3	16	160	7555	44508	91
1532	3	16	120	7600	9700	97
1533	4	7	80	7604	17576	85
1534	0	18	120	7608	17096	83
1535	1	11	160	7612	20261	81
1536	3	16	80	7616	16529	91
1537	1	11	160	7620	24639	71
1538	1	11	80	7624	3364	85
1539	3	16	120	7628	5274	88
1540	0	18	40	7632	837	94
1541	1	11	160	7636	18490	77
1542	1	11	120	7640	1052	79
1543	0	18	80	7644	9949	98
1544	0	18	160	7648	1497	96
1545	0	18	40	7652	12551	85
1546	0	18	160	7656	2755	79
1547	0	18	160	7660	1880	73
1548	0	18	120	7664	13338	91
1549	4	7	120	7668	255	98
1550	0	18	40	7672	9805	75
1551	0	18	40	7676	11281	73
1552	3	16	160	7680	9703	73
1553	3	16	40	7684	41205	73
1554	0	18	120	7688	11819	87
1555	1	11	120	7692	10568	80
1556	1	11	160	7696	7002	89
1557	3	16	40	7700	16512	88
1558	4	7	120	7704	6865	76
1559	4	7	120	7708	3399	75
1560	3	16	120	7712	28229	74
1561	1	11	80	7716	15260	95
1562	3	16	120	7720	9880	72
1563	3	16	40	7724	9198	82
1564	3	16	80	7728	36207	81
1565	1	11	120	7732	14673	72
1566	1	11	40	7736	1983	84
1567	0	18	120	7740	3159	77
1568	3	16	80	7744	30989	81
1569	3	16	120	7748	11338	94
1570	1	11	120	7752	28404	80
1571	1	11	40	7756	147	98
1572	4	7	80	7760	4753	77
1573	3	16	80	7764	1161	88
1574	0	18	80	7768	14103	71
1575	0	18	80	7772	10224	90
1576	4	7	80	7776	267	95
1577	1	11	40	7780	20853	89
1578	3	16	120	7784	11799	86
1579	3	16	80	7788	1748	80
1580	4	7	160	7792	27708	82
1581	1	11	160	7796	5066	74
1582	3	16	120	7800	24629	77
1583	3	16	160	7804	2033	76
1584	4	7	160	7808	2956	83
1585	0	18	120	7812	22033	75
1586	0	18	160	7816	6557	86
1587	0	18	80	7820	10602	93
1588	4	7	120	7824	1842	96
1589	4	7	160	7828	2292	72
1590	4	7	160	7832	5604	90
1591	4	7	40	7836	4	71
1592	3	16	80	7840	6872	93
1593	1	11	160	7844	73475	78
1594	4	7	160	7848	7191	83
1595	3	16	160	7852	5128	97
1596	3	16	80	7856	3055	74
1597	3	16	120	7860	9545	95
1598	1	11	160	7864	11376	85
1599	4	7	40	7868	6366	92
1600	4	7	160	7872	8228	69
1601	4	7	40	7876	43637	71
1602	3	16	120	7880	2991	90
1603	3	16	160	7884	738	95
1604	1	11	40	7888	1463	87
1605	3	16	40	7892	9477	75
1606	0	18	160	7896	3980	95
1607	4	7	80	7900	7445	84
1608	1	11	160	7904	3883	71
1609	4	7	80	7908	654	95
1610	1	11	40	7912	9945	84
1611	0	18	160	7916	11547	69
1612	0	18	80	7920	1554	71
1613	1	11	40	8000	4281	95
1614	0	18	120	8004	5096	92
1615	1	11	120	8008	9864	98
1616	3	16	120	8012	22611	86
1617	4	7	160	8016	6233	95
1618	4	7	80	8020	4575	98
1619	3	16	160	8024	1405	75
1620	1	11	120	8028	4019	84
1621	0	18	160	8032	10007	90
1622	1	11	160	8036	1120	79
1623	4	7	80	8040	16658	78
1624	3	16	120	8044	3263	73
1625	1	11	80	8048	28358	78
1626	4	7	160	8052	10302	73
1627	1	11	120	8056	4792	98
1628	4	7	80	8060	12306	73
1629	1	11	120	8064	5049	72
1630	3	16	40	8068	5145	85
1631	0	18	160	8072	7697	69
1632	4	7	40	8076	2852	72
1633	3	16	80	8080	2892	92
1634	3	16	120	8084	12237	79
1635	4	7	120	8088	31405	80
1636	4	7	80	8092	1585	82
1637	0	18	120	8096	20049	81
1638	1	11	160	8100	502	88
1639	0	18	120	8104	13387	77
1640	0	18	120	8108	9803	78
1641	0	18	80	8112	38241	71
1642	3	16	120	8116	4456	91
1643	0	18	80	8120	1121	70
1644	1	11	160	8124	11315	87
1645	4	7	40	8128	16885	90
1646	4	7	120	8132	25331	69
1647	0	18	40	8136	1753	97
1648	1	11	40	8140	12658	84
1649	3	16	80	8144	26526	83
1650	0	18	40	8148	8311	80
1651	4	7	120	8152	20550	78
1652	4	7	40	8156	3161	95
1653	4	7	40	8160	8366	78
1654	3	16	120	8164	1631	77
1655	3	16	40	8168	32012	78
1656	3	16	40	8172	25899	90
1657	3	16	40	8176	7622	81
1658	4	7	80	8180	20680	91
1659	4	7	120	8184	2812	78
1660	4	7	80	8188	42009	70
1661	3	16	80	8192	36704	96
1662	0	18	160	8196	20636	79
1663	4	7	80	8200	32431	98
1664	1	11	80	8204	14625	79
1665	0	18	40	8208	1130	83
1666	1	11	120	8212	6258	95
1667	1	11	40	8216	28537	77
1668	3	16	120	8220	12971	85
1669	1	11	40	8224	6517	81
1670	3	16	80	8228	6887	84
1671	3	16	40	8232	441	74
1672	3	16	40	8236	5433	75
1673	3	16	120	8240	12418	89
1674	3	16	40	8244	9642	95
1675	0	18	80	8248	4732	81
1676	1	11	80	8252	3539	98
1677	0	18	120	8256	118981	78
1678	1	11	120	8260	1809	90
1679	4	7	120	8264	7916	81
1680	3	16	120	8268	328	77
1681	3	16	120	8272	6963	75
1682	0	18	80	8276	13580	82
1683	1	11	40	8280	16686	88
1684	1	11	80	8284	22275	90
1685	3	16	80	8288	9037	75
1686	1	11	160	8292	3323	72
1687	4	7	40	8296	14836	92
1688	0	18	160	8300	1093	84
1689	0	18	80	8304	14802	69
1690	0	18	120	8308	521	88
1691	0	18	80	8312	12721	70
1692	0	18	40	8316	55716	88
1693	1	11	40	8320	21409	79
1694	1	11	80	8324	14546	75
1695	1	11	80	8328	11152	81
1696	0	18	80	8332	1779	91
1697	4	7	80	8336	5683	91
1698	4	7	160	8340	5830	90
1699	0	18	120	8344	8821	72
1700	1	11	120	8348	5146	93
1701	3	16	120	8352	42737	90
1702	3	16	80	8356	7737	81
1703	0	18	40	8360	3178	72
1704	4	7	160	8364	7253	98
1705	1	11	160	8368	7473	74
1706	0	18	120	8372	7293	71
1707	1	11	80	8400	10607	75
1708	1	11	160	8405	35890	82
1709	1	11	40	8410	19385	94
1710	0	18	120	8415	13492	78
1711	1	11	80	8420	25905	81
1712	1	11	80	8425	4808	89
1713	0	18	160	8430	4959	79
1714	1	11	160	8435	2410	69
1715	0	18	120	8440	9048	94
1716	3	16	160	8445	3867	82
1717	4	7	120	8450	868	89
1718	3	16	160	8455	1121	76
1719	3	16	160	8460	2312	72
1720	4	7	80	8465	22610	80
1721	3	16	80	8470	14322	71
1722	0	18	40	8475	20589	92
1723	3	16	40	8480	36431	84
1724	0	18	80	8485	5669	92
1725	3	16	160	8490	18340	82
1726	3	16	160	8495	562	85
1727	1	11	160	8500	9114	95
1728	0	18	80	8505	34224	83
1729	0	18	160	8510	35265	83
1730	0	18	160	8515	2500	89
1731	3	16	40	8520	25263	75
1732	1	11	120	8525	11458	86
1733	0	18	160	8530	11592	87
1734	1	11	160	8535	1729	86
1735	4	7	40	8540	683	86
1736	0	18	80	8545	40250	92
1737	0	18	80	8550	7061	79
1738	1	11	80	8555	4235	89
1739	0	18	80	8560	5739	85
1740	3	16	160	8565	918	73
1741	0	18	80	8570	12772	96
1742	1	11	80	8575	17115	79
1743	4	7	120	8580	4040	89
1744	4	7	120	8585	410	90
1745	4	7	40	8590	2063	75
1746	3	16	160	8595	4688	79
1747	4	7	80	8600	12660	78
1748	4	7	40	8605	12601	79
1749	0	18	160	8610	2278	79
1750	4	7	80	8615	4799	97
1751	0	18	120	8620	844	71
1752	0	18	80	8625	4076	84
1753	1	11	40	8630	2821	87
1754	1	11	80	8635	13396	90
1755	4	7	40	8640	12662	91
1756	1	11	120	8645	1970	96
1757	0	18	40	8650	8889	96
1758	4	7	120	8655	23268	78
1759	1	11	40	8660	13323	84
1760	4	7	40	8665	6491	88
1761	4	7	120	8670	30817	74
1762	0	18	40	8675	12413	90
1763	1	11	160	8680	32	97
1764	0	18	80	8685	11394	73
1765	3	16	120	8690	19131	72
1766	0	18	160	8695	3766	93
1767	0	18	120	8700	14886	71
1768	3	16	160	8705	2742	91
1769	1	11	160	8710	1623	81
1770	0	18	40	8715	9974	70
1771	1	11	120	8720	21315	72
1772	3	16	80	8725	17763	98
1773	3	16	80	8730	14815	89
1774	0	18	160	8735	1286	97
1775	4	7	40	8740	2573	83
1776	0	18	40	8745	33185	91
1777	1	11	80	8750	9169	72
1778	3	16	80	8755	30064	93
1779	1	11	80	8760	2959	85
1780	4	7	40	8765	7387	72
1781	3	16	120	8770	6009	76
1782	1	11	120	8775	25645	85
1783	4	7	80	8780	17602	72
1784	1	11	80	8785	11529	85
1785	0	18	40	8790	1535	87
1786	1	11	120	8800	10703	89
1787	0	18	120	8805	6242	98
1788	4	7	120	8810	35222	95
1789	3	16	120	8815	7901	94
1790	3	16	80	8820	28118	88
1791	0	18	40	8825	6996	95
1792	0	18	120	8830	10659	69
1793	4	7	40	8835	11829	74
1794	0	18	80	8840	39364	95
1795	3	16	40	8845	1955	97
1796	4	7	40	8850	126	74
1797	0	18	80	8855	16981	81
1798	3	16	80	8860	13406	84
1799	1	11	40	8865	3240	86
1800	4	7	80	8870	26332	80
1801	1	11	80	8875	11380	76
1802	0	18	80	8880	7120	85
1803	3	16	80	8885	8896	96
1804	0	18	120	8890	11251	78
1805	1	11	160	8895	8291	93
1806	3	16	40	8900	4203	71
1807	3	16	40	8905	10380	93
1808	1	11	40	8910	1369	88
1809	3	16	80	8915	7836	76
1810	3	16	40	8920	15056	98
1811	4	7	40	8925	11521	93
1812	1	11	160	8930	11143	71
1813	3	16	40	8935	12179	92
1814	3	16	160	8940	2841	81
1815	0	18	80	8945	289	81
1816	3	16	40	8950	506	88
1817	0	18	160	8955	24974	87
1818	0	18	120	8960	5838	81
1819	0	18	40	8965	8150	85
1820	0	18	40	8970	2780	81
1821	4	7	40	8975	23921	94
1822	1	11	40	8980	17321	75
1823	0	18	80	8985	15359	95
1824	4	7	80	8990	3021	91
1825	4	7	40	8995	1570	74
1826	1	11	160	9000	3326	72
1827	3	16	80	9005	1887	93
1828	1	11	160	9010	16476	93
1829	1	11	120	9015	36262	98
1830	4	7	160	9020	2418	78
1831	0	18	120	9025	2380	79
1832	3	16	40	9030	23719	87
1833	1	11	80	9035	13736	75
1834	3	16	40	9040	4805	73
1835	1	11	160	9045	22532	94
1836	1	11	40	9050	35119	89
1837	4	7	80	9055	5326	88
1838	4	7	120	9060	2105	93
1839	4	7	80	9065	1513	90
1840	1	11	160	9070	20887	85
1841	4	7	120	9075	134	94
1842	4	7	120	9080	4241	79
1843	1	11	40	9085	7558	87
1844	4	7	120	9090	17507	94
1845	3	16	80	9095	4056	94
1846	4	7	80	9100	21761	92
1847	1	11	120	9105	36205	76
1848	1	11	40	9110	6454	92
1849	0	18	160	9115	33475	83
1850	4	7	40	9120	1385	78
1851	3	16	80	9125	1743	86
1852	0	18	160	9130	5579	69
1853	3	16	40	9135	2379	98
1854	1	11	160	9140	363	74
1855	4	7	40	9145	301	85
1856	0	18	40	9200	22665	70
1857	0	18	40	9205	15517	88
1858	3	16	160	9210	4296	74
1859	0	18	120	9215	7981	73
1860	0	18	40	9220	3561	90
1861	0	18	160	9225	1949	76
1862	1	11	40	9230	21427	69
1863	4	7	80	9235	2043	88
1864	3	16	80	9240	4228	97
1865	3	16	80	9245	9185	88
1866	0	18	160	9250	16911	75
1867	0	18	80	9255	30800	95
1868	0	18	160	9260	4410	87
1869	0	18	40	9265	5426	85
1870	3	16	80	9270	966	91
1871	4	7	160	9275	13780	98
1872	1	11	40	9280	15034	92
1873	1	11	40	9285	3723	89
1874	4	7	80	9290	13245	98
1875	0	18	120	9295	2612	85
1876	4	7	80	9300	10017	84
1877	0	18	160	9305	4220	86
1878	1	11	160	9310	37061	70
1879	0	18	40	9315	32938	95
1880	0	18	160	9320	4038	80
1881	4	7	40	9325	4127	94
1882	1	11	40	9330	15691	70
1883	0	18	40	9335	19810	79
1884	3	16	120	9340	22161	89
1885	0	18	120	9345	581	90
1886	0	18	160	9350	19809	79
1887	0	18	160	9355	13734	88
1888	0	18	80	9360	12660	69
1889	3	16	160	9365	4369	87
1890	1	11	120	9370	76663	93
1891	1	11	40	9375	2994	69
1892	0	18	80	9380	710	83
1893	4	7	40	9385	13491	89
1894	3	16	80	9390	23737	69
1895	1	11	160	9395	13472	77
1896	3	16	120	9400	2364	94
1897	0	18	40	9405	1826	89
1898	3	16	120	9410	2241	89
1899	0	18	40	9415	3177	75
1900	1	11	80	9420	9089	88
1901	3	16	160	9425	29398	96
1902	1	11	120	9430	12376	87
1903	0	18	160	9435	644	75
1904	1	11	120	9440	23692	90
1905	0	18	80	9445	6665	78
1906	1	11	40	9450	6556	92
1907	4	7	120	9455	1332	78
1908	4	7	160	9460	8596	98
1909	0	18	80	9465	21566	88
1910	4	7	160	9470	7367	70
1911	4	7	80	9475	9640	82
1912	3	16	80	9480	17697	87
1913	1	11	160	9485	5453	77
1914	4	7	120	9490	2678	91
1915	1	11	160	9495	40506	94
1916	4	7	160	9500	6545	75
1917	0	18	160	9505	293	89
1918	1	11	160	9510	4528	98
1919	1	11	160	9515	3447	75
1920	3	16	80	9520	15570	78
1921	4	7	160	9525	923	86
1922	4	7	160	9530	3799	95
1923	1	11	160	9535	28	98
1924	4	7	120	9540	5458	91
1925	0	18	40	9545	23303	90
1926	3	16	80	9550	11781	84
1927	1	11	160	9555	479	72
1928	3	16	120	9560	6232	89
1929	1	11	80	9565	60945	90
1930	3	16	160	9570	202	89
1931	4	7	40	9600	6637	93
1932	1	11	80	9605	1618	96
1933	0	18	120	9610	15353	93
1934	4	7	120	9615	6222	76
1935	1	11	160	9620	5583	83
1936	1	11	120	9625	12514	76
1937	0	18	40	9630	13571	93
1938	4	7	80	9635	35240	87
1939	1	11	40	9640	6455	79
1940	4	7	80	9645	11812	97
1941	1	11	80	9650	14569	69
1942	1	11	40	9655	2238	88
1943	0	18	40	9660	20416	80
1944	3	16	40	9665	22482	86
1945	1	11	80	9670	7089	79
1946	4	7	120	9675	7166	81
1947	3	16	120	9680	14141	74
1948	4	7	80	9685	7734	96
1949	1	11	120	9690	27145	73
1950	3	16	40	9695	3518	71
1951	1	11	120	9700	2016	74
1952	4	7	80	9705	21042	90
1953	0	18	160	9710	30401	83
1954	3	16	120	9715	8458	95
1955	1	11	80	9720	7329	71
1956	4	7	160	9725	12336	69
1957	4	7	120	9730	12296	87
1958	1	11	80	9735	13931	83
1959	1	11	80	9740	55	69
1960	1	11	40	9745	19362	92
1961	4	7	40	9750	5770	88
1962	0	18	40	9755	14446	88
1963	1	11	120	9760	8750	76
1964	1	11	80	9765	20410	97
1965	0	18	120	9770	414	75
1966	1	11	160	9775	6661	84
1967	1	11	120	9780	607	92
1968	3	16	40	9785	38817	70
1969	1	11	160	9790	21121	77
1970	4	7	80	9795	4597	87
1971	3	16	160	9800	16312	81
1972	1	11	120	9805	964	70
1973	4	7	120	9810	27423	87
1974	3	16	80	9815	11719	76
1975	1	11	40	9820	288	78
1976	3	16	160	9825	28108	96
1977	4	7	160	9830	7257	84
1978	4	7	120	9835	2034	81
1979	1	11	80	9840	30209	80
1980	1	11	120	9845	6268	78
1981	4	7	160	9850	32455	79
1982	1	11	120	9855	9964	75
1983	1	11	40	9860	8541	84
1984	4	7	40	9865	16146	88
1985	1	11	80	9870	23775	84
1986	0	18	160	9875	10935	72
1987	1	11	80	9880	2761	82
1988	3	16	160	9885	2919	97
1989	1	11	40	9890	35363	73
1990	3	16	160	9895	15700	82
1991	3	16	160	9900	77	87
1992	4	7	120	9905	55845	79
1993	1	11	160	9910	34246	86
1994	0	18	40	9915	11462	85
1995	4	7	80	9920	3365	77
1996	0	18	80	9925	36	79
1997	0	18	120	9930	12682	80
1998	4	7	120	9935	1	81
1999	3	16	120	9940	20087	79
