0	1	11	160	0	14561	68
1	1	11	160	4	9512	56
2	4	7	160	8	2020	61
3	1	11	120	12	4496	68
4	3	16	120	16	6935	57
5	1	11	160	20	1289	64
6	1	11	160	24	26788	54
7	4	7	120	28	12456	59
8	4	7	40	32	40050	69
9	0	18	160	36	4870	56
10	4	7	160	40	8386	54
11	3	16	40	44	6110	68
12	0	18	80	48	4789	54
13	1	11	80	52	13294	68
14	1	11	80	56	7490	61
15	1	11	40	60	8060	64
16	0	18	80	64	144	54
17	0	18	120	68	3869	64
18	4	7	80	72	5673	58
19	0	18	40	76	12932	62
20	0	18	80	80	41827	57
21	3	16	80	84	40360	58
22	4	7	160	88	6675	69
23	3	16	160	92	5118	63
24	1	11	160	96	13797	60
25	4	7	80	100	581	57
26	4	7	120	104	45606	65
27	1	11	80	108	1993	68
28	0	18	40	112	4663	69
29	4	7	120	116	39087	66
30	3	16	80	120	25808	56
31	1	11	80	124	16421	58
32	1	11	80	128	31277	69
33	1	11	80	132	14318	65
34	3	16	80	136	4643	62
35	4	7	120	140	1394	54
36	3	16	160	144	46203	61
37	4	7	120	148	11686	67
38	1	11	160	152	45997	67
39	1	11	40	156	5488	67
40	3	16	40	160	6211	57
41	0	18	40	164	9646	54
42	1	11	120	168	15301	58
43	3	16	40	172	38306	60
44	4	7	120	176	14852	68
45	0	18	40	180	9610	62
46	3	16	80	184	4599	63
47	4	7	160	188	1186	64
48	4	7	120	192	10475	57
49	4	7	120	196	18762	64
50	3	16	80	200	2683	59
51	3	16	160	204	26370	64
52	0	18	120	208	4740	61
53	3	16	80	212	3760	68
54	1	11	120	216	16283	66
55	4	7	120	220	16047	63
56	3	16	40	224	1543	56
57	0	18	40	228	19787	67
58	4	7	160	232	11904	62
59	4	7	40	236	5964	54
60	3	16	40	240	1591	69
61	4	7	80	244	16148	55
62	4	7	120	248	4695	59
63	4	7	80	252	35	56
64	3	16	120	256	7173	54
65	1	11	120	260	16993	66
66	1	11	160	264	7682	68
67	3	16	160	268	12007	59
68	4	7	160	272	5148	60
69	1	11	120	276	5254	60
70	4	7	40	280	8570	57
71	0	18	120	284	5923	57
72	3	16	120	288	4233	66
73	3	16	40	292	116	60
74	1	11	40	296	3541	58
75	4	7	80	300	6474	56
76	0	18	120	304	3369	69
77	1	11	120	308	7567	63
78	4	7	40	312	12169	64
79	0	18	120	316	1702	67
80	0	18	40	320	15664	63
81	0	18	120	324	25799	54
82	3	16	160	328	10149	65
83	1	11	80	332	9096	59
84	1	11	40	336	17181	61
85	0	18	120	340	62823	62
86	1	11	160	344	6519	66
87	3	16	160	348	12846	55
88	4	7	160	352	36999	68
89	3	16	120	356	10508	68
90	1	11	80	360	54145	68
91	1	11	120	400	2250	63
92	0	18	120	404	59889	59
93	3	16	160	408	10603	67
94	3	16	160	412	3338	68
95	4	7	120	416	13103	56
96	1	11	80	420	3114	65
97	1	11	40	424	15174	56
98	4	7	120	428	8533	59
99	3	16	40	432	36592	56
100	4	7	80	436	977	63
101	4	7	80	440	13900	58
102	4	7	160	444	16409	58
103	1	11	160	448	3100	66
104	0	18	80	452	3944	61
105	3	16	120	456	19979	55
106	4	7	40	460	10747	67
107	1	11	80	464	4568	55
108	0	18	80	468	162	63
109	3	16	40	472	4727	64
110	3	16	160	476	8142	63
111	0	18	120	480	12699	62
112	1	11	160	484	2242	56
113	3	16	80	488	8244	64
114	3	16	160	492	13042	60
115	3	16	120	496	3304	68
116	1	11	120	500	2219	60
117	1	11	40	504	18865	54
118	3	16	80	508	3322	64
119	3	16	160	512	7290	62
120	4	7	120	516	4953	69
121	4	7	160	520	20292	67
122	4	7	40	524	13604	60
123	1	11	80	528	17400	61
124	0	18	40	532	5460	62
125	3	16	120	536	4976	63
126	4	7	40	540	6058	67
127	4	7	160	544	14878	69
128	4	7	80	548	17472	61
129	3	16	120	552	10732	56
130	1	11	40	556	2504	60
131	3	16	120	560	8988	67
132	1	11	160	564	38282	58
133	1	11	40	568	13849	62
134	1	11	40	572	666	57
135	0	18	160	576	526	59
136	0	18	160	580	1785	66
137	1	11	160	584	5042	68
138	1	11	40	588	3472	67
139	3	16	80	592	36025	60
140	0	18	120	596	6190	64
141	0	18	120	600	1298	65
142	1	11	80	604	12383	61
143	1	11	120	608	11885	58
144	4	7	120	612	1141	58
145	0	18	160	616	4915	59
146	4	7	160	620	6	61
147	1	11	80	624	8228	65
148	0	18	160	628	30919	61
149	0	18	80	632	25	54
150	3	16	160	636	8212	65
151	4	7	40	640	6876	65
152	4	7	120	644	7749	61
153	1	11	160	648	661	67
154	3	16	80	652	11436	56
155	4	7	120	656	3654	66
156	0	18	40	660	94	68
157	1	11	120	664	46832	66
158	1	11	120	668	23780	58
159	1	11	160	672	33904	67
160	3	16	120	676	6421	58
161	0	18	80	680	25551	68
162	1	11	160	684	9576	63
163	1	11	160	688	6584	61
164	0	18	40	692	1770	57
165	0	18	80	696	40398	66
166	3	16	120	700	14214	58
167	0	18	120	704	7981	64
168	0	18	80	708	7019	60
169	1	11	40	712	11605	55
170	1	11	120	716	1296	56
171	4	7	160	720	20967	62
172	0	18	40	724	9347	56
173	4	7	160	728	4135	58
174	1	11	80	732	644	67
175	4	7	40	736	3224	58
176	1	11	80	740	2264	59
177	1	11	120	744	609	55
178	3	16	120	748	13474	57
179	4	7	80	752	359	56
180	3	16	120	756	4967	56
181	1	11	160	800	27645	56
182	4	7	160	804	18534	61
183	4	7	40	808	17362	60
184	0	18	120	812	1205	60
185	1	11	160	816	16741	65
186	4	7	160	820	633	59
187	0	18	40	824	28275	60
188	4	7	120	828	873	59
189	1	11	120	832	18815	61
190	0	18	120	836	428	61
191	3	16	40	840	2070	69
192	4	7	40	844	7868	63
193	4	7	80	848	4462	69
194	0	18	160	852	9212	56
195	0	18	40	856	8856	65
196	3	16	120	860	9655	55
197	4	7	120	864	3002	54
198	1	11	80	868	8112	54
199	4	7	80	872	1606	62
200	3	16	40	876	12325	55
201	4	7	40	880	8675	66
202	1	11	160	884	658	58
203	4	7	160	888	4351	59
204	4	7	120	892	27596	68
205	3	16	40	896	13297	57
206	4	7	40	900	27051	62
207	4	7	160	904	2443	57
208	4	7	80	908	15	69
209	3	16	80	912	5713	68
210	3	16	40	916	1139	60
211	4	7	120	920	38127	66
212	4	7	40	924	4368	63
213	1	11	80	928	21454	56
214	4	7	40	932	11048	65
215	0	18	160	936	8665	55
216	1	11	80	940	1191	60
217	3	16	160	944	18449	56
218	1	11	80	948	4748	54
219	3	16	80	952	5833	62
220	0	18	80	956	29454	60
221	3	16	120	960	18664	68
222	1	11	40	964	6445	58
223	3	16	160	968	12643	69
224	1	11	80	972	10547	64
225	3	16	120	976	34586	56
226	4	7	120	980	5074	68
227	1	11	120	984	3145	56
228	4	7	40	988	16908	56
229	1	11	40	992	9069	56
230	1	11	80	996	13782	56
231	1	11	160	1000	36093	59
232	0	18	40	1004	9801	55
233	3	16	40	1008	9565	65
234	1	11	40	1012	5882	54
235	4	7	120	1016	20864	59
236	0	18	160	1020	22504	68
237	4	7	40	1024	7903	55
238	0	18	120	1028	24029	62
239	3	16	80	1032	6655	57
240	3	16	120	1036	23352	56
241	0	18	160	1040	24223	56
242	0	18	120	1044	28111	60
243	0	18	80	1048	14109	61
244	4	7	120	1052	14486	54
245	1	11	160	1056	958	65
246	4	7	40	1060	23032	60
247	3	16	160	1064	12537	60
248	0	18	40	1068	14804	58
249	4	7	160	1072	262	54
250	3	16	160	1076	6692	58
251	4	7	160	1080	17515	68
252	3	16	80	1084	27000	69
253	3	16	40	1088	1349	62
254	4	7	40	1092	2846	55
255	4	7	120	1096	23014	57
256	1	11	40	1100	1252	61
257	3	16	40	1104	6171	59
258	1	11	80	1108	15248	65
259	0	18	40	1112	37406	65
260	3	16	80	1116	4716	59
261	3	16	80	1120	13104	60
262	4	7	160	1200	6716	54
263	1	11	80	1205	7640	67
264	1	11	160	1210	14284	65
265	0	18	40	1215	1809	55
266	3	16	120	1220	6132	65
267	0	18	160	1225	16916	67
268	0	18	80	1230	7069	55
269	4	7	120	1235	18034	59
270	4	7	40	1240	13216	56
271	1	11	80	1245	11361	58
272	3	16	80	1250	30321	63
273	3	16	160	1255	27756	67
274	4	7	120	1260	9005	59
275	4	7	80	1265	576	58
276	3	16	160	1270	25949	61
277	0	18	120	1275	15454	67
278	3	16	80	1280	36040	68
279	4	7	80	1285	8512	69
280	4	7	80	1290	1140	66
281	1	11	160	1295	14312	61
282	0	18	120	1300	8852	68
283	4	7	40	1305	15890	55
284	4	7	40	1310	1303	68
285	1	11	120	1315	29612	57
286	3	16	120	1320	691	59
287	1	11	40	1325	7212	62
288	4	7	40	1330	4953	63
289	3	16	80	1335	9174	67
290	1	11	80	1340	15497	68
291	3	16	120	1345	7057	63
292	3	16	120	1350	17280	60
293	4	7	80	1355	28799	67
294	0	18	160	1360	1274	68
295	0	18	80	1365	2568	66
296	1	11	40	1370	6926	55
297	3	16	80	1375	6808	63
298	4	7	120	1380	64953	65
299	4	7	80	1385	9879	69
300	3	16	80	1390	13546	54
301	3	16	80	1395	1231	62
302	3	16	120	1400	2723	58
303	0	18	120	1405	32133	68
304	0	18	160	1410	5244	67
305	1	11	120	1415	20276	69
306	1	11	120	1420	22574	58
307	0	18	120	1425	60546	56
308	3	16	80	1430	10368	57
309	4	7	120	1435	2153	67
310	0	18	120	1440	41350	66
311	1	11	120	1445	5639	64
312	4	7	160	1450	7211	60
313	1	11	40	1455	2848	66
314	0	18	120	1460	24032	69
315	0	18	120	1465	11878	67
316	1	11	160	1470	1847	61
317	4	7	160	1475	14235	68
318	3	16	40	1480	5507	68
319	4	7	40	1485	18206	61
320	1	11	120	1490	1052	65
321	0	18	120	1495	35560	56
322	1	11	160	1500	6486	58
323	3	16	160	1505	28992	58
324	3	16	40	1510	645	61
325	1	11	80	1515	3027	63
326	4	7	120	1520	22681	68
327	3	16	160	1525	130	66
328	1	11	160	1530	19330	69
329	4	7	80	1535	4898	62
330	3	16	80	1540	11250	56
331	4	7	120	1545	7217	67
332	1	11	160	1550	15650	55
333	4	7	160	1555	5919	68
334	1	11	40	1560	21364	68
335	1	11	40	1565	59841	57
336	4	7	80	1570	8163	56
337	0	18	160	1575	10713	69
338	4	7	40	1600	5735	58
339	1	11	120	1605	4067	68
340	4	7	160	1610	840	68
341	3	16	40	1615	773	57
342	4	7	160	1620	24784	58
343	0	18	80	1625	2293	66
344	1	11	160	1630	10025	55
345	0	18	160	1635	5172	58
346	3	16	160	1640	59429	56
347	0	18	120	1645	9629	63
348	4	7	160	1650	543	68
349	4	7	80	1655	7672	54
350	3	16	80	1660	615	58
351	1	11	40	1665	16346	56
352	4	7	80	1670	805	64
353	4	7	80	1675	2902	58
354	3	16	120	1680	7779	58
355	3	16	160	1685	15634	67
356	1	11	120	1690	13670	58
357	0	18	120	1695	4149	54
358	3	16	80	1700	25335	61
359	4	7	120	1705	1686	58
360	3	16	160	1710	40748	54
361	3	16	160	1715	21751	62
362	3	16	120	1720	2577	56
363	3	16	160	1725	3347	65
364	1	11	80	1730	9738	64
365	1	11	40	1735	8711	69
366	4	7	120	1740	12473	62
367	0	18	160	1745	772	62
368	0	18	160	1750	5734	67
369	4	7	120	1755	24655	65
370	1	11	40	1760	1738	64
371	1	11	160	1765	9640	62
372	4	7	160	1770	4534	64
373	1	11	80	1775	1008	54
374	4	7	80	1780	14980	62
375	3	16	120	1785	261	62
376	1	11	160	1790	937	68
377	1	11	80	1795	3350	62
378	1	11	160	1800	5066	57
379	1	11	40	1805	14535	57
380	3	16	80	1810	3136	61
381	3	16	40	1815	4231	59
382	4	7	40	1820	40776	67
383	1	11	80	1825	4768	68
384	0	18	160	1830	4028	57
385	0	18	40	1835	23985	69
386	0	18	80	1840	5874	56
387	3	16	80	1845	8652	67
388	0	18	40	1850	29210	64
389	4	7	80	1855	1306	55
390	0	18	120	1860	4509	69
391	4	7	120	1865	2695	56
392	1	11	80	1870	14920	61
393	0	18	80	1875	3433	69
394	3	16	120	1880	4645	67
395	0	18	40	1885	3149	60
396	4	7	80	1890	24406	54
397	0	18	160	1895	11925	63
398	3	16	40	1900	11551	55
399	0	18	160	1905	617	56
400	0	18	40	1910	14600	65
401	3	16	160	1915	32017	64
402	4	7	120	1920	2262	65
403	0	18	40	1925	2270	56
404	3	16	80	1930	4941	60
405	1	11	120	1935	8265	66
406	1	11	80	1940	6728	62
407	1	11	160	1945	49871	64
408	4	7	40	1950	8361	65
409	4	7	40	1955	7295	65
410	0	18	40	1960	12705	68
411	4	7	80	1965	6878	65
412	4	7	160	2000	35462	66
413	1	11	80	2004	2333	58
414	0	18	40	2008	27760	67
415	4	7	160	2012	13278	65
416	4	7	160	2016	24502	64
417	0	18	40	2020	24060	58
418	3	16	160	2024	38115	61
419	0	18	40	2028	14106	65
420	0	18	120	2032	1658	66
421	1	11	80	2036	1707	64
422	4	7	160	2040	1949	68
423	1	11	120	2044	3887	65
424	3	16	40	2048	9814	66
425	1	11	80	2052	32551	61
426	4	7	80	2056	22035	55
427	4	7	80	2060	817	64
428	3	16	160	2064	17105	56
429	3	16	40	2068	7897	56
430	3	16	40	2072	1983	62
431	0	18	160	2076	7072	59
432	3	16	40	2080	11787	61
433	0	18	40	2084	4181	55
434	0	18	40	2088	77215	61
435	4	7	120	2092	4269	66
436	3	16	80	2096	1606	63
437	4	7	160	2100	18968	65
438	4	7	40	2104	55731	62
439	3	16	80	2108	18575	61
440	3	16	120	2112	6857	61
441	3	16	120	2116	6184	61
442	3	16	80	2120	143	56
443	1	11	40	2124	7323	68
444	3	16	80	2128	7174	57
445	0	18	80	2132	25141	57
446	0	18	160	2136	3504	59
447	0	18	40	2140	9184	57
448	4	7	80	2144	5127	56
449	4	7	120	2148	12655	56
450	1	11	80	2152	5367	65
451	4	7	40	2156	45	66
452	3	16	160	2160	13360	55
453	3	16	40	2164	31369	59
454	4	7	40	2168	30478	59
455	4	7	160	2172	10160	55
456	4	7	40	2176	18204	65
457	3	16	160	2180	27058	69
458	1	11	40	2184	11416	59
459	1	11	160	2188	6208	68
460	3	16	40	2192	12848	64
461	3	16	40	2196	5417	67
462	4	7	160	2200	3054	62
463	0	18	160	2204	238	63
464	0	18	160	2208	4334	57
465	0	18	40	2212	2795	63
466	1	11	40	2216	19976	58
467	3	16	120	2220	12725	65
468	0	18	40	2224	2356	67
469	1	11	120	2228	11045	54
470	0	18	80	2232	9422	55
471	0	18	160	2236	949	69
472	1	11	160	2240	24949	65
473	4	7	120	2244	2249	54
474	1	11	80	2248	3548	58
475	1	11	40	2252	15549	59
476	3	16	160	2256	1543	62
477	3	16	160	2260	14177	69
478	3	16	80	2264	21032	62
479	3	16	160	2268	13735	63
480	1	11	120	2272	13687	56
481	3	16	40	2276	4378	68
482	4	7	160	2280	15195	61
483	4	7	40	2284	1370	69
484	1	11	160	2288	1555	60
485	4	7	40	2292	1929	66
486	3	16	40	2296	17833	57
487	4	7	160	2300	14398	55
488	1	11	40	2304	5603	66
489	1	11	40	2308	6687	59
490	0	18	80	2312	8776	55
491	0	18	120	2316	3139	64
492	1	11	120	2320	2387	59
493	1	11	80	2324	10596	64
494	0	18	80	2328	1672	66
495	0	18	80	2332	896	63
496	4	7	120	2336	2352	69
497	1	11	80	2340	58352	63
498	0	18	40	2344	2001	64
499	3	16	40	2348	3328	63
500	3	16	40	2352	821	68
501	3	16	40	2356	10982	64
502	0	18	160	2400	5290	60
503	3	16	120	2405	16448	56
504	3	16	40	2410	1367	55
505	0	18	80	2415	4018	66
506	1	11	80	2420	1655	54
507	4	7	80	2425	8332	55
508	0	18	120	2430	13331	55
509	1	11	160	2435	2600	54
510	0	18	160	2440	7183	63
511	0	18	80	2445	1098	66
512	4	7	120	2450	850	60
513	3	16	80	2455	32278	66
514	4	7	40	2460	15427	66
515	4	7	160	2465	5196	66
516	3	16	40	2470	12433	59
517	0	18	120	2475	1490	62
518	3	16	160	2480	27403	56
519	1	11	160	2485	2015	61
520	1	11	160	2490	6831	60
521	3	16	40	2495	1425	57
522	0	18	120	2500	3951	68
523	4	7	40	2505	16688	61
524	1	11	40	2510	1038	69
525	0	18	160	2515	4517	60
526	4	7	40	2520	27120	63
527	4	7	120	2525	4084	55
528	3	16	80	2530	500	57
529	0	18	40	2535	2440	64
530	3	16	80	2540	9536	59
531	0	18	120	2545	1649	68
532	1	11	120	2550	9305	59
533	0	18	40	2555	10538	69
534	4	7	120	2560	11468	64
535	3	16	80	2565	1011	61
536	3	16	40	2570	35761	62
537	1	11	80	2575	42925	59
538	0	18	160	2580	2	67
539	1	11	120	2585	21765	64
540	1	11	160	2590	238	65
541	4	7	160	2595	3828	56
542	3	16	80	2600	341	69
543	4	7	40	2605	2356	66
544	0	18	40	2610	45152	66
545	4	7	40	2615	6772	59
546	0	18	160	2620	2118	57
547	3	16	80	2625	3424	62
548	1	11	40	2630	23850	68
549	1	11	80	2635	18093	69
550	3	16	40	2640	6678	58
551	4	7	40	2645	757	60
552	4	7	120	2650	1187	60
553	4	7	80	2655	83310	57
554	0	18	80	2660	19813	56
555	0	18	160	2665	37004	65
556	1	11	120	2670	4609	65
557	1	11	160	2675	11159	68
558	0	18	80	2680	13058	57
559	3	16	80	2685	18958	64
560	1	11	40	2690	5910	56
561	1	11	120	2695	22019	68
562	0	18	160	2700	7389	67
563	0	18	120	2705	8003	60
564	4	7	80	2710	12478	64
565	4	7	80	2715	4663	64
566	4	7	120	2720	9528	60
567	4	7	80	2725	7938	61
568	4	7	120	2730	4568	56
569	0	18	160	2735	12350	58
570	0	18	120	2740	6175	58
571	0	18	160	2745	13418	54
572	4	7	120	2750	1488	64
573	1	11	40	2755	756	61
574	4	7	40	2760	1739	65
575	3	16	40	2765	2105	58
576	4	7	160	2770	1052	57
577	1	11	80	2775	1294	56
578	3	16	160	2780	17863	65
579	1	11	40	2785	12653	64
580	4	7	160	2800	1977	57
581	0	18	160	2804	12508	55
582	1	11	80	2808	6651	57
583	1	11	160	2812	3649	58
584	3	16	160	2816	16986	60
585	4	7	80	2820	8012	69
586	1	11	160	2824	418	61
587	3	16	80	2828	9330	56
588	4	7	160	2832	17969	66
589	4	7	160	2836	12990	69
590	1	11	120	2840	17218	65
591	1	11	80	2844	5055	63
592	0	18	160	2848	4433	55
593	3	16	120	2852	2770	57
594	0	18	120	2856	7131	61
595	4	7	40	2860	2371	66
596	4	7	160	2864	20142	58
597	3	16	160	2868	9352	62
598	0	18	120	2872	9106	55
599	1	11	160	2876	12763	55
600	0	18	120	2880	25779	68
601	1	11	120	2884	13593	66
602	4	7	160	2888	32195	60
603	0	18	80	2892	2985	63
604	0	18	160	2896	5665	64
605	1	11	80	2900	16813	57
606	4	7	80	2904	34702	65
607	1	11	80	2908	403	68
608	0	18	40	2912	23948	61
609	3	16	40	2916	12502	68
610	1	11	40	2920	24505	61
611	0	18	80	2924	2930	62
612	4	7	40	2928	21341	57
613	4	7	80	2932	139	63
614	3	16	80	2936	12329	61
615	0	18	80	2940	16236	55
616	0	18	80	2944	6431	65
617	3	16	40	2948	2640	63
618	1	11	160	2952	15690	54
619	4	7	40	2956	2083	64
620	1	11	80	2960	4071	56
621	1	11	40	2964	90	58
622	4	7	120	2968	14757	64
623	0	18	120	2972	12783	57
624	4	7	40	2976	25529	63
625	4	7	80	2980	723	65
626	0	18	160	2984	5435	68
627	0	18	160	2988	28958	61
628	0	18	120	2992	11394	54
629	4	7	40	2996	37388	69
630	3	16	80	3000	5124	69
631	0	18	160	3004	9387	64
632	0	18	120	3008	10141	54
633	0	18	40	3012	1527	63
634	1	11	120	3016	17547	65
635	3	16	80	3020	7710	60
636	0	18	160	3024	15094	64
637	0	18	160	3028	2756	64
638	1	11	40	3032	26050	63
639	1	11	80	3036	42	56
640	4	7	160	3040	9386	58
641	4	7	120	3044	14	63
642	1	11	80	3048	13538	64
643	1	11	160	3052	1658	67
644	1	11	160	3056	18785	61
645	1	11	80	3060	9454	56
646	3	16	80	3064	8626	59
647	1	11	120	3068	4234	62
648	4	7	80	3072	9964	65
649	4	7	80	3076	14710	60
650	4	7	120	3080	17348	55
651	0	18	160	3084	11480	65
652	1	11	40	3088	20041	62
653	0	18	120	3092	5590	61
654	4	7	80	3096	5488	68
655	4	7	80	3100	25031	63
656	1	11	40	3104	42171	56
657	4	7	40	3108	3879	57
658	1	11	80	3112	4975	54
659	0	18	80	3116	4589	69
660	1	11	80	3120	5919	59
661	3	16	80	3124	415	57
662	1	11	160	3128	6536	68
663	1	11	40	3132	28688	62
664	4	7	160	3136	4273	69
665	0	18	40	3140	4762	66
666	4	7	160	3144	12467	62
667	3	16	40	3148	14919	64
668	1	11	160	3152	3344	67
669	0	18	160	3156	2207	55
670	4	7	80	3160	313	60
671	4	7	80	3164	2822	55
672	1	11	40	3168	4480	54
673	0	18	80	3172	15535	67
674	4	7	40	3176	11509	60
675	1	11	160	3200	4051	63
676	4	7	160	3204	4825	63
677	3	16	120	3208	10368	66
678	3	16	160	3212	23974	65
679	3	16	160	3216	4907	60
680	1	11	40	3220	9470	59
681	3	16	80	3224	831	59
682	0	18	120	3228	5102	66
683	1	11	40	3232	28449	63
684	4	7	80	3236	2546	67
685	3	16	120	3240	15789	58
686	4	7	160	3244	15751	56
687	0	18	160	3248	2648	63
688	0	18	120	3252	16754	64
689	3	16	40	3256	26762	56
690	0	18	80	3260	8409	58
691	1	11	160	3264	6946	61
692	4	7	80	3268	24105	63
693	0	18	120	3272	10074	63
694	4	7	40	3276	11426	67
695	0	18	120	3280	8524	54
696	3	16	120	3284	10444	64
697	0	18	40	3288	17529	56
698	1	11	160	3292	21225	68
699	1	11	160	3296	7470	64
700	3	16	80	3300	27511	64
701	4	7	40	3304	19380	65
702	4	7	160	3308	666	65
703	4	7	80	3312	6052	64
704	0	18	40	3316	13698	54
705	0	18	40	3320	9710	69
706	3	16	120	3324	4353	64
707	0	18	120	3328	1076	64
708	0	18	80	3332	16908	54
709	1	11	80	3336	1007	59
710	4	7	80	3340	9441	69
711	4	7	80	3344	5964	59
712	1	11	40	3348	6369	61
713	4	7	120	3352	44	63
714	4	7	80	3356	17743	63
715	3	16	40	3360	4671	69
716	3	16	160	3364	13965	61
717	0	18	160	3368	8643	59
718	1	11	120	3372	15156	64
719	0	18	80	3376	10068	64
720	1	11	40	3380	10897	64
721	4	7	160	3384	7132	68
722	1	11	80	3388	38356	69
723	4	7	120	3392	5183	65
724	4	7	120	3396	13094	66
725	3	16	80	3400	10592	68
726	4	7	40	3404	5054	61
727	1	11	80	3408	16327	60
728	0	18	80	3412	1423	54
729	4	7	120	3416	1374	59
730	4	7	80	3420	14661	69
731	3	16	160	3424	9938	60
732	1	11	160	3428	16591	67
733	0	18	40	3432	6149	54
734	4	7	80	3436	6887	65
735	1	11	160	3440	16382	64
736	3	16	80	3444	155	64
737	1	11	40	3448	36012	55
738	0	18	40	3452	3072	62
739	3	16	40	3456	12141	68
740	0	18	160	3460	6692	63
741	3	16	40	3464	12430	61
742	4	7	80	3468	7010	62
743	4	7	40	3472	13374	59
744	3	16	160	3476	5129	56
745	0	18	40	3480	1427	68
746	0	18	120	3484	335	54
747	0	18	160	3488	23777	54
748	0	18	40	3492	19077	69
749	0	18	160	3496	4137	67
750	3	16	120	3500	20634	63
751	3	16	160	3504	842	58
752	3	16	80	3508	624	62
753	0	18	80	3512	3638	58
754	0	18	120	3516	24182	54
755	3	16	120	3520	7193	66
756	3	16	160	3524	22144	65
757	0	18	40	3528	14580	69
758	4	7	160	3600	15796	67
759	3	16	120	3605	1189	55
760	1	11	40	3610	2844	62
761	0	18	80	3615	9872	58
762	4	7	80	3620	43758	64
763	1	11	160	3625	12508	65
764	3	16	40	3630	5644	59
765	1	11	120	3635	47887	62
766	3	16	80	3640	12346	61
767	0	18	40	3645	131	60
768	4	7	40	3650	10045	68
769	1	11	120	3655	332	69
770	0	18	120	3660	4445	58
771	0	18	120	3665	16046	59
772	4	7	120	3670	4067	66
773	4	7	120	3675	1010	66
774	0	18	120	3680	1815	54
775	3	16	160	3685	36345	56
776	0	18	80	3690	67	60
777	3	16	80	3695	4061	64
778	0	18	120	3700	35	62
779	3	16	120	3705	9637	68
780	1	11	160	3710	9817	68
781	4	7	40	3715	7885	61
782	0	18	80	3720	35356	60
783	0	18	80	3725	20592	56
784	0	18	160	3730	4065	66
785	0	18	80	3735	12175	64
786	4	7	80	3740	8619	68
787	1	11	80	3745	8021	63
788	0	18	80	3750	9169	54
789	1	11	160	3755	51042	69
790	4	7	160	3760	27952	68
791	1	11	80	3765	4445	64
792	1	11	80	3770	2956	57
793	3	16	80	3775	1692	61
794	1	11	160	3780	6648	59
795	4	7	80	3785	24186	59
796	4	7	160	3790	13346	67
797	1	11	120	3795	19020	67
798	0	18	160	3800	4223	69
799	1	11	80	3805	5474	63
800	3	16	120	3810	7607	61
801	0	18	120	3815	201	63
802	0	18	120	3820	4196	55
803	3	16	80	3825	17566	54
804	0	18	40	3830	48268	63
805	1	11	40	3835	1045	57
806	4	7	40	3840	18188	62
807	4	7	160	3845	42065	65
808	4	7	160	3850	1550	57
809	1	11	160	3855	29592	67
810	3	16	40	3860	7071	60
811	4	7	120	3865	9712	55
812	0	18	80	3870	14462	61
813	0	18	80	3875	2378	69
814	0	18	160	3880	9204	57
815	1	11	40	3885	15685	55
816	0	18	160	3890	11400	67
817	4	7	160	3895	2002	62
818	1	11	40	3900	5355	68
819	3	16	120	3905	16062	65
820	1	11	40	3910	7597	64
821	1	11	40	3915	2022	67
822	4	7	120	3920	7770	60
823	3	16	80	3925	10445	68
824	3	16	120	3930	1598	55
825	3	16	80	3935	139403	63
826	4	7	40	3940	8784	55
827	0	18	80	3945	2033	59
828	3	16	120	3950	12784	60
829	0	18	40	3955	3836	64
830	4	7	40	3960	3949	59
831	3	16	160	4000	2837	62
832	3	16	80	4004	55842	64
833	4	7	80	4008	12148	69
834	0	18	160	4012	1033	61
835	1	11	40	4016	9371	58
836	3	16	80	4020	2477	59
837	1	11	160	4024	2363	60
838	4	7	40	4028	21851	63
839	3	16	160	4032	2737	63
840	0	18	80	4036	23348	56
841	0	18	80	4040	9382	56
842	1	11	80	4044	5474	60
843	4	7	120	4048	11584	56
844	3	16	120	4052	9332	63
845	4	7	80	4056	5128	66
846	1	11	160	4060	11275	57
847	0	18	40	4064	471	58
848	3	16	120	4068	10874	57
849	4	7	160	4072	14288	58
850	4	7	120	4076	3507	62
851	4	7	160	4080	8744	58
852	4	7	120	4084	6852	69
853	1	11	40	4088	9822	58
854	4	7	40	4092	27301	69
855	1	11	120	4096	4530	63
856	0	18	160	4100	9318	57
857	3	16	40	4104	15014	57
858	0	18	120	4108	12392	69
859	1	11	160	4112	48274	69
860	3	16	160	4116	9970	55
861	3	16	160	4120	11752	56
862	0	18	40	4124	4532	59
863	4	7	160	4128	22569	62
864	3	16	120	4132	12081	62
865	0	18	40	4136	3209	67
866	1	11	40	4140	9972	60
867	0	18	40	4144	790	62
868	0	18	80	4148	1228	62
869	3	16	120	4152	60587	69
870	4	7	120	4156	9393	65
871	3	16	40	4160	6839	60
872	0	18	160	4164	4550	68
873	3	16	80	4168	2035	58
874	1	11	80	4172	25509	62
875	0	18	120	4176	31346	61
876	4	7	120	4180	18657	60
877	0	18	160	4184	23381	57
878	0	18	120	4188	498	59
879	3	16	80	4192	18004	58
880	0	18	120	4196	5946	60
881	3	16	40	4200	7859	67
882	3	16	120	4204	9850	56
883	4	7	160	4208	38450	56
884	1	11	120	4212	244	56
885	0	18	80	4216	17276	54
886	3	16	80	4220	17926	63
887	0	18	40	4224	6778	60
888	4	7	40	4228	16138	69
889	3	16	80	4232	17537	67
890	0	18	80	4236	24	54
891	4	7	80	4240	7679	56
892	1	11	40	4244	9184	61
893	1	11	80	4248	23257	64
894	0	18	160	4252	12247	62
895	1	11	80	4256	3178	69
896	4	7	80	4260	3103	67
897	3	16	120	4264	8777	68
898	0	18	40	4268	50040	64
899	3	16	120	4272	4380	65
900	3	16	80	4276	18354	60
901	0	18	120	4280	9462	65
902	0	18	120	4284	34009	66
903	4	7	40	4288	11066	57
904	4	7	40	4292	1994	62
905	1	11	80	4296	20511	55
906	4	7	160	4300	2706	60
907	1	11	80	4304	3926	64
908	4	7	160	4308	13607	66
909	3	16	80	4312	42314	61
910	3	16	160	4316	8950	56
911	0	18	160	4320	13767	54
912	3	16	80	4324	13418	67
913	1	11	80	4400	24208	65
914	1	11	40	4404	10737	62
915	4	7	120	4408	1050	57
916	0	18	80	4412	799	54
917	1	11	80	4416	5265	57
918	1	11	40	4420	21078	59
919	3	16	40	4424	24632	61
920	1	11	160	4428	7376	58
921	0	18	160	4432	1710	54
922	1	11	160	4436	4703	62
923	3	16	40	4440	4791	64
924	3	16	80	4444	57294	68
925	4	7	80	4448	872	63
926	0	18	160	4452	27585	69
927	3	16	80	4456	7384	58
928	1	11	80	4460	8717	66
929	4	7	160	4464	12528	62
930	0	18	80	4468	14397	64
931	1	11	160	4472	3776	62
932	4	7	160	4476	24758	63
933	1	11	40	4480	15930	64
934	0	18	160	4484	60577	67
935	4	7	160	4488	22394	65
936	3	16	120	4492	9300	55
937	3	16	80	4496	37926	68
938	4	7	120	4500	19696	63
939	4	7	40	4504	2695	54
940	0	18	80	4508	9882	64
941	1	11	40	4512	8232	68
942	0	18	80	4516	16795	64
943	0	18	120	4520	17576	62
944	0	18	80	4524	3331	65
945	4	7	80	4528	4619	54
946	1	11	160	4532	19287	59
947	4	7	160	4536	13226	65
948	0	18	40	4540	3689	55
949	1	11	40	4544	9738	58
950	1	11	40	4548	2209	69
951	3	16	40	4552	24736	64
952	0	18	120	4556	14110	62
953	3	16	160	4560	1437	56
954	0	18	120	4564	22500	61
955	3	16	80	4568	12616	60
956	4	7	120	4572	2999	57
957	1	11	80	4576	11361	55
958	1	11	160	4580	11324	58
959	0	18	160	4584	1039	69
960	0	18	120	4588	30215	55
961	0	18	120	4592	16273	55
962	4	7	160	4596	17261	68
963	0	18	160	4600	368	57
964	3	16	160	4604	3806	67
965	0	18	40	4608	3543	63
966	1	11	40	4612	19900	60
967	0	18	80	4616	33415	56
968	1	11	80	4620	24802	67
969	1	11	40	4624	16446	67
970	0	18	160	4628	9436	56
971	3	16	160	4632	1356	56
972	1	11	120	4636	9552	64
973	3	16	40	4640	11807	59
974	1	11	160	4644	4461	66
975	0	18	120	4648	39488	59
976	4	7	120	4652	5727	59
977	0	18	80	4656	9728	54
978	3	16	160	4660	1089	69
979	3	16	160	4664	13378	68
980	1	11	120	4668	3786	58
981	0	18	40	4672	3163	57
982	1	11	40	4676	2600	56
983	0	18	40	4680	38790	62
984	3	16	120	4684	7842	62
985	3	16	80	4688	20985	69
986	0	18	40	4692	10367	69
987	0	18	40	4696	17126	60
988	1	11	80	4700	26295	57
989	3	16	120	4704	5041	61
990	0	18	80	4708	11740	62
991	0	18	40	4712	31453	69
992	1	11	120	4716	5110	63
993	4	7	160	4720	15418	63
994	3	16	80	4724	3972	68
995	0	18	160	4728	20495	63
996	1	11	40	4732	15877	54
997	0	18	80	4736	15406	60
998	3	16	160	4740	8246	64
999	4	7	40	4744	51854	55
1000	3	16	80	4748	8559	63
1001	1	11	80	4752	23707	56
1002	3	16	80	4756	18983	68
1003	4	7	160	4800	8774	58
1004	0	18	40	4805	136	55
1005	4	7	80	4810	759	67
1006	0	18	80	4815	4695	54
1007	1	11	120	4820	809	57
1008	0	18	160	4825	19459	59
1009	0	18	160	4830	25837	55
1010	3	16	120	4835	3792	54
1011	4	7	80	4840	13150	56
1012	4	7	120	4845	8939	56
1013	3	16	160	4850	33516	60
1014	3	16	40	4855	20079	65
1015	0	18	120	4860	13961	68
1016	3	16	80	4865	9515	68
1017	4	7	120	4870	19444	59
1018	1	11	80	4875	9595	64
1019	4	7	120	4880	7083	67
1020	4	7	160	4885	13567	64
1021	0	18	160	4890	609	54
1022	4	7	160	4895	615	69
1023	4	7	120	4900	9069	59
1024	1	11	160	4905	1560	59
1025	4	7	160	4910	11524	57
1026	0	18	40	4915	17130	62
1027	3	16	160	4920	20954	54
1028	4	7	120	4925	5066	60
1029	1	11	40	4930	8120	57
1030	3	16	120	4935	3121	58
1031	4	7	40	4940	12822	68
1032	1	11	80	4945	722	59
1033	4	7	120	4950	1265	67
1034	0	18	120	4955	2121	58
1035	0	18	40	4960	6316	56
1036	3	16	120	4965	6900	59
1037	3	16	80	4970	13529	68
1038	4	7	160	4975	35767	60
1039	4	7	40	4980	6505	65
1040	1	11	40	4985	8370	69
1041	4	7	120	4990	8640	66
1042	0	18	40	4995	37926	54
1043	0	18	80	5000	52	55
1044	4	7	160	5005	897	61
1045	0	18	40	5010	38138	59
1046	1	11	120	5015	6170	66
1047	3	16	160	5020	6291	56
1048	1	11	120	5025	29020	68
1049	3	16	160	5030	10822	54
1050	1	11	80	5035	3797	64
1051	3	16	80	5040	32177	64
1052	4	7	40	5045	2272	66
1053	4	7	80	5050	630	66
1054	4	7	80	5055	4444	61
1055	1	11	80	5060	7404	63
1056	1	11	120	5065	20011	56
1057	3	16	120	5070	3679	63
1058	3	16	40	5075	6065	68
1059	0	18	80	5080	6011	68
1060	3	16	80	5085	4300	58
1061	3	16	120	5090	8276	69
1062	3	16	160	5095	15313	66
1063	4	7	160	5100	4464	56
1064	3	16	80	5105	12763	66
1065	3	16	80	5110	11438	55
1066	3	16	160	5115	11217	66
1067	0	18	40	5120	6643	58
1068	3	16	40	5125	17990	56
1069	1	11	40	5130	6192	63
1070	1	11	40	5135	3456	63
1071	0	18	40	5140	24608	69
1072	4	7	160	5200	23002	69
1073	1	11	40	5204	1698	68
1074	3	16	80	5208	34510	68
1075	0	18	40	5212	2148	67
1076	0	18	160	5216	1157	54
1077	3	16	80	5220	560	67
1078	4	7	120	5224	7357	68
1079	0	18	160	5228	2143	54
1080	3	16	40	5232	2907	60
1081	1	11	80	5236	5207	60
1082	0	18	40	5240	29529	56
1083	0	18	160	5244	16644	60
1084	0	18	120	5248	2988	62
1085	0	18	40	5252	4237	63
1086	4	7	40	5256	7938	56
1087	3	16	40	5260	87	63
1088	4	7	80	5264	18758	60
1089	3	16	80	5268	14512	65
1090	4	7	120	5272	10934	69
1091	4	7	160	5276	2283	65
1092	0	18	80	5280	3932	69
1093	3	16	120	5284	9720	62
1094	1	11	160	5288	1496	61
1095	4	7	80	5292	46	69
1096	0	18	160	5296	18865	69
1097	0	18	80	5300	12492	68
1098	3	16	40	5304	5160	59
1099	0	18	120	5308	7339	59
1100	1	11	40	5312	5188	62
1101	1	11	120	5316	45211	61
1102	0	18	120	5320	11974	54
1103	0	18	80	5324	8507	59
1104	0	18	160	5328	5057	61
1105	0	18	80	5332	6128	65
1106	3	16	120	5336	982	65
1107	1	11	40	5340	496	67
1108	1	11	160	5344	1365	68
1109	3	16	40	5348	1888	63
1110	1	11	80	5352	5516	62
1111	3	16	40	5356	17410	58
1112	4	7	160	5360	19662	65
1113	1	11	40	5364	3185	68
1114	3	16	80	5368	2365	61
1115	1	11	40	5372	35745	68
1116	1	11	80	5376	10514	67
1117	1	11	40	5380	42353	60
1118	4	7	40	5384	1134	63
1119	3	16	80	5388	5304	56
1120	3	16	80	5392	1678	68
1121	0	18	120	5396	10998	57
1122	0	18	160	5400	12081	68
1123	0	18	120	5404	936	60
1124	3	16	120	5408	19625	63
1125	3	16	40	5412	961	67
1126	0	18	160	5416	10756	69
1127	0	18	80	5420	4241	61
1128	0	18	40	5424	178	61
1129	4	7	160	5428	33706	68
1130	0	18	80	5432	5573	67
1131	4	7	120	5436	7065	56
1132	0	18	80	5440	14294	62
1133	3	16	40	5444	9	62
1134	3	16	120	5448	20092	61
1135	1	11	120	5452	3266	68
1136	1	11	120	5456	15307	59
1137	0	18	120	5460	6266	66
1138	0	18	40	5464	6256	68
1139	4	7	80	5468	20614	67
1140	1	11	80	5472	2965	68
1141	3	16	160	5476	7030	59
1142	1	11	80	5480	27591	64
1143	0	18	40	5484	12424	66
1144	0	18	160	5488	4861	56
1145	0	18	80	5492	21430	65
1146	4	7	40	5496	5497	54
1147	3	16	40	5500	568	55
1148	0	18	40	5504	5664	54
1149	0	18	160	5508	2208	63
1150	1	11	40	5512	6542	56
1151	4	7	120	5516	20692	63
1152	1	11	40	5520	9761	58
1153	0	18	120	5524	58337	56
1154	3	16	40	5528	4751	60
1155	1	11	80	5532	16680	58
1156	0	18	160	5536	5027	63
1157	4	7	160	5540	9749	63
1158	3	16	160	5544	14556	65
1159	3	16	120	5548	3726	64
1160	0	18	120	5552	19800	65
1161	3	16	80	5556	18215	57
1162	1	11	160	5560	313	59
1163	3	16	160	5564	2204	54
1164	3	16	120	5568	17852	66
1165	1	11	160	5572	30846	60
1166	3	16	160	5576	864	65
1167	0	18	120	5580	19614	56
1168	3	16	80	5584	6548	61
1169	1	11	120	5588	33878	62
1170	4	7	80	5592	3111	62
1171	0	18	120	5600	2335	54
1172	1	11	40	5604	9972	62
1173	4	7	120	5608	3771	65
1174	0	18	40	5612	1786	58
1175	0	18	80	5616	13944	62
1176	4	7	80	5620	14464	62
1177	4	7	120	5624	54923	56
1178	4	7	160	5628	16256	58
1179	1	11	40	5632	43248	68
1180	3	16	40	5636	14831	66
1181	1	11	120	5640	9468	68
1182	0	18	40	5644	30530	61
1183	0	18	80	5648	22498	67
1184	1	11	160	5652	8794	65
1185	0	18	120	5656	9577	58
1186	3	16	80	5660	26308	67
1187	0	18	120	5664	14603	60
1188	0	18	40	5668	13442	55
1189	1	11	80	5672	763	56
1190	0	18	160	5676	27163	59
1191	1	11	120	5680	2156	66
1192	3	16	160	5684	14612	55
1193	1	11	80	5688	1800	58
1194	4	7	160	5692	152	56
1195	3	16	160	5696	6916	64
1196	0	18	40	5700	6487	69
1197	4	7	120	5704	15794	64
1198	3	16	80	5708	24556	54
1199	4	7	40	5712	6323	65
1200	1	11	80	5716	17269	69
1201	4	7	80	5720	9922	68
1202	0	18	120	5724	11791	63
1203	3	16	120	5728	6866	61
1204	0	18	80	5732	33703	55
1205	0	18	80	5736	3347	55
1206	3	16	120	5740	3569	55
1207	1	11	120	5744	4059	62
1208	4	7	120	5748	23082	68
1209	1	11	120	5752	12253	68
1210	1	11	40	5756	621	66
1211	0	18	40	5760	5216	60
1212	0	18	40	5764	20200	58
1213	0	18	120	5768	15707	66
1214	4	7	120	5772	9783	67
1215	4	7	160	5776	3649	66
1216	1	11	80	5780	23540	66
1217	1	11	80	5784	2369	62
1218	0	18	160	5788	12542	58
1219	1	11	40	5792	3047	62
1220	4	7	120	5796	429	63
1221	3	16	80	5800	5461	59
1222	0	18	80	5804	1687	54
1223	1	11	40	5808	5335	58
1224	1	11	160	5812	546	57
1225	3	16	120	5816	792	65
1226	3	16	160	5820	7680	69
1227	4	7	120	5824	6641	57
1228	0	18	160	5828	3565	63
1229	3	16	40	5832	14458	63
1230	0	18	80	5836	3769	62
1231	0	18	120	5840	41522	68
1232	1	11	40	5844	1519	56
1233	0	18	160	5848	4848	63
1234	0	18	160	5852	2827	69
1235	4	7	120	5856	1905	68
1236	1	11	160	5860	30315	58
1237	3	16	80	5864	7980	69
1238	4	7	40	5868	28490	66
1239	0	18	120	5872	3876	64
1240	3	16	40	5876	4152	56
1241	0	18	160	5880	11035	58
1242	1	11	40	5884	22762	62
1243	4	7	120	5888	414	57
1244	4	7	40	5892	134	60
1245	0	18	120	5896	9409	68
1246	1	11	120	5900	5173	61
1247	3	16	40	5904	43885	58
1248	3	16	120	5908	10463	61
1249	0	18	40	5912	16653	59
1250	1	11	80	5916	10372	67
1251	4	7	160	5920	3268	61
1252	3	16	120	5924	1045	60
1253	0	18	80	5928	12478	61
1254	0	18	80	5932	5629	56
1255	4	7	40	5936	6074	64
1256	4	7	160	6000	6775	67
1257	3	16	120	6004	3723	59
1258	1	11	160	6008	5954	58
1259	3	16	120	6012	25031	59
1260	3	16	80	6016	17671	56
1261	3	16	160	6020	21424	67
1262	1	11	120	6024	364	69
1263	1	11	80	6028	2001	58
1264	1	11	80	6032	5549	59
1265	1	11	80	6036	1025	67
1266	3	16	40	6040	3193	58
1267	0	18	80	6044	7890	65
1268	4	7	160	6048	8807	67
1269	0	18	40	6052	6344	68
1270	1	11	160	6056	5026	62
1271	4	7	40	6060	5613	67
1272	1	11	40	6064	3813	65
1273	4	7	40	6068	5588	63
1274	4	7	160	6072	32222	59
1275	3	16	160	6076	6826	58
1276	0	18	40	6080	8699	66
1277	0	18	160	6084	1226	67
1278	1	11	40	6088	5128	68
1279	1	11	40	6092	8343	58
1280	0	18	40	6096	15007	58
1281	4	7	160	6100	8282	64
1282	1	11	160	6104	22230	66
1283	0	18	160	6108	8479	57
1284	0	18	120	6112	1555	65
1285	1	11	80	6116	379	55
1286	1	11	40	6120	25964	62
1287	1	11	120	6124	7673	64
1288	4	7	80	6128	38030	60
1289	0	18	160	6132	20099	58
1290	0	18	120	6136	15080	55
1291	3	16	80	6140	12711	69
1292	1	11	120	6144	1192	65
1293	1	11	80	6148	379	60
1294	3	16	80	6152	8447	62
1295	0	18	40	6156	7399	59
1296	3	16	40	6160	10166	59
1297	0	18	120	6164	14301	57
1298	3	16	40	6168	13077	68
1299	3	16	120	6172	31776	62
1300	1	11	120	6176	4449	63
1301	1	11	80	6180	24333	66
1302	3	16	40	6184	7266	60
1303	1	11	120	6188	2254	62
1304	3	16	40	6192	6294	66
1305	3	16	80	6196	2754	54
1306	1	11	120	6200	40632	66
1307	3	16	80	6204	14902	66
1308	1	11	120	6208	15051	56
1309	1	11	80	6212	33883	68
1310	3	16	160	6216	25603	67
1311	3	16	160	6220	4882	54
1312	1	11	120	6224	30154	61
1313	0	18	120	6228	26493	54
1314	1	11	120	6232	2122	55
1315	3	16	80	6236	3811	61
1316	1	11	160	6240	54228	54
1317	1	11	160	6244	8889	65
1318	0	18	120	6248	391	63
1319	4	7	160	6252	4969	58
1320	4	7	80	6256	2630	59
1321	1	11	120	6260	17187	64
1322	0	18	160	6264	8905	58
1323	4	7	40	6268	14742	63
1324	0	18	80	6272	14257	67
1325	4	7	80	6276	14011	63
1326	1	11	80	6280	3925	55
1327	4	7	160	6284	3311	58
1328	0	18	160	6288	24203	55
1329	3	16	160	6292	7653	69
1330	4	7	160	6296	23803	69
1331	0	18	80	6300	20532	62
1332	3	16	160	6304	6818	68
1333	4	7	80	6308	6507	59
1334	4	7	120	6312	2547	64
1335	4	7	160	6316	22394	61
1336	1	11	120	6320	544	58
1337	4	7	80	6324	13373	58
1338	1	11	120	6328	1244	61
1339	3	16	80	6332	29795	64
1340	4	7	160	6400	806	58
1341	4	7	120	6405	2293	65
1342	4	7	40	6410	17010	61
1343	3	16	160	6415	210	62
1344	3	16	160	6420	32101	60
1345	1	11	160	6425	5758	55
1346	0	18	160	6430	15906	61
1347	1	11	160	6435	2746	65
1348	0	18	160	6440	24386	59
1349	0	18	160	6445	3187	55
1350	3	16	40	6450	7644	58
1351	1	11	40	6455	592	63
1352	4	7	160	6460	13097	64
1353	3	16	40	6465	4709	64
1354	3	16	80	6470	15818	56
1355	4	7	160	6475	9544	69
1356	1	11	80	6480	5067	61
1357	4	7	40	6485	16488	67
1358	1	11	80	6490	7756	65
1359	4	7	160	6495	15245	57
1360	0	18	160	6500	31253	69
1361	1	11	160	6505	15491	61
1362	1	11	120	6510	22311	64
1363	3	16	160	6515	3343	56
1364	3	16	120	6520	976	68
1365	1	11	80	6525	771	59
1366	4	7	40	6530	27729	55
1367	3	16	40	6535	8327	55
1368	0	18	40	6540	14399	59
1369	1	11	120	6545	4572	63
1370	0	18	120	6550	3102	56
1371	3	16	120	6555	4578	66
1372	4	7	80	6560	6635	58
1373	1	11	80	6565	1473	68
1374	0	18	40	6570	3844	69
1375	0	18	160	6575	277	64
1376	1	11	80	6580	42	57
1377	1	11	40	6585	8475	66
1378	0	18	80	6590	17963	56
1379	3	16	120	6595	4523	65
1380	3	16	120	6600	37092	55
1381	0	18	120	6605	928	60
1382	4	7	160	6610	5586	69
1383	0	18	160	6615	12051	54
1384	0	18	120	6620	5	65
1385	3	16	120	6625	20202	60
1386	0	18	120	6630	2021	67
1387	0	18	120	6635	1382	58
1388	0	18	40	6640	13907	57
1389	0	18	120	6645	12349	65
1390	3	16	120	6650	8337	54
1391	3	16	120	6655	4235	61
1392	1	11	40	6660	2615	62
1393	3	16	160	6665	5721	57
1394	3	16	80	6670	55814	65
1395	3	16	160	6675	4985	67
1396	1	11	40	6680	4801	54
1397	1	11	80	6685	8671	58
1398	0	18	40	6690	33597	63
1399	0	18	80	6695	24375	55
1400	3	16	120	6700	7854	69
1401	3	16	160	6705	3197	60
1402	1	11	160	6710	8456	59
1403	3	16	40	6715	9638	65
1404	4	7	40	6720	65	68
1405	0	18	120	6725	2006	61
1406	3	16	160	6730	11719	58
1407	3	16	120	6735	9547	66
1408	1	11	40	6740	621	65
1409	3	16	80	6745	14834	62
1410	1	11	120	6800	9450	65
1411	4	7	80	6804	21836	64
1412	3	16	160	6808	42377	64
1413	4	7	120	6812	2120	69
1414	0	18	80	6816	17365	55
1415	0	18	80	6820	22893	62
1416	3	16	160	6824	5221	62
1417	1	11	120	6828	2836	64
1418	3	16	40	6832	3336	61
1419	0	18	40	6836	3676	62
1420	1	11	160	6840	28528	61
1421	4	7	120	6844	18842	67
1422	1	11	160	6848	20198	68
1423	4	7	80	6852	692	64
1424	4	7	40	6856	20317	63
1425	3	16	40	6860	31977	65
1426	0	18	120	6864	1552	58
1427	0	18	120	6868	558	55
1428	4	7	40	6872	1603	57
1429	3	16	40	6876	32640	55
1430	4	7	120	6880	14176	63
1431	0	18	40	6884	8056	68
1432	1	11	160	6888	10054	56
1433	0	18	160	6892	28547	55
1434	4	7	160	6896	21529	65
1435	4	7	120	6900	15301	65
1436	4	7	160	6904	10091	55
1437	0	18	120	6908	20584	57
1438	0	18	120	6912	11874	55
1439	4	7	160	6916	22486	57
1440	4	7	160	6920	2541	55
1441	3	16	160	6924	11187	55
1442	3	16	120	6928	721	63
1443	3	16	120	6932	45094	64
1444	3	16	40	6936	1232	69
1445	3	16	80	6940	13047	59
1446	4	7	120	6944	4746	66
1447	3	16	80	6948	413	62
1448	1	11	120	6952	11437	55
1449	3	16	160	6956	1793	57
1450	4	7	40	6960	52280	59
1451	4	7	80	6964	1523	60
1452	4	7	40	6968	3806	67
1453	0	18	40	6972	13497	55
1454	3	16	80	6976	39126	64
1455	4	7	40	6980	13989	56
1456	1	11	160	6984	6531	61
1457	1	11	80	6988	7166	64
1458	4	7	160	6992	15983	56
1459	1	11	40	6996	936	56
1460	0	18	40	7000	398	57
1461	1	11	40	7004	10350	57
1462	3	16	120	7008	6611	63
1463	4	7	160	7012	1484	63
1464	4	7	160	7016	198	68
1465	0	18	80	7020	692	67
1466	3	16	80	7024	3785	62
1467	1	11	160	7028	785	63
1468	4	7	120	7032	4774	57
1469	1	11	120	7036	541	60
1470	0	18	120	7040	3990	60
1471	1	11	80	7044	9129	58
1472	0	18	160	7048	10475	63
1473	3	16	80	7052	6055	58
1474	0	18	40	7056	909	61
1475	3	16	40	7060	4294	59
1476	0	18	160	7064	15876	57
1477	3	16	80	7068	21808	57
1478	1	11	80	7072	38177	65
1479	0	18	160	7076	1995	57
1480	3	16	80	7080	11107	69
1481	3	16	40	7084	1098	65
1482	3	16	40	7088	6767	69
1483	1	11	40	7092	51437	69
1484	3	16	40	7096	35238	66
1485	4	7	80	7100	10237	57
1486	1	11	40	7104	2938	54
1487	1	11	120	7108	26717	55
1488	1	11	80	7112	34963	60
1489	0	18	160	7116	1885	63
1490	1	11	160	7120	4295	57
1491	3	16	80	7124	1521	61
1492	1	11	120	7128	1053	55
1493	4	7	120	7132	9666	69
1494	4	7	160	7136	20174	69
1495	3	16	120	7140	11390	67
1496	0	18	80	7144	2421	62
1497	4	7	120	7148	34154	54
1498	4	7	160	7152	38714	65
1499	1	11	120	7156	509	55
1500	0	18	160	7160	5977	67
1501	3	16	160	7164	3666	56
1502	3	16	120	7168	14675	58
1503	0	18	160	7200	10137	64
1504	1	11	40	7204	23253	66
1505	3	16	120	7208	7271	54
1506	4	7	80	7212	9239	66
1507	0	18	120	7216	25003	62
1508	0	18	40	7220	11063	63
1509	0	18	80	7224	12973	58
1510	3	16	40	7228	37121	69
1511	3	16	120	7232	10472	58
1512	4	7	160	7236	8107	69
1513	3	16	40	7240	10492	68
1514	3	16	120	7244	7649	57
1515	1	11	160	7248	34844	62
1516	3	16	40	7252	1906	58
1517	0	18	80	7256	6901	63
1518	0	18	160	7260	2227	66
1519	4	7	80	7264	7010	65
1520	4	7	80	7268	21903	66
1521	0	18	160	7272	5706	61
1522	4	7	80	7276	1502	56
1523	3	16	160	7280	2423	64
1524	4	7	120	7284	16316	57
1525	3	16	80	7288	2147	69
1526	4	7	120	7292	7144	57
1527	0	18	40	7296	354	64
1528	3	16	120	7300	10479	58
1529	1	11	80	7304	7395	63
1530	3	16	160	7308	1508	66
1531	1	11	80	7312	18827	57
1532	4	7	80	7316	25172	61
1533	4	7	160	7320	29849	63
1534	4	7	40	7324	17168	60
1535	0	18	120	7328	4993	67
1536	4	7	120	7332	5771	60
1537	3	16	40	7336	23652	58
1538	0	18	160	7340	1674	57
1539	4	7	80	7344	8138	66
1540	0	18	160	7348	451	60
1541	0	18	80	7352	5016	62
1542	1	11	80	7356	4107	61
1543	1	11	40	7360	4024	56
1544	3	16	120	7364	2539	64
1545	4	7	80	7368	15220	69
1546	3	16	80	7372	11862	61
1547	3	16	120	7376	8345	56
1548	1	11	40	7380	1024	65
1549	1	11	160	7384	24360	61
1550	4	7	120	7388	7530	63
1551	4	7	160	7392	16416	69
1552	3	16	160	7396	17767	58
1553	4	7	80	7400	8753	54
1554	3	16	40	7404	2719	58
1555	4	7	160	7408	167	60
1556	3	16	80	7412	1888	69
1557	4	7	160	7416	8877	64
1558	0	18	40	7420	21058	61
1559	3	16	160	7424	14137	66
1560	3	16	40	7428	69	67
1561	3	16	80	7432	8507	56
1562	3	16	40	7436	4162	58
1563	3	16	120	7440	1840	54
1564	3	16	120	7444	9388	61
1565	1	11	160	7448	2133	65
1566	3	16	40	7452	14645	66
1567	0	18	40	7456	10248	59
1568	4	7	160	7460	20713	62
1569	1	11	40	7464	1684	59
1570	3	16	80	7468	9944	55
1571	0	18	160	7472	4045	69
1572	0	18	120	7476	4402	59
1573	1	11	80	7480	13559	54
1574	4	7	120	7484	6240	59
1575	4	7	40	7488	8249	58
1576	4	7	80	7492	1113	69
1577	3	16	80	7496	21457	54
1578	0	18	40	7500	58110	54
1579	0	18	80	7504	298	58
1580	0	18	160	7508	9213	61
1581	1	11	160	7512	35359	54
1582	4	7	40	7516	35316	68
1583	0	18	160	7520	15010	67
1584	1	11	160	7524	61350	69
1585	3	16	160	7528	5595	67
1586	3	16	80	7532	233	69
1587	0	18	160	7536	5344	61
1588	1	11	120	7540	15025	59
1589	4	7	80	7544	16492	54
1590	3	16	80	7548	2599	67
1591	4	7	120	7600	23510	66
1592	1	11	160	7604	410	67
1593	3	16	160	7608	6917	60
1594	1	11	80	7612	8001	68
1595	1	11	120	7616	9037	57
1596	3	16	40	7620	597	57
1597	3	16	160	7624	1916	61
1598	4	7	120	7628	16269	64
1599	0	18	160	7632	338	68
1600	0	18	40	7636	166	56
1601	1	11	40	7640	660	56
1602	4	7	160	7644	13641	63
1603	4	7	160	7648	36159	60
1604	4	7	80	7652	4371	59
1605	4	7	120	7656	2379	63
1606	4	7	80	7660	6921	63
1607	1	11	120	7664	1205	57
1608	4	7	160	7668	1429	65
1609	4	7	40	7672	14675	69
1610	0	18	80	7676	31116	60
1611	0	18	160	7680	4503	68
1612	4	7	120	7684	9077	63
1613	0	18	160	7688	19464	57
1614	1	11	40	7692	2037	58
1615	1	11	80	7696	721	66
1616	3	16	40	7700	9866	58
1617	1	11	80	7704	10391	60
1618	0	18	160	7708	1925	54
1619	4	7	120	7712	2235	63
1620	3	16	120	7716	1861	66
1621	3	16	40	7720	5086	59
1622	4	7	120	7724	23609	54
1623	4	7	80	7728	935	62
1624	4	7	120	7732	33013	62
1625	3	16	120	7736	14622	59
1626	3	16	40	7740	3493	56
1627	3	16	120	7744	24386	68
1628	0	18	40	7748	2532	55
1629	1	11	160	7752	25086	55
1630	1	11	160	7756	7142	54
1631	0	18	120	7760	33961	62
1632	3	16	160	7764	1137	60
1633	4	7	80	7768	39985	55
1634	4	7	80	7772	130	55
1635	3	16	120	7776	7902	59
1636	3	16	160	7780	3749	61
1637	4	7	40	7784	67595	61
1638	1	11	80	7788	6300	61
1639	3	16	40	7792	20190	59
1640	4	7	120	7796	32686	58
1641	1	11	120	7800	30875	65
1642	0	18	40	7804	3405	65
1643	3	16	80	7808	102	59
1644	4	7	160	7812	20697	63
1645	1	11	80	7816	25633	69
1646	0	18	40	7820	4776	56
1647	0	18	40	7824	3153	64
1648	0	18	160	7828	3974	55
1649	4	7	160	7832	6710	55
1650	3	16	120	7836	41519	68
1651	0	18	160	7840	7601	67
1652	3	16	160	7844	89548	60
1653	0	18	160	7848	10191	54
1654	3	16	40	7852	25866	56
1655	1	11	160	7856	13242	67
1656	3	16	120	7860	2579	56
1657	4	7	80	7864	11120	55
1658	0	18	80	7868	178	68
1659	1	11	160	7872	11023	54
1660	0	18	120	7876	31459	61
1661	1	11	120	7880	10109	64
1662	1	11	80	7884	28279	56
1663	3	16	160	7888	3229	63
1664	3	16	80	7892	3566	68
1665	4	7	120	7896	49783	68
1666	3	16	40	7900	3019	62
1667	4	7	80	7904	10027	61
1668	1	11	80	7908	18826	55
1669	3	16	80	7912	13443	69
1670	3	16	80	7916	18727	59
1671	4	7	160	7920	9964	66
1672	4	7	40	8000	2248	69
1673	1	11	120	8005	4879	64
1674	4	7	160	8010	3223	59
1675	0	18	160	8015	2981	54
1676	3	16	40	8020	1242	63
1677	0	18	40	8025	22903	64
1678	0	18	80	8030	3503	68
1679	1	11	80	8035	669	62
1680	1	11	120	8040	5658	57
1681	3	16	160	8045	260	62
1682	1	11	160	8050	10611	66
1683	0	18	40	8055	17223	69
1684	3	16	80	8060	28606	57
1685	0	18	160	8065	46535	57
1686	3	16	120	8070	34079	55
1687	3	16	160	8075	8762	59
1688	1	11	40	8080	1002	69
1689	1	11	80	8085	5031	58
1690	0	18	40	8090	4092	57
1691	3	16	120	8095	13095	59
1692	3	16	160	8100	48006	63
1693	0	18	120	8105	19772	61
1694	1	11	120	8110	26140	68
1695	3	16	40	8115	5449	63
1696	0	18	40	8120	223	63
1697	3	16	40	8125	134	56
1698	0	18	40	8130	16702	60
1699	4	7	40	8135	21810	65
1700	4	7	80	8140	12925	60
1701	1	11	120	8145	17224	64
1702	4	7	160	8150	6945	62
1703	1	11	80	8155	11242	56
1704	1	11	120	8160	12204	66
1705	4	7	160	8165	6219	55
1706	1	11	160	8170	4252	67
1707	0	18	40	8175	13134	66
1708	0	18	160	8180	4925	64
1709	1	11	80	8185	13094	56
1710	4	7	120	8190	10125	57
1711	1	11	80	8195	5016	61
1712	4	7	160	8200	5186	57
1713	3	16	40	8205	38769	59
1714	4	7	40	8210	3058	66
1715	3	16	120	8215	28355	68
1716	4	7	160	8220	48448	67
1717	0	18	80	8225	1856	56
1718	4	7	120	8230	4772	60
1719	1	11	80	8235	3905	64
1720	1	11	160	8240	522	66
1721	4	7	40	8245	14619	56
1722	1	11	80	8250	7992	62
1723	4	7	160	8255	7157	66
1724	3	16	80	8260	5830	66
1725	4	7	160	8265	1613	54
1726	0	18	160	8270	10479	57
1727	4	7	120	8275	5418	61
1728	0	18	40	8280	7116	65
1729	0	18	160	8285	24536	66
1730	0	18	120	8290	2700	61
1731	0	18	40	8295	1095	61
1732	0	18	40	8300	1268	58
1733	0	18	40	8305	6446	56
1734	3	16	160	8310	6026	56
1735	0	18	160	8315	11422	62
1736	4	7	40	8320	10468	69
1737	0	18	120	8325	46285	64
1738	3	16	120	8330	1583	57
1739	4	7	120	8335	8398	55
1740	4	7	40	8340	13708	59
1741	1	11	120	8345	3880	58
1742	1	11	40	8350	2403	65
1743	0	18	120	8355	6452	67
1744	3	16	160	8400	17771	55
1745	3	16	160	8405	35315	65
1746	4	7	120	8410	4510	56
1747	0	18	160	8415	257	58
1748	0	18	80	8420	10483	64
1749	4	7	160	8425	47507	69
1750	4	7	40	8430	5788	65
1751	4	7	160	8435	24965	61
1752	3	16	120	8440	13786	65
1753	3	16	160	8445	7700	65
1754	1	11	80	8450	19013	68
1755	4	7	80	8455	37259	58
1756	0	18	80	8460	3870	55
1757	0	18	160	8465	55486	66
1758	3	16	40	8470	3032	59
1759	1	11	160	8475	8622	65
1760	3	16	160	8480	20712	68
1761	1	11	80	8485	32799	60
1762	0	18	160	8490	2950	54
1763	0	18	160	8495	7530	67
1764	0	18	160	8500	7453	65
1765	3	16	120	8505	7908	66
1766	0	18	80	8510	3314	56
1767	4	7	120	8515	32847	54
1768	0	18	40	8520	10007	57
1769	4	7	40	8525	11329	58
1770	4	7	120	8530	4695	69
1771	3	16	80	8535	41	57
1772	1	11	160	8540	238	68
1773	4	7	160	8545	20900	58
1774	3	16	80	8550	10900	58
1775	0	18	80	8555	17448	62
1776	3	16	160	8560	8876	61
1777	0	18	120	8565	875	65
1778	0	18	40	8570	13547	65
1779	4	7	80	8575	6905	54
1780	0	18	80	8580	20087	67
1781	0	18	40	8585	9884	68
1782	4	7	40	8590	18214	66
1783	0	18	80	8595	7537	66
1784	1	11	160	8600	8031	55
1785	0	18	120	8605	4741	54
1786	1	11	80	8610	6214	65
1787	3	16	40	8615	11825	63
1788	3	16	160	8620	11633	57
1789	3	16	120	8625	6950	67
1790	0	18	120	8630	4954	60
1791	4	7	80	8635	10753	57
1792	1	11	120	8640	16905	58
1793	1	11	160	8645	11332	61
1794	0	18	120	8650	13724	57
1795	1	11	120	8655	16442	69
1796	0	18	120	8660	720	57
1797	0	18	40	8665	15080	67
1798	0	18	160	8670	36765	56
1799	0	18	40	8675	4108	58
1800	1	11	120	8680	14687	62
1801	4	7	160	8685	5698	55
1802	4	7	120	8690	7295	55
1803	1	11	40	8695	42728	60
1804	0	18	40	8700	12843	54
1805	1	11	160	8705	5720	62
1806	3	16	40	8710	23209	62
1807	4	7	120	8715	23443	60
1808	4	7	120	8720	25124	60
1809	1	11	160	8725	347	60
1810	0	18	80	8730	6796	67
1811	4	7	120	8735	2758	60
1812	4	7	120	8740	4514	55
1813	3	16	120	8745	18487	59
1814	0	18	80	8750	14449	67
1815	3	16	160	8755	3626	54
1816	3	16	40	8760	2009	64
1817	0	18	120	8800	16709	58
1818	4	7	40	8804	45898	66
1819	0	18	40	8808	1757	64
1820	0	18	40	8812	980	54
1821	3	16	40	8816	11443	63
1822	1	11	120	8820	4532	66
1823	1	11	120	8824	1616	59
1824	4	7	80	8828	3820	67
1825	0	18	80	8832	15799	66
1826	0	18	160	8836	3418	68
1827	0	18	40	8840	6302	60
1828	4	7	40	8844	1857	55
1829	1	11	120	8848	22836	59
1830	4	7	160	8852	14774	58
1831	3	16	120	8856	19762	64
1832	0	18	160	8860	1493	63
1833	0	18	160	8864	5867	60
1834	3	16	160	8868	15783	61
1835	1	11	80	8872	6839	66
1836	0	18	80	8876	1339	66
1837	1	11	160	8880	19880	59
1838	0	18	80	8884	19886	65
1839	4	7	160	8888	1381	62
1840	3	16	120	8892	7640	61
1841	3	16	160	8896	9475	58
1842	3	16	120	8900	16632	56
1843	0	18	40	8904	10762	67
1844	3	16	40	8908	87	54
1845	0	18	40	8912	1711	54
1846	4	7	120	8916	3914	55
1847	4	7	40	8920	42001	69
1848	1	11	80	8924	29036	63
1849	1	11	160	8928	6548	57
1850	4	7	80	8932	10750	59
1851	0	18	40	8936	4396	69
1852	1	11	40	8940	16037	54
1853	4	7	120	8944	20383	61
1854	4	7	160	8948	2851	58
1855	4	7	120	8952	1148	69
1856	3	16	40	8956	787	58
1857	3	16	40	8960	4797	66
1858	1	11	120	8964	14403	63
1859	4	7	160	8968	31106	58
1860	0	18	40	8972	1688	63
1861	1	11	160	8976	7106	56
1862	4	7	120	8980	15055	58
1863	3	16	160	8984	314	54
1864	1	11	40	8988	4636	55
1865	3	16	120	8992	11771	57
1866	4	7	120	8996	1110	67
1867	4	7	120	9000	31377	64
1868	0	18	120	9004	668	67
1869	4	7	160	9008	3704	55
1870	3	16	120	9012	2022	57
1871	0	18	40	9016	5076	58
1872	4	7	80	9020	34209	63
1873	4	7	80	9024	24431	58
1874	3	16	80	9028	13133	57
1875	3	16	80	9032	9122	65
1876	4	7	80	9036	24002	61
1877	0	18	120	9040	15378	69
1878	4	7	80	9044	1517	58
1879	3	16	40	9048	1807	66
1880	0	18	120	9052	7253	64
1881	1	11	160	9056	3910	69
1882	4	7	160	9060	8258	66
1883	1	11	80	9064	15397	68
1884	1	11	40	9068	3598	54
1885	4	7	120	9072	6155	59
1886	0	18	120	9076	872	63
1887	0	18	40	9080	4279	56
1888	1	11	160	9084	2312	56
1889	4	7	80	9088	12270	62
1890	3	16	80	9092	5562	62
1891	3	16	80	9096	17959	54
1892	4	7	80	9100	1403	65
1893	0	18	80	9104	25869	61
1894	4	7	120	9108	45520	69
1895	0	18	160	9112	292	58
1896	3	16	40	9116	21346	69
1897	0	18	160	9120	15450	55
1898	4	7	40	9124	3803	65
1899	4	7	120	9200	5778	67
1900	0	18	120	9205	546	57
1901	0	18	160	9210	5197	61
1902	3	16	80	9215	29674	56
1903	1	11	80	9220	12443	62
1904	4	7	80	9225	3701	69
1905	3	16	80	9230	3401	54
1906	0	18	160	9235	5441	59
1907	3	16	160	9240	24280	66
1908	1	11	80	9245	1975	57
1909	0	18	120	9250	13636	62
1910	4	7	80	9255	3083	62
1911	3	16	80	9260	5006	58
1912	3	16	120	9265	2840	61
1913	4	7	80	9270	9826	67
1914	4	7	40	9275	7652	63
1915	4	7	80	9280	23020	63
1916	3	16	40	9285	35792	60
1917	3	16	40	9290	57919	60
1918	0	18	160	9295	17468	54
1919	3	16	80	9300	30189	66
1920	3	16	160	9305	9714	63
1921	3	16	80	9310	18635	64
1922	3	16	120	9315	16710	62
1923	1	11	40	9320	6409	58
1924	0	18	120	9325	27004	63
1925	4	7	80	9330	5717	56
1926	0	18	160	9335	3208	63
1927	4	7	160	9340	717	55
1928	4	7	120	9345	26702	58
1929	1	11	120	9350	12299	68
1930	4	7	40	9355	14499	65
1931	4	7	80	9360	1818	59
1932	1	11	120	9365	7190	57
1933	0	18	160	9370	16009	61
1934	1	11	120	9375	1201	63
1935	0	18	160	9380	1292	57
1936	3	16	80	9385	5401	67
1937	1	11	120	9390	22931	57
1938	1	11	40	9395	7336	68
1939	3	16	160	9400	148	54
1940	3	16	160	9405	448	69
1941	1	11	160	9410	2712	67
1942	3	16	160	9415	1924	68
1943	0	18	80	9420	8227	63
1944	4	7	40	9425	6407	54
1945	0	18	160	9430	363	57
1946	4	7	120	9435	9998	63
1947	0	18	160	9440	9615	68
1948	1	11	40	9445	6386	67
1949	4	7	80	9450	1593	59
1950	3	16	120	9455	932	68
1951	0	18	40	9460	21929	63
1952	4	7	160	9465	37840	55
1953	0	18	160	9470	5214	69
1954	0	18	120	9475	21070	58
1955	3	16	40	9480	3551	62
1956	3	16	80	9485	10993	68
1957	0	18	80	9490	8361	67
1958	1	11	120	9495	16675	69
1959	4	7	40	9500	26101	66
1960	3	16	80	9505	147	61
1961	1	11	160	9510	4393	58
1962	3	16	40	9515	44670	61
1963	0	18	120	9520	8575	58
1964	0	18	80	9525	45660	67
1965	4	7	160	9530	1078	56
1966	1	11	160	9535	26527	55
1967	3	16	160	9540	7712	69
1968	1	11	160	9545	7479	58
1969	3	16	80	9550	5532	60
1970	0	18	40	9555	8096	66
1971	0	18	120	9560	1228	56
1972	0	18	40	9565	9177	61
1973	1	11	40	9570	16851	69
1974	4	7	80	9575	25694	66
1975	1	11	40	9600	5217	65
1976	0	18	120	9616	12266	66
1977	1	11	80	9632	3537	69
1978	1	11	40	9648	1	57
1979	4	7	160	9664	24010	59
1980	4	7	120	9680	20162	63
1981	4	7	40	9696	13799	64
1982	1	11	120	9712	12438	57
1983	0	18	80	9728	17512	68
1984	4	7	160	9744	10028	54
1985	4	7	40	9760	23774	56
1986	4	7	120	9776	2430	57
1987	0	18	120	9792	1241	58
1988	4	7	80	9808	28812	57
1989	4	7	120	9824	21924	54
1990	3	16	120	9840	8370	58
1991	1	11	40	9856	23646	69
1992	0	18	160	9872	1280	58
1993	1	11	160	9888	10155	55
1994	0	18	80	9904	1	63
1995	0	18	40	9920	15718	65
1996	3	16	160	9936	3082	60
1997	3	16	40	9952	12178	64
1998	4	7	160	9968	8770	66
1999	0	18	80	9984	4766	68
