0	0	18	80	0	5057	56
1	0	18	80	5	3577	58
2	1	11	80	10	3090	68
3	0	18	80	15	12563	67
4	0	18	40	20	13259	62
5	0	18	80	25	32852	62
6	1	11	40	30	3726	57
7	0	18	80	35	35505	61
8	1	11	80	40	17899	59
9	1	11	40	45	25331	60
10	4	7	20	50	112	55
11	4	7	20	55	15228	66
12	1	11	60	60	16923	63
13	1	11	40	65	2369	57
14	3	16	20	70	20170	69
15	1	11	40	75	28672	60
16	0	18	80	80	46134	66
17	4	7	60	85	15049	61
18	0	18	60	90	2542	59
19	3	16	80	95	15723	66
20	4	7	60	100	3276	61
21	3	16	20	105	23670	63
22	4	7	80	110	4129	63
23	4	7	40	115	16192	66
24	1	11	80	120	6574	61
25	3	16	80	125	3562	69
26	1	11	80	130	1344	60
27	0	18	20	135	5252	64
28	0	18	40	140	4432	57
29	3	16	80	145	42356	62
30	4	7	80	150	30353	65
31	3	16	80	155	36299	58
32	0	18	40	160	6481	65
33	1	11	60	165	7840	56
34	4	7	20	170	36390	56
35	1	11	80	175	21670	65
36	1	11	20	180	17776	69
37	3	16	20	185	10514	60
38	3	16	20	190	50655	66
39	0	18	60	195	993	59
40	1	11	60	200	1916	54
41	1	11	20	205	12742	64
42	3	16	60	210	15970	67
43	3	16	20	215	21785	61
44	3	16	20	220	4776	66
45	3	16	80	225	3612	58
46	4	7	20	230	59521	64
47	1	11	60	235	5080	66
48	1	11	20	240	2879	67
49	1	11	20	245	250	62
50	1	11	20	250	15275	57
51	0	18	60	255	16040	55
52	3	16	40	260	7094	57
53	3	16	80	265	15774	63
54	1	11	80	270	8214	66
55	1	11	60	275	7917	63
56	0	18	80	280	40797	64
57	3	16	60	285	7996	55
58	3	16	80	290	3092	60
59	3	16	60	295	6370	62
60	4	7	20	300	21212	56
61	0	18	40	305	29226	62
62	4	7	60	310	12235	57
63	3	16	80	315	19574	66
64	1	11	40	320	38207	65
65	0	18	20	325	715	67
66	4	7	60	330	4306	54
67	4	7	80	335	3879	60
68	3	16	40	340	3095	54
69	0	18	20	345	45860	58
70	4	7	40	350	1749	61
71	3	16	80	355	6029	59
72	0	18	40	360	15683	64
73	4	7	20	400	1418	54
74	1	11	40	404	10485	65
75	1	11	60	408	10547	66
76	4	7	40	412	1604	66
77	1	11	80	416	7259	56
78	1	11	40	420	6377	69
79	4	7	20	424	2119	56
80	3	16	80	428	3676	59
81	4	7	20	432	17166	63
82	3	16	80	436	1826	67
83	3	16	40	440	4079	65
84	0	18	60	444	3463	59
85	3	16	20	448	2425	63
86	4	7	40	452	8440	55
87	3	16	60	456	13897	56
88	0	18	80	460	49622	60
89	1	11	40	464	7590	62
90	1	11	80	468	24395	54
91	4	7	40	472	4046	67
92	4	7	40	476	5289	54
93	0	18	60	480	10222	58
94	1	11	40	484	3455	57
95	0	18	20	488	3217	62
96	3	16	60	492	180	61
97	0	18	80	496	32159	54
98	0	18	60	500	25309	66
99	1	11	80	504	3784	69
100	4	7	20	508	38154	58
101	4	7	20	512	15137	57
102	4	7	40	516	1503	65
103	0	18	80	520	3217	63
104	3	16	80	524	25952	54
105	4	7	40	528	4717	68
106	0	18	40	532	95	60
107	4	7	40	536	4893	57
108	0	18	60	540	1933	67
109	4	7	40	544	29019	54
110	3	16	20	548	5315	67
111	4	7	20	552	8626	62
112	0	18	20	556	924	56
113	4	7	60	560	810	57
114	0	18	80	564	1922	56
115	4	7	80	568	850	62
116	1	11	40	572	17701	65
117	0	18	20	576	5188	61
118	3	16	40	580	9678	61
119	4	7	20	584	17930	55
120	0	18	80	588	9656	66
121	0	18	20	592	11473	68
122	4	7	80	596	4147	54
123	1	11	80	600	17055	62
124	4	7	40	604	1385	57
125	0	18	80	608	22718	64
126	3	16	40	612	470	59
127	0	18	60	616	2034	60
128	3	16	60	620	23703	67
129	0	18	20	624	5122	57
130	4	7	80	628	10123	58
131	4	7	60	632	2583	65
132	0	18	20	636	10275	60
133	4	7	40	640	1834	54
134	4	7	20	644	2730	68
135	3	16	60	648	9505	55
136	0	18	80	652	12361	67
137	3	16	80	656	28372	58
138	0	18	60	660	6194	65
139	0	18	20	664	31189	60
140	3	16	80	668	2309	57
141	0	18	20	672	2238	67
142	1	11	80	676	9244	58
143	1	11	60	680	910	60
144	3	16	40	684	1410	65
145	1	11	60	688	5287	61
146	3	16	40	692	2859	64
147	4	7	60	696	4129	66
148	0	18	80	700	6647	55
149	3	16	60	704	2407	64
150	3	16	60	708	7482	66
151	1	11	40	712	13084	69
152	3	16	40	716	5694	62
153	1	11	40	720	1305	65
154	0	18	20	724	15178	56
155	4	7	80	728	5036	60
156	0	18	40	732	6631	57
157	1	11	40	736	5340	57
158	0	18	60	740	1618	59
159	1	11	80	744	434	60
160	1	11	80	748	4051	63
161	4	7	60	752	22924	69
162	0	18	60	756	7700	60
163	4	7	60	760	19394	64
164	4	7	40	800	5005	65
165	3	16	40	804	2151	55
166	3	16	80	808	33258	56
167	1	11	80	812	32338	56
168	0	18	60	816	23749	59
169	1	11	20	820	11024	54
170	3	16	20	824	6649	65
171	4	7	60	828	24052	61
172	0	18	60	832	35430	66
173	1	11	20	836	11864	55
174	0	18	40	840	11010	68
175	0	18	60	844	5786	68
176	3	16	40	848	980	63
177	1	11	20	852	2968	63
178	3	16	60	856	12519	66
179	1	11	60	860	16765	66
180	3	16	60	864	12171	69
181	3	16	80	868	16506	62
182	0	18	80	872	15739	59
183	4	7	20	876	13655	56
184	3	16	40	880	25797	60
185	1	11	40	884	28367	59
186	1	11	20	888	20307	57
187	4	7	60	892	7668	64
188	3	16	40	896	6619	67
189	0	18	20	900	23654	62
190	3	16	40	904	1568	68
191	3	16	40	908	4006	63
192	1	11	40	912	18160	68
193	4	7	60	916	5499	58
194	4	7	40	920	12230	67
195	3	16	20	924	4682	57
196	4	7	60	928	14311	61
197	3	16	40	932	15972	63
198	1	11	40	936	15801	65
199	4	7	80	940	35189	63
200	4	7	60	944	6514	59
201	0	18	40	948	3935	62
202	4	7	20	952	6732	60
203	3	16	60	956	20874	54
204	4	7	60	960	16943	69
205	3	16	20	964	10956	59
206	1	11	60	968	15109	56
207	0	18	40	972	16629	61
208	0	18	20	976	8380	67
209	0	18	40	980	4898	57
210	0	18	60	984	3683	66
211	3	16	20	988	2759	63
212	4	7	80	992	14916	60
213	4	7	80	996	5610	63
214	3	16	40	1000	6094	60
215	3	16	20	1004	9298	54
216	3	16	80	1008	1552	64
217	1	11	40	1012	18963	57
218	1	11	20	1016	29992	58
219	3	16	80	1020	6853	59
220	1	11	20	1024	5137	68
221	4	7	40	1028	7511	61
222	3	16	40	1032	8522	59
223	4	7	40	1036	13	67
224	3	16	80	1040	7810	56
225	4	7	60	1044	1831	55
226	3	16	20	1048	1071	62
227	0	18	20	1052	10413	61
228	1	11	80	1056	53935	57
229	3	16	20	1060	3898	64
230	0	18	20	1064	13899	61
231	0	18	80	1068	5034	69
232	0	18	80	1072	8013	68
233	3	16	60	1076	14486	57
234	3	16	80	1080	4873	61
235	1	11	20	1084	5313	61
236	3	16	80	1088	4591	56
237	1	11	20	1092	28402	59
238	4	7	60	1096	30797	57
239	4	7	20	1100	4022	55
240	0	18	60	1104	2526	56
241	0	18	80	1108	819	65
242	3	16	60	1112	41912	67
243	3	16	80	1116	1116	63
244	0	18	60	1120	10887	65
245	4	7	20	1200	29889	58
246	4	7	40	1206	10193	56
247	3	16	40	1212	6258	59
248	0	18	20	1218	41851	67
249	1	11	20	1224	1262	67
250	0	18	40	1230	2704	63
251	3	16	20	1236	27934	58
252	0	18	20	1242	20440	59
253	4	7	40	1248	4226	59
254	3	16	80	1254	10949	64
255	0	18	40	1260	36863	67
256	3	16	80	1266	17696	56
257	0	18	60	1272	6709	63
258	4	7	80	1278	5095	67
259	4	7	80	1284	11446	68
260	0	18	80	1290	8640	67
261	0	18	60	1296	1753	64
262	4	7	60	1302	17177	57
263	3	16	20	1308	3062	56
264	0	18	20	1314	12569	66
265	4	7	60	1320	30558	66
266	1	11	20	1326	15201	64
267	0	18	40	1332	126	57
268	0	18	80	1338	485	56
269	1	11	20	1344	495	69
270	4	7	20	1350	3001	68
271	0	18	80	1356	2906	58
272	1	11	80	1362	24565	54
273	1	11	20	1368	12030	56
274	1	11	40	1374	3376	57
275	1	11	40	1380	3979	56
276	1	11	80	1386	8214	63
277	0	18	60	1392	6528	65
278	4	7	80	1398	6224	55
279	4	7	60	1404	9885	67
280	0	18	20	1410	10105	68
281	0	18	60	1416	13637	56
282	0	18	80	1422	11321	63
283	4	7	60	1428	26373	60
284	1	11	60	1434	943	55
285	1	11	20	1440	18361	56
286	4	7	80	1446	8926	63
287	1	11	60	1452	2532	63
288	0	18	80	1458	1297	63
289	3	16	60	1464	5738	63
290	4	7	20	1470	10599	58
291	3	16	20	1476	26447	62
292	3	16	20	1482	9857	61
293	0	18	80	1488	4425	59
294	4	7	20	1494	17716	58
295	4	7	20	1500	664	61
296	1	11	40	1506	4366	61
297	4	7	40	1512	16367	65
298	1	11	60	1518	6951	67
299	0	18	80	1524	13477	69
300	1	11	80	1530	2661	63
301	4	7	20	1536	9902	69
302	1	11	60	1542	5481	57
303	4	7	80	1548	31732	68
304	3	16	80	1554	25299	69
305	4	7	60	1560	51775	58
306	1	11	40	1566	385	58
307	4	7	20	1600	2453	57
308	1	11	20	1604	635	56
309	1	11	40	1608	4561	61
310	3	16	60	1612	7349	57
311	3	16	40	1616	5198	61
312	0	18	80	1620	286	62
313	0	18	40	1624	18431	54
314	4	7	60	1628	559	69
315	0	18	40	1632	21565	64
316	0	18	60	1636	8939	54
317	4	7	80	1640	24676	67
318	0	18	40	1644	1944	54
319	4	7	20	1648	24090	63
320	4	7	80	1652	6068	56
321	0	18	60	1656	9009	55
322	4	7	60	1660	28633	63
323	3	16	40	1664	12930	62
324	3	16	20	1668	7259	65
325	0	18	20	1672	4835	59
326	3	16	60	1676	12767	67
327	0	18	80	1680	9919	64
328	3	16	80	1684	23723	68
329	3	16	20	1688	2549	65
330	4	7	20	1692	45393	64
331	1	11	40	1696	16698	68
332	3	16	80	1700	46887	68
333	3	16	80	1704	15709	56
334	3	16	60	1708	5399	57
335	0	18	20	1712	88	68
336	4	7	20	1716	4493	68
337	0	18	80	1720	13739	65
338	1	11	60	1724	125	61
339	3	16	20	1728	1118	67
340	4	7	60	1732	16726	68
341	0	18	80	1736	4983	60
342	0	18	40	1740	1791	61
343	4	7	40	1744	18516	55
344	4	7	80	1748	30628	59
345	0	18	60	1752	3214	66
346	3	16	40	1756	24124	69
347	1	11	60	1760	17924	61
348	0	18	20	1764	3660	59
349	4	7	80	1768	33235	63
350	3	16	40	1772	9025	60
351	1	11	40	1776	6806	64
352	4	7	20	1780	10838	64
353	3	16	60	1784	10239	57
354	1	11	20	1788	3905	66
355	1	11	40	1792	13336	62
356	4	7	60	1796	12729	60
357	3	16	20	1800	14736	65
358	1	11	80	1804	7733	57
359	1	11	80	1808	9499	63
360	0	18	80	1812	4836	60
361	0	18	40	1816	7599	63
362	0	18	20	1820	4687	59
363	4	7	80	1824	23612	60
364	1	11	40	1828	4967	67
365	1	11	40	1832	14718	59
366	4	7	60	1836	5576	63
367	1	11	80	1840	4171	60
368	3	16	80	1844	6586	66
369	3	16	60	1848	467	55
370	0	18	20	1852	8855	66
371	0	18	60	1856	22255	59
372	1	11	20	1860	23739	60
373	3	16	20	1864	750	57
374	4	7	40	1868	1449	65
375	3	16	80	1872	705	66
376	0	18	40	1876	5918	64
377	0	18	20	1880	1557	62
378	4	7	40	1884	16048	56
379	1	11	40	1888	2964	68
380	3	16	60	1892	7519	59
381	0	18	80	1896	25387	60
382	0	18	80	1900	4272	59
383	4	7	80	1904	30954	58
384	4	7	60	1908	13043	59
385	3	16	60	1912	9431	54
386	1	11	20	1916	2043	57
387	0	18	40	1920	6248	64
388	1	11	80	1924	7220	59
389	0	18	40	1928	14110	65
390	1	11	40	2000	5234	62
391	0	18	20	2005	11152	57
392	4	7	20	2010	2778	62
393	0	18	80	2015	7472	67
394	1	11	40	2020	16989	60
395	3	16	40	2025	3987	58
396	4	7	60	2030	199	55
397	0	18	40	2035	3915	54
398	3	16	20	2040	7114	58
399	1	11	60	2045	2911	54
400	1	11	20	2050	23884	57
401	0	18	40	2055	10195	63
402	4	7	80	2060	5225	64
403	3	16	40	2065	3054	58
404	3	16	80	2070	6442	67
405	3	16	80	2075	13867	55
406	4	7	40	2080	10161	58
407	0	18	20	2085	9166	60
408	3	16	20	2090	7398	61
409	3	16	20	2095	2993	54
410	1	11	80	2100	3967	67
411	4	7	40	2105	9113	67
412	3	16	60	2110	41942	62
413	0	18	60	2115	3551	58
414	4	7	40	2120	1016	57
415	4	7	80	2125	7224	54
416	0	18	60	2130	2229	58
417	1	11	20	2135	6113	54
418	4	7	20	2140	2639	55
419	3	16	60	2145	18997	66
420	4	7	40	2150	9585	55
421	4	7	20	2155	40494	68
422	0	18	20	2160	22104	54
423	1	11	40	2165	15754	54
424	1	11	40	2170	13848	62
425	4	7	20	2175	29822	62
426	1	11	60	2180	12152	66
427	1	11	40	2185	6093	62
428	0	18	80	2190	4337	67
429	0	18	20	2195	21337	60
430	4	7	20	2200	497	64
431	4	7	80	2205	1410	63
432	1	11	20	2210	13467	58
433	3	16	80	2215	8858	56
434	0	18	20	2220	5271	64
435	1	11	20	2225	26839	66
436	1	11	20	2230	8968	65
437	3	16	40	2235	934	54
438	0	18	20	2240	8530	60
439	0	18	80	2245	45584	57
440	3	16	40	2250	43389	66
441	1	11	20	2255	11688	66
442	1	11	20	2260	34955	57
443	3	16	60	2265	3157	59
444	4	7	40	2270	6330	68
445	1	11	80	2275	20675	64
446	3	16	40	2280	12112	64
447	3	16	60	2285	36075	57
448	1	11	40	2290	5780	64
449	1	11	40	2295	4365	60
450	3	16	80	2300	1441	54
451	3	16	60	2305	11525	55
452	0	18	20	2310	1013	69
453	4	7	40	2315	12688	61
454	1	11	40	2320	13134	68
455	1	11	80	2325	27344	59
456	0	18	40	2330	15753	62
457	3	16	40	2335	11677	64
458	0	18	20	2340	9319	65
459	3	16	80	2345	8287	58
460	1	11	40	2350	594	58
461	1	11	80	2400	2280	65
462	0	18	40	2405	3148	63
463	3	16	20	2410	11904	54
464	4	7	80	2415	2383	59
465	1	11	20	2420	2244	57
466	1	11	40	2425	23390	63
467	0	18	60	2430	7121	59
468	4	7	40	2435	27710	64
469	1	11	20	2440	2500	60
470	3	16	80	2445	31228	58
471	3	16	20	2450	1193	58
472	0	18	20	2455	26531	63
473	4	7	40	2460	2979	67
474	0	18	40	2465	20681	54
475	3	16	20	2470	31518	59
476	3	16	20	2475	243	65
477	1	11	40	2480	11303	65
478	1	11	20	2485	4646	55
479	4	7	40	2490	23869	67
480	1	11	60	2495	3961	67
481	3	16	80	2500	13910	63
482	0	18	80	2505	192	67
483	3	16	40	2510	77109	61
484	3	16	20	2515	15183	60
485	0	18	60	2520	6605	63
486	3	16	60	2525	365	64
487	3	16	80	2530	265	67
488	0	18	60	2535	23317	58
489	3	16	20	2540	7348	59
490	1	11	60	2545	2124	58
491	4	7	60	2550	28155	55
492	1	11	20	2555	9184	58
493	3	16	40	2560	121	56
494	4	7	60	2565	31779	69
495	0	18	40	2570	19316	54
496	0	18	80	2575	5964	57
497	4	7	20	2580	4566	56
498	3	16	60	2585	631	69
499	3	16	40	2590	3282	64
500	4	7	60	2595	39838	55
501	1	11	80	2600	2498	58
502	3	16	20	2605	613	63
503	4	7	40	2610	2590	57
504	4	7	60	2615	5718	56
505	4	7	60	2620	224	66
506	1	11	60	2625	15574	61
507	1	11	80	2630	23686	55
508	3	16	80	2635	21338	60
509	3	16	20	2640	16056	63
510	4	7	80	2645	25195	64
511	3	16	80	2650	1544	67
512	0	18	40	2655	4298	62
513	0	18	80	2660	13556	67
514	0	18	40	2665	2944	60
515	3	16	40	2670	5395	65
516	1	11	20	2675	2051	67
517	1	11	80	2680	3173	56
518	4	7	80	2685	29072	64
519	3	16	40	2690	16967	66
520	4	7	40	2695	1818	63
521	4	7	60	2700	21678	66
522	4	7	80	2705	10724	55
523	1	11	20	2710	7016	58
524	4	7	60	2715	313	56
525	4	7	20	2720	262	57
526	1	11	20	2725	9847	69
527	3	16	60	2730	25478	61
528	4	7	60	2735	4120	68
529	4	7	80	2740	260	69
530	1	11	40	2745	9214	55
531	4	7	80	2750	14591	62
532	3	16	80	2755	9821	65
533	4	7	60	2760	1022	61
534	0	18	80	2765	27551	66
535	4	7	80	2770	1174	63
536	4	7	60	2775	12140	54
537	0	18	60	2780	20693	63
538	4	7	60	2785	11589	59
539	3	16	60	2790	14420	64
540	4	7	20	2795	14306	55
541	0	18	80	2800	2219	62
542	4	7	80	2805	2540	60
543	3	16	60	2810	1521	64
544	4	7	20	2815	10422	65
545	4	7	80	2820	507	60
546	3	16	40	2825	11091	62
547	0	18	20	2830	23418	61
548	1	11	20	2835	18869	65
549	0	18	20	2840	10047	58
550	4	7	20	2845	12357	56
551	4	7	80	2850	2082	55
552	4	7	20	2855	6234	62
553	0	18	40	2860	4184	57
554	3	16	20	2865	1246	55
555	0	18	20	2870	1644	59
556	3	16	80	2875	10908	56
557	1	11	20	2880	11211	59
558	0	18	60	2885	2212	55
559	0	18	60	2890	5307	68
560	3	16	60	2895	7364	67
561	4	7	80	2900	22490	54
562	3	16	20	2905	10139	56
563	4	7	80	2910	19901	60
564	0	18	60	2915	2702	61
565	4	7	20	2920	2292	55
566	4	7	20	2925	9903	55
567	1	11	60	2930	2971	55
568	0	18	20	2935	18036	55
569	0	18	40	2940	1593	67
570	4	7	60	2945	15523	65
571	0	18	60	2950	4902	57
572	1	11	20	2955	11394	67
573	0	18	40	2960	2859	69
574	4	7	40	2965	747	65
575	4	7	60	2970	42794	54
576	4	7	60	2975	12427	59
577	1	11	40	2980	7658	61
578	1	11	80	2985	23790	62
579	0	18	60	2990	49907	65
580	0	18	60	2995	6504	64
581	0	18	80	3000	14524	61
582	0	18	60	3005	1103	66
583	4	7	60	3010	15428	64
584	0	18	80	3015	5708	67
585	3	16	60	3020	5672	54
586	4	7	80	3025	4252	54
587	3	16	60	3030	3686	62
588	0	18	60	3035	48914	60
589	0	18	80	3040	17702	60
590	1	11	80	3045	8225	60
591	1	11	60	3050	356	64
592	0	18	80	3055	12713	62
593	3	16	20	3060	3643	60
594	0	18	80	3065	3303	67
595	0	18	20	3070	22758	55
596	3	16	60	3075	10949	59
597	0	18	80	3080	5760	69
598	1	11	20	3085	29935	56
599	4	7	20	3090	6260	64
600	0	18	60	3095	7836	59
601	0	18	80	3100	5811	61
602	4	7	20	3105	1005	59
603	0	18	60	3110	13235	67
604	0	18	60	3115	22095	63
605	3	16	60	3120	4409	69
606	1	11	60	3125	9481	57
607	3	16	80	3130	2576	62
608	1	11	20	3135	3199	61
609	4	7	40	3140	1629	54
610	0	18	40	3145	7918	69
611	0	18	60	3150	1606	65
612	0	18	20	3155	16391	66
613	0	18	20	3160	2439	59
614	4	7	80	3165	33565	58
615	1	11	60	3170	16965	59
616	3	16	40	3175	17057	58
617	4	7	60	3180	22519	62
618	3	16	20	3200	6766	63
619	3	16	80	3204	20910	61
620	4	7	40	3208	25008	55
621	0	18	60	3212	4235	63
622	1	11	80	3216	3235	64
623	4	7	40	3220	75	65
624	3	16	40	3224	11873	61
625	3	16	80	3228	14307	54
626	4	7	80	3232	13749	64
627	4	7	20	3236	5191	61
628	4	7	40	3240	42633	56
629	3	16	20	3244	2835	63
630	0	18	80	3248	5606	64
631	4	7	80	3252	3674	60
632	4	7	20	3256	9696	58
633	1	11	80	3260	7300	68
634	0	18	20	3264	8434	60
635	0	18	80	3268	422	57
636	1	11	80	3272	11658	56
637	4	7	20	3276	6532	68
638	3	16	80	3280	25660	55
639	1	11	20	3284	884	67
640	0	18	20	3288	21298	66
641	0	18	80	3292	1333	61
642	1	11	40	3296	371	54
643	1	11	20	3300	23261	59
644	0	18	40	3304	4079	60
645	1	11	40	3308	5560	64
646	1	11	60	3312	4015	68
647	0	18	80	3316	7604	57
648	4	7	40	3320	4678	55
649	4	7	40	3324	7936	61
650	3	16	80	3328	1148	67
651	4	7	20	3332	16710	67
652	3	16	60	3336	36006	59
653	4	7	20	3340	1165	65
654	0	18	80	3344	9084	62
655	4	7	20	3348	2412	66
656	4	7	80	3352	1915	66
657	4	7	60	3356	924	64
658	1	11	20	3360	488	59
659	3	16	60	3364	1878	63
660	3	16	80	3368	11785	58
661	3	16	60	3372	2602	66
662	4	7	40	3376	3009	59
663	3	16	80	3380	286	68
664	3	16	60	3384	16813	59
665	0	18	60	3388	2970	63
666	0	18	40	3392	10156	60
667	3	16	20	3396	4094	67
668	0	18	80	3400	13641	68
669	4	7	80	3404	28174	55
670	0	18	80	3408	1743	56
671	3	16	20	3412	4965	59
672	1	11	60	3416	40140	61
673	0	18	80	3420	5353	65
674	3	16	80	3424	62287	64
675	3	16	40	3428	17657	63
676	4	7	20	3432	3726	62
677	0	18	80	3436	5741	59
678	4	7	80	3440	15193	58
679	1	11	20	3444	3571	67
680	0	18	40	3448	6374	55
681	4	7	20	3452	2869	61
682	0	18	80	3456	345	59
683	0	18	20	3460	8021	64
684	0	18	20	3464	1522	66
685	1	11	80	3468	11665	67
686	1	11	20	3472	4514	54
687	0	18	80	3476	7433	63
688	1	11	80	3480	31058	59
689	0	18	80	3484	4676	64
690	1	11	20	3488	26172	60
691	1	11	20	3492	9512	61
692	1	11	80	3496	5734	62
693	4	7	40	3500	16038	62
694	3	16	40	3504	7077	63
695	1	11	40	3508	12110	54
696	1	11	60	3512	25779	56
697	3	16	60	3516	82	56
698	3	16	60	3520	1296	69
699	4	7	80	3524	856	67
700	0	18	20	3528	19300	57
701	3	16	40	3600	64312	54
702	0	18	80	3605	18740	58
703	0	18	40	3610	6504	54
704	4	7	40	3615	5143	58
705	4	7	60	3620	16751	62
706	3	16	40	3625	18547	59
707	1	11	60	3630	10708	63
708	0	18	40	3635	1239	54
709	1	11	60	3640	17151	69
710	0	18	20	3645	29602	57
711	4	7	20	3650	17493	61
712	0	18	80	3655	5281	60
713	0	18	20	3660	18304	62
714	3	16	20	3665	15837	61
715	4	7	80	3670	6389	66
716	3	16	80	3675	2187	60
717	3	16	20	3680	15907	64
718	3	16	80	3685	28170	56
719	1	11	80	3690	1698	62
720	4	7	40	3695	28343	62
721	0	18	60	3700	1388	67
722	1	11	40	3705	5435	62
723	4	7	20	3710	5288	57
724	1	11	60	3715	210	64
725	4	7	80	3720	10637	65
726	1	11	40	3725	38316	66
727	1	11	20	3730	3097	69
728	1	11	60	3735	29488	56
729	0	18	40	3740	5335	64
730	1	11	60	3745	26173	60
731	0	18	60	3750	3614	60
732	1	11	20	3755	3906	59
733	0	18	20	3760	12570	60
734	1	11	80	3765	7341	63
735	3	16	80	3770	6470	54
736	4	7	20	3775	6587	56
737	4	7	40	3780	11297	59
738	1	11	80	3785	1794	59
739	1	11	40	3790	5483	58
740	4	7	40	3795	21613	61
741	4	7	40	3800	15414	60
742	4	7	60	3805	5423	62
743	0	18	40	3810	2154	59
744	0	18	80	3815	6282	61
745	3	16	20	3820	1531	69
746	0	18	20	3825	2548	55
747	1	11	80	3830	10919	69
748	1	11	20	3835	53	54
749	4	7	60	3840	399	67
750	4	7	60	3845	7592	63
751	4	7	40	3850	1935	61
752	0	18	60	3855	1297	54
753	0	18	60	3860	42259	61
754	4	7	40	3865	2137	58
755	0	18	60	3870	14073	60
756	1	11	20	3875	11965	62
757	0	18	60	3880	6825	54
758	3	16	80	3885	6151	59
759	4	7	60	3890	17161	63
760	1	11	40	3895	18926	65
761	0	18	20	3900	9833	60
762	4	7	20	3905	13523	61
763	0	18	80	3910	16126	60
764	0	18	20	3915	24804	62
765	4	7	60	3920	12772	67
766	1	11	80	3925	8066	56
767	4	7	60	3930	14724	69
768	4	7	20	3935	4713	69
769	4	7	40	3940	4557	61
770	0	18	60	3945	55723	64
771	3	16	40	3950	9762	55
772	1	11	40	3955	10860	59
773	1	11	40	3960	9256	67
774	3	16	60	3965	4229	54
775	4	7	20	3970	2418	55
776	0	18	80	3975	16428	58
777	1	11	80	3980	2676	56
778	3	16	40	3985	35678	66
779	4	7	60	3990	27338	65
780	3	16	60	4000	6060	63
781	0	18	60	4004	5383	66
782	0	18	80	4008	3028	69
783	3	16	80	4012	25602	59
784	1	11	80	4016	26495	55
785	1	11	20	4020	16078	69
786	4	7	80	4024	2058	60
787	1	11	60	4028	4407	67
788	0	18	60	4032	7987	55
789	1	11	40	4036	17486	57
790	0	18	80	4040	18487	61
791	3	16	60	4044	53743	55
792	1	11	60	4048	2811	69
793	1	11	40	4052	5700	66
794	4	7	20	4056	10220	62
795	3	16	20	4060	3868	55
796	0	18	20	4064	580	69
797	4	7	60	4068	11752	56
798	4	7	40	4072	4124	66
799	0	18	40	4076	16757	64
800	0	18	40	4080	11944	66
801	0	18	60	4084	7951	55
802	3	16	60	4088	3819	54
803	1	11	80	4092	13993	63
804	4	7	20	4096	519	56
805	0	18	20	4100	29185	61
806	3	16	20	4104	9675	56
807	4	7	40	4108	9984	56
808	3	16	20	4112	13427	60
809	0	18	40	4116	47298	56
810	4	7	60	4120	34775	55
811	0	18	20	4124	6769	60
812	1	11	40	4128	7961	58
813	3	16	20	4132	8402	63
814	1	11	80	4136	5434	69
815	1	11	80	4140	6786	68
816	4	7	40	4144	4918	61
817	1	11	40	4148	18981	56
818	4	7	20	4152	22693	59
819	3	16	80	4156	1744	63
820	4	7	60	4160	8256	61
821	0	18	20	4164	2410	58
822	4	7	20	4168	2993	68
823	1	11	60	4172	9789	66
824	4	7	40	4176	9066	69
825	3	16	20	4180	20	62
826	0	18	80	4184	5129	55
827	4	7	20	4188	2940	62
828	1	11	40	4192	39994	59
829	4	7	60	4196	260	69
830	4	7	80	4200	1744	56
831	1	11	40	4204	1550	56
832	1	11	60	4208	28769	59
833	3	16	80	4212	2622	56
834	3	16	20	4216	3729	69
835	1	11	20	4220	29169	62
836	1	11	80	4224	1116	66
837	4	7	20	4228	9178	59
838	4	7	60	4232	21931	56
839	0	18	60	4236	45762	63
840	4	7	20	4240	2449	66
841	0	18	40	4244	10780	57
842	3	16	60	4248	12061	60
843	0	18	40	4252	8449	68
844	1	11	80	4256	20728	55
845	0	18	60	4260	5255	55
846	0	18	20	4264	8407	67
847	3	16	40	4268	14662	60
848	0	18	40	4272	168	66
849	1	11	40	4276	1828	63
850	4	7	80	4280	33615	63
851	3	16	80	4284	3497	66
852	4	7	40	4288	17919	67
853	1	11	40	4292	2029	57
854	0	18	60	4296	3534	57
855	0	18	20	4300	7139	61
856	1	11	40	4304	3673	57
857	0	18	80	4308	15059	57
858	3	16	60	4312	2066	63
859	0	18	20	4316	498	64
860	4	7	20	4320	9969	60
861	3	16	20	4324	4917	63
862	1	11	80	4328	11011	67
863	4	7	60	4332	12662	60
864	0	18	40	4336	22393	54
865	3	16	20	4340	20825	68
866	4	7	40	4344	8859	54
867	4	7	40	4348	4086	55
868	4	7	20	4352	3236	64
869	4	7	60	4356	7221	61
870	4	7	80	4360	5042	56
871	0	18	40	4364	19414	55
872	3	16	60	4368	37262	54
873	3	16	60	4372	24590	66
874	3	16	80	4376	36112	66
875	4	7	20	4380	28201	57
876	1	11	60	4400	9528	67
877	4	7	60	4404	15076	69
878	0	18	80	4408	15957	64
879	4	7	80	4412	2317	67
880	1	11	80	4416	8270	65
881	3	16	60	4420	12343	65
882	4	7	60	4424	2727	66
883	4	7	20	4428	20776	65
884	4	7	60	4432	1029	60
885	0	18	20	4436	25690	60
886	1	11	20	4440	5092	59
887	4	7	40	4444	16803	56
888	1	11	40	4448	34009	69
889	3	16	20	4452	20493	61
890	0	18	60	4456	12541	58
891	1	11	20	4460	5619	62
892	1	11	40	4464	5667	66
893	3	16	60	4468	19226	61
894	0	18	40	4472	6405	56
895	0	18	20	4476	22641	57
896	4	7	60	4480	58296	60
897	4	7	20	4484	48298	54
898	4	7	20	4488	12952	68
899	4	7	60	4492	78586	57
900	0	18	20	4496	21444	54
901	0	18	60	4500	2906	65
902	3	16	40	4504	7594	65
903	0	18	60	4508	9901	58
904	3	16	40	4512	19209	60
905	4	7	60	4516	1776	61
906	0	18	40	4520	4240	65
907	1	11	80	4524	28146	55
908	3	16	60	4528	2751	60
909	1	11	40	4532	5177	69
910	3	16	60	4536	27678	63
911	3	16	80	4540	9538	57
912	4	7	80	4544	46624	63
913	3	16	60	4548	48574	65
914	4	7	20	4552	9387	69
915	1	11	60	4556	30581	64
916	4	7	40	4560	1710	66
917	1	11	80	4564	18038	55
918	4	7	80	4568	10117	54
919	0	18	40	4572	39505	63
920	0	18	20	4576	7798	63
921	4	7	20	4580	17563	68
922	1	11	20	4584	5120	56
923	1	11	80	4588	6488	57
924	4	7	20	4592	19544	56
925	1	11	80	4596	41740	64
926	3	16	80	4600	6646	59
927	0	18	80	4604	2044	62
928	3	16	20	4608	7339	63
929	1	11	80	4612	1294	63
930	4	7	60	4616	29221	66
931	3	16	60	4620	10012	67
932	4	7	60	4624	680	55
933	1	11	20	4628	16022	61
934	3	16	60	4632	5042	67
935	1	11	40	4636	3990	69
936	4	7	40	4640	2288	69
937	3	16	20	4644	12310	62
938	1	11	60	4648	299	58
939	0	18	20	4652	34729	68
940	4	7	60	4656	10547	64
941	0	18	20	4660	6992	58
942	1	11	60	4664	9544	65
943	0	18	20	4668	10721	69
944	4	7	40	4672	30060	67
945	1	11	80	4676	1263	55
946	3	16	20	4680	6020	68
947	3	16	60	4684	6008	54
948	4	7	60	4688	3546	62
949	4	7	80	4692	8122	61
950	1	11	60	4696	15087	60
951	1	11	60	4700	2899	58
952	4	7	20	4704	6382	69
953	3	16	80	4708	14342	59
954	3	16	60	4712	8825	63
955	1	11	80	4716	793	56
956	4	7	60	4720	24277	63
957	1	11	40	4724	631	62
958	0	18	60	4728	17025	55
959	0	18	60	4800	21201	66
960	0	18	80	4806	14950	56
961	0	18	40	4812	1824	57
962	4	7	60	4818	7101	61
963	0	18	60	4824	1299	66
964	1	11	60	4830	6916	56
965	0	18	80	4836	4887	66
966	3	16	40	4842	8156	56
967	3	16	60	4848	3333	55
968	0	18	20	4854	12241	68
969	3	16	80	4860	3609	69
970	3	16	40	4866	16549	65
971	1	11	40	4872	8112	58
972	0	18	20	4878	16775	67
973	3	16	60	4884	11769	55
974	0	18	60	4890	5698	68
975	0	18	80	4896	443	58
976	1	11	40	4902	2981	56
977	1	11	80	4908	16956	56
978	3	16	40	4914	8302	59
979	3	16	40	4920	14603	55
980	4	7	80	4926	10258	65
981	0	18	20	4932	382	58
982	1	11	40	4938	27719	54
983	3	16	40	4944	40481	55
984	0	18	20	4950	5866	57
985	3	16	20	4956	14358	62
986	3	16	40	4962	1997	67
987	1	11	80	4968	5313	66
988	3	16	60	4974	2923	67
989	0	18	60	4980	3927	64
990	3	16	60	4986	6436	60
991	1	11	20	4992	1566	60
992	1	11	40	4998	25800	60
993	1	11	20	5004	2611	62
994	0	18	40	5010	3172	65
995	4	7	40	5016	7038	61
996	1	11	60	5022	63475	66
997	1	11	20	5028	7085	69
998	4	7	60	5034	1988	67
999	4	7	60	5040	10518	55
1000	4	7	60	5046	11198	68
1001	4	7	40	5052	1977	66
1002	1	11	60	5058	16850	56
1003	1	11	60	5064	66672	63
1004	0	18	40	5070	16332	66
1005	0	18	40	5076	3046	55
1006	1	11	40	5082	7433	61
1007	0	18	60	5088	18585	68
1008	1	11	20	5094	4616	60
1009	1	11	60	5100	7950	58
1010	4	7	60	5106	22289	54
1011	1	11	60	5112	1414	60
1012	4	7	80	5118	9632	56
1013	3	16	40	5124	667	54
1014	0	18	60	5130	3523	54
1015	4	7	60	5136	13708	68
1016	4	7	20	5142	3298	56
1017	0	18	20	5148	7868	60
1018	4	7	40	5154	15105	63
1019	4	7	40	5200	16178	64
1020	1	11	60	5204	2398	68
1021	1	11	60	5208	1747	60
1022	4	7	20	5212	320	58
1023	0	18	60	5216	5361	57
1024	4	7	20	5220	22344	63
1025	0	18	40	5224	11797	58
1026	4	7	80	5228	11232	67
1027	3	16	80	5232	9779	58
1028	3	16	20	5236	5983	60
1029	1	11	20	5240	32671	60
1030	4	7	40	5244	506	62
1031	0	18	40	5248	17851	57
1032	3	16	40	5252	11112	59
1033	3	16	80	5256	29660	58
1034	3	16	80	5260	1226	56
1035	0	18	40	5264	6593	68
1036	4	7	40	5268	3891	55
1037	0	18	60	5272	28195	60
1038	1	11	80	5276	3014	59
1039	0	18	80	5280	2127	55
1040	0	18	60	5284	3230	54
1041	3	16	60	5288	5466	69
1042	4	7	60	5292	470	59
1043	1	11	20	5296	15790	62
1044	0	18	20	5300	6855	64
1045	0	18	20	5304	4348	69
1046	3	16	20	5308	10141	57
1047	3	16	20	5312	21219	60
1048	0	18	40	5316	33982	62
1049	0	18	60	5320	9619	66
1050	4	7	40	5324	2729	58
1051	0	18	60	5328	8659	60
1052	1	11	60	5332	15708	59
1053	4	7	20	5336	6381	56
1054	3	16	80	5340	6182	56
1055	3	16	20	5344	7645	61
1056	4	7	40	5348	1609	62
1057	1	11	20	5352	6012	68
1058	1	11	60	5356	1971	54
1059	0	18	20	5360	1503	61
1060	1	11	40	5364	11497	57
1061	3	16	40	5368	28173	57
1062	3	16	40	5372	6027	61
1063	0	18	80	5376	5834	69
1064	3	16	40	5380	7025	66
1065	4	7	20	5384	868	66
1066	4	7	20	5388	8493	55
1067	0	18	80	5392	12137	68
1068	0	18	60	5396	37753	67
1069	0	18	20	5400	21386	55
1070	0	18	40	5404	6210	67
1071	4	7	40	5408	4908	66
1072	3	16	20	5412	3593	55
1073	4	7	60	5416	9676	61
1074	3	16	60	5420	8420	64
1075	4	7	80	5424	20267	68
1076	1	11	80	5428	1225	54
1077	3	16	80	5432	4188	65
1078	4	7	40	5436	31104	63
1079	4	7	20	5440	9335	63
1080	1	11	20	5444	683	54
1081	0	18	80	5448	18085	61
1082	1	11	40	5452	11492	66
1083	1	11	60	5456	22086	63
1084	1	11	80	5460	15749	56
1085	3	16	80	5464	8990	56
1086	4	7	80	5468	542	67
1087	3	16	40	5472	2550	56
1088	0	18	80	5476	8631	55
1089	0	18	80	5480	11800	64
1090	0	18	20	5484	4232	60
1091	3	16	40	5488	25730	56
1092	4	7	20	5492	16785	60
1093	1	11	80	5496	1322	67
1094	4	7	40	5500	9477	67
1095	1	11	20	5504	4834	67
1096	4	7	40	5508	42499	61
1097	4	7	60	5512	12714	60
1098	3	16	80	5516	4086	65
1099	1	11	80	5520	5456	67
1100	0	18	80	5524	19116	68
1101	3	16	40	5600	32647	59
1102	3	16	60	5604	24706	63
1103	0	18	40	5608	1389	61
1104	0	18	40	5612	1913	69
1105	0	18	20	5616	24275	62
1106	3	16	40	5620	3535	58
1107	1	11	20	5624	2328	68
1108	1	11	40	5628	28652	62
1109	4	7	20	5632	10621	57
1110	0	18	20	5636	5623	61
1111	1	11	40	5640	21327	67
1112	1	11	60	5644	7595	59
1113	1	11	60	5648	11324	60
1114	3	16	20	5652	773	61
1115	0	18	60	5656	21836	66
1116	0	18	80	5660	4079	61
1117	0	18	80	5664	9677	68
1118	3	16	20	5668	12741	67
1119	4	7	60	5672	29704	64
1120	4	7	40	5676	312	69
1121	1	11	80	5680	4554	68
1122	4	7	80	5684	1580	66
1123	0	18	80	5688	4824	56
1124	0	18	80	5692	9176	65
1125	3	16	80	5696	8836	64
1126	0	18	20	5700	10484	59
1127	0	18	40	5704	2013	58
1128	0	18	20	5708	90	63
1129	0	18	60	5712	2274	66
1130	4	7	40	5716	22314	61
1131	3	16	20	5720	7036	64
1132	4	7	20	5724	72	69
1133	1	11	60	5728	9845	65
1134	4	7	20	5732	16350	65
1135	4	7	80	5736	1550	65
1136	1	11	20	5740	28380	68
1137	1	11	20	5744	8483	59
1138	1	11	20	5748	14205	63
1139	1	11	80	5752	23863	63
1140	0	18	40	5756	3810	67
1141	3	16	80	5760	24278	68
1142	0	18	80	5764	3996	64
1143	1	11	80	5768	31174	67
1144	4	7	60	5772	3481	57
1145	3	16	80	5776	7534	62
1146	0	18	80	5780	6410	67
1147	3	16	60	5784	1841	54
1148	3	16	60	5788	514	60
1149	3	16	80	5792	14777	55
1150	0	18	20	5796	532	59
1151	3	16	40	5800	6484	63
1152	0	18	60	5804	85901	62
1153	4	7	20	5808	5596	55
1154	1	11	60	5812	4980	68
1155	3	16	80	5816	7866	69
1156	3	16	40	5820	19977	62
1157	3	16	80	5824	9354	60
1158	0	18	40	5828	10262	65
1159	1	11	60	5832	11809	59
1160	4	7	80	5836	4027	57
1161	1	11	80	5840	1274	54
1162	0	18	80	5844	2220	58
1163	0	18	80	5848	15958	65
1164	4	7	60	5852	16309	66
1165	3	16	80	5856	31988	66
1166	1	11	20	5860	20908	67
1167	4	7	20	5864	28787	64
1168	1	11	40	5868	24195	65
1169	4	7	40	5872	34004	65
1170	3	16	40	5876	32236	67
1171	4	7	60	5880	18240	56
1172	4	7	60	5884	23566	58
1173	0	18	20	5888	18788	58
1174	4	7	20	5892	12387	67
1175	1	11	60	5896	2062	54
1176	1	11	80	5900	397	58
1177	3	16	20	5904	2645	69
1178	0	18	20	5908	990	68
1179	1	11	20	5912	848	56
1180	1	11	80	5916	1361	66
1181	3	16	60	5920	6964	59
1182	1	11	80	6000	1432	68
1183	3	16	40	6005	4268	62
1184	4	7	40	6010	1660	60
1185	0	18	20	6015	6677	67
1186	1	11	60	6020	7053	56
1187	0	18	80	6025	12037	68
1188	4	7	80	6030	2983	67
1189	1	11	40	6035	3664	65
1190	0	18	40	6040	4460	56
1191	4	7	40	6045	5443	62
1192	1	11	80	6050	32270	63
1193	4	7	60	6055	840	57
1194	1	11	80	6060	10352	59
1195	3	16	60	6065	2254	66
1196	1	11	80	6070	14402	64
1197	0	18	20	6075	9523	68
1198	1	11	20	6080	2417	55
1199	1	11	60	6085	4652	61
1200	1	11	60	6090	12306	65
1201	0	18	80	6095	8430	57
1202	0	18	20	6100	3866	58
1203	4	7	40	6105	1274	64
1204	4	7	40	6110	17967	58
1205	1	11	40	6115	3647	57
1206	4	7	80	6120	9791	58
1207	0	18	40	6125	2800	58
1208	4	7	20	6130	15664	57
1209	0	18	20	6135	2407	67
1210	1	11	80	6140	7137	65
1211	4	7	40	6145	11390	63
1212	1	11	60	6150	7442	61
1213	4	7	20	6155	8475	63
1214	4	7	60	6160	8781	62
1215	1	11	40	6165	22356	68
1216	4	7	20	6170	53340	56
1217	3	16	60	6175	24442	66
1218	0	18	60	6180	11183	58
1219	3	16	60	6185	4563	69
1220	0	18	40	6190	7986	64
1221	0	18	20	6195	2552	69
1222	4	7	20	6200	14018	66
1223	4	7	20	6205	11107	54
1224	3	16	80	6210	11956	62
1225	4	7	20	6215	10049	59
1226	3	16	80	6220	22704	62
1227	0	18	20	6225	18844	55
1228	3	16	20	6230	2875	68
1229	1	11	60	6235	7675	54
1230	0	18	60	6240	7372	60
1231	0	18	80	6245	7957	59
1232	0	18	80	6250	185	67
1233	4	7	40	6255	17017	61
1234	4	7	40	6260	6679	60
1235	1	11	20	6265	11073	63
1236	1	11	40	6270	2162	54
1237	3	16	40	6275	141	57
1238	3	16	80	6280	8884	57
1239	3	16	80	6285	24222	57
1240	1	11	20	6290	24391	62
1241	1	11	20	6295	3234	67
1242	1	11	80	6300	28165	64
1243	4	7	60	6305	469	54
1244	0	18	40	6310	20237	69
1245	1	11	80	6315	14347	63
1246	1	11	60	6320	27938	54
1247	1	11	80	6325	6651	69
1248	4	7	20	6330	9548	64
1249	0	18	60	6335	15854	61
1250	3	16	40	6340	2425	64
1251	3	16	40	6345	21214	67
1252	4	7	60	6400	34080	63
1253	4	7	60	6405	24131	55
1254	0	18	40	6410	21649	67
1255	0	18	60	6415	7169	66
1256	1	11	60	6420	20288	60
1257	1	11	20	6425	13366	57
1258	0	18	40	6430	7617	55
1259	0	18	40	6435	2814	68
1260	4	7	60	6440	6390	64
1261	3	16	60	6445	17416	57
1262	1	11	20	6450	63788	60
1263	1	11	40	6455	3555	57
1264	0	18	60	6460	15392	61
1265	0	18	20	6465	39741	60
1266	4	7	60	6470	10922	65
1267	3	16	40	6475	14622	54
1268	4	7	60	6480	996	56
1269	3	16	40	6485	29770	68
1270	0	18	20	6490	13669	67
1271	1	11	60	6495	45014	68
1272	4	7	60	6500	5104	62
1273	3	16	80	6505	16122	55
1274	0	18	40	6510	7115	60
1275	4	7	20	6515	3447	66
1276	4	7	20	6520	4063	58
1277	0	18	60	6525	12622	66
1278	3	16	80	6530	18664	55
1279	1	11	80	6535	32491	69
1280	1	11	40	6540	13111	59
1281	0	18	80	6545	6613	63
1282	1	11	20	6550	3345	60
1283	3	16	60	6555	7844	60
1284	4	7	40	6560	4101	60
1285	1	11	40	6565	11922	62
1286	1	11	40	6570	9401	65
1287	1	11	20	6575	1939	66
1288	3	16	80	6580	30681	63
1289	3	16	80	6585	45311	64
1290	0	18	40	6590	18557	57
1291	4	7	20	6595	8155	66
1292	1	11	20	6600	9365	56
1293	1	11	60	6605	4522	59
1294	4	7	20	6610	7267	62
1295	4	7	40	6615	1307	59
1296	0	18	80	6620	3312	61
1297	4	7	60	6625	12527	61
1298	4	7	20	6630	4551	63
1299	0	18	20	6635	22867	62
1300	3	16	40	6640	1263	67
1301	4	7	40	6645	2650	69
1302	3	16	20	6650	5092	67
1303	0	18	60	6655	12008	66
1304	4	7	40	6660	657	64
1305	1	11	60	6665	2775	65
1306	4	7	60	6670	7912	59
1307	0	18	60	6675	2715	62
1308	3	16	20	6680	6512	65
1309	1	11	40	6685	10573	54
1310	1	11	40	6690	2128	61
1311	1	11	20	6695	2162	63
1312	3	16	40	6700	25727	56
1313	4	7	40	6705	9231	55
1314	4	7	80	6710	9434	62
1315	3	16	60	6715	54291	55
1316	1	11	60	6720	8869	67
1317	3	16	60	6725	8688	69
1318	3	16	20	6730	40901	67
1319	3	16	20	6735	1171	68
1320	3	16	80	6740	6544	64
1321	1	11	40	6745	7138	69
1322	4	7	40	6800	18272	61
1323	0	18	80	6804	1298	61
1324	3	16	20	6808	1661	65
1325	0	18	80	6812	2479	54
1326	4	7	60	6816	6845	66
1327	3	16	20	6820	396	57
1328	4	7	60	6824	4022	63
1329	1	11	80	6828	5060	55
1330	4	7	20	6832	102	58
1331	4	7	60	6836	12236	67
1332	0	18	40	6840	4897	57
1333	3	16	60	6844	33294	62
1334	4	7	60	6848	21505	55
1335	3	16	20	6852	7538	60
1336	3	16	80	6856	972	65
1337	0	18	40	6860	11327	63
1338	3	16	20	6864	6673	66
1339	1	11	60	6868	1039	65
1340	3	16	60	6872	1906	57
1341	1	11	60	6876	4998	57
1342	3	16	20	6880	15729	54
1343	1	11	60	6884	4927	62
1344	1	11	60	6888	20219	57
1345	4	7	40	6892	11677	63
1346	1	11	80	6896	11311	64
1347	1	11	60	6900	61	54
1348	3	16	80	6904	17613	66
1349	0	18	40	6908	7508	60
1350	1	11	60	6912	10433	61
1351	1	11	40	6916	15535	62
1352	0	18	40	6920	13712	64
1353	0	18	80	6924	3022	64
1354	1	11	40	6928	6764	67
1355	0	18	80	6932	12651	68
1356	4	7	80	6936	6460	61
1357	1	11	40	6940	3344	59
1358	1	11	60	6944	8391	54
1359	4	7	60	6948	24174	63
1360	1	11	20	6952	17730	68
1361	1	11	60	6956	7181	56
1362	1	11	80	6960	29969	68
1363	0	18	20	6964	932	64
1364	3	16	20	6968	10330	66
1365	3	16	60	6972	8888	63
1366	0	18	80	6976	21248	60
1367	4	7	80	6980	34846	63
1368	0	18	80	6984	14578	69
1369	0	18	80	6988	974	56
1370	0	18	80	6992	29067	60
1371	0	18	40	6996	29102	57
1372	4	7	40	7000	1113	57
1373	0	18	60	7004	25842	55
1374	0	18	40	7008	35043	65
1375	0	18	20	7012	996	61
1376	3	16	40	7016	15188	68
1377	3	16	60	7020	7068	68
1378	4	7	40	7024	4076	58
1379	4	7	80	7028	8492	55
1380	4	7	20	7032	10304	60
1381	1	11	80	7036	6736	66
1382	4	7	40	7040	3660	60
1383	3	16	40	7044	20556	57
1384	4	7	20	7048	17288	63
1385	1	11	80	7052	3983	66
1386	3	16	40	7056	38115	57
1387	4	7	40	7060	1431	62
1388	0	18	20	7064	8480	64
1389	3	16	60	7068	2408	57
1390	3	16	20	7072	617	68
1391	0	18	60	7076	21594	60
1392	3	16	80	7080	1369	63
1393	4	7	60	7084	9851	56
1394	0	18	40	7088	4473	66
1395	1	11	20	7092	14311	55
1396	0	18	60	7096	6598	58
1397	3	16	80	7100	12791	60
1398	3	16	60	7104	17103	66
1399	4	7	20	7108	4132	63
1400	3	16	60	7112	18861	57
1401	1	11	80	7116	13130	54
1402	1	11	80	7120	4312	54
1403	3	16	80	7124	14116	63
1404	0	18	40	7200	9684	54
1405	0	18	40	7204	13277	58
1406	1	11	20	7208	12173	59
1407	4	7	60	7212	19141	62
1408	0	18	40	7216	3884	69
1409	0	18	40	7220	5191	60
1410	1	11	60	7224	32544	69
1411	1	11	20	7228	42558	63
1412	3	16	20	7232	37269	55
1413	3	16	60	7236	65768	69
1414	0	18	40	7240	4115	57
1415	4	7	20	7244	5026	56
1416	1	11	20	7248	2490	65
1417	3	16	60	7252	1238	65
1418	0	18	80	7256	4479	54
1419	0	18	20	7260	4189	69
1420	4	7	20	7264	9988	59
1421	1	11	40	7268	15161	67
1422	4	7	80	7272	6925	68
1423	1	11	20	7276	8843	66
1424	3	16	60	7280	338	57
1425	4	7	40	7284	956	69
1426	3	16	40	7288	19536	64
1427	0	18	60	7292	9025	54
1428	0	18	20	7296	10204	59
1429	4	7	40	7300	3444	64
1430	0	18	60	7304	12830	56
1431	0	18	40	7308	772	62
1432	4	7	20	7312	13883	56
1433	0	18	20	7316	68620	64
1434	1	11	20	7320	15059	68
1435	1	11	20	7324	29041	59
1436	0	18	20	7328	1639	65
1437	1	11	40	7332	10164	66
1438	1	11	80	7336	3708	56
1439	4	7	60	7340	1184	59
1440	0	18	80	7344	12430	61
1441	3	16	60	7348	2108	65
1442	4	7	20	7352	21687	63
1443	4	7	60	7356	2028	58
1444	1	11	80	7360	3424	57
1445	1	11	80	7364	987	59
1446	3	16	60	7368	25385	59
1447	0	18	20	7372	1425	63
1448	4	7	20	7376	3770	68
1449	0	18	40	7380	41675	63
1450	4	7	20	7384	8539	59
1451	1	11	20	7388	4715	63
1452	1	11	80	7392	5060	59
1453	3	16	40	7396	7502	67
1454	0	18	80	7400	15550	58
1455	1	11	40	7404	935	59
1456	3	16	20	7408	3085	55
1457	4	7	60	7412	18194	58
1458	0	18	40	7416	13079	60
1459	1	11	20	7420	7782	54
1460	3	16	20	7424	24081	63
1461	1	11	40	7428	1381	58
1462	4	7	60	7432	3048	56
1463	1	11	20	7436	328	58
1464	0	18	80	7440	14229	57
1465	0	18	20	7444	24597	61
1466	3	16	20	7448	4035	60
1467	1	11	80	7452	38183	60
1468	1	11	60	7456	3957	54
1469	3	16	40	7460	5721	68
1470	4	7	20	7464	2897	61
1471	0	18	80	7468	11488	68
1472	0	18	60	7472	21418	62
1473	1	11	20	7476	2944	65
1474	0	18	40	7480	12585	62
1475	0	18	60	7484	6206	64
1476	1	11	20	7488	25587	57
1477	4	7	20	7492	3991	64
1478	0	18	20	7496	3829	62
1479	0	18	60	7500	35673	68
1480	0	18	60	7504	2636	64
1481	3	16	20	7508	14118	54
1482	0	18	60	7512	3596	55
1483	4	7	80	7516	11109	65
1484	4	7	20	7520	16182	58
1485	3	16	40	7524	4837	63
1486	4	7	60	7528	15202	56
1487	0	18	80	7532	2992	59
1488	0	18	40	7536	3782	60
1489	4	7	80	7540	12257	62
1490	4	7	80	7544	13837	57
1491	1	11	40	7548	5119	60
1492	1	11	20	7552	28570	60
1493	0	18	80	7556	18651	56
1494	0	18	60	7560	3111	65
1495	4	7	40	7564	9223	56
1496	4	7	20	7568	33134	63
1497	3	16	80	7572	19856	58
1498	4	7	80	7576	7416	55
1499	0	18	80	7580	5678	66
1500	4	7	80	7584	18922	68
1501	0	18	80	7600	30448	68
1502	3	16	60	7606	21340	62
1503	1	11	80	7612	26534	54
1504	1	11	20	7618	16852	56
1505	3	16	20	7624	26821	61
1506	1	11	60	7630	8145	54
1507	4	7	60	7636	1622	63
1508	3	16	80	7642	20262	59
1509	4	7	40	7648	4672	63
1510	4	7	20	7654	2581	56
1511	3	16	20	7660	34538	61
1512	3	16	60	7666	8493	66
1513	4	7	60	7672	15060	61
1514	0	18	60	7678	3941	60
1515	0	18	20	7684	2292	63
1516	0	18	80	7690	22746	56
1517	4	7	80	7696	11629	60
1518	1	11	80	7702	4053	54
1519	1	11	40	7708	5406	63
1520	1	11	60	7714	1991	59
1521	1	11	40	7720	804	55
1522	1	11	40	7726	13982	54
1523	1	11	60	7732	12293	62
1524	3	16	40	7738	14244	64
1525	3	16	80	7744	24228	54
1526	4	7	80	7750	14795	61
1527	0	18	60	7756	534	60
1528	0	18	60	7762	54311	54
1529	1	11	80	7768	1443	59
1530	0	18	60	7774	7551	55
1531	4	7	40	7780	904	69
1532	4	7	20	7786	20709	63
1533	0	18	40	7792	27182	66
1534	1	11	80	7798	2027	69
1535	4	7	80	7804	3880	66
1536	4	7	40	7810	23642	61
1537	4	7	60	7816	5516	55
1538	1	11	60	7822	22708	63
1539	0	18	20	7828	22555	67
1540	1	11	80	7834	21917	63
1541	4	7	80	7840	10752	62
1542	3	16	80	7846	6240	54
1543	0	18	20	7852	35440	66
1544	0	18	80	7858	7095	60
1545	0	18	80	7864	16192	66
1546	3	16	60	7870	21991	64
1547	1	11	40	7876	2567	68
1548	4	7	40	7882	8528	66
1549	0	18	40	7888	672	55
1550	3	16	60	7894	13921	54
1551	4	7	20	7900	4560	56
1552	0	18	80	7906	8862	58
1553	3	16	60	7912	1241	61
1554	3	16	20	7918	3044	60
1555	1	11	60	7924	15645	66
1556	4	7	40	7930	3180	67
1557	0	18	20	7936	2529	54
1558	3	16	40	7942	2611	59
1559	4	7	40	7948	26192	55
1560	4	7	40	7954	2446	69
1561	1	11	80	7960	7157	64
1562	3	16	20	7966	1772	62
1563	1	11	20	8000	14523	69
1564	4	7	80	8005	23212	62
1565	4	7	80	8010	1547	57
1566	4	7	80	8015	1558	67
1567	3	16	20	8020	11332	69
1568	1	11	60	8025	9837	62
1569	0	18	60	8030	43	63
1570	0	18	60	8035	4511	56
1571	0	18	20	8040	7875	54
1572	3	16	40	8045	17704	66
1573	0	18	80	8050	6943	57
1574	4	7	40	8055	8900	54
1575	3	16	80	8060	9882	66
1576	3	16	40	8065	12922	55
1577	1	11	20	8070	16178	58
1578	1	11	60	8075	2597	56
1579	1	11	60	8080	37020	68
1580	4	7	20	8085	331	60
1581	1	11	40	8090	8707	62
1582	0	18	40	8095	9184	64
1583	0	18	20	8100	32746	69
1584	3	16	40	8105	6676	59
1585	1	11	40	8110	1962	68
1586	4	7	40	8115	9592	64
1587	1	11	60	8120	15434	56
1588	1	11	40	8125	13381	59
1589	4	7	40	8130	6681	56
1590	0	18	40	8135	533	68
1591	3	16	20	8140	13322	61
1592	0	18	20	8145	2279	66
1593	3	16	20	8150	39250	62
1594	1	11	60	8155	13048	67
1595	0	18	20	8160	5927	68
1596	0	18	60	8165	7272	69
1597	1	11	80	8170	14593	54
1598	1	11	40	8175	1162	57
1599	0	18	20	8180	4723	56
1600	1	11	80	8185	11572	68
1601	4	7	60	8190	3119	64
1602	0	18	80	8195	12032	60
1603	3	16	60	8200	8439	56
1604	4	7	80	8205	16216	69
1605	3	16	40	8210	2758	69
1606	1	11	80	8215	9446	59
1607	0	18	20	8220	1038	54
1608	3	16	20	8225	10256	60
1609	0	18	20	8230	13049	64
1610	4	7	20	8235	859	64
1611	1	11	40	8240	8139	63
1612	4	7	60	8245	64643	67
1613	1	11	80	8250	3313	61
1614	4	7	40	8255	23597	65
1615	1	11	20	8260	13247	60
1616	0	18	40	8265	29494	54
1617	3	16	80	8270	2716	63
1618	3	16	60	8275	3861	64
1619	3	16	40	8280	14634	64
1620	0	18	40	8285	10143	62
1621	1	11	40	8290	6092	65
1622	0	18	80	8295	33551	64
1623	1	11	40	8300	1705	59
1624	0	18	40	8305	38666	65
1625	3	16	40	8310	12355	64
1626	4	7	80	8315	4421	58
1627	4	7	20	8320	19882	58
1628	4	7	20	8325	17974	59
1629	3	16	20	8330	1725	55
1630	1	11	40	8335	1353	66
1631	0	18	60	8340	37405	55
1632	0	18	80	8400	12527	54
1633	1	11	40	8405	24413	69
1634	4	7	60	8410	4904	69
1635	4	7	60	8415	19211	65
1636	1	11	60	8420	25734	56
1637	1	11	80	8425	362	61
1638	0	18	40	8430	2581	69
1639	4	7	80	8435	3002	59
1640	4	7	40	8440	11175	62
1641	4	7	20	8445	7562	63
1642	3	16	40	8450	1937	65
1643	1	11	40	8455	111	65
1644	0	18	20	8460	5314	62
1645	3	16	20	8465	9609	59
1646	4	7	60	8470	13489	63
1647	4	7	40	8475	32206	58
1648	3	16	60	8480	1290	67
1649	4	7	60	8485	62347	60
1650	0	18	80	8490	7741	68
1651	3	16	60	8495	3482	60
1652	3	16	20	8500	6713	59
1653	4	7	80	8505	5886	63
1654	0	18	60	8510	16869	64
1655	0	18	60	8515	2991	56
1656	4	7	60	8520	4109	54
1657	3	16	40	8525	8332	55
1658	3	16	20	8530	9447	61
1659	1	11	40	8535	1241	58
1660	3	16	60	8540	27293	64
1661	1	11	60	8545	15964	55
1662	1	11	80	8550	4391	64
1663	0	18	20	8555	6972	58
1664	4	7	80	8560	9750	67
1665	4	7	60	8565	1444	63
1666	1	11	40	8570	22337	63
1667	3	16	20	8575	1618	68
1668	1	11	40	8580	28350	61
1669	4	7	80	8585	764	69
1670	0	18	60	8590	18477	58
1671	4	7	40	8595	25912	62
1672	1	11	60	8600	108	64
1673	4	7	60	8605	663	59
1674	3	16	80	8610	1246	55
1675	1	11	40	8615	1305	68
1676	3	16	20	8620	3436	54
1677	4	7	60	8625	31864	69
1678	1	11	40	8630	17884	67
1679	1	11	40	8635	6313	59
1680	4	7	80	8640	41217	55
1681	0	18	60	8645	5669	54
1682	1	11	40	8650	14742	61
1683	4	7	60	8655	18275	68
1684	3	16	40	8660	12893	57
1685	3	16	60	8665	23153	60
1686	1	11	60	8670	8990	66
1687	0	18	80	8675	3616	60
1688	1	11	60	8680	1458	59
1689	4	7	20	8685	1463	66
1690	0	18	80	8690	8518	65
1691	4	7	20	8695	5780	54
1692	3	16	80	8700	7959	54
1693	4	7	80	8705	1201	65
1694	1	11	40	8710	4702	65
1695	3	16	80	8715	24512	61
1696	1	11	20	8720	2107	68
1697	3	16	40	8725	14789	61
1698	3	16	40	8730	7238	67
1699	0	18	60	8735	3362	68
1700	1	11	60	8740	14708	65
1701	0	18	60	8745	9552	65
1702	3	16	80	8750	314	66
1703	3	16	80	8755	492	67
1704	4	7	20	8760	2811	56
1705	0	18	60	8765	10722	59
1706	1	11	80	8770	3338	66
1707	4	7	40	8775	5634	54
1708	0	18	80	8800	4093	61
1709	3	16	40	8804	12658	66
1710	1	11	40	8808	42753	56
1711	4	7	20	8812	5360	54
1712	0	18	20	8816	15530	58
1713	1	11	60	8820	1751	55
1714	3	16	60	8824	1678	57
1715	3	16	80	8828	8823	64
1716	0	18	20	8832	344	63
1717	1	11	40	8836	8921	66
1718	1	11	60	8840	18287	55
1719	0	18	20	8844	14507	61
1720	1	11	80	8848	10588	67
1721	0	18	40	8852	10534	56
1722	1	11	40	8856	141	62
1723	1	11	40	8860	18785	64
1724	3	16	80	8864	9674	58
1725	0	18	40	8868	6195	57
1726	0	18	40	8872	6124	62
1727	3	16	80	8876	29402	68
1728	1	11	40	8880	15691	63
1729	0	18	20	8884	3110	64
1730	4	7	20	8888	34172	69
1731	4	7	80	8892	9333	62
1732	1	11	20	8896	7772	56
1733	0	18	60	8900	9069	68
1734	0	18	60	8904	14554	64
1735	3	16	40	8908	6513	60
1736	3	16	60	8912	5180	57
1737	3	16	60	8916	13197	64
1738	4	7	60	8920	10213	66
1739	1	11	80	8924	841	67
1740	1	11	60	8928	11358	64
1741	3	16	20	8932	1986	65
1742	0	18	80	8936	42563	69
1743	3	16	40	8940	7453	63
1744	3	16	60	8944	1854	64
1745	1	11	60	8948	1922	64
1746	3	16	20	8952	12819	66
1747	1	11	20	8956	5152	68
1748	0	18	40	8960	40157	62
1749	4	7	40	8964	19531	54
1750	1	11	60	8968	22141	67
1751	4	7	80	8972	12143	56
1752	1	11	60	8976	31288	60
1753	1	11	40	8980	16705	59
1754	4	7	60	8984	12881	55
1755	0	18	20	8988	1562	63
1756	4	7	20	8992	9244	56
1757	0	18	60	8996	3212	55
1758	4	7	20	9000	8004	62
1759	3	16	60	9004	19653	68
1760	0	18	20	9008	2544	67
1761	3	16	20	9012	4789	67
1762	1	11	20	9016	12432	60
1763	0	18	80	9020	751	66
1764	4	7	40	9024	14843	66
1765	1	11	60	9028	6767	63
1766	3	16	20	9032	25796	68
1767	4	7	40	9036	2611	59
1768	1	11	80	9040	6811	61
1769	0	18	40	9044	14922	66
1770	4	7	20	9048	2236	60
1771	1	11	60	9052	5379	69
1772	3	16	80	9056	36310	69
1773	4	7	80	9060	15040	57
1774	3	16	40	9064	1126	66
1775	4	7	80	9068	6822	55
1776	0	18	60	9072	11396	57
1777	3	16	20	9076	9557	69
1778	4	7	60	9080	12524	54
1779	1	11	20	9084	6238	64
1780	3	16	40	9088	16487	60
1781	3	16	20	9092	623	63
1782	3	16	40	9096	35696	60
1783	3	16	80	9100	31234	62
1784	3	16	40	9104	5860	67
1785	4	7	20	9108	4375	66
1786	3	16	40	9112	11433	56
1787	4	7	80	9116	15505	66
1788	1	11	20	9120	24684	67
1789	4	7	60	9200	10425	55
1790	3	16	20	9205	25615	57
1791	1	11	20	9210	1476	55
1792	4	7	40	9215	2385	55
1793	0	18	80	9220	17504	67
1794	1	11	60	9225	25110	54
1795	4	7	40	9230	3988	67
1796	0	18	20	9235	8497	58
1797	4	7	20	9240	28963	56
1798	4	7	20	9245	16776	66
1799	0	18	20	9250	14942	54
1800	4	7	60	9255	3687	65
1801	3	16	60	9260	7413	61
1802	0	18	20	9265	29715	61
1803	4	7	80	9270	3502	65
1804	4	7	40	9275	12048	64
1805	0	18	20	9280	7863	67
1806	1	11	20	9285	13862	57
1807	1	11	60	9290	2856	56
1808	4	7	80	9295	13012	62
1809	0	18	60	9300	3051	69
1810	4	7	60	9305	8535	59
1811	1	11	20	9310	53134	56
1812	0	18	80	9315	10612	55
1813	1	11	80	9320	1018	68
1814	0	18	40	9325	725	62
1815	1	11	80	9330	1815	57
1816	0	18	60	9335	5739	60
1817	4	7	20	9340	15241	67
1818	1	11	40	9345	13462	69
1819	4	7	20	9350	6214	69
1820	4	7	40	9355	20360	60
1821	3	16	20	9360	2066	56
1822	3	16	20	9365	4687	62
1823	1	11	40	9370	22973	60
1824	3	16	20	9375	21258	63
1825	3	16	20	9380	669	59
1826	1	11	20	9385	2395	68
1827	1	11	80	9390	2440	56
1828	1	11	40	9395	21829	56
1829	4	7	80	9400	19725	69
1830	4	7	80	9405	31279	66
1831	0	18	40	9410	14553	55
1832	4	7	20	9415	19086	57
1833	4	7	60	9420	32932	54
1834	3	16	40	9425	1821	68
1835	4	7	60	9430	4043	69
1836	3	16	20	9435	1736	56
1837	3	16	40	9440	14280	65
1838	4	7	60	9445	4149	68
1839	1	11	40	9450	28329	69
1840	1	11	20	9455	11627	63
1841	0	18	60	9460	6180	69
1842	4	7	80	9465	786	57
1843	1	11	40	9470	12516	67
1844	4	7	80	9475	891	65
1845	1	11	20	9480	26892	54
1846	0	18	20	9485	9027	54
1847	1	11	60	9490	1249	57
1848	4	7	60	9495	14803	59
1849	0	18	60	9500	15991	67
1850	3	16	80	9505	27950	61
1851	0	18	80	9510	18625	61
1852	1	11	60	9515	3233	56
1853	4	7	80	9520	5145	66
1854	1	11	80	9525	27093	63
1855	0	18	60	9530	1349	63
1856	0	18	40	9535	1774	68
1857	4	7	60	9540	785	55
1858	1	11	80	9545	6603	55
1859	1	11	20	9550	10390	58
1860	3	16	80	9555	4275	69
1861	4	7	20	9560	8341	54
1862	4	7	20	9565	5620	54
1863	0	18	80	9570	23182	63
1864	0	18	80	9575	4251	57
1865	3	16	20	9580	19699	58
1866	1	11	20	9585	2556	69
1867	1	11	40	9590	12643	55
1868	4	7	40	9595	33861	69
1869	1	11	60	9600	17775	62
1870	3	16	80	9604	68	54
1871	3	16	40	9608	13838	64
1872	4	7	60	9612	6679	69
1873	0	18	20	9616	17566	69
1874	1	11	80	9620	18372	60
1875	3	16	60	9624	6417	61
1876	4	7	40	9628	1194	68
1877	1	11	80	9632	13515	65
1878	1	11	60	9636	18224	64
1879	1	11	20	9640	33039	62
1880	1	11	80	9644	8947	59
1881	0	18	60	9648	1027	64
1882	1	11	40	9652	7738	67
1883	1	11	60	9656	1285	58
1884	0	18	20	9660	28137	62
1885	3	16	20	9664	1782	59
1886	4	7	80	9668	7538	68
1887	4	7	20	9672	7119	60
1888	1	11	80	9676	493	60
1889	3	16	80	9680	420	59
1890	3	16	20	9684	1930	54
1891	4	7	40	9688	888	54
1892	0	18	60	9692	3819	64
1893	3	16	40	9696	14980	64
1894	4	7	60	9700	11174	54
1895	1	11	20	9704	1527	62
1896	1	11	40	9708	347	69
1897	4	7	20	9712	2802	64
1898	0	18	40	9716	5156	63
1899	0	18	60	9720	3698	61
1900	4	7	20	9724	14518	55
1901	4	7	80	9728	25184	69
1902	3	16	20	9732	2069	57
1903	3	16	80	9736	33008	66
1904	3	16	80	9740	15735	66
1905	0	18	60	9744	2954	66
1906	1	11	20	9748	5380	62
1907	1	11	60	9752	7562	57
1908	3	16	80	9756	9988	59
1909	3	16	20	9760	7875	56
1910	1	11	20	9764	140	64
1911	4	7	60	9768	7432	57
1912	1	11	20	9772	3981	60
1913	4	7	60	9776	8008	63
1914	4	7	20	9780	663	69
1915	3	16	20	9784	2945	58
1916	3	16	60	9788	312	57
1917	3	16	60	9792	3815	66
1918	0	18	60	9796	36188	54
1919	3	16	80	9800	2096	67
1920	4	7	40	9804	4984	59
1921	3	16	80	9808	16369	62
1922	4	7	40	9812	11331	64
1923	0	18	40	9816	28377	64
1924	3	16	40	9820	11740	61
1925	4	7	60	9824	32677	69
1926	1	11	60	9828	6368	54
1927	1	11	20	9832	15013	58
1928	0	18	60	9836	2131	68
1929	4	7	80	9840	13093	68
1930	0	18	20	9844	5846	61
1931	4	7	20	9848	26103	58
1932	1	11	40	9852	4742	55
1933	0	18	80	9856	8702	57
1934	3	16	20	9860	3206	60
1935	3	16	20	9864	12535	60
1936	3	16	40	9868	30869	60
1937	4	7	40	9872	9296	54
1938	4	7	80	9876	5565	61
1939	4	7	60	9880	13896	66
1940	1	11	80	9884	17987	67
1941	1	11	40	9888	82081	64
1942	1	11	20	9892	25693	54
1943	4	7	60	9896	9826	58
1944	1	11	60	9900	276	65
1945	4	7	60	9904	13933	67
1946	1	11	20	9908	18671	64
1947	0	18	20	9912	18481	54
1948	3	16	40	9916	12919	64
1949	0	18	40	9920	5897	65
1950	4	7	40	9924	1182	58
1951	4	7	80	9928	16936	56
1952	4	7	40	9932	3569	63
1953	1	11	60	9936	2513	66
1954	1	11	40	9940	31140	55
1955	1	11	20	10000	37861	63
1956	4	7	40	10008	3716	58
1957	1	11	60	10016	3490	63
1958	4	7	40	10024	4488	59
1959	3	16	40	10032	19087	66
1960	4	7	80	10040	19704	66
1961	4	7	80	10048	12513	57
1962	0	18	20	10056	4362	58
1963	3	16	20	10064	27731	61
1964	1	11	20	10072	1205	64
1965	1	11	80	10080	1605	59
1966	1	11	20	10088	1743	56
1967	0	18	40	10096	17458	57
1968	1	11	60	10104	3490	56
1969	1	11	20	10112	6242	63
1970	0	18	80	10120	4177	68
1971	3	16	40	10128	7999	57
1972	4	7	80	10136	27784	58
1973	0	18	80	10144	3696	58
1974	1	11	80	10152	5807	54
1975	3	16	80	10160	5003	65
1976	0	18	80	10168	23759	61
1977	0	18	80	10176	640	60
1978	4	7	60	10184	25768	68
1979	3	16	80	10192	33212	64
1980	1	11	40	10200	1884	59
1981	0	18	60	10208	11807	69
1982	4	7	80	10216	673	63
1983	0	18	20	10224	17869	57
1984	4	7	40	10232	10137	63
1985	1	11	40	10240	11913	58
1986	0	18	80	10248	11902	65
1987	4	7	80	10256	1775	58
1988	4	7	40	10264	10711	56
1989	0	18	20	10272	3894	67
1990	3	16	60	10280	5771	55
1991	0	18	80	10288	13349	66
1992	4	7	80	10296	3091	65
1993	0	18	40	10304	10264	64
1994	0	18	80	10312	25391	69
1995	1	11	80	10320	1658	64
1996	0	18	20	10328	14215	60
1997	4	7	20	10336	47973	63
1998	1	11	60	10344	7471	63
1999	4	7	80	10352	27345	59
