0	3	16	20	0	2047	40
1	0	18	80	5	1106	40
2	3	16	80	10	5551	31
3	1	11	60	15	4132	40
4	3	16	80	20	14559	40
5	0	18	20	25	5757	33
6	1	11	60	30	1877	31
7	3	16	60	35	3982	38
8	0	18	80	40	3034	40
9	4	7	40	45	370	33
10	4	7	80	50	13327	37
11	0	18	40	55	5675	34
12	1	11	80	60	2705	30
13	0	18	60	65	2628	40
14	3	16	20	70	23072	38
15	1	11	60	75	2131	36
16	0	18	60	80	5964	29
17	1	11	80	85	753	29
18	1	11	20	90	7552	34
19	1	11	40	95	14102	30
20	3	16	20	100	25044	36
21	1	11	60	105	296	30
22	1	11	60	110	156	40
23	1	11	20	115	5778	38
24	0	18	40	120	4808	38
25	0	18	80	125	7324	34
26	0	18	40	130	15783	36
27	0	18	40	135	3394	37
28	0	18	20	140	22298	29
29	0	18	40	145	7054	39
30	4	7	60	150	8542	33
31	3	16	60	155	5549	30
32	4	7	80	160	973	31
33	4	7	40	165	5923	35
34	3	16	80	170	14390	30
35	3	16	20	175	14711	40
36	3	16	80	180	4260	37
37	0	18	80	185	2555	40
38	4	7	20	190	99	40
39	0	18	80	195	25662	37
40	1	11	20	200	1370	32
41	3	16	20	205	21365	40
42	1	11	20	210	17091	40
43	1	11	60	215	31513	39
44	1	11	80	220	9749	40
45	0	18	60	225	5215	29
46	3	16	80	230	6782	31
47	4	7	40	235	461	34
48	0	18	20	240	1987	30
49	4	7	60	245	6436	40
50	0	18	60	250	4992	29
51	0	18	60	255	7162	30
52	0	18	80	260	6616	36
53	1	11	80	265	1902	33
54	1	11	80	270	10207	29
55	1	11	40	275	1680	38
56	3	16	20	280	930	40
57	0	18	60	285	34163	33
58	0	18	40	290	24235	30
59	3	16	80	295	2177	35
60	0	18	60	300	8447	37
61	1	11	20	305	15929	34
62	1	11	40	310	4836	37
63	0	18	40	315	10465	29
64	0	18	80	320	3940	29
65	1	11	20	325	2976	35
66	1	11	40	330	4001	31
67	1	11	60	335	11547	35
68	3	16	80	340	4718	39
69	0	18	20	345	870	38
70	3	16	60	400	13762	39
71	4	7	60	404	2323	29
72	1	11	60	408	645	29
73	1	11	40	412	8430	37
74	4	7	20	416	8892	39
75	0	18	20	420	206	36
76	0	18	40	424	1341	31
77	0	18	20	428	316	30
78	0	18	20	432	13284	39
79	4	7	80	436	28847	38
80	3	16	20	440	227	32
81	0	18	20	444	13074	31
82	4	7	40	448	1075	36
83	1	11	40	452	3897	30
84	0	18	80	456	1038	39
85	4	7	80	460	535	31
86	3	16	60	464	22194	34
87	3	16	20	468	18653	38
88	1	11	40	472	12967	35
89	1	11	40	476	8285	33
90	4	7	80	480	10510	29
91	1	11	40	484	4453	32
92	4	7	60	488	3106	38
93	1	11	40	492	11901	34
94	0	18	20	496	2938	40
95	4	7	80	500	2785	38
96	1	11	60	504	5186	31
97	0	18	80	508	1321	39
98	0	18	60	512	7163	38
99	4	7	60	516	4002	33
100	4	7	20	520	714	38
101	0	18	40	524	13192	36
102	1	11	40	528	7542	35
103	0	18	20	532	994	32
104	1	11	20	536	10526	29
105	0	18	80	540	1908	40
106	3	16	20	544	5772	30
107	4	7	60	548	19376	39
108	1	11	60	552	6224	35
109	1	11	60	556	9507	33
110	0	18	20	560	285	35
111	1	11	80	564	588	39
112	0	18	60	568	1549	35
113	1	11	40	572	30835	32
114	0	18	60	576	1887	31
115	4	7	40	580	15029	35
116	3	16	80	584	10705	39
117	0	18	20	588	563	36
118	0	18	60	592	7491	31
119	0	18	20	596	3135	39
120	4	7	60	600	3735	30
121	3	16	40	604	5397	33
122	0	18	20	608	26075	29
123	0	18	40	612	12897	35
124	0	18	20	616	3720	38
125	0	18	40	620	4008	35
126	0	18	20	624	21301	31
127	0	18	40	628	2892	36
128	1	11	20	632	3372	38
129	0	18	40	636	3785	29
130	3	16	60	640	6360	33
131	4	7	60	644	17	32
132	4	7	60	648	4742	32
133	0	18	40	652	4307	34
134	0	18	60	656	17474	29
135	1	11	80	660	1990	37
136	4	7	60	664	1729	36
137	4	7	20	668	71	32
138	0	18	40	672	8488	29
139	4	7	80	676	19220	39
140	0	18	80	680	6400	29
141	4	7	20	684	213	36
142	0	18	40	688	3597	32
143	4	7	60	692	905	30
144	1	11	40	696	7531	38
145	3	16	20	700	8636	30
146	1	11	60	704	2310	38
147	3	16	20	708	3360	34
148	1	11	60	712	6639	31
149	1	11	60	716	4932	34
150	1	11	20	720	6501	40
151	0	18	60	724	4208	36
152	0	18	40	728	6287	37
153	4	7	60	732	2488	40
154	0	18	20	736	166	32
155	0	18	60	740	7225	33
156	0	18	20	744	14975	36
157	1	11	80	748	13283	29
158	0	18	80	752	10932	35
159	0	18	80	756	3295	34
160	0	18	80	800	2649	38
161	3	16	60	804	1892	35
162	1	11	40	808	6701	29
163	1	11	20	812	1430	34
164	3	16	20	816	1270	40
165	0	18	40	820	267	32
166	3	16	40	824	7819	35
167	4	7	20	828	11408	30
168	0	18	80	832	766	32
169	3	16	80	836	36753	35
170	4	7	60	840	8462	39
171	3	16	60	844	10440	35
172	0	18	60	848	4277	35
173	0	18	60	852	9590	32
174	0	18	20	856	11883	38
175	0	18	60	860	3406	35
176	3	16	80	864	1100	30
177	0	18	40	868	15427	39
178	4	7	20	872	1691	37
179	3	16	20	876	9948	36
180	4	7	60	880	1237	38
181	1	11	80	884	7079	37
182	3	16	60	888	10761	33
183	0	18	60	892	17216	33
184	3	16	20	896	13747	30
185	3	16	20	900	1200	38
186	4	7	20	904	4898	36
187	4	7	80	908	1587	32
188	0	18	40	912	4030	31
189	4	7	80	916	2770	36
190	0	18	60	920	3748	30
191	3	16	80	924	3882	35
192	4	7	40	928	2450	38
193	4	7	60	932	3041	35
194	4	7	80	936	7901	30
195	3	16	20	940	3324	35
196	1	11	60	944	4915	35
197	4	7	40	948	1769	38
198	0	18	60	952	25767	31
199	0	18	80	956	6884	35
200	4	7	60	960	297	35
201	3	16	40	964	5403	37
202	1	11	40	968	2318	31
203	3	16	80	972	6826	37
204	1	11	80	976	13177	35
205	4	7	40	980	14058	33
206	0	18	80	984	42242	29
207	0	18	60	988	14958	33
208	4	7	40	992	5444	31
209	0	18	40	996	8960	37
210	3	16	60	1000	5021	32
211	0	18	80	1004	38186	38
212	1	11	80	1008	7727	33
213	1	11	80	1012	271	40
214	1	11	20	1016	1729	37
215	3	16	20	1020	9492	29
216	4	7	80	1024	5096	30
217	1	11	80	1028	9204	37
218	4	7	20	1032	3361	33
219	0	18	20	1036	60	31
220	1	11	20	1040	6844	36
221	3	16	40	1044	4692	32
222	4	7	80	1048	3619	39
223	0	18	80	1052	12821	36
224	1	11	40	1056	7652	34
225	1	11	80	1060	2499	32
226	4	7	40	1064	5003	38
227	0	18	20	1068	824	29
228	1	11	60	1072	588	31
229	1	11	80	1076	4546	32
230	4	7	80	1080	17495	40
231	3	16	60	1084	21284	32
232	4	7	60	1088	17995	37
233	4	7	40	1092	7604	30
234	3	16	40	1096	8993	29
235	0	18	20	1100	8448	30
236	0	18	40	1104	3271	35
237	4	7	80	1108	1447	37
238	3	16	60	1112	635	39
239	4	7	60	1116	39884	37
240	1	11	20	1120	1248	37
241	4	7	60	1124	7575	31
242	0	18	60	1128	9273	30
243	0	18	80	1132	10241	34
244	1	11	20	1136	14014	33
245	0	18	60	1140	3857	32
246	0	18	20	1144	11589	31
247	1	11	40	1200	2095	38
248	3	16	40	1205	1039	39
249	1	11	80	1210	21603	30
250	3	16	20	1215	16255	34
251	4	7	80	1220	11951	38
252	0	18	20	1225	15467	34
253	0	18	60	1230	24393	40
254	3	16	60	1235	17	39
255	1	11	40	1240	7187	32
256	4	7	60	1245	1087	38
257	1	11	40	1250	4826	35
258	1	11	60	1255	25408	32
259	0	18	20	1260	6196	31
260	0	18	20	1265	3601	36
261	4	7	60	1270	18186	29
262	3	16	80	1275	11931	30
263	3	16	40	1280	496	40
264	0	18	60	1285	12335	38
265	4	7	20	1290	6144	40
266	0	18	20	1295	816	29
267	3	16	60	1300	47	31
268	4	7	40	1305	3549	39
269	0	18	80	1310	6250	35
270	3	16	60	1315	3559	34
271	4	7	20	1320	2918	33
272	3	16	20	1325	7475	39
273	4	7	40	1330	3445	36
274	3	16	80	1335	15901	35
275	3	16	60	1340	26351	33
276	3	16	80	1345	11333	30
277	3	16	80	1350	8216	33
278	4	7	60	1355	28636	32
279	0	18	60	1360	2124	30
280	0	18	80	1365	5596	30
281	1	11	80	1370	2138	40
282	1	11	60	1375	29843	30
283	4	7	80	1380	1188	30
284	3	16	80	1385	6652	38
285	4	7	20	1390	952	31
286	3	16	60	1395	621	39
287	4	7	20	1400	22770	37
288	1	11	60	1405	7560	31
289	0	18	20	1410	687	38
290	1	11	40	1415	5956	32
291	3	16	20	1420	17139	40
292	3	16	40	1425	1857	34
293	3	16	60	1430	6164	36
294	4	7	60	1435	7968	30
295	1	11	60	1440	2274	36
296	0	18	60	1445	14517	30
297	1	11	20	1450	7870	31
298	4	7	40	1455	21989	37
299	3	16	20	1460	2744	33
300	0	18	60	1465	2690	32
301	3	16	60	1470	11391	40
302	1	11	20	1475	16453	40
303	3	16	40	1480	6933	33
304	4	7	20	1485	6821	36
305	3	16	20	1490	6627	29
306	0	18	60	1495	1474	40
307	0	18	80	1500	5632	38
308	1	11	80	1505	751	33
309	4	7	20	1510	320	35
310	4	7	60	1515	14428	30
311	0	18	80	1520	5311	34
312	3	16	80	1525	5244	31
313	0	18	20	1530	10329	30
314	4	7	20	1535	292	30
315	3	16	20	1540	1095	36
316	3	16	20	1545	20307	39
317	4	7	20	1550	8104	29
318	4	7	60	1555	5473	30
319	1	11	40	1560	8962	36
320	1	11	60	1565	4949	30
321	1	11	20	1600	1347	32
322	1	11	80	1605	4013	40
323	4	7	40	1610	2583	30
324	3	16	40	1615	138	31
325	4	7	60	1620	5177	35
326	1	11	60	1625	828	40
327	0	18	60	1630	579	31
328	0	18	60	1635	10162	35
329	0	18	40	1640	7647	40
330	3	16	20	1645	1075	32
331	0	18	60	1650	1126	40
332	4	7	40	1655	9792	36
333	1	11	40	1660	9157	40
334	0	18	80	1665	23593	39
335	3	16	40	1670	10899	30
336	0	18	80	1675	3600	40
337	4	7	20	1680	4038	38
338	0	18	80	1685	6647	35
339	4	7	60	1690	10	38
340	3	16	40	1695	23042	31
341	3	16	60	1700	6739	29
342	1	11	40	1705	15302	33
343	3	16	60	1710	6791	37
344	0	18	40	1715	2269	36
345	1	11	60	1720	325	39
346	0	18	40	1725	4110	38
347	3	16	40	1730	5264	32
348	3	16	40	1735	5567	35
349	0	18	40	1740	5589	34
350	4	7	40	1745	3161	37
351	0	18	60	1750	1787	30
352	3	16	40	1755	1119	29
353	1	11	80	1760	2432	30
354	1	11	60	1765	14131	32
355	4	7	40	1770	1118	40
356	0	18	60	1775	3629	29
357	3	16	60	1780	7253	39
358	4	7	20	1785	6613	30
359	0	18	40	1790	818	30
360	1	11	40	1795	5002	29
361	0	18	20	1800	828	37
362	4	7	20	1805	12340	32
363	0	18	60	1810	5140	34
364	0	18	80	1815	19576	31
365	4	7	80	1820	9737	30
366	0	18	40	1825	12085	38
367	1	11	40	1830	12842	32
368	0	18	20	1835	12020	32
369	0	18	80	1840	2761	40
370	3	16	40	1845	11602	36
371	3	16	80	1850	5949	30
372	3	16	20	1855	602	34
373	4	7	20	1860	5452	32
374	3	16	20	1865	10472	33
375	3	16	80	1870	17807	29
376	4	7	80	1875	2884	40
377	4	7	40	1880	13825	31
378	3	16	20	1885	235	34
379	1	11	80	1890	30286	33
380	3	16	40	1895	621	38
381	4	7	40	1900	7661	37
382	1	11	20	1905	6725	37
383	0	18	40	1910	1952	29
384	1	11	80	1915	2729	31
385	1	11	40	1920	20784	31
386	3	16	20	1925	6	39
387	1	11	40	1930	4692	34
388	4	7	80	1935	15317	36
389	0	18	60	1940	13590	39
390	1	11	60	1945	3814	30
391	1	11	40	1950	11629	30
392	0	18	20	1955	14360	37
393	0	18	40	1960	5035	34
394	3	16	20	1965	6150	38
395	3	16	20	1970	14939	34
396	3	16	40	1975	12229	38
397	1	11	80	1980	3801	39
398	1	11	60	1985	8599	35
399	1	11	40	2000	6266	34
400	0	18	40	2004	2415	29
401	4	7	80	2008	7382	34
402	1	11	40	2012	9758	40
403	1	11	60	2016	1880	35
404	3	16	20	2020	10691	38
405	1	11	60	2024	12948	36
406	1	11	40	2028	1092	36
407	3	16	40	2032	8093	37
408	4	7	80	2036	6078	38
409	3	16	80	2040	22121	32
410	0	18	60	2044	14071	40
411	1	11	40	2048	6253	38
412	0	18	60	2052	6699	33
413	1	11	20	2056	7039	37
414	1	11	80	2060	182	32
415	3	16	80	2064	15105	32
416	3	16	20	2068	6037	29
417	4	7	80	2072	6745	31
418	4	7	60	2076	1636	31
419	3	16	60	2080	35295	29
420	0	18	80	2084	9716	31
421	4	7	80	2088	3269	32
422	1	11	60	2092	23434	36
423	4	7	60	2096	25817	33
424	4	7	20	2100	19507	39
425	0	18	20	2104	57326	34
426	3	16	60	2108	9388	33
427	3	16	60	2112	7440	29
428	1	11	80	2116	25311	35
429	0	18	20	2120	17264	39
430	0	18	40	2124	922	32
431	3	16	80	2128	20666	29
432	1	11	60	2132	1430	37
433	0	18	60	2136	5322	29
434	1	11	60	2140	10089	33
435	3	16	40	2144	5111	32
436	1	11	20	2148	19397	38
437	4	7	40	2152	3559	30
438	1	11	20	2156	5220	31
439	4	7	20	2160	5344	36
440	0	18	80	2164	12793	35
441	0	18	60	2168	3625	31
442	3	16	60	2172	19400	37
443	1	11	80	2176	19775	33
444	0	18	80	2180	36326	40
445	4	7	40	2184	14505	32
446	0	18	60	2188	1776	38
447	3	16	80	2192	2287	40
448	3	16	40	2196	4704	30
449	4	7	20	2200	9312	34
450	0	18	80	2204	3034	34
451	4	7	60	2208	1921	35
452	1	11	20	2212	1718	37
453	4	7	20	2216	8888	35
454	1	11	60	2220	14657	31
455	0	18	40	2224	20740	37
456	3	16	40	2228	8537	39
457	3	16	60	2232	10913	35
458	3	16	60	2236	2816	36
459	1	11	20	2240	10715	32
460	3	16	80	2244	941	31
461	4	7	60	2248	5908	36
462	0	18	40	2252	9082	31
463	3	16	60	2256	8348	39
464	1	11	40	2260	14090	40
465	3	16	80	2264	18688	39
466	0	18	60	2268	3806	29
467	0	18	20	2272	678	33
468	0	18	60	2276	16229	33
469	4	7	60	2280	6395	29
470	1	11	80	2284	22137	35
471	3	16	60	2288	1497	39
472	1	11	60	2292	757	29
473	4	7	40	2296	9570	36
474	3	16	60	2300	1685	34
475	0	18	20	2304	3309	29
476	0	18	20	2308	4412	36
477	4	7	60	2312	251	31
478	3	16	60	2316	28323	34
479	4	7	80	2320	630	36
480	4	7	40	2324	12880	37
481	0	18	60	2328	4667	34
482	0	18	40	2332	1403	39
483	3	16	60	2336	2517	30
484	0	18	20	2400	6730	34
485	0	18	80	2405	18056	38
486	0	18	80	2410	10510	33
487	3	16	60	2415	5432	31
488	3	16	80	2420	8306	38
489	0	18	20	2425	12542	36
490	4	7	20	2430	13547	34
491	3	16	40	2435	1462	31
492	1	11	80	2440	515	35
493	4	7	20	2445	10816	39
494	0	18	40	2450	3775	33
495	1	11	40	2455	2580	40
496	0	18	40	2460	9259	40
497	4	7	80	2465	2449	39
498	4	7	60	2470	731	33
499	3	16	20	2475	719	29
500	4	7	80	2480	4903	31
501	0	18	60	2485	1002	33
502	1	11	40	2490	3827	36
503	3	16	80	2495	17967	29
504	3	16	40	2500	11110	39
505	1	11	20	2505	1252	35
506	1	11	80	2510	1051	34
507	1	11	60	2515	5474	29
508	0	18	40	2520	5244	30
509	1	11	60	2525	5563	30
510	0	18	20	2530	5565	30
511	4	7	80	2535	7847	36
512	0	18	20	2540	11876	30
513	3	16	60	2545	1997	29
514	1	11	60	2550	22228	36
515	3	16	20	2555	8845	38
516	3	16	40	2560	3586	37
517	3	16	80	2565	4203	29
518	3	16	60	2570	658	34
519	1	11	40	2575	21604	31
520	1	11	80	2580	1510	35
521	3	16	80	2585	17352	39
522	1	11	20	2590	4572	35
523	0	18	60	2595	640	37
524	4	7	40	2600	10602	36
525	3	16	40	2605	11759	33
526	1	11	80	2610	917	33
527	1	11	60	2615	3434	30
528	3	16	20	2620	3102	31
529	1	11	40	2625	19645	34
530	4	7	80	2630	8468	30
531	0	18	20	2635	1396	37
532	4	7	80	2640	22998	39
533	4	7	60	2645	17299	33
534	0	18	80	2650	7690	33
535	3	16	80	2655	9173	32
536	3	16	40	2660	510	38
537	1	11	40	2665	2481	38
538	4	7	40	2670	5860	32
539	3	16	80	2675	4412	39
540	4	7	20	2680	11833	32
541	4	7	20	2685	2149	33
542	1	11	20	2690	97	30
543	1	11	40	2695	1250	36
544	0	18	80	2700	2742	35
545	0	18	20	2705	1696	38
546	3	16	40	2710	4002	30
547	3	16	20	2715	14733	35
548	3	16	60	2720	13013	32
549	3	16	20	2725	9825	36
550	3	16	80	2730	19668	32
551	3	16	40	2735	2594	40
552	0	18	40	2740	1634	34
553	3	16	20	2745	1343	30
554	1	11	20	2750	19622	35
555	0	18	80	2755	6798	33
556	4	7	60	2760	9175	39
557	0	18	80	2765	2890	39
558	4	7	40	2770	1393	34
559	0	18	20	2775	31524	35
560	4	7	40	2800	297	31
561	4	7	40	2805	11902	32
562	3	16	60	2810	1529	38
563	4	7	20	2815	6690	36
564	1	11	60	2820	15076	29
565	4	7	80	2825	3336	33
566	0	18	80	2830	9151	38
567	0	18	40	2835	17545	37
568	3	16	80	2840	7397	36
569	3	16	80	2845	2360	32
570	4	7	80	2850	7476	40
571	1	11	20	2855	794	39
572	3	16	40	2860	17614	38
573	0	18	60	2865	8514	35
574	1	11	40	2870	1401	40
575	3	16	80	2875	22044	30
576	1	11	60	2880	16549	38
577	4	7	60	2885	2746	39
578	0	18	60	2890	12360	31
579	4	7	40	2895	6267	38
580	0	18	80	2900	3777	31
581	4	7	60	2905	2483	38
582	4	7	80	2910	6310	39
583	0	18	20	2915	7621	36
584	3	16	40	2920	66368	31
585	1	11	40	2925	3773	31
586	0	18	80	2930	29644	32
587	0	18	80	2935	12446	37
588	3	16	60	2940	28325	39
589	4	7	20	2945	368	29
590	4	7	20	2950	75267	34
591	1	11	60	2955	11367	40
592	3	16	80	2960	903	33
593	4	7	40	2965	6190	37
594	4	7	60	2970	3920	36
595	4	7	80	2975	49897	40
596	0	18	40	2980	508	35
597	1	11	20	2985	4715	34
598	0	18	80	2990	2815	36
599	0	18	20	2995	23840	30
600	4	7	20	3000	5700	29
601	1	11	20	3005	5629	34
602	4	7	40	3010	2175	39
603	4	7	80	3015	6350	40
604	3	16	20	3020	842	36
605	1	11	80	3025	13712	33
606	4	7	20	3030	3922	30
607	0	18	80	3035	6035	39
608	0	18	80	3040	40812	31
609	4	7	20	3045	30363	33
610	4	7	40	3050	9601	36
611	0	18	20	3055	3977	40
612	0	18	20	3060	5814	37
613	4	7	20	3065	7671	36
614	4	7	20	3070	7414	32
615	4	7	60	3075	11744	33
616	0	18	40	3080	2075	34
617	1	11	60	3085	6563	31
618	0	18	80	3090	6694	34
619	4	7	40	3095	5109	39
620	4	7	20	3100	3641	30
621	4	7	20	3105	17839	29
622	3	16	60	3110	19953	39
623	3	16	60	3115	6536	36
624	4	7	60	3120	2361	39
625	3	16	40	3125	15109	29
626	3	16	20	3130	35218	34
627	4	7	20	3135	3454	29
628	0	18	20	3140	2491	39
629	3	16	40	3145	1419	40
630	1	11	40	3150	16624	36
631	0	18	60	3155	4472	32
632	3	16	60	3160	40886	32
633	4	7	60	3165	14536	29
634	4	7	20	3170	273	37
635	3	16	80	3175	16391	38
636	0	18	40	3180	233	40
637	0	18	20	3185	48761	39
638	3	16	80	3200	5778	40
639	1	11	60	3204	1586	39
640	3	16	40	3208	35698	29
641	4	7	20	3212	4719	33
642	4	7	80	3216	12681	34
643	3	16	40	3220	40261	34
644	0	18	80	3224	3399	34
645	3	16	20	3228	7494	34
646	1	11	40	3232	2216	32
647	3	16	80	3236	5388	38
648	4	7	20	3240	21813	34
649	4	7	80	3244	7693	31
650	4	7	60	3248	11741	35
651	3	16	80	3252	5574	33
652	0	18	40	3256	16860	29
653	1	11	60	3260	13925	37
654	1	11	80	3264	7008	40
655	0	18	20	3268	7681	40
656	4	7	40	3272	7090	35
657	1	11	60	3276	9111	31
658	4	7	20	3280	2765	30
659	0	18	80	3284	2314	36
660	3	16	60	3288	14275	39
661	0	18	80	3292	301	29
662	0	18	60	3296	2431	29
663	3	16	40	3300	14236	31
664	3	16	80	3304	866	38
665	4	7	60	3308	2524	32
666	1	11	40	3312	4057	37
667	1	11	60	3316	9091	36
668	4	7	80	3320	7000	39
669	1	11	40	3324	10565	34
670	4	7	40	3328	10802	34
671	4	7	20	3332	2098	35
672	4	7	60	3336	371	31
673	4	7	20	3340	3915	35
674	0	18	80	3344	5286	39
675	4	7	20	3348	20203	38
676	4	7	20	3352	819	36
677	4	7	40	3356	20611	34
678	3	16	80	3360	1906	31
679	0	18	60	3364	8341	33
680	0	18	80	3368	7466	38
681	4	7	40	3372	5507	37
682	4	7	20	3376	4304	35
683	0	18	20	3380	8395	36
684	4	7	80	3384	3994	34
685	3	16	40	3388	3734	31
686	4	7	40	3392	6384	31
687	1	11	20	3396	1484	35
688	3	16	60	3400	2343	30
689	4	7	80	3404	4308	37
690	4	7	40	3408	2664	32
691	4	7	60	3412	3433	37
692	0	18	20	3416	9779	37
693	1	11	80	3420	2443	33
694	3	16	80	3424	3418	40
695	3	16	60	3428	24212	40
696	4	7	40	3432	1622	33
697	1	11	40	3436	26547	32
698	0	18	60	3440	17715	36
699	1	11	20	3444	628	30
700	1	11	60	3448	1888	38
701	0	18	60	3452	6621	36
702	4	7	80	3456	18998	39
703	1	11	80	3460	1800	29
704	0	18	60	3464	16760	38
705	4	7	40	3468	6191	40
706	3	16	20	3472	4877	30
707	0	18	20	3476	5409	34
708	0	18	60	3480	3336	39
709	1	11	80	3484	8715	31
710	1	11	80	3488	5868	33
711	4	7	20	3492	8721	30
712	3	16	60	3496	5045	29
713	3	16	60	3500	8279	38
714	4	7	80	3504	8273	39
715	3	16	20	3508	3257	30
716	0	18	80	3512	7758	35
717	4	7	60	3516	7579	33
718	3	16	60	3520	4613	37
719	4	7	40	3524	10466	35
720	4	7	40	3528	10207	29
721	4	7	20	3532	2074	31
722	4	7	80	3536	4428	35
723	0	18	80	3540	1459	30
724	3	16	20	3544	4779	31
725	0	18	60	3548	3979	37
726	3	16	80	3552	5959	39
727	1	11	60	3556	12193	39
728	0	18	20	3560	320	36
729	3	16	40	3564	6075	39
730	0	18	80	3568	10667	33
731	1	11	80	3572	1147	33
732	4	7	60	3576	269	38
733	1	11	80	3580	1174	30
734	4	7	80	3584	4598	35
735	0	18	20	3588	358	30
736	0	18	60	3592	7145	39
737	1	11	40	3596	1932	35
738	0	18	60	3600	11859	39
739	4	7	40	3604	15407	35
740	4	7	20	3608	19862	30
741	3	16	20	3612	481	38
742	1	11	60	3616	14097	36
743	0	18	80	3620	7139	39
744	1	11	20	3624	18152	32
745	4	7	20	3628	7729	30
746	0	18	80	3632	17040	37
747	3	16	60	3636	501	40
748	3	16	20	3640	7713	34
749	4	7	80	3644	107	38
750	1	11	60	3648	3211	34
751	0	18	60	3652	6775	29
752	4	7	80	3656	5965	35
753	1	11	20	3660	1404	29
754	1	11	60	3664	3504	29
755	1	11	60	3668	32071	36
756	1	11	60	3672	1186	30
757	3	16	80	3676	10782	37
758	4	7	60	3680	11146	38
759	4	7	80	3684	5309	29
760	0	18	60	3688	109	30
761	1	11	40	3692	8973	32
762	0	18	80	3696	4814	39
763	1	11	20	3700	13242	29
764	1	11	80	3704	20956	38
765	4	7	20	3708	3904	29
766	0	18	60	3712	7968	32
767	1	11	80	3716	3218	40
768	3	16	60	3720	1861	31
769	3	16	60	3724	7343	37
770	3	16	60	3728	10894	32
771	3	16	60	3732	4170	40
772	3	16	80	3736	14628	34
773	3	16	40	3740	7015	31
774	4	7	20	3744	13422	34
775	0	18	20	3748	8688	32
776	3	16	60	3752	4088	35
777	3	16	20	3756	14403	36
778	3	16	80	3760	2519	38
779	3	16	20	3764	14190	30
780	0	18	60	3768	5718	29
781	0	18	40	3772	4996	40
782	4	7	60	3776	1428	33
783	0	18	40	3780	210	38
784	0	18	80	3784	1799	34
785	0	18	20	3788	1444	33
786	3	16	20	3792	7492	38
787	1	11	60	3796	16453	38
788	4	7	20	3800	12177	29
789	3	16	40	3804	4860	40
790	4	7	40	3808	18914	40
791	3	16	80	3812	15202	30
792	3	16	60	3816	4971	38
793	0	18	60	3820	2715	39
794	4	7	80	3824	14697	34
795	3	16	60	3828	2218	38
796	3	16	40	3832	7454	39
797	4	7	60	3836	156	36
798	4	7	80	3840	8705	29
799	3	16	20	3844	5713	32
800	4	7	60	3848	35912	39
801	3	16	20	3852	6386	38
802	4	7	80	3856	15347	37
803	4	7	40	3860	145	37
804	1	11	20	3864	2512	34
805	4	7	20	3868	20655	35
806	1	11	80	3872	10531	35
807	0	18	40	3876	22726	32
808	3	16	80	3880	3419	36
809	0	18	60	3884	9428	37
810	4	7	20	3888	6972	29
811	3	16	60	3892	2888	35
812	4	7	80	3896	5078	39
813	1	11	60	3900	20350	37
814	4	7	20	3904	29295	40
815	0	18	20	3908	6370	30
816	1	11	80	3912	5719	39
817	4	7	40	3916	4444	29
818	0	18	40	3920	7482	36
819	0	18	80	3924	11484	34
820	0	18	20	3928	12047	32
821	3	16	80	3932	11369	35
822	3	16	60	4000	6378	39
823	0	18	40	4005	11162	32
824	3	16	20	4010	9490	38
825	4	7	80	4015	17904	31
826	0	18	80	4020	22978	30
827	1	11	40	4025	6414	36
828	4	7	40	4030	10876	38
829	0	18	60	4035	6770	36
830	3	16	80	4040	463	34
831	3	16	80	4045	3834	40
832	4	7	20	4050	1505	35
833	0	18	80	4055	11410	35
834	4	7	60	4060	14737	32
835	3	16	60	4065	25912	32
836	1	11	40	4070	7560	31
837	4	7	40	4075	1257	36
838	3	16	40	4080	11300	33
839	1	11	60	4085	2595	39
840	3	16	40	4090	4542	39
841	3	16	60	4095	8782	35
842	4	7	80	4100	5943	30
843	4	7	60	4105	750	32
844	4	7	40	4110	16547	39
845	1	11	80	4115	7389	34
846	3	16	80	4120	3830	31
847	0	18	20	4125	6236	30
848	1	11	60	4130	3009	39
849	3	16	60	4135	2759	32
850	0	18	80	4140	10516	40
851	4	7	20	4145	1587	39
852	4	7	40	4150	4245	40
853	3	16	80	4155	18515	36
854	1	11	80	4160	10540	29
855	0	18	60	4165	2093	32
856	4	7	60	4170	3	39
857	3	16	60	4175	851	33
858	0	18	20	4180	3125	40
859	3	16	40	4185	3774	32
860	3	16	20	4190	31681	33
861	4	7	40	4195	1591	40
862	0	18	20	4200	1769	35
863	1	11	40	4205	11998	40
864	3	16	80	4210	8084	32
865	0	18	20	4215	1794	30
866	4	7	60	4220	1127	40
867	4	7	20	4225	9908	33
868	3	16	20	4230	666	34
869	1	11	60	4235	108	37
870	3	16	60	4240	22200	39
871	3	16	40	4245	3637	32
872	0	18	20	4250	8863	37
873	4	7	60	4255	3209	37
874	1	11	60	4260	3189	36
875	3	16	40	4265	948	37
876	4	7	20	4270	2135	33
877	4	7	80	4275	4929	35
878	1	11	80	4280	16869	33
879	1	11	40	4285	769	33
880	0	18	80	4290	5753	29
881	4	7	80	4295	4113	29
882	0	18	80	4300	2173	38
883	0	18	60	4305	4804	34
884	4	7	60	4310	14641	37
885	3	16	60	4315	16721	36
886	4	7	60	4320	27776	40
887	0	18	20	4325	2522	40
888	3	16	80	4330	223	35
889	3	16	80	4335	7560	40
890	3	16	20	4340	25819	33
891	3	16	80	4345	5713	39
892	3	16	40	4350	13809	37
893	0	18	80	4355	3828	30
894	4	7	40	4360	2808	35
895	4	7	80	4365	2331	39
896	1	11	60	4370	5048	40
897	3	16	40	4375	11009	30
898	0	18	80	4380	4833	29
899	3	16	40	4400	8934	38
900	3	16	20	4404	5101	34
901	4	7	80	4408	8876	39
902	3	16	80	4412	4951	36
903	4	7	80	4416	2853	31
904	0	18	20	4420	3496	33
905	3	16	60	4424	3646	37
906	4	7	80	4428	5709	30
907	0	18	60	4432	678	32
908	0	18	40	4436	6796	29
909	4	7	60	4440	7749	32
910	0	18	60	4444	44036	39
911	0	18	60	4448	6220	33
912	1	11	60	4452	2011	29
913	4	7	60	4456	2107	35
914	1	11	40	4460	15918	32
915	3	16	40	4464	6919	33
916	4	7	60	4468	22851	31
917	4	7	40	4472	10991	29
918	1	11	80	4476	22142	32
919	0	18	20	4480	11405	37
920	1	11	40	4484	2111	30
921	3	16	40	4488	15789	29
922	0	18	20	4492	9180	38
923	4	7	20	4496	5057	34
924	3	16	60	4500	437	32
925	0	18	80	4504	4457	29
926	4	7	20	4508	6270	35
927	4	7	20	4512	2733	36
928	4	7	40	4516	280	31
929	3	16	80	4520	632	37
930	0	18	80	4524	8257	37
931	1	11	60	4528	5336	31
932	3	16	80	4532	52	35
933	3	16	60	4536	1844	36
934	4	7	20	4540	7746	39
935	1	11	20	4544	14789	30
936	1	11	80	4548	22577	33
937	0	18	80	4552	22230	35
938	0	18	60	4556	820	30
939	1	11	80	4560	5133	40
940	4	7	80	4564	3647	34
941	4	7	20	4568	17489	37
942	0	18	80	4572	9579	39
943	4	7	40	4576	4182	32
944	1	11	40	4580	7644	29
945	1	11	40	4584	4355	29
946	1	11	20	4588	2718	38
947	4	7	60	4592	7140	30
948	4	7	40	4596	5822	39
949	0	18	20	4600	10103	30
950	0	18	20	4604	2971	37
951	1	11	40	4608	10215	39
952	0	18	60	4612	13297	39
953	0	18	80	4616	9468	32
954	1	11	80	4620	4647	37
955	4	7	80	4624	7541	34
956	4	7	60	4628	35192	29
957	4	7	60	4632	39621	31
958	0	18	40	4636	2267	39
959	0	18	20	4640	20920	32
960	3	16	60	4644	13839	30
961	4	7	80	4648	1995	35
962	0	18	20	4652	384	29
963	1	11	40	4656	5487	33
964	3	16	60	4660	30060	35
965	4	7	80	4664	5692	36
966	1	11	60	4668	6108	39
967	3	16	20	4672	132	34
968	4	7	40	4676	7560	37
969	0	18	40	4680	167	30
970	1	11	40	4684	8137	40
971	3	16	80	4688	37	36
972	4	7	60	4692	8385	40
973	4	7	80	4696	4983	32
974	1	11	40	4700	4000	32
975	1	11	40	4704	3377	33
976	1	11	60	4708	1423	30
977	1	11	80	4712	2577	34
978	1	11	80	4716	15347	33
979	1	11	20	4720	8026	31
980	3	16	80	4724	1198	31
981	0	18	40	4728	24448	34
982	0	18	80	4800	11840	37
983	4	7	40	4805	3052	29
984	3	16	60	4810	11610	29
985	4	7	60	4815	20474	38
986	0	18	20	4820	9029	33
987	3	16	20	4825	2999	31
988	0	18	60	4830	11595	40
989	4	7	40	4835	79	33
990	3	16	40	4840	15439	29
991	3	16	40	4845	23589	31
992	4	7	60	4850	9396	37
993	0	18	40	4855	1496	38
994	3	16	40	4860	8418	39
995	4	7	80	4865	1256	39
996	4	7	80	4870	14699	36
997	3	16	40	4875	1801	35
998	0	18	60	4880	4504	37
999	3	16	60	4885	898	33
1000	0	18	60	4890	17363	31
1001	4	7	80	4895	2536	33
1002	4	7	20	4900	30923	33
1003	3	16	20	4905	5486	37
1004	4	7	60	4910	656	31
1005	1	11	40	4915	2917	29
1006	3	16	60	4920	595	40
1007	0	18	80	4925	3405	35
1008	4	7	60	4930	2856	29
1009	4	7	60	4935	810	32
1010	1	11	20	4940	4744	33
1011	1	11	80	4945	9966	35
1012	1	11	80	4950	1204	38
1013	4	7	20	4955	7605	36
1014	1	11	40	4960	12399	29
1015	3	16	20	4965	16307	37
1016	4	7	20	4970	4758	38
1017	0	18	80	4975	10463	29
1018	3	16	60	4980	10494	33
1019	4	7	20	4985	444	37
1020	4	7	80	4990	14299	32
1021	3	16	60	4995	2001	36
1022	1	11	40	5000	2313	35
1023	0	18	20	5005	7359	32
1024	3	16	80	5010	1450	29
1025	4	7	20	5015	9389	38
1026	3	16	20	5020	3010	39
1027	3	16	20	5025	5212	31
1028	1	11	40	5030	13402	34
1029	1	11	40	5035	2281	34
1030	3	16	40	5040	5602	38
1031	4	7	20	5045	26042	35
1032	0	18	40	5050	14909	38
1033	4	7	40	5055	10991	29
1034	1	11	40	5060	11009	40
1035	4	7	80	5065	16161	39
1036	1	11	40	5070	29161	29
1037	1	11	80	5075	2584	29
1038	0	18	60	5080	2179	39
1039	1	11	40	5085	4931	40
1040	0	18	80	5090	15227	39
1041	4	7	20	5095	3202	39
1042	4	7	40	5100	99	31
1043	0	18	20	5105	8844	36
1044	1	11	20	5110	6613	29
1045	0	18	60	5115	1230	34
1046	0	18	40	5120	13194	34
1047	0	18	40	5125	645	29
1048	3	16	20	5130	3861	37
1049	0	18	40	5135	12153	31
1050	0	18	80	5140	9553	29
1051	3	16	20	5145	942	36
1052	0	18	80	5150	5093	31
1053	1	11	40	5155	3779	29
1054	4	7	80	5160	2557	30
1055	1	11	20	5165	8738	36
1056	1	11	60	5170	166	39
1057	4	7	20	5175	3793	30
1058	0	18	20	5180	3209	36
1059	0	18	60	5185	3928	33
1060	4	7	20	5190	38629	31
1061	4	7	60	5200	7189	37
1062	4	7	40	5204	6106	29
1063	1	11	40	5208	428	36
1064	1	11	40	5212	7185	34
1065	3	16	20	5216	5323	38
1066	1	11	60	5220	16162	38
1067	3	16	60	5224	3992	38
1068	3	16	60	5228	16084	36
1069	3	16	60	5232	20242	31
1070	1	11	60	5236	18098	36
1071	1	11	20	5240	1512	38
1072	0	18	20	5244	5405	30
1073	1	11	40	5248	2523	34
1074	3	16	40	5252	1815	38
1075	4	7	60	5256	5588	33
1076	4	7	20	5260	1874	34
1077	0	18	40	5264	6980	39
1078	3	16	80	5268	317	32
1079	3	16	40	5272	188	36
1080	3	16	60	5276	17162	32
1081	3	16	80	5280	2154	39
1082	0	18	80	5284	806	35
1083	1	11	20	5288	257	32
1084	1	11	40	5292	6407	33
1085	0	18	20	5296	3986	30
1086	4	7	20	5300	5394	33
1087	3	16	80	5304	5055	37
1088	0	18	60	5308	5127	39
1089	4	7	40	5312	692	33
1090	1	11	40	5316	15004	40
1091	1	11	40	5320	7256	40
1092	1	11	60	5324	23294	33
1093	0	18	20	5328	15199	34
1094	1	11	20	5332	5050	38
1095	1	11	20	5336	2387	31
1096	0	18	80	5340	12716	38
1097	3	16	20	5344	25792	35
1098	4	7	60	5348	634	31
1099	4	7	80	5352	637	31
1100	3	16	20	5356	2574	36
1101	3	16	80	5360	4288	37
1102	1	11	80	5364	1899	33
1103	0	18	60	5368	4966	34
1104	3	16	60	5372	17317	35
1105	4	7	60	5376	5951	31
1106	1	11	20	5380	7739	35
1107	3	16	40	5384	1789	38
1108	3	16	80	5388	1523	31
1109	4	7	20	5392	11790	38
1110	1	11	20	5396	4864	30
1111	0	18	40	5400	4617	29
1112	0	18	20	5404	3307	38
1113	3	16	60	5408	2935	29
1114	1	11	80	5412	5626	30
1115	1	11	40	5416	11280	32
1116	4	7	60	5420	5497	31
1117	3	16	40	5424	5581	38
1118	4	7	80	5428	5562	31
1119	0	18	40	5432	1787	32
1120	4	7	80	5436	43138	34
1121	3	16	60	5440	4072	30
1122	1	11	80	5444	20169	39
1123	3	16	40	5448	12230	31
1124	0	18	20	5452	611	31
1125	4	7	40	5456	2848	37
1126	4	7	40	5460	2056	34
1127	0	18	80	5464	8190	36
1128	4	7	40	5468	12972	37
1129	1	11	20	5472	23210	36
1130	3	16	60	5476	9813	36
1131	0	18	80	5480	2287	39
1132	1	11	60	5484	5639	37
1133	4	7	80	5488	26238	30
1134	4	7	40	5492	11031	40
1135	4	7	80	5496	5049	36
1136	0	18	20	5500	200	34
1137	4	7	40	5504	8027	29
1138	3	16	40	5508	1266	38
1139	3	16	60	5512	213	31
1140	4	7	80	5516	11845	36
1141	0	18	80	5520	2740	35
1142	0	18	20	5600	2796	34
1143	0	18	40	5604	9692	29
1144	3	16	40	5608	7895	32
1145	1	11	20	5612	4196	40
1146	1	11	20	5616	2383	30
1147	4	7	20	5620	8139	32
1148	3	16	40	5624	3389	33
1149	0	18	60	5628	9964	34
1150	1	11	60	5632	11451	29
1151	1	11	40	5636	2782	29
1152	4	7	20	5640	4916	33
1153	3	16	40	5644	16699	39
1154	4	7	20	5648	676	37
1155	0	18	60	5652	16713	35
1156	0	18	80	5656	5470	38
1157	3	16	40	5660	4471	30
1158	4	7	40	5664	3939	31
1159	4	7	20	5668	7048	38
1160	4	7	20	5672	2831	38
1161	0	18	20	5676	30971	39
1162	3	16	20	5680	4059	30
1163	0	18	60	5684	2073	36
1164	1	11	40	5688	531	31
1165	1	11	20	5692	1854	31
1166	3	16	60	5696	21587	33
1167	1	11	40	5700	3776	37
1168	3	16	40	5704	6549	30
1169	3	16	80	5708	301	35
1170	0	18	40	5712	10509	38
1171	4	7	40	5716	15937	30
1172	0	18	80	5720	3518	29
1173	0	18	40	5724	5150	40
1174	1	11	40	5728	4465	37
1175	4	7	20	5732	9776	40
1176	3	16	60	5736	878	36
1177	1	11	60	5740	1960	39
1178	0	18	20	5744	1356	40
1179	4	7	20	5748	8759	32
1180	3	16	40	5752	342	36
1181	4	7	40	5756	7097	30
1182	3	16	60	5760	2800	32
1183	4	7	60	5764	756	31
1184	0	18	60	5768	1626	36
1185	0	18	20	5772	4261	36
1186	1	11	80	5776	12470	34
1187	3	16	20	5780	7950	38
1188	0	18	80	5784	17044	33
1189	4	7	80	5788	16442	33
1190	3	16	20	5792	28803	38
1191	1	11	60	5796	7261	33
1192	0	18	80	5800	2243	39
1193	3	16	40	5804	6582	40
1194	3	16	40	5808	10423	33
1195	3	16	60	5812	12613	38
1196	1	11	60	5816	17811	34
1197	4	7	40	5820	551	39
1198	4	7	80	5824	8130	39
1199	0	18	20	5828	4362	29
1200	3	16	40	5832	5162	36
1201	4	7	60	5836	17057	33
1202	0	18	80	5840	662	30
1203	0	18	40	5844	2949	39
1204	4	7	40	5848	31735	36
1205	1	11	40	5852	18218	40
1206	1	11	60	5856	22234	40
1207	3	16	80	5860	33270	33
1208	1	11	20	5864	4757	30
1209	0	18	80	5868	3769	38
1210	1	11	80	5872	11835	39
1211	4	7	20	5876	2605	40
1212	3	16	40	5880	2542	31
1213	0	18	20	5884	10281	40
1214	0	18	80	5888	6277	31
1215	0	18	80	5892	9900	36
1216	3	16	60	5896	9210	36
1217	4	7	60	5900	2943	39
1218	0	18	20	5904	362	29
1219	0	18	40	5908	8426	36
1220	4	7	40	5912	4320	37
1221	0	18	40	5916	2885	35
1222	1	11	60	5920	5466	32
1223	4	7	60	5924	9293	37
1224	4	7	80	5928	532	37
1225	3	16	60	5932	1156	34
1226	4	7	40	5936	7721	32
1227	1	11	60	6000	12678	29
1228	3	16	80	6004	10978	36
1229	3	16	60	6008	8050	40
1230	1	11	60	6012	13425	34
1231	3	16	20	6016	304	37
1232	3	16	60	6020	6926	40
1233	4	7	80	6024	10641	39
1234	0	18	80	6028	1685	36
1235	3	16	60	6032	1399	31
1236	3	16	60	6036	5684	40
1237	3	16	40	6040	34754	33
1238	4	7	20	6044	924	35
1239	3	16	20	6048	2701	36
1240	4	7	60	6052	5155	36
1241	4	7	80	6056	13087	29
1242	0	18	20	6060	1603	37
1243	4	7	80	6064	5632	36
1244	1	11	80	6068	840	35
1245	4	7	80	6072	9492	39
1246	4	7	40	6076	3135	30
1247	0	18	80	6080	5890	39
1248	1	11	40	6084	137	38
1249	3	16	60	6088	148	38
1250	0	18	20	6092	928	30
1251	1	11	80	6096	7021	35
1252	4	7	20	6100	180	39
1253	3	16	60	6104	34635	32
1254	1	11	80	6108	24	33
1255	3	16	80	6112	1516	30
1256	3	16	20	6116	3907	29
1257	1	11	20	6120	3987	34
1258	0	18	40	6124	2237	30
1259	1	11	60	6128	14988	30
1260	3	16	20	6132	2609	37
1261	4	7	20	6136	1233	39
1262	4	7	80	6140	2173	38
1263	4	7	40	6144	13447	31
1264	3	16	40	6148	6613	32
1265	4	7	60	6152	10621	31
1266	1	11	40	6156	9596	40
1267	3	16	40	6160	6154	32
1268	4	7	20	6164	6099	33
1269	3	16	20	6168	3866	40
1270	1	11	20	6172	1797	36
1271	0	18	20	6176	9546	31
1272	0	18	40	6180	1772	32
1273	1	11	80	6184	11343	33
1274	1	11	60	6188	1550	40
1275	4	7	40	6192	7575	36
1276	4	7	40	6196	1033	38
1277	1	11	60	6200	36513	37
1278	3	16	80	6204	7080	31
1279	0	18	20	6208	3691	39
1280	4	7	40	6212	13301	32
1281	4	7	40	6216	824	33
1282	0	18	20	6220	12039	32
1283	4	7	40	6224	10419	39
1284	3	16	40	6228	5953	38
1285	4	7	60	6232	2080	40
1286	4	7	20	6236	121	38
1287	4	7	20	6240	7181	37
1288	3	16	80	6244	10549	35
1289	3	16	20	6248	139	34
1290	0	18	40	6252	11901	30
1291	1	11	40	6256	987	35
1292	1	11	80	6260	10869	32
1293	3	16	60	6264	2437	34
1294	0	18	20	6268	65	40
1295	4	7	40	6272	3229	37
1296	4	7	80	6276	6702	32
1297	1	11	80	6280	3668	34
1298	1	11	60	6284	22913	33
1299	1	11	20	6288	3630	32
1300	1	11	40	6292	44245	40
1301	1	11	20	6296	12394	39
1302	0	18	60	6300	35147	35
1303	4	7	40	6304	8036	38
1304	1	11	40	6308	13589	30
1305	0	18	20	6312	4258	40
1306	1	11	60	6316	3896	31
1307	1	11	20	6320	2457	35
1308	1	11	80	6324	13313	32
1309	1	11	60	6328	3967	37
1310	3	16	60	6332	422	32
1311	1	11	60	6336	4044	33
1312	3	16	40	6340	13084	31
1313	0	18	40	6344	16596	31
1314	1	11	40	6348	293	39
1315	4	7	60	6352	1591	32
1316	4	7	20	6400	3632	35
1317	0	18	60	6405	5702	40
1318	0	18	80	6410	2727	33
1319	3	16	80	6415	3245	33
1320	4	7	60	6420	10179	33
1321	1	11	40	6425	898	31
1322	4	7	40	6430	13043	38
1323	0	18	20	6435	5808	39
1324	1	11	80	6440	7515	39
1325	4	7	60	6445	711	30
1326	3	16	40	6450	24593	39
1327	3	16	80	6455	21994	39
1328	1	11	80	6460	11077	33
1329	1	11	20	6465	14863	31
1330	0	18	40	6470	365	33
1331	3	16	40	6475	11201	33
1332	0	18	80	6480	381	33
1333	0	18	60	6485	2013	39
1334	3	16	60	6490	3741	40
1335	1	11	40	6495	184	34
1336	3	16	80	6500	935	39
1337	0	18	80	6505	1245	35
1338	1	11	80	6510	19359	37
1339	1	11	40	6515	951	39
1340	3	16	20	6520	14835	37
1341	3	16	80	6525	11108	32
1342	3	16	20	6530	12179	34
1343	0	18	40	6535	3342	39
1344	0	18	60	6540	27020	31
1345	4	7	60	6545	3789	37
1346	3	16	20	6550	2980	32
1347	0	18	40	6555	16236	29
1348	0	18	40	6560	2056	35
1349	0	18	40	6565	14072	37
1350	4	7	40	6570	27347	30
1351	4	7	40	6575	474	32
1352	0	18	80	6580	657	29
1353	3	16	80	6585	7522	40
1354	3	16	40	6590	8283	40
1355	0	18	20	6595	17645	37
1356	1	11	60	6600	32806	29
1357	4	7	40	6605	5101	36
1358	1	11	40	6610	199	39
1359	1	11	60	6615	10532	40
1360	1	11	80	6620	4914	29
1361	3	16	60	6625	4775	33
1362	0	18	40	6630	5787	31
1363	4	7	80	6635	27208	29
1364	1	11	20	6640	3401	32
1365	0	18	20	6645	2830	40
1366	0	18	60	6650	3448	29
1367	3	16	60	6655	6989	32
1368	3	16	60	6660	5558	32
1369	0	18	80	6665	106	33
1370	0	18	80	6670	581	33
1371	4	7	20	6675	1995	29
1372	3	16	60	6680	7303	31
1373	4	7	60	6685	1556	35
1374	4	7	80	6690	5386	36
1375	1	11	60	6695	27869	30
1376	4	7	20	6700	3137	38
1377	3	16	20	6705	4969	40
1378	0	18	60	6710	6393	36
1379	3	16	20	6715	2110	30
1380	0	18	60	6720	11902	38
1381	3	16	80	6725	712	39
1382	3	16	60	6730	9886	32
1383	0	18	40	6735	20388	36
1384	3	16	60	6740	16748	30
1385	1	11	20	6745	34805	30
1386	1	11	60	6750	8980	32
1387	1	11	20	6755	4597	33
1388	3	16	40	6760	6894	40
1389	3	16	60	6765	5289	31
1390	0	18	80	6770	320	34
1391	3	16	40	6775	8147	31
1392	3	16	40	6780	1018	36
1393	4	7	40	6785	1579	38
1394	0	18	60	6790	8470	38
1395	0	18	40	6795	4006	33
1396	1	11	60	6800	2149	29
1397	4	7	40	6805	13505	34
1398	4	7	20	6810	42641	35
1399	0	18	40	6815	8818	32
1400	3	16	20	6820	219	37
1401	0	18	40	6825	10427	40
1402	3	16	80	6830	3668	38
1403	0	18	40	6835	1919	31
1404	0	18	60	6840	11340	33
1405	0	18	40	6845	10978	30
1406	0	18	60	6850	4913	29
1407	1	11	40	6855	18586	35
1408	3	16	80	6860	1018	33
1409	0	18	80	6865	9006	39
1410	1	11	80	6870	6666	40
1411	3	16	40	6875	5884	30
1412	4	7	60	6880	20322	29
1413	4	7	40	6885	12591	38
1414	0	18	80	6890	25324	30
1415	4	7	80	6895	3745	31
1416	0	18	80	6900	10780	29
1417	4	7	80	6905	7193	36
1418	0	18	20	6910	753	40
1419	4	7	20	6915	3560	30
1420	3	16	60	6920	7812	36
1421	4	7	40	6925	19541	36
1422	0	18	40	6930	39	33
1423	0	18	20	6935	137	29
1424	4	7	20	6940	29185	40
1425	3	16	60	6945	4514	30
1426	0	18	80	6950	853	33
1427	3	16	40	6955	4351	34
1428	3	16	80	6960	5933	37
1429	4	7	40	6965	808	32
1430	4	7	80	6970	10583	29
1431	0	18	60	6975	5694	32
1432	4	7	20	6980	5041	33
1433	0	18	40	6985	17124	33
1434	4	7	80	6990	1832	33
1435	0	18	40	6995	374	39
1436	4	7	20	7000	10108	30
1437	3	16	40	7005	5482	30
1438	0	18	80	7010	1434	32
1439	3	16	40	7015	1116	40
1440	0	18	40	7020	6009	30
1441	4	7	20	7025	11845	38
1442	3	16	40	7030	3057	29
1443	1	11	40	7035	18583	30
1444	0	18	80	7040	20042	32
1445	1	11	60	7045	5847	32
1446	3	16	60	7050	10118	31
1447	3	16	20	7055	3164	39
1448	4	7	40	7060	2001	36
1449	1	11	60	7065	2620	36
1450	0	18	60	7070	8486	33
1451	3	16	60	7075	8230	34
1452	3	16	40	7080	10334	34
1453	4	7	80	7085	8083	33
1454	1	11	80	7090	363	36
1455	4	7	60	7095	968	29
1456	0	18	80	7100	10282	36
1457	3	16	60	7105	3455	37
1458	0	18	20	7110	2189	32
1459	1	11	20	7115	3161	31
1460	4	7	40	7120	8290	37
1461	1	11	40	7125	321	36
1462	4	7	40	7130	3803	38
1463	4	7	60	7200	189	29
1464	1	11	80	7206	22774	39
1465	1	11	20	7212	462	36
1466	4	7	20	7218	437	38
1467	4	7	40	7224	316	36
1468	4	7	40	7230	7094	33
1469	0	18	60	7236	19450	32
1470	4	7	80	7242	8547	30
1471	1	11	60	7248	2238	39
1472	4	7	20	7254	4482	32
1473	3	16	60	7260	25673	40
1474	3	16	60	7266	14225	29
1475	3	16	40	7272	15225	38
1476	0	18	20	7278	7239	36
1477	3	16	80	7284	869	32
1478	4	7	20	7290	831	38
1479	1	11	60	7296	4861	37
1480	4	7	80	7302	10001	40
1481	1	11	80	7308	11915	35
1482	4	7	80	7314	1767	38
1483	0	18	40	7320	2242	30
1484	4	7	80	7326	4670	39
1485	1	11	40	7332	764	35
1486	1	11	40	7338	12260	39
1487	4	7	20	7344	14250	40
1488	3	16	40	7350	14558	37
1489	0	18	40	7356	760	33
1490	0	18	60	7362	3112	32
1491	0	18	40	7368	3653	33
1492	1	11	20	7374	2372	39
1493	3	16	80	7380	14545	29
1494	3	16	20	7386	5309	32
1495	4	7	20	7392	5367	34
1496	0	18	60	7398	4009	29
1497	4	7	60	7404	2787	40
1498	0	18	60	7410	25760	31
1499	4	7	60	7416	15854	36
1500	3	16	40	7422	5009	34
1501	4	7	20	7428	9089	35
1502	4	7	60	7434	10736	34
1503	3	16	80	7440	2959	33
1504	1	11	60	7446	7799	35
1505	3	16	20	7452	4217	34
1506	3	16	60	7458	1922	30
1507	4	7	80	7464	11606	35
1508	1	11	40	7470	13073	33
1509	3	16	40	7476	1721	38
1510	3	16	40	7482	5848	33
1511	1	11	80	7488	7750	32
1512	4	7	60	7494	2323	40
1513	3	16	60	7500	12259	36
1514	1	11	20	7506	7592	31
1515	1	11	60	7512	16365	30
1516	3	16	40	7518	14719	38
1517	3	16	20	7524	1150	36
1518	4	7	80	7530	6962	31
1519	4	7	40	7536	15223	32
1520	4	7	80	7542	2541	38
1521	0	18	80	7548	2004	39
1522	0	18	20	7554	1793	39
1523	3	16	20	7560	5502	29
1524	4	7	80	7566	7128	29
1525	3	16	60	7572	2738	37
1526	0	18	40	7578	35003	29
1527	0	18	40	7584	7158	32
1528	4	7	60	7600	5147	37
1529	4	7	60	7605	3351	35
1530	3	16	60	7610	4881	38
1531	1	11	40	7615	2867	37
1532	3	16	40	7620	1233	29
1533	0	18	60	7625	2158	30
1534	4	7	20	7630	36872	31
1535	0	18	60	7635	281	33
1536	3	16	20	7640	291	30
1537	0	18	20	7645	17583	34
1538	3	16	60	7650	7774	35
1539	1	11	60	7655	264	34
1540	3	16	60	7660	16797	33
1541	3	16	40	7665	148	33
1542	3	16	80	7670	216	36
1543	4	7	80	7675	8271	40
1544	3	16	80	7680	6791	40
1545	4	7	60	7685	9680	40
1546	1	11	80	7690	973	33
1547	3	16	60	7695	5119	31
1548	0	18	60	7700	2036	39
1549	1	11	40	7705	7622	30
1550	1	11	60	7710	8343	37
1551	3	16	60	7715	2411	33
1552	4	7	80	7720	9987	38
1553	0	18	20	7725	924	39
1554	4	7	80	7730	7133	39
1555	3	16	40	7735	2234	36
1556	3	16	20	7740	5203	36
1557	0	18	60	7745	2209	34
1558	3	16	80	7750	10168	33
1559	4	7	20	7755	3238	38
1560	1	11	60	7760	4389	33
1561	3	16	40	7765	7788	39
1562	4	7	40	7770	2752	38
1563	1	11	80	7775	4968	38
1564	0	18	80	7780	10679	29
1565	1	11	20	7785	1960	37
1566	3	16	60	7790	5193	31
1567	4	7	80	7795	125	39
1568	4	7	40	7800	12637	34
1569	1	11	40	7805	6907	39
1570	3	16	40	7810	14409	29
1571	1	11	40	7815	24328	33
1572	4	7	40	7820	5744	30
1573	3	16	20	7825	6363	37
1574	0	18	80	7830	29006	40
1575	0	18	40	7835	2341	34
1576	3	16	20	7840	1734	31
1577	1	11	20	7845	6502	40
1578	0	18	20	7850	20746	29
1579	0	18	40	7855	17509	29
1580	1	11	80	7860	1542	32
1581	1	11	60	7865	5784	38
1582	4	7	60	7870	3652	33
1583	3	16	20	7875	15740	36
1584	3	16	80	7880	9490	39
1585	0	18	80	7885	1750	34
1586	1	11	40	7890	7097	40
1587	1	11	20	7895	274	30
1588	0	18	80	7900	8318	31
1589	0	18	60	7905	10973	35
1590	1	11	60	7910	6503	38
1591	1	11	60	7915	12656	36
1592	3	16	20	7920	1485	29
1593	4	7	60	7925	2725	38
1594	4	7	20	7930	7537	30
1595	0	18	40	7935	2357	34
1596	4	7	20	7940	10394	35
1597	0	18	80	7945	6642	39
1598	4	7	20	7950	19050	39
1599	0	18	80	7955	3505	32
1600	0	18	20	7960	2031	37
1601	3	16	80	7965	833	35
1602	4	7	20	7970	9083	38
1603	4	7	20	7975	8318	40
1604	3	16	20	7980	12093	29
1605	0	18	20	8000	9509	32
1606	3	16	40	8003	11023	32
1607	1	11	80	8006	1436	29
1608	0	18	40	8009	1167	40
1609	3	16	40	8012	3279	34
1610	0	18	40	8015	400	33
1611	1	11	80	8018	20381	36
1612	0	18	40	8021	3039	34
1613	1	11	60	8024	14248	32
1614	1	11	20	8027	1371	34
1615	0	18	80	8030	19049	35
1616	3	16	60	8033	2363	34
1617	1	11	20	8036	4509	30
1618	3	16	20	8039	11687	39
1619	4	7	80	8042	6217	35
1620	0	18	60	8045	7935	37
1621	1	11	40	8048	4693	30
1622	3	16	20	8051	3684	37
1623	3	16	60	8054	390	39
1624	0	18	80	8057	176	29
1625	1	11	80	8060	330	33
1626	3	16	40	8063	12212	32
1627	4	7	60	8066	2024	32
1628	3	16	20	8069	22299	36
1629	0	18	40	8072	10131	34
1630	1	11	20	8075	5980	39
1631	1	11	20	8078	7972	33
1632	1	11	20	8081	8372	29
1633	4	7	40	8084	6760	37
1634	0	18	20	8087	8717	32
1635	4	7	80	8090	635	38
1636	1	11	60	8093	14465	29
1637	0	18	40	8096	10184	34
1638	4	7	80	8099	673	35
1639	3	16	60	8102	57791	35
1640	1	11	60	8105	4762	30
1641	4	7	60	8108	4410	39
1642	1	11	80	8111	18257	31
1643	1	11	40	8114	2970	37
1644	0	18	40	8117	9565	30
1645	0	18	80	8120	8056	30
1646	1	11	20	8123	5205	31
1647	0	18	60	8126	3299	38
1648	3	16	40	8129	1124	32
1649	4	7	20	8132	9702	35
1650	1	11	80	8135	59940	40
1651	1	11	80	8138	2812	33
1652	3	16	80	8141	12721	40
1653	4	7	40	8144	3661	32
1654	0	18	20	8147	10345	35
1655	3	16	80	8150	12129	36
1656	4	7	60	8153	10470	39
1657	0	18	60	8156	7976	40
1658	3	16	40	8159	7839	40
1659	1	11	20	8162	10746	37
1660	1	11	80	8165	19503	40
1661	3	16	60	8168	5943	40
1662	4	7	80	8171	2049	34
1663	4	7	20	8174	4325	35
1664	1	11	20	8177	13277	36
1665	3	16	20	8180	4329	40
1666	0	18	80	8183	2549	35
1667	1	11	20	8186	10952	37
1668	1	11	40	8189	1470	40
1669	3	16	20	8192	677	37
1670	3	16	40	8195	593	35
1671	3	16	20	8198	6138	29
1672	3	16	20	8201	3448	36
1673	0	18	40	8204	11712	32
1674	3	16	20	8207	768	34
1675	0	18	80	8210	1839	39
1676	0	18	40	8213	6315	39
1677	1	11	80	8216	485	40
1678	1	11	40	8219	3447	38
1679	0	18	80	8222	3917	40
1680	0	18	80	8225	6606	30
1681	3	16	80	8228	4707	35
1682	1	11	20	8231	776	29
1683	4	7	20	8234	2151	30
1684	3	16	40	8237	10146	34
1685	0	18	40	8240	2091	34
1686	4	7	20	8243	14402	34
1687	1	11	80	8246	2645	37
1688	3	16	20	8249	14907	31
1689	1	11	40	8252	17179	37
1690	4	7	40	8255	3403	40
1691	1	11	20	8258	1835	30
1692	1	11	80	8261	801	34
1693	1	11	80	8264	3345	39
1694	1	11	60	8267	724	36
1695	3	16	20	8270	20654	30
1696	0	18	80	8273	1763	34
1697	1	11	80	8276	5236	37
1698	0	18	40	8279	5551	30
1699	3	16	20	8282	2623	30
1700	4	7	20	8285	3592	35
1701	4	7	80	8288	10554	35
1702	3	16	20	8291	1491	38
1703	0	18	20	8294	410	36
1704	0	18	60	8297	7978	40
1705	4	7	60	8300	4984	39
1706	4	7	60	8303	23389	38
1707	1	11	60	8306	222	36
1708	1	11	20	8400	2579	39
1709	4	7	40	8404	5875	37
1710	3	16	40	8408	2138	37
1711	3	16	80	8412	8892	40
1712	4	7	20	8416	2638	30
1713	3	16	60	8420	2169	40
1714	1	11	40	8424	1557	35
1715	3	16	20	8428	5046	34
1716	1	11	40	8432	4521	40
1717	0	18	80	8436	37018	33
1718	0	18	60	8440	9603	29
1719	0	18	80	8444	6935	30
1720	4	7	20	8448	7000	35
1721	3	16	80	8452	37986	38
1722	3	16	20	8456	18483	35
1723	4	7	20	8460	2680	32
1724	3	16	80	8464	10612	38
1725	1	11	40	8468	16110	34
1726	0	18	20	8472	4644	35
1727	0	18	40	8476	67	38
1728	3	16	60	8480	9167	37
1729	4	7	20	8484	1464	32
1730	0	18	20	8488	60	33
1731	3	16	60	8492	542	31
1732	0	18	60	8496	6541	38
1733	4	7	20	8500	585	36
1734	0	18	80	8504	205	33
1735	0	18	80	8508	14148	36
1736	4	7	60	8512	2569	38
1737	1	11	80	8516	347	33
1738	3	16	40	8520	7423	30
1739	4	7	80	8524	2355	35
1740	0	18	60	8528	2670	37
1741	1	11	60	8532	13175	38
1742	4	7	60	8536	47	39
1743	4	7	80	8540	3139	34
1744	4	7	80	8544	8367	40
1745	1	11	40	8548	9006	40
1746	1	11	80	8552	20621	40
1747	4	7	40	8556	15607	35
1748	0	18	60	8560	1441	32
1749	4	7	60	8564	7714	31
1750	1	11	60	8568	5427	31
1751	0	18	80	8572	1861	30
1752	0	18	20	8576	12162	36
1753	4	7	40	8580	20268	29
1754	3	16	20	8584	9536	36
1755	1	11	20	8588	3702	37
1756	1	11	80	8592	14265	29
1757	4	7	20	8596	17330	34
1758	3	16	40	8600	3030	39
1759	4	7	20	8604	11572	35
1760	3	16	40	8608	188	33
1761	4	7	40	8612	22226	29
1762	4	7	80	8616	3388	40
1763	3	16	20	8620	917	36
1764	4	7	20	8624	5750	32
1765	0	18	80	8628	1480	34
1766	1	11	40	8632	953	30
1767	4	7	80	8636	1889	35
1768	3	16	60	8640	1907	35
1769	0	18	40	8644	3415	40
1770	3	16	40	8648	1716	36
1771	4	7	40	8652	3944	36
1772	3	16	40	8656	3896	32
1773	1	11	60	8660	4694	34
1774	0	18	20	8664	2807	34
1775	3	16	60	8668	11962	37
1776	3	16	40	8672	33822	40
1777	4	7	20	8676	6867	29
1778	4	7	20	8680	8085	33
1779	0	18	60	8684	486	38
1780	4	7	60	8688	22844	35
1781	1	11	60	8692	6988	29
1782	4	7	80	8696	14841	34
1783	4	7	20	8700	523	35
1784	1	11	40	8704	8983	30
1785	0	18	20	8708	12875	32
1786	1	11	40	8712	2675	36
1787	1	11	20	8716	8126	38
1788	0	18	20	8720	3749	29
1789	3	16	60	8724	8510	37
1790	3	16	20	8728	47982	35
1791	0	18	60	8732	3945	33
1792	4	7	60	8736	10390	35
1793	3	16	40	8740	14662	35
1794	0	18	60	8800	2109	31
1795	1	11	40	8804	3396	36
1796	1	11	60	8808	4959	39
1797	1	11	60	8812	18227	31
1798	4	7	80	8816	13369	31
1799	4	7	80	8820	5225	34
1800	0	18	80	8824	6626	39
1801	3	16	80	8828	10004	33
1802	0	18	80	8832	8300	40
1803	4	7	20	8836	13601	33
1804	0	18	40	8840	4435	35
1805	1	11	20	8844	872	36
1806	1	11	60	8848	13807	38
1807	4	7	40	8852	3293	31
1808	4	7	40	8856	7839	35
1809	0	18	60	8860	20263	39
1810	3	16	80	8864	3889	38
1811	3	16	60	8868	2362	29
1812	4	7	80	8872	2294	30
1813	1	11	60	8876	2369	30
1814	0	18	60	8880	13813	40
1815	1	11	60	8884	4648	32
1816	0	18	40	8888	792	35
1817	0	18	80	8892	2650	33
1818	0	18	60	8896	4548	35
1819	4	7	80	8900	9976	40
1820	3	16	40	8904	17287	39
1821	0	18	40	8908	5147	33
1822	3	16	80	8912	14475	35
1823	4	7	80	8916	6518	39
1824	3	16	20	8920	3445	33
1825	3	16	80	8924	13029	32
1826	0	18	60	8928	8679	29
1827	4	7	20	8932	6309	37
1828	0	18	20	8936	1907	31
1829	4	7	80	8940	23969	38
1830	0	18	80	8944	3012	39
1831	1	11	80	8948	735	37
1832	4	7	40	8952	11557	38
1833	0	18	40	8956	1360	39
1834	0	18	60	8960	5478	39
1835	1	11	60	8964	2078	30
1836	1	11	80	8968	22100	29
1837	4	7	60	8972	212	30
1838	3	16	80	8976	8122	40
1839	4	7	20	8980	6776	34
1840	3	16	60	8984	30540	34
1841	3	16	80	8988	23463	33
1842	1	11	80	8992	106	32
1843	0	18	60	8996	4834	31
1844	0	18	80	9000	2515	40
1845	4	7	60	9004	10831	35
1846	0	18	60	9008	1206	31
1847	1	11	20	9012	5091	34
1848	3	16	60	9016	144	36
1849	4	7	80	9020	12525	40
1850	0	18	80	9024	2319	30
1851	1	11	80	9028	1588	34
1852	0	18	80	9032	4987	37
1853	0	18	80	9036	836	31
1854	0	18	60	9040	7228	35
1855	4	7	60	9044	742	35
1856	4	7	20	9048	16791	39
1857	0	18	80	9052	740	30
1858	1	11	20	9056	5039	40
1859	3	16	40	9060	7778	32
1860	1	11	40	9064	4656	35
1861	3	16	60	9068	2588	30
1862	3	16	20	9072	1071	40
1863	0	18	40	9076	8982	37
1864	0	18	60	9080	7467	40
1865	1	11	20	9084	2821	29
1866	4	7	40	9088	5411	31
1867	4	7	60	9092	780	31
1868	0	18	80	9096	11435	31
1869	4	7	80	9100	7197	38
1870	0	18	60	9104	5606	31
1871	0	18	60	9108	563	34
1872	1	11	20	9112	8268	34
1873	1	11	60	9116	15862	29
1874	0	18	20	9120	10613	34
1875	4	7	40	9200	22247	35
1876	3	16	60	9204	4948	30
1877	3	16	20	9208	3858	32
1878	4	7	80	9212	2711	40
1879	3	16	60	9216	7495	39
1880	3	16	20	9220	8721	29
1881	3	16	60	9224	1698	36
1882	1	11	40	9228	6000	30
1883	1	11	40	9232	4372	32
1884	3	16	80	9236	9588	37
1885	3	16	80	9240	1148	34
1886	0	18	80	9244	7825	29
1887	3	16	40	9248	8745	36
1888	4	7	60	9252	6595	32
1889	1	11	20	9256	4182	33
1890	1	11	60	9260	3463	32
1891	0	18	80	9264	15096	40
1892	1	11	60	9268	6546	31
1893	0	18	40	9272	128	37
1894	3	16	60	9276	1115	40
1895	0	18	20	9280	9673	33
1896	4	7	80	9284	13782	33
1897	1	11	40	9288	3307	35
1898	0	18	80	9292	15007	31
1899	4	7	80	9296	28782	40
1900	0	18	20	9300	2303	32
1901	1	11	20	9304	385	29
1902	0	18	20	9308	9910	32
1903	3	16	60	9312	4421	38
1904	3	16	20	9316	2708	37
1905	4	7	20	9320	1622	36
1906	0	18	80	9324	6139	29
1907	4	7	40	9328	7361	36
1908	4	7	80	9332	3629	37
1909	1	11	20	9336	8556	29
1910	0	18	80	9340	7898	33
1911	1	11	80	9344	5461	35
1912	1	11	80	9348	12911	31
1913	4	7	40	9352	15682	29
1914	4	7	40	9356	25355	31
1915	3	16	80	9360	2301	39
1916	0	18	40	9364	11051	29
1917	1	11	80	9368	9745	37
1918	3	16	60	9372	29927	29
1919	1	11	80	9376	5124	35
1920	0	18	20	9380	8947	40
1921	0	18	80	9384	14021	36
1922	4	7	80	9388	6064	39
1923	4	7	80	9392	3488	38
1924	1	11	40	9396	2215	35
1925	4	7	60	9400	8522	32
1926	4	7	20	9404	5694	32
1927	0	18	60	9408	7917	37
1928	3	16	80	9412	10540	30
1929	0	18	20	9416	268	30
1930	4	7	60	9420	991	30
1931	1	11	20	9424	1046	35
1932	3	16	40	9428	6140	29
1933	4	7	80	9432	3025	40
1934	1	11	40	9436	3545	35
1935	1	11	80	9440	7674	29
1936	3	16	40	9444	5247	33
1937	3	16	60	9448	870	32
1938	3	16	20	9452	1149	35
1939	3	16	60	9456	5785	29
1940	1	11	20	9460	7289	34
1941	0	18	60	9464	181	33
1942	4	7	60	9468	2855	39
1943	3	16	60	9472	18805	32
1944	0	18	20	9476	12101	29
1945	0	18	60	9480	15540	37
1946	4	7	20	9484	389	37
1947	3	16	20	9488	9622	30
1948	0	18	80	9492	477	34
1949	0	18	80	9496	16971	29
1950	4	7	60	9500	24423	32
1951	3	16	80	9504	997	36
1952	3	16	80	9508	3599	35
1953	3	16	20	9512	3744	37
1954	3	16	80	9516	2846	40
1955	0	18	40	9520	4406	37
1956	1	11	20	9524	5797	30
1957	1	11	40	9600	3530	34
1958	1	11	40	9609	1613	31
1959	4	7	40	9618	7993	33
1960	0	18	20	9627	8975	33
1961	0	18	20	9636	19042	32
1962	1	11	40	9645	16280	35
1963	4	7	60	9654	3223	36
1964	1	11	40	9663	6216	40
1965	3	16	60	9672	5622	38
1966	4	7	60	9681	25525	34
1967	1	11	80	9690	5324	31
1968	1	11	20	9699	5564	34
1969	3	16	60	9708	3337	30
1970	4	7	40	9717	11720	35
1971	3	16	60	9726	8301	37
1972	3	16	60	9735	6758	30
1973	4	7	80	9744	4951	40
1974	0	18	60	9753	16642	30
1975	4	7	40	9762	8416	35
1976	0	18	20	9771	5981	37
1977	0	18	20	9780	7884	36
1978	4	7	60	9789	6821	38
1979	1	11	80	9798	3892	38
1980	0	18	60	9807	7487	36
1981	0	18	20	9816	13268	30
1982	4	7	80	9825	6758	31
1983	1	11	20	9834	15288	29
1984	1	11	40	9843	669	39
1985	1	11	60	9852	58936	34
1986	3	16	40	9861	11427	29
1987	4	7	20	9870	1415	33
1988	0	18	20	9879	124	29
1989	0	18	20	9888	21798	39
1990	4	7	60	9897	854	40
1991	0	18	20	9906	1060	39
1992	1	11	40	9915	20248	30
1993	4	7	60	9924	5577	31
1994	1	11	60	9933	14682	37
1995	1	11	20	9942	9381	30
1996	4	7	40	9951	1329	39
1997	4	7	20	9960	27670	32
1998	1	11	40	9969	3626	33
1999	1	11	40	9978	2571	31
