0	3	16	60	0	1301	49
1	1	11	80	6	2322	45
2	4	7	40	12	2025	46
3	1	11	20	18	327	41
4	0	18	40	24	12004	40
5	3	16	40	30	746	48
6	4	7	80	36	419	47
7	0	18	20	42	15040	43
8	0	18	40	48	3692	49
9	3	16	60	54	7222	42
10	4	7	40	60	1511	44
11	3	16	60	66	3878	49
12	0	18	40	72	20363	46
13	4	7	60	78	1787	47
14	4	7	60	84	11303	46
15	1	11	60	90	4920	50
16	4	7	20	96	13888	46
17	3	16	40	102	546	47
18	1	11	80	108	23774	47
19	3	16	20	114	150	40
20	4	7	40	120	15188	46
21	4	7	20	126	4297	44
22	3	16	60	132	9167	41
23	0	18	80	138	12136	50
24	1	11	40	144	326	49
25	0	18	80	150	14018	47
26	4	7	60	156	9983	46
27	1	11	60	162	1497	42
28	1	11	40	168	781	47
29	3	16	20	174	3497	40
30	4	7	40	180	34096	48
31	0	18	40	186	21902	49
32	3	16	20	192	3171	42
33	4	7	60	198	12616	46
34	3	16	20	204	6260	48
35	3	16	60	210	5011	46
36	1	11	40	216	26058	42
37	0	18	60	222	18998	42
38	1	11	20	228	13296	48
39	1	11	60	234	3691	47
40	4	7	20	240	7050	45
41	3	16	20	246	7515	47
42	4	7	80	252	9634	41
43	4	7	60	258	4302	48
44	0	18	20	264	16694	49
45	1	11	40	270	13247	44
46	4	7	80	276	5131	42
47	1	11	80	282	8722	48
48	4	7	60	288	1199	46
49	0	18	40	294	2847	44
50	4	7	20	300	4354	47
51	3	16	80	306	2302	50
52	4	7	80	312	9273	47
53	3	16	80	318	20432	44
54	0	18	40	324	15249	49
55	4	7	60	330	10610	44
56	4	7	40	336	6750	43
57	3	16	40	342	4682	47
58	4	7	80	348	1	42
59	0	18	40	354	24026	44
60	4	7	60	360	3775	42
61	1	11	40	366	16988	45
62	3	16	80	372	11230	46
63	1	11	40	378	125	48
64	3	16	40	384	7505	45
65	3	16	80	400	2162	46
66	0	18	40	404	468	46
67	0	18	80	408	1097	50
68	0	18	60	412	8571	50
69	0	18	80	416	2751	50
70	4	7	20	420	5511	47
71	3	16	40	424	19894	44
72	0	18	20	428	2363	50
73	4	7	20	432	6924	50
74	4	7	20	436	4537	46
75	1	11	20	440	2206	49
76	0	18	20	444	10057	42
77	4	7	80	448	2475	44
78	0	18	60	452	18806	40
79	0	18	20	456	2100	45
80	0	18	20	460	3485	44
81	1	11	80	464	401	48
82	3	16	20	468	255	47
83	1	11	80	472	12623	43
84	3	16	80	476	21791	44
85	1	11	40	480	10647	48
86	1	11	40	484	2291	42
87	0	18	20	488	4153	49
88	4	7	20	492	22786	48
89	4	7	40	496	13210	43
90	4	7	40	500	18075	43
91	4	7	20	504	5846	46
92	1	11	80	508	18984	50
93	1	11	80	512	15721	43
94	3	16	20	516	40209	45
95	1	11	60	520	9776	50
96	4	7	40	524	15436	41
97	1	11	40	528	9229	43
98	0	18	20	532	13173	42
99	1	11	40	536	8151	43
100	0	18	80	540	11160	49
101	3	16	20	544	3388	42
102	0	18	40	548	51	49
103	3	16	60	552	15082	46
104	0	18	40	556	12938	47
105	1	11	80	560	5592	43
106	1	11	80	564	41339	40
107	4	7	80	568	905	48
108	3	16	60	572	5376	49
109	3	16	20	576	7538	40
110	4	7	40	580	153	41
111	0	18	40	584	2897	49
112	1	11	80	588	6183	47
113	3	16	60	592	11731	48
114	4	7	40	596	7274	50
115	1	11	60	600	3170	44
116	4	7	40	604	15122	48
117	0	18	80	608	25899	43
118	3	16	60	612	677	44
119	1	11	20	616	16501	48
120	1	11	40	620	35278	43
121	4	7	40	624	8441	47
122	1	11	60	628	1647	42
123	0	18	20	632	15138	47
124	1	11	60	636	4026	47
125	0	18	20	640	31079	41
126	1	11	40	644	80	45
127	4	7	20	648	4033	46
128	1	11	20	652	7050	45
129	1	11	40	656	10401	46
130	1	11	80	660	3905	48
131	3	16	80	664	251	50
132	3	16	60	668	4911	41
133	3	16	40	672	2470	47
134	4	7	40	676	5211	47
135	3	16	80	680	63	42
136	1	11	60	684	348	50
137	0	18	40	688	1619	41
138	1	11	60	692	38660	46
139	1	11	80	696	4517	40
140	0	18	40	700	10822	47
141	1	11	60	704	1225	45
142	1	11	40	708	19786	40
143	0	18	20	712	3225	47
144	0	18	20	716	12454	41
145	4	7	80	720	7166	44
146	1	11	20	724	31349	49
147	3	16	40	728	1183	41
148	3	16	60	732	2437	44
149	0	18	40	736	8779	40
150	3	16	40	800	15526	42
151	3	16	60	805	17958	48
152	3	16	80	810	7398	50
153	4	7	20	815	21794	45
154	0	18	80	820	8425	50
155	1	11	40	825	845	41
156	1	11	60	830	1387	40
157	0	18	20	835	1367	42
158	0	18	20	840	4822	50
159	0	18	20	845	13812	46
160	0	18	60	850	5432	49
161	3	16	60	855	7297	45
162	1	11	80	860	5893	42
163	1	11	40	865	11477	42
164	1	11	40	870	2028	42
165	0	18	60	875	35381	42
166	1	11	80	880	14916	48
167	4	7	60	885	2546	40
168	4	7	40	890	2746	41
169	0	18	40	895	7119	48
170	0	18	80	900	2679	45
171	4	7	80	905	8766	47
172	4	7	20	910	27714	48
173	1	11	80	915	8391	44
174	0	18	60	920	1127	40
175	4	7	80	925	14959	49
176	3	16	80	930	10659	47
177	0	18	60	935	15410	45
178	4	7	20	940	495	45
179	3	16	60	945	13024	42
180	3	16	80	950	58317	42
181	3	16	20	955	16475	43
182	1	11	60	960	1144	41
183	1	11	60	965	20154	44
184	4	7	20	970	16390	43
185	4	7	40	975	5421	40
186	4	7	80	980	4463	50
187	3	16	60	985	5945	47
188	1	11	40	990	7625	47
189	3	16	80	995	3803	45
190	1	11	40	1000	15105	41
191	1	11	60	1005	17332	48
192	4	7	40	1010	10488	41
193	0	18	60	1015	1489	50
194	1	11	40	1020	22314	42
195	3	16	80	1025	1235	42
196	4	7	80	1030	7754	42
197	0	18	20	1035	1336	48
198	4	7	60	1040	912	44
199	0	18	60	1045	12923	50
200	1	11	20	1050	10985	47
201	3	16	60	1055	9833	49
202	4	7	20	1060	15018	40
203	1	11	20	1065	8950	46
204	0	18	60	1070	3845	45
205	4	7	60	1075	1692	45
206	3	16	40	1080	20759	50
207	1	11	20	1085	24577	46
208	3	16	40	1090	12996	45
209	1	11	80	1095	13091	41
210	4	7	60	1100	3622	45
211	0	18	80	1105	2909	45
212	0	18	20	1110	816	48
213	3	16	40	1115	8377	47
214	1	11	20	1120	13843	43
215	1	11	40	1125	7749	45
216	0	18	20	1130	5004	43
217	0	18	20	1135	7367	49
218	1	11	20	1140	17708	49
219	1	11	20	1145	10527	42
220	0	18	60	1150	6574	42
221	4	7	20	1155	3093	40
222	1	11	20	1160	8587	43
223	0	18	40	1165	19457	46
224	4	7	80	1170	10797	46
225	4	7	40	1175	4075	48
226	4	7	60	1180	21902	45
227	4	7	40	1185	12827	48
228	0	18	40	1200	9935	41
229	3	16	80	1205	35569	48
230	4	7	20	1210	2041	47
231	1	11	80	1215	6983	49
232	0	18	80	1220	10980	40
233	4	7	40	1225	2396	45
234	0	18	60	1230	469	45
235	0	18	40	1235	2760	43
236	4	7	20	1240	206	43
237	4	7	40	1245	4928	46
238	0	18	20	1250	6174	49
239	0	18	60	1255	9126	49
240	0	18	80	1260	6693	40
241	3	16	80	1265	5138	44
242	4	7	20	1270	10223	41
243	0	18	40	1275	13250	46
244	4	7	40	1280	114	40
245	0	18	40	1285	6277	47
246	1	11	40	1290	12422	40
247	1	11	20	1295	679	45
248	3	16	40	1300	3410	47
249	4	7	80	1305	3063	47
250	1	11	80	1310	9068	50
251	4	7	60	1315	151	43
252	4	7	80	1320	2443	49
253	1	11	40	1325	3772	41
254	4	7	20	1330	2204	48
255	1	11	80	1335	4441	46
256	0	18	60	1340	404	46
257	3	16	60	1345	21846	44
258	3	16	40	1350	21584	50
259	1	11	20	1355	32350	48
260	4	7	80	1360	2359	40
261	4	7	80	1365	1082	41
262	0	18	60	1370	2221	44
263	0	18	60	1375	13486	47
264	1	11	80	1380	6942	44
265	1	11	80	1385	12181	46
266	0	18	80	1390	6538	44
267	0	18	60	1395	14571	42
268	1	11	60	1400	7173	42
269	1	11	80	1405	6056	50
270	1	11	40	1410	7229	42
271	1	11	60	1415	40	48
272	0	18	20	1420	529	50
273	0	18	60	1425	1888	40
274	1	11	40	1430	1441	42
275	3	16	60	1435	723	48
276	0	18	20	1440	7315	50
277	0	18	60	1445	15123	48
278	1	11	80	1450	18255	46
279	3	16	40	1455	1754	50
280	1	11	20	1460	7550	48
281	1	11	60	1465	15387	40
282	0	18	80	1470	4806	41
283	0	18	60	1475	3994	44
284	1	11	20	1480	2970	49
285	0	18	60	1485	1849	43
286	3	16	80	1490	3074	40
287	3	16	60	1495	3702	49
288	0	18	40	1500	145	48
289	3	16	60	1505	7974	49
290	4	7	60	1510	2221	48
291	0	18	40	1515	760	49
292	0	18	20	1520	5994	46
293	3	16	80	1525	6483	41
294	0	18	60	1530	4428	48
295	1	11	80	1535	4642	49
296	1	11	40	1540	2105	40
297	4	7	40	1545	18973	45
298	4	7	60	1600	2080	41
299	3	16	60	1605	2115	44
300	0	18	60	1610	33786	42
301	0	18	60	1615	23986	48
302	0	18	40	1620	5376	42
303	0	18	60	1625	13549	47
304	3	16	60	1630	10274	45
305	4	7	20	1635	8943	41
306	3	16	40	1640	24775	43
307	3	16	20	1645	435	48
308	0	18	20	1650	1897	50
309	0	18	40	1655	1341	50
310	1	11	80	1660	14025	47
311	0	18	20	1665	1788	48
312	1	11	60	1670	301	49
313	4	7	80	1675	10646	40
314	4	7	20	1680	3717	50
315	3	16	40	1685	4106	40
316	3	16	80	1690	8989	40
317	0	18	20	1695	15147	40
318	3	16	60	1700	5618	49
319	0	18	40	1705	3743	40
320	3	16	80	1710	4971	46
321	1	11	40	1715	1664	45
322	4	7	40	1720	13726	45
323	3	16	20	1725	25976	43
324	3	16	20	1730	2722	42
325	0	18	80	1735	5614	43
326	0	18	40	1740	5197	41
327	1	11	40	1745	5684	49
328	4	7	20	1750	12303	43
329	0	18	40	1755	10315	44
330	0	18	40	1760	15449	48
331	0	18	60	1765	9436	44
332	1	11	80	1770	7739	46
333	4	7	40	1775	8761	41
334	1	11	80	1780	1901	47
335	1	11	40	1785	8647	40
336	1	11	20	1790	3627	48
337	0	18	40	1795	8073	45
338	3	16	80	1800	8866	49
339	1	11	80	1805	8109	47
340	1	11	20	1810	2318	40
341	0	18	60	1815	2475	42
342	3	16	60	1820	1389	50
343	4	7	20	1825	15941	48
344	1	11	80	1830	13044	41
345	3	16	60	1835	344	40
346	4	7	60	1840	441	40
347	1	11	20	1845	12545	45
348	4	7	80	1850	1624	42
349	3	16	20	1855	190	48
350	3	16	20	1860	11599	48
351	1	11	40	1865	3849	40
352	0	18	80	1870	4114	47
353	3	16	40	1875	15465	41
354	4	7	60	1880	11742	49
355	4	7	20	1885	12775	47
356	0	18	40	1890	1113	43
357	1	11	40	1895	6009	50
358	3	16	60	1900	6001	45
359	1	11	60	1905	1976	41
360	4	7	60	1910	1738	40
361	1	11	20	1915	4727	45
362	3	16	20	1920	2493	45
363	0	18	60	1925	5332	45
364	4	7	20	1930	2846	42
365	0	18	20	1935	1152	42
366	4	7	20	1940	6946	42
367	3	16	40	1945	3714	47
368	1	11	20	1950	5940	43
369	3	16	80	1955	9928	50
370	0	18	20	1960	300	42
371	3	16	60	2000	321	46
372	3	16	20	2004	1583	41
373	1	11	60	2008	16165	41
374	4	7	20	2012	1042	40
375	3	16	40	2016	1752	43
376	3	16	80	2020	230	46
377	4	7	40	2024	25082	47
378	1	11	20	2028	1365	41
379	4	7	60	2032	2261	42
380	1	11	20	2036	4790	43
381	4	7	40	2040	9271	46
382	3	16	40	2044	3143	47
383	1	11	20	2048	11469	45
384	1	11	40	2052	25588	46
385	4	7	20	2056	5125	47
386	0	18	60	2060	2745	48
387	3	16	60	2064	11573	45
388	4	7	80	2068	18102	42
389	3	16	60	2072	4276	40
390	0	18	80	2076	6053	47
391	4	7	80	2080	14479	49
392	1	11	80	2084	912	40
393	0	18	20	2088	4797	48
394	3	16	20	2092	4664	47
395	0	18	20	2096	13094	45
396	1	11	60	2100	51040	48
397	3	16	80	2104	8939	44
398	0	18	80	2108	6646	46
399	0	18	80	2112	8868	49
400	4	7	40	2116	4956	48
401	1	11	40	2120	9173	43
402	4	7	20	2124	2489	42
403	0	18	20	2128	5121	43
404	1	11	80	2132	34541	45
405	0	18	40	2136	10357	42
406	3	16	20	2140	1809	50
407	4	7	40	2144	6120	45
408	4	7	40	2148	10568	41
409	1	11	40	2152	6805	46
410	0	18	40	2156	11723	41
411	1	11	20	2160	1523	47
412	0	18	20	2164	3712	48
413	3	16	20	2168	2644	42
414	4	7	60	2172	11698	49
415	4	7	40	2176	5691	44
416	4	7	60	2180	1034	49
417	1	11	80	2184	5645	50
418	3	16	40	2188	5995	50
419	4	7	20	2192	14003	45
420	0	18	40	2196	14849	45
421	0	18	60	2200	13529	47
422	3	16	40	2204	5161	45
423	4	7	40	2208	932	43
424	1	11	80	2212	1589	42
425	1	11	40	2216	1790	44
426	0	18	80	2220	21459	45
427	1	11	80	2224	10431	44
428	3	16	60	2228	4435	44
429	4	7	80	2232	3047	45
430	1	11	60	2236	1769	45
431	0	18	80	2240	3515	41
432	4	7	40	2244	3983	40
433	1	11	20	2248	5339	42
434	0	18	20	2252	12275	44
435	0	18	80	2256	11696	40
436	0	18	40	2260	4340	44
437	1	11	40	2264	15290	44
438	4	7	20	2268	11929	50
439	1	11	20	2272	2123	43
440	1	11	80	2276	2524	48
441	1	11	40	2280	11277	43
442	4	7	20	2284	256	44
443	3	16	40	2288	3121	46
444	3	16	40	2292	8286	50
445	4	7	80	2296	3536	40
446	4	7	60	2300	5004	40
447	4	7	60	2304	14005	48
448	1	11	60	2308	9183	49
449	3	16	60	2312	21594	43
450	0	18	60	2316	9219	47
451	4	7	60	2320	5419	49
452	0	18	60	2324	1258	45
453	0	18	60	2328	10715	41
454	4	7	40	2332	14001	44
455	3	16	80	2336	8310	41
456	3	16	80	2340	1854	48
457	4	7	60	2344	1370	49
458	3	16	40	2400	2769	40
459	0	18	60	2405	12337	41
460	4	7	40	2410	12654	48
461	1	11	20	2415	5137	46
462	0	18	80	2420	923	41
463	0	18	40	2425	4308	46
464	4	7	60	2430	3753	41
465	4	7	60	2435	4268	50
466	1	11	60	2440	12158	47
467	4	7	20	2445	17255	45
468	3	16	80	2450	5497	49
469	4	7	60	2455	0	49
470	4	7	20	2460	757	50
471	1	11	20	2465	2508	45
472	3	16	80	2470	10513	50
473	0	18	20	2475	2787	46
474	3	16	20	2480	6489	47
475	3	16	80	2485	736	42
476	1	11	40	2490	12267	43
477	0	18	80	2495	1322	50
478	1	11	20	2500	5003	44
479	3	16	80	2505	13846	41
480	1	11	60	2510	10639	43
481	0	18	20	2515	889	48
482	0	18	40	2520	375	45
483	4	7	80	2525	5431	41
484	3	16	40	2530	8010	49
485	1	11	80	2535	9801	47
486	0	18	20	2540	1886	47
487	4	7	60	2545	8495	50
488	1	11	60	2550	8647	48
489	1	11	40	2555	1190	43
490	3	16	80	2560	6592	42
491	0	18	60	2565	2423	46
492	3	16	20	2570	6558	43
493	3	16	60	2575	35945	49
494	3	16	60	2580	4620	46
495	4	7	80	2585	12747	42
496	0	18	60	2590	8323	41
497	3	16	60	2595	7637	48
498	3	16	80	2600	23738	45
499	3	16	60	2605	2107	50
500	3	16	20	2610	6865	44
501	0	18	60	2615	6954	45
502	1	11	80	2620	3195	49
503	1	11	80	2625	9181	40
504	4	7	60	2630	14782	44
505	4	7	40	2635	4289	42
506	1	11	80	2640	11442	49
507	4	7	40	2645	15249	49
508	1	11	40	2650	1610	44
509	0	18	60	2655	10724	42
510	1	11	40	2660	15839	48
511	3	16	80	2665	448	49
512	3	16	40	2670	9433	45
513	0	18	40	2675	5075	49
514	3	16	20	2680	415	48
515	3	16	40	2685	9347	50
516	1	11	80	2690	4469	40
517	1	11	20	2695	7661	50
518	1	11	20	2700	12253	47
519	3	16	60	2705	8825	44
520	4	7	40	2710	1819	43
521	3	16	20	2715	1086	47
522	1	11	40	2720	2024	47
523	0	18	60	2725	3554	46
524	1	11	80	2730	4619	46
525	3	16	40	2735	14128	43
526	4	7	20	2740	9893	41
527	4	7	20	2745	10853	40
528	1	11	60	2750	15470	40
529	4	7	40	2755	11379	45
530	3	16	20	2760	4656	40
531	3	16	80	2765	1482	46
532	1	11	20	2770	1823	44
533	3	16	40	2775	2125	44
534	0	18	80	2800	2267	48
535	1	11	80	2804	1345	49
536	4	7	40	2808	11966	49
537	3	16	40	2812	3610	44
538	0	18	20	2816	8408	48
539	4	7	80	2820	1962	47
540	0	18	20	2824	23281	48
541	0	18	60	2828	3554	48
542	1	11	20	2832	5106	45
543	0	18	20	2836	20449	46
544	4	7	80	2840	2587	45
545	0	18	80	2844	5656	44
546	3	16	20	2848	6730	40
547	3	16	80	2852	751	44
548	4	7	60	2856	22275	41
549	4	7	20	2860	11078	46
550	3	16	20	2864	3680	41
551	4	7	60	2868	247	42
552	1	11	40	2872	14235	40
553	0	18	20	2876	2632	40
554	4	7	20	2880	229	47
555	4	7	20	2884	4768	47
556	3	16	40	2888	3534	48
557	0	18	20	2892	28209	43
558	0	18	20	2896	2237	44
559	0	18	40	2900	108	40
560	4	7	40	2904	9775	40
561	1	11	60	2908	147	48
562	1	11	60	2912	44048	49
563	3	16	20	2916	4405	50
564	3	16	40	2920	2819	42
565	3	16	60	2924	9442	42
566	0	18	80	2928	15211	44
567	4	7	20	2932	4916	40
568	4	7	60	2936	2018	41
569	1	11	20	2940	18092	50
570	4	7	80	2944	19552	41
571	3	16	40	2948	535	46
572	0	18	80	2952	26996	42
573	3	16	40	2956	6681	40
574	1	11	60	2960	10260	47
575	3	16	80	2964	14898	45
576	0	18	80	2968	8518	42
577	1	11	40	2972	2867	41
578	0	18	80	2976	687	40
579	0	18	20	2980	21482	42
580	0	18	20	2984	2410	42
581	1	11	40	2988	7739	48
582	4	7	60	2992	13047	50
583	3	16	60	2996	894	44
584	0	18	40	3000	3955	43
585	3	16	60	3004	4231	48
586	1	11	40	3008	3298	45
587	0	18	20	3012	20561	44
588	4	7	20	3016	1836	47
589	0	18	60	3020	12785	41
590	4	7	60	3024	12781	40
591	3	16	40	3028	13092	45
592	1	11	40	3032	1016	50
593	4	7	80	3036	8107	48
594	4	7	60	3040	5743	47
595	3	16	40	3044	20966	50
596	3	16	80	3048	3605	50
597	4	7	20	3052	396	46
598	1	11	80	3056	7853	43
599	0	18	40	3060	7008	43
600	4	7	20	3064	8542	50
601	3	16	20	3068	929	40
602	3	16	20	3072	16122	43
603	3	16	40	3076	346	41
604	0	18	40	3080	14484	45
605	4	7	60	3084	2899	46
606	4	7	60	3088	535	40
607	3	16	20	3092	2463	40
608	3	16	40	3096	6525	44
609	0	18	40	3100	1622	42
610	4	7	40	3104	12632	45
611	1	11	20	3108	460	47
612	0	18	20	3112	17530	42
613	4	7	80	3116	2993	42
614	4	7	20	3120	11196	48
615	3	16	20	3124	714	42
616	3	16	80	3128	1926	49
617	4	7	20	3132	17669	45
618	1	11	60	3200	271	47
619	4	7	60	3204	17395	45
620	1	11	40	3208	3507	48
621	4	7	60	3212	20955	40
622	0	18	80	3216	2344	43
623	4	7	20	3220	4430	40
624	1	11	60	3224	826	50
625	0	18	60	3228	912	46
626	1	11	20	3232	23278	46
627	0	18	20	3236	3188	45
628	4	7	80	3240	444	44
629	4	7	20	3244	12693	47
630	0	18	80	3248	5260	45
631	1	11	60	3252	7468	46
632	4	7	60	3256	9013	49
633	4	7	60	3260	5525	48
634	1	11	80	3264	2578	43
635	3	16	80	3268	1303	42
636	3	16	20	3272	11194	45
637	0	18	40	3276	11478	48
638	1	11	20	3280	2510	49
639	1	11	80	3284	720	48
640	4	7	80	3288	3397	48
641	3	16	20	3292	604	44
642	1	11	60	3296	3643	50
643	3	16	80	3300	174	45
644	1	11	40	3304	31	46
645	3	16	60	3308	10830	44
646	3	16	20	3312	19923	42
647	1	11	40	3316	13165	48
648	4	7	60	3320	17213	50
649	0	18	60	3324	4452	44
650	4	7	60	3328	9993	41
651	3	16	80	3332	5118	45
652	1	11	40	3336	120	50
653	3	16	20	3340	10746	49
654	4	7	20	3344	2076	46
655	4	7	40	3348	10447	50
656	1	11	40	3352	15487	47
657	3	16	20	3356	4659	43
658	1	11	80	3360	23096	42
659	0	18	60	3364	10433	49
660	3	16	40	3368	3551	50
661	3	16	60	3372	10653	45
662	4	7	40	3376	1896	47
663	4	7	40	3380	11493	48
664	0	18	60	3384	9675	48
665	1	11	60	3388	1656	49
666	1	11	60	3392	3824	48
667	0	18	60	3396	3947	45
668	3	16	80	3400	298	50
669	1	11	40	3404	7388	45
670	0	18	80	3408	3229	48
671	1	11	60	3412	4814	40
672	3	16	80	3416	7757	46
673	4	7	80	3420	23540	50
674	0	18	80	3424	6217	47
675	3	16	20	3428	2651	43
676	3	16	80	3432	6592	40
677	1	11	80	3436	2116	49
678	3	16	60	3440	4376	44
679	4	7	80	3444	3525	45
680	3	16	40	3448	1692	44
681	4	7	60	3452	1191	49
682	0	18	60	3456	4710	45
683	3	16	20	3460	7892	50
684	4	7	60	3464	685	45
685	1	11	20	3468	74	40
686	4	7	40	3472	7169	47
687	1	11	40	3476	22102	40
688	0	18	60	3480	2519	42
689	1	11	40	3484	6325	43
690	1	11	60	3488	2792	46
691	4	7	20	3492	2989	42
692	4	7	60	3496	13611	45
693	1	11	60	3500	6225	40
694	4	7	40	3504	10405	48
695	1	11	40	3508	7533	42
696	4	7	80	3512	15829	48
697	3	16	40	3516	7400	42
698	3	16	20	3520	3084	48
699	4	7	80	3524	13582	48
700	0	18	20	3528	3592	46
701	3	16	40	3532	6000	48
702	4	7	40	3536	11775	49
703	3	16	40	3540	2636	45
704	0	18	60	3544	795	47
705	1	11	20	3548	2420	41
706	0	18	80	3552	15273	49
707	1	11	60	3556	560	40
708	1	11	20	3560	1772	41
709	0	18	80	3600	23419	42
710	1	11	60	3606	1468	49
711	4	7	40	3612	7809	48
712	0	18	40	3618	162	50
713	3	16	80	3624	7090	47
714	1	11	20	3630	6175	45
715	3	16	60	3636	1988	41
716	1	11	80	3642	2750	40
717	0	18	20	3648	7014	48
718	0	18	80	3654	9118	42
719	4	7	60	3660	9429	47
720	1	11	40	3666	7233	42
721	0	18	20	3672	4683	48
722	4	7	20	3678	1016	43
723	1	11	60	3684	5389	46
724	0	18	80	3690	2948	50
725	0	18	80	3696	164	46
726	3	16	80	3702	8053	45
727	1	11	40	3708	667	46
728	0	18	40	3714	1983	41
729	3	16	60	3720	21304	44
730	3	16	40	3726	4363	46
731	4	7	60	3732	25334	48
732	3	16	80	3738	19490	41
733	3	16	80	3744	7419	46
734	3	16	80	3750	41879	50
735	4	7	20	3756	8702	46
736	0	18	40	3762	3669	50
737	3	16	20	3768	1435	50
738	3	16	60	3774	6081	42
739	1	11	40	3780	13766	44
740	0	18	40	3786	1371	41
741	3	16	60	3792	5941	46
742	4	7	40	3798	10720	49
743	4	7	60	3804	3128	50
744	4	7	80	3810	3807	45
745	1	11	20	3816	8904	48
746	3	16	60	3822	2758	43
747	0	18	80	3828	2088	49
748	4	7	40	3834	22	46
749	0	18	60	3840	5667	47
750	4	7	40	3846	3074	41
751	4	7	60	3852	2604	40
752	3	16	60	3858	20552	50
753	4	7	60	3864	7902	40
754	1	11	40	3870	2005	46
755	0	18	20	3876	20069	48
756	3	16	20	3882	4199	44
757	1	11	80	3888	2632	43
758	3	16	60	3894	28765	46
759	0	18	80	3900	617	41
760	4	7	20	3906	7878	46
761	4	7	40	3912	11818	43
762	1	11	20	3918	15075	50
763	3	16	60	3924	2500	48
764	1	11	60	3930	5973	47
765	1	11	20	3936	1884	41
766	1	11	60	3942	9923	47
767	3	16	60	3948	4298	43
768	4	7	80	3954	7194	48
769	3	16	20	3960	16627	49
770	3	16	40	4000	15296	41
771	4	7	80	4005	1083	41
772	3	16	60	4010	422	45
773	3	16	40	4015	15673	49
774	3	16	40	4020	6122	46
775	4	7	60	4025	589	46
776	0	18	80	4030	9764	50
777	4	7	60	4035	12701	43
778	1	11	60	4040	945	41
779	4	7	60	4045	8102	41
780	1	11	40	4050	10437	43
781	1	11	20	4055	4151	47
782	3	16	20	4060	642	50
783	0	18	80	4065	9960	44
784	3	16	20	4070	7556	42
785	4	7	60	4075	1230	46
786	1	11	20	4080	280	48
787	4	7	20	4085	2682	40
788	1	11	40	4090	3858	40
789	1	11	80	4095	632	41
790	0	18	80	4100	2351	41
791	3	16	40	4105	732	47
792	4	7	60	4110	1702	44
793	1	11	80	4115	4901	41
794	3	16	40	4120	1731	48
795	1	11	80	4125	3898	48
796	1	11	60	4130	9017	47
797	0	18	60	4135	5075	40
798	3	16	80	4140	12781	43
799	3	16	80	4145	1479	43
800	0	18	40	4150	25894	40
801	0	18	20	4155	16695	50
802	1	11	80	4160	8097	40
803	1	11	20	4165	1095	47
804	1	11	20	4170	8521	45
805	0	18	60	4175	1709	40
806	0	18	20	4180	2053	46
807	4	7	20	4185	532	41
808	1	11	40	4190	779	45
809	1	11	80	4195	1307	50
810	4	7	40	4200	1923	48
811	4	7	60	4205	7590	41
812	0	18	40	4210	1480	42
813	3	16	80	4215	3272	45
814	3	16	60	4220	3392	49
815	1	11	20	4225	2004	50
816	1	11	20	4230	9487	43
817	0	18	40	4235	1169	45
818	4	7	60	4240	8566	45
819	3	16	20	4245	3869	40
820	0	18	80	4250	1542	43
821	1	11	40	4255	4438	47
822	0	18	20	4260	268	42
823	1	11	20	4265	5823	46
824	1	11	40	4270	7745	47
825	0	18	80	4275	11575	45
826	4	7	20	4280	21869	48
827	0	18	80	4285	7198	43
828	4	7	20	4290	8735	40
829	0	18	40	4295	1291	48
830	3	16	20	4300	4019	49
831	0	18	20	4305	2144	50
832	1	11	60	4310	49613	40
833	4	7	60	4315	22859	48
834	4	7	20	4320	9018	40
835	0	18	20	4325	15328	43
836	0	18	40	4330	11697	46
837	0	18	20	4335	23843	43
838	3	16	60	4340	467	49
839	3	16	60	4345	4341	42
840	3	16	60	4350	19836	40
841	1	11	80	4355	28082	47
842	3	16	80	4360	1706	46
843	4	7	60	4365	2110	40
844	3	16	60	4370	15865	43
845	1	11	20	4375	8214	40
846	1	11	20	4380	20064	44
847	0	18	80	4385	15499	50
848	3	16	20	4400	955	43
849	1	11	20	4405	28877	49
850	0	18	60	4410	9401	44
851	0	18	40	4415	6213	42
852	0	18	20	4420	13391	46
853	4	7	80	4425	4277	42
854	1	11	80	4430	40237	40
855	3	16	80	4435	6123	44
856	0	18	80	4440	14805	48
857	4	7	60	4445	1017	45
858	4	7	60	4450	5670	50
859	1	11	40	4455	17702	40
860	1	11	60	4460	2380	43
861	0	18	40	4465	8018	42
862	0	18	20	4470	4085	40
863	0	18	80	4475	23022	47
864	4	7	80	4480	11279	41
865	4	7	20	4485	30720	49
866	1	11	80	4490	7632	41
867	1	11	60	4495	2053	45
868	4	7	60	4500	8622	44
869	3	16	40	4505	5430	46
870	0	18	60	4510	4831	43
871	0	18	20	4515	10941	40
872	3	16	60	4520	660	46
873	1	11	80	4525	2179	43
874	4	7	60	4530	5038	40
875	3	16	20	4535	1838	46
876	4	7	60	4540	2130	40
877	0	18	60	4545	12923	41
878	4	7	60	4550	8508	42
879	4	7	20	4555	30664	47
880	3	16	60	4560	14974	40
881	3	16	40	4565	659	49
882	1	11	60	4570	5244	40
883	3	16	80	4575	9408	42
884	4	7	60	4580	4897	43
885	3	16	80	4585	15440	47
886	4	7	20	4590	4394	44
887	1	11	60	4595	7013	48
888	1	11	80	4600	23826	47
889	0	18	40	4605	1217	46
890	4	7	40	4610	79	46
891	1	11	60	4615	8371	41
892	1	11	40	4620	4659	43
893	0	18	40	4625	1453	49
894	0	18	20	4630	1408	49
895	3	16	20	4635	2664	48
896	1	11	80	4640	6755	46
897	1	11	80	4645	2283	50
898	0	18	60	4650	5170	50
899	4	7	40	4655	17223	45
900	0	18	20	4660	219	50
901	4	7	60	4665	9427	50
902	1	11	20	4670	1747	45
903	0	18	80	4675	7735	48
904	1	11	60	4680	5864	46
905	0	18	60	4685	23337	44
906	1	11	60	4690	4941	47
907	3	16	20	4695	6826	42
908	0	18	40	4700	23474	41
909	4	7	80	4705	12415	44
910	3	16	40	4710	2866	44
911	4	7	40	4715	340	46
912	4	7	20	4720	4999	42
913	0	18	40	4725	6030	43
914	4	7	60	4730	363	50
915	4	7	20	4735	1570	45
916	3	16	60	4740	1320	42
917	1	11	20	4745	9859	49
918	0	18	20	4750	5322	43
919	0	18	20	4755	18499	45
920	4	7	80	4760	6492	45
921	0	18	40	4765	251	43
922	0	18	60	4770	2597	48
923	3	16	40	4775	5846	48
924	3	16	80	4800	5274	50
925	3	16	20	4804	13058	41
926	4	7	80	4808	2897	47
927	3	16	40	4812	19547	47
928	1	11	80	4816	641	44
929	0	18	40	4820	1627	43
930	0	18	20	4824	8064	40
931	3	16	60	4828	33821	41
932	0	18	80	4832	3146	42
933	0	18	20	4836	11788	48
934	4	7	20	4840	24176	48
935	3	16	20	4844	1337	41
936	1	11	20	4848	17153	43
937	1	11	60	4852	15790	43
938	1	11	40	4856	1509	46
939	4	7	20	4860	5738	50
940	0	18	20	4864	4007	50
941	0	18	80	4868	15106	41
942	0	18	40	4872	8107	46
943	1	11	80	4876	1403	43
944	1	11	80	4880	14665	42
945	0	18	80	4884	27605	40
946	3	16	60	4888	1628	50
947	0	18	80	4892	19449	40
948	0	18	60	4896	1037	50
949	1	11	80	4900	32655	44
950	0	18	40	4904	1124	46
951	4	7	80	4908	15832	48
952	0	18	80	4912	11498	46
953	0	18	60	4916	6845	45
954	4	7	60	4920	3180	50
955	4	7	80	4924	44375	46
956	4	7	80	4928	4289	42
957	3	16	60	4932	9060	47
958	1	11	80	4936	1178	48
959	3	16	40	4940	10043	44
960	1	11	60	4944	8219	48
961	4	7	40	4948	6346	50
962	1	11	40	4952	5496	48
963	0	18	20	4956	11510	49
964	3	16	60	4960	1329	44
965	0	18	60	4964	3034	43
966	4	7	60	4968	10084	43
967	4	7	80	4972	9467	45
968	0	18	40	4976	6903	46
969	0	18	60	4980	17696	49
970	3	16	20	4984	2801	41
971	0	18	20	4988	2751	49
972	0	18	80	4992	6151	42
973	1	11	80	4996	29187	44
974	0	18	80	5000	5656	45
975	3	16	80	5004	9824	44
976	4	7	80	5008	4006	47
977	3	16	80	5012	988	45
978	1	11	40	5016	9074	46
979	3	16	20	5020	5781	50
980	0	18	40	5024	7748	42
981	3	16	80	5028	3977	46
982	1	11	60	5032	12540	48
983	4	7	80	5036	789	40
984	0	18	80	5040	434	47
985	1	11	40	5044	11872	43
986	1	11	80	5048	2018	45
987	0	18	20	5052	11094	47
988	0	18	60	5056	4679	49
989	4	7	20	5060	24844	41
990	4	7	20	5064	10743	50
991	3	16	40	5068	1835	46
992	4	7	60	5072	10301	45
993	3	16	80	5076	4883	42
994	3	16	40	5080	16312	41
995	1	11	80	5084	14987	40
996	3	16	60	5088	3467	43
997	0	18	20	5092	16586	48
998	4	7	20	5096	63	50
999	0	18	20	5100	5945	50
1000	0	18	40	5104	2320	47
1001	3	16	80	5108	5392	45
1002	4	7	60	5112	3251	45
1003	0	18	20	5116	2102	41
1004	4	7	80	5120	9309	42
1005	4	7	40	5124	14664	47
1006	4	7	80	5128	3148	45
1007	4	7	80	5132	12427	42
1008	4	7	60	5136	564	40
1009	0	18	60	5140	7759	45
1010	0	18	80	5144	7373	50
1011	0	18	20	5148	2838	47
1012	1	11	40	5152	59877	41
1013	4	7	80	5156	7791	48
1014	3	16	20	5200	795	42
1015	4	7	80	5205	2304	41
1016	3	16	80	5210	11291	42
1017	3	16	40	5215	4126	48
1018	0	18	40	5220	9899	42
1019	1	11	40	5225	3821	41
1020	4	7	80	5230	778	48
1021	4	7	40	5235	27135	46
1022	4	7	20	5240	2311	46
1023	1	11	40	5245	7801	44
1024	1	11	40	5250	1315	49
1025	4	7	60	5255	758	46
1026	1	11	60	5260	6695	43
1027	1	11	80	5265	663	40
1028	4	7	40	5270	879	42
1029	4	7	20	5275	8642	45
1030	0	18	40	5280	3513	40
1031	3	16	80	5285	5866	50
1032	4	7	60	5290	917	46
1033	0	18	20	5295	1337	46
1034	1	11	60	5300	2438	43
1035	1	11	60	5305	1114	48
1036	3	16	40	5310	476	40
1037	1	11	40	5315	6573	47
1038	0	18	20	5320	4170	48
1039	0	18	60	5325	1914	50
1040	3	16	40	5330	4753	48
1041	3	16	80	5335	4560	43
1042	0	18	60	5340	9166	47
1043	4	7	20	5345	13807	43
1044	4	7	20	5350	3483	42
1045	4	7	20	5355	4641	42
1046	1	11	20	5360	1841	44
1047	0	18	60	5365	857	48
1048	0	18	80	5370	3598	50
1049	4	7	60	5375	7731	50
1050	3	16	20	5380	756	49
1051	0	18	20	5385	23759	45
1052	4	7	80	5390	1436	46
1053	3	16	80	5395	7912	48
1054	1	11	40	5400	4520	41
1055	1	11	20	5405	2688	40
1056	4	7	60	5410	2189	49
1057	3	16	40	5415	9932	40
1058	3	16	60	5420	663	42
1059	4	7	40	5425	7275	47
1060	3	16	80	5430	2551	43
1061	1	11	20	5435	2256	44
1062	0	18	40	5440	9225	50
1063	0	18	40	5445	4188	46
1064	0	18	20	5450	2467	44
1065	1	11	20	5455	688	40
1066	0	18	60	5460	1689	41
1067	0	18	20	5465	14938	46
1068	1	11	40	5470	3566	45
1069	0	18	40	5475	26733	45
1070	0	18	60	5480	1710	40
1071	0	18	40	5485	1744	46
1072	1	11	40	5490	45835	50
1073	4	7	60	5495	5497	42
1074	4	7	80	5500	21486	43
1075	1	11	80	5505	8589	45
1076	4	7	60	5510	2676	49
1077	0	18	20	5515	4482	43
1078	3	16	20	5520	2516	42
1079	1	11	40	5525	9941	47
1080	1	11	40	5530	17289	41
1081	0	18	80	5535	5007	46
1082	1	11	20	5540	10107	41
1083	0	18	80	5545	5302	42
1084	0	18	20	5550	6757	46
1085	4	7	20	5555	4177	45
1086	4	7	80	5560	3512	43
1087	1	11	80	5565	5236	48
1088	3	16	80	5570	10250	44
1089	0	18	60	5600	30293	42
1090	3	16	20	5604	17701	49
1091	4	7	80	5608	3406	50
1092	3	16	60	5612	5243	44
1093	0	18	80	5616	13243	41
1094	3	16	80	5620	22470	46
1095	0	18	40	5624	1807	43
1096	1	11	40	5628	11094	43
1097	4	7	20	5632	2566	41
1098	3	16	20	5636	6505	49
1099	1	11	80	5640	2524	42
1100	3	16	60	5644	2300	40
1101	0	18	20	5648	3571	49
1102	3	16	40	5652	10838	43
1103	0	18	40	5656	4054	44
1104	3	16	80	5660	4455	50
1105	3	16	60	5664	17976	42
1106	3	16	80	5668	24283	46
1107	0	18	20	5672	8804	43
1108	3	16	80	5676	9532	45
1109	4	7	40	5680	11876	47
1110	1	11	40	5684	8	41
1111	3	16	60	5688	13306	45
1112	0	18	20	5692	4655	49
1113	0	18	40	5696	3672	45
1114	3	16	80	5700	9970	45
1115	1	11	80	5704	13196	48
1116	0	18	80	5708	6013	43
1117	4	7	60	5712	1782	47
1118	0	18	40	5716	14524	50
1119	1	11	80	5720	15653	49
1120	3	16	20	5724	10389	47
1121	3	16	60	5728	9902	44
1122	3	16	40	5732	1051	41
1123	1	11	60	5736	3854	42
1124	3	16	40	5740	615	46
1125	1	11	60	5744	14952	40
1126	3	16	60	5748	10046	41
1127	1	11	40	5752	1663	49
1128	1	11	80	5756	6518	46
1129	3	16	60	5760	10463	50
1130	4	7	60	5764	19098	42
1131	4	7	60	5768	79	48
1132	1	11	20	5772	16469	44
1133	0	18	20	5776	57990	40
1134	4	7	80	5780	4952	47
1135	0	18	40	5784	5950	43
1136	1	11	40	5788	10277	42
1137	0	18	80	5792	3081	47
1138	1	11	80	5796	473	43
1139	1	11	40	5800	9016	44
1140	0	18	40	5804	4852	50
1141	3	16	60	5808	9318	40
1142	3	16	80	5812	12263	42
1143	3	16	40	5816	23793	48
1144	3	16	20	5820	29914	41
1145	4	7	60	5824	667	43
1146	4	7	80	5828	18878	41
1147	1	11	40	5832	955	49
1148	3	16	20	5836	812	47
1149	0	18	80	5840	1131	49
1150	0	18	60	5844	8961	40
1151	3	16	80	5848	6394	46
1152	3	16	60	5852	4598	42
1153	1	11	20	5856	9575	50
1154	3	16	60	5860	6272	45
1155	4	7	80	5864	6210	46
1156	3	16	80	5868	2163	47
1157	1	11	60	5872	3565	41
1158	3	16	80	5876	3127	49
1159	1	11	40	5880	6965	49
1160	0	18	20	5884	1579	41
1161	1	11	40	5888	11557	47
1162	4	7	20	5892	932	48
1163	0	18	40	5896	27198	45
1164	0	18	80	5900	16036	45
1165	3	16	80	5904	37877	44
1166	1	11	40	5908	22260	41
1167	4	7	80	5912	4665	48
1168	1	11	40	5916	18966	49
1169	1	11	40	5920	1663	41
1170	0	18	60	5924	707	45
1171	4	7	20	6000	1872	47
1172	1	11	60	6004	1227	44
1173	3	16	80	6008	1406	46
1174	0	18	60	6012	4138	49
1175	4	7	40	6016	318	47
1176	0	18	80	6020	20816	41
1177	4	7	80	6024	1531	44
1178	4	7	60	6028	4168	41
1179	3	16	80	6032	40831	42
1180	3	16	60	6036	22529	50
1181	0	18	20	6040	7381	42
1182	3	16	40	6044	764	42
1183	0	18	20	6048	4433	48
1184	3	16	20	6052	459	50
1185	1	11	60	6056	3542	46
1186	0	18	80	6060	6802	45
1187	0	18	20	6064	1534	44
1188	1	11	40	6068	4867	45
1189	4	7	20	6072	20374	40
1190	1	11	60	6076	2714	47
1191	0	18	60	6080	3615	41
1192	3	16	80	6084	44402	49
1193	0	18	60	6088	5172	45
1194	1	11	40	6092	5495	42
1195	3	16	80	6096	9385	43
1196	4	7	60	6100	6902	42
1197	3	16	60	6104	13607	47
1198	3	16	60	6108	698	43
1199	0	18	40	6112	33604	47
1200	3	16	20	6116	1225	42
1201	4	7	20	6120	4983	43
1202	0	18	20	6124	1845	40
1203	0	18	60	6128	19157	45
1204	0	18	40	6132	387	43
1205	0	18	40	6136	5005	44
1206	0	18	40	6140	4195	42
1207	0	18	80	6144	2583	47
1208	0	18	40	6148	2785	41
1209	3	16	40	6152	5615	49
1210	4	7	80	6156	7615	44
1211	4	7	80	6160	518	42
1212	1	11	20	6164	24552	50
1213	4	7	20	6168	3199	46
1214	4	7	60	6172	8199	50
1215	4	7	80	6176	6876	49
1216	3	16	80	6180	8942	45
1217	3	16	20	6184	9230	50
1218	3	16	40	6188	19334	46
1219	4	7	40	6192	5666	49
1220	1	11	80	6196	4337	49
1221	0	18	40	6200	11538	47
1222	1	11	40	6204	34200	43
1223	3	16	40	6208	33562	49
1224	0	18	60	6212	18423	45
1225	4	7	80	6216	10211	43
1226	0	18	40	6220	1912	48
1227	1	11	80	6224	8775	50
1228	0	18	60	6228	8733	43
1229	1	11	80	6232	9993	46
1230	0	18	80	6236	4945	44
1231	1	11	40	6240	917	44
1232	0	18	40	6244	759	41
1233	3	16	20	6248	4373	44
1234	0	18	80	6252	15281	40
1235	3	16	60	6256	5177	46
1236	0	18	20	6260	4040	42
1237	3	16	80	6264	1610	47
1238	0	18	80	6268	3800	44
1239	1	11	60	6272	7147	46
1240	1	11	20	6276	23917	43
1241	0	18	20	6280	2816	49
1242	0	18	60	6284	16995	43
1243	3	16	20	6288	24196	46
1244	4	7	40	6292	2941	46
1245	3	16	60	6296	2039	44
1246	3	16	40	6300	4222	42
1247	4	7	60	6304	8783	43
1248	1	11	20	6308	14415	45
1249	3	16	40	6312	20230	44
1250	4	7	80	6316	142	48
1251	1	11	40	6320	17910	42
1252	0	18	20	6324	18974	41
1253	4	7	40	6328	6866	44
1254	4	7	60	6332	6687	48
1255	3	16	60	6336	3803	46
1256	1	11	60	6340	5194	40
1257	1	11	80	6344	1998	41
1258	0	18	80	6348	70	50
1259	0	18	40	6352	3159	50
1260	0	18	20	6356	2327	46
1261	4	7	60	6400	10837	43
1262	4	7	20	6405	7565	44
1263	3	16	60	6410	6954	45
1264	3	16	40	6415	354	45
1265	1	11	60	6420	5635	40
1266	3	16	60	6425	28634	41
1267	4	7	20	6430	6081	46
1268	4	7	40	6435	5196	46
1269	0	18	80	6440	1439	43
1270	4	7	80	6445	1588	46
1271	0	18	20	6450	5396	48
1272	3	16	40	6455	2927	45
1273	0	18	80	6460	3085	40
1274	1	11	20	6465	6528	46
1275	0	18	60	6470	1038	40
1276	0	18	80	6475	17172	43
1277	3	16	20	6480	282	47
1278	4	7	20	6485	9047	42
1279	3	16	80	6490	8992	41
1280	1	11	40	6495	2979	41
1281	1	11	60	6500	6319	45
1282	4	7	60	6505	14225	44
1283	3	16	40	6510	10903	49
1284	3	16	80	6515	9516	49
1285	4	7	60	6520	6708	41
1286	1	11	20	6525	1802	43
1287	1	11	80	6530	5780	48
1288	4	7	60	6535	15426	46
1289	3	16	20	6540	5133	44
1290	1	11	20	6545	54829	46
1291	3	16	40	6550	1543	40
1292	3	16	80	6555	1525	47
1293	4	7	40	6560	426	44
1294	1	11	40	6565	3303	50
1295	3	16	60	6570	1862	40
1296	0	18	80	6575	9245	44
1297	1	11	20	6580	2850	49
1298	0	18	80	6585	19096	41
1299	1	11	60	6590	12958	46
1300	4	7	20	6595	2332	42
1301	4	7	40	6600	16806	47
1302	4	7	40	6605	1673	48
1303	1	11	40	6610	8878	42
1304	3	16	40	6615	10780	48
1305	4	7	80	6620	5989	50
1306	3	16	20	6625	7074	47
1307	4	7	40	6630	7067	40
1308	1	11	20	6635	147	49
1309	3	16	80	6640	4706	47
1310	1	11	80	6645	5469	42
1311	3	16	40	6650	4680	43
1312	3	16	60	6655	6278	50
1313	3	16	80	6660	3248	49
1314	3	16	80	6665	124	49
1315	3	16	60	6670	9802	40
1316	4	7	80	6675	19346	49
1317	1	11	80	6680	16169	45
1318	0	18	60	6685	17309	46
1319	4	7	60	6690	5165	43
1320	0	18	60	6695	2898	47
1321	1	11	60	6700	4893	44
1322	4	7	40	6705	9061	50
1323	1	11	20	6710	33	41
1324	3	16	60	6715	1449	48
1325	1	11	40	6720	37	45
1326	3	16	20	6725	3049	40
1327	3	16	80	6730	2350	40
1328	4	7	40	6735	32042	40
1329	4	7	60	6740	3447	45
1330	4	7	80	6745	4589	47
1331	3	16	60	6750	7004	45
1332	3	16	40	6755	1082	45
1333	1	11	40	6760	16647	47
1334	3	16	80	6765	4387	49
1335	3	16	20	6770	4542	45
1336	3	16	20	6775	3538	48
1337	3	16	20	6780	1401	42
1338	0	18	80	6785	31	41
1339	3	16	20	6790	1477	49
1340	0	18	60	6795	31563	44
1341	3	16	60	6800	7637	43
1342	4	7	80	6804	5485	50
1343	1	11	80	6808	4218	49
1344	0	18	20	6812	30654	42
1345	4	7	60	6816	6496	42
1346	0	18	60	6820	7989	41
1347	0	18	80	6824	14655	49
1348	1	11	40	6828	297	46
1349	3	16	80	6832	7996	50
1350	3	16	60	6836	2816	41
1351	4	7	20	6840	13615	50
1352	1	11	40	6844	4284	42
1353	0	18	20	6848	4531	48
1354	1	11	20	6852	5516	50
1355	1	11	40	6856	12689	49
1356	0	18	20	6860	1783	47
1357	1	11	20	6864	1632	46
1358	3	16	60	6868	5620	44
1359	0	18	20	6872	10638	42
1360	1	11	60	6876	1886	49
1361	0	18	20	6880	3233	47
1362	4	7	20	6884	7428	50
1363	1	11	60	6888	8825	43
1364	3	16	80	6892	65	40
1365	4	7	20	6896	19431	48
1366	4	7	20	6900	3042	49
1367	0	18	40	6904	8836	42
1368	4	7	80	6908	19403	40
1369	0	18	80	6912	6980	43
1370	0	18	40	6916	3432	42
1371	0	18	80	6920	11097	47
1372	0	18	20	6924	15933	44
1373	1	11	60	6928	10083	47
1374	4	7	20	6932	5465	50
1375	1	11	80	6936	9339	43
1376	1	11	80	6940	26025	45
1377	3	16	60	6944	2495	40
1378	1	11	80	6948	209	50
1379	4	7	20	6952	7525	46
1380	1	11	80	6956	3735	44
1381	1	11	40	6960	5186	42
1382	1	11	60	6964	1967	45
1383	0	18	40	6968	3444	41
1384	0	18	80	6972	438	43
1385	0	18	80	6976	7718	47
1386	0	18	20	6980	1478	42
1387	1	11	20	6984	9476	47
1388	0	18	40	6988	3785	48
1389	0	18	60	6992	7886	50
1390	3	16	80	6996	2126	48
1391	0	18	20	7000	1518	41
1392	0	18	60	7004	8537	48
1393	4	7	80	7008	2501	49
1394	1	11	40	7012	25479	40
1395	4	7	40	7016	8357	48
1396	3	16	40	7020	82	43
1397	3	16	40	7024	14084	46
1398	3	16	80	7028	4108	48
1399	0	18	20	7032	550	44
1400	4	7	60	7036	2192	44
1401	4	7	40	7040	26371	49
1402	0	18	80	7044	21086	48
1403	0	18	40	7048	4846	42
1404	3	16	60	7052	2661	48
1405	3	16	80	7056	6327	45
1406	4	7	80	7060	24654	46
1407	0	18	80	7064	9583	45
1408	1	11	20	7068	22170	49
1409	4	7	20	7072	13258	46
1410	0	18	60	7076	14363	44
1411	1	11	40	7080	21484	47
1412	0	18	20	7084	1383	47
1413	3	16	60	7088	18030	49
1414	4	7	20	7092	3600	49
1415	4	7	40	7096	10562	47
1416	4	7	60	7100	971	41
1417	4	7	80	7104	2355	49
1418	0	18	60	7108	7633	40
1419	3	16	20	7112	3944	44
1420	4	7	80	7116	10873	46
1421	3	16	80	7120	7787	41
1422	0	18	20	7124	2758	45
1423	3	16	40	7128	2680	41
1424	3	16	80	7132	3429	46
1425	4	7	40	7136	1549	40
1426	0	18	40	7140	791	50
1427	1	11	40	7144	7231	45
1428	4	7	20	7148	11345	47
1429	4	7	60	7152	15007	41
1430	4	7	60	7156	9081	40
1431	4	7	60	7160	1144	49
1432	4	7	60	7164	16099	42
1433	0	18	80	7200	25623	45
1434	0	18	60	7204	3695	42
1435	1	11	60	7208	4222	45
1436	1	11	40	7212	6365	45
1437	0	18	20	7216	11540	42
1438	1	11	60	7220	553	44
1439	3	16	20	7224	5654	49
1440	1	11	80	7228	8744	41
1441	0	18	40	7232	5087	47
1442	0	18	20	7236	11308	49
1443	0	18	20	7240	6708	41
1444	0	18	20	7244	12596	45
1445	0	18	60	7248	2872	41
1446	4	7	80	7252	113	45
1447	1	11	80	7256	11450	50
1448	4	7	60	7260	18923	50
1449	3	16	20	7264	2046	44
1450	4	7	80	7268	6105	46
1451	4	7	60	7272	11257	44
1452	1	11	60	7276	1918	46
1453	4	7	80	7280	99	44
1454	1	11	20	7284	3124	49
1455	1	11	60	7288	7688	42
1456	3	16	20	7292	8902	44
1457	3	16	60	7296	8254	47
1458	1	11	40	7300	893	47
1459	3	16	40	7304	905	47
1460	1	11	40	7308	4816	46
1461	1	11	60	7312	3558	40
1462	0	18	60	7316	22553	48
1463	1	11	40	7320	759	47
1464	0	18	60	7324	1120	45
1465	1	11	20	7328	9649	45
1466	3	16	80	7332	541	44
1467	4	7	40	7336	1779	42
1468	3	16	20	7340	5956	47
1469	1	11	60	7344	24348	44
1470	3	16	20	7348	1628	42
1471	3	16	60	7352	3454	49
1472	1	11	20	7356	1668	45
1473	3	16	40	7360	915	41
1474	1	11	40	7364	10312	43
1475	3	16	60	7368	2546	49
1476	3	16	80	7372	16048	43
1477	0	18	80	7376	10298	43
1478	3	16	20	7380	5415	46
1479	3	16	40	7384	385	44
1480	0	18	60	7388	1413	46
1481	3	16	40	7392	3242	50
1482	1	11	80	7396	9342	46
1483	1	11	20	7400	6077	43
1484	0	18	60	7404	3002	45
1485	0	18	20	7408	20558	46
1486	3	16	80	7412	20214	43
1487	4	7	80	7416	15389	49
1488	4	7	80	7420	8085	47
1489	4	7	80	7424	11168	50
1490	4	7	40	7428	10737	41
1491	3	16	60	7432	18840	48
1492	3	16	60	7436	8582	46
1493	4	7	40	7440	25709	47
1494	0	18	60	7444	447	43
1495	4	7	20	7448	2919	40
1496	4	7	60	7452	6043	49
1497	3	16	60	7456	8775	41
1498	0	18	60	7460	4594	47
1499	3	16	20	7464	774	50
1500	3	16	80	7468	2155	48
1501	4	7	40	7472	13485	43
1502	4	7	80	7476	2153	43
1503	1	11	80	7480	24589	45
1504	0	18	20	7484	338	42
1505	0	18	40	7488	1618	48
1506	1	11	40	7492	6695	50
1507	3	16	40	7496	888	44
1508	3	16	40	7500	2716	40
1509	3	16	40	7504	416	50
1510	4	7	60	7508	11155	50
1511	3	16	20	7512	23553	40
1512	0	18	40	7516	1317	40
1513	4	7	20	7520	484	43
1514	3	16	60	7524	23211	40
1515	3	16	20	7528	1014	46
1516	0	18	80	7532	8872	45
1517	4	7	60	7536	4196	45
1518	1	11	60	7540	12028	41
1519	4	7	60	7544	1858	50
1520	4	7	40	7548	12133	42
1521	3	16	80	7552	1901	45
1522	0	18	60	7556	6629	45
1523	4	7	20	7560	11848	47
1524	3	16	40	7564	1922	43
1525	4	7	40	7568	2617	44
1526	0	18	80	7600	9440	43
1527	3	16	60	7605	2074	49
1528	1	11	60	7610	441	49
1529	3	16	20	7615	4340	43
1530	4	7	80	7620	10851	50
1531	4	7	40	7625	1779	41
1532	4	7	40	7630	2706	47
1533	4	7	20	7635	4080	46
1534	4	7	60	7640	13321	46
1535	0	18	20	7645	3412	43
1536	4	7	40	7650	818	47
1537	4	7	80	7655	10630	40
1538	1	11	80	7660	5397	41
1539	4	7	40	7665	1112	48
1540	3	16	60	7670	3526	47
1541	4	7	40	7675	13497	50
1542	1	11	40	7680	6677	48
1543	1	11	40	7685	7042	47
1544	0	18	20	7690	3	50
1545	0	18	20	7695	12537	41
1546	3	16	20	7700	11196	48
1547	3	16	40	7705	7315	43
1548	0	18	80	7710	118	46
1549	1	11	60	7715	21901	47
1550	4	7	40	7720	8076	45
1551	0	18	20	7725	1040	44
1552	0	18	80	7730	17545	50
1553	0	18	20	7735	2087	47
1554	4	7	80	7740	2988	48
1555	0	18	80	7745	199	42
1556	4	7	80	7750	2315	48
1557	4	7	60	7755	4979	46
1558	4	7	40	7760	10780	42
1559	0	18	60	7765	11497	48
1560	0	18	40	7770	5392	44
1561	4	7	60	7775	3306	41
1562	1	11	60	7780	422	45
1563	4	7	40	7785	16273	48
1564	4	7	60	7790	2948	50
1565	4	7	40	7795	6434	48
1566	3	16	80	7800	8637	43
1567	0	18	40	7805	11163	44
1568	4	7	40	7810	2278	47
1569	3	16	60	7815	7286	48
1570	3	16	60	7820	177	49
1571	0	18	80	7825	21856	44
1572	1	11	60	7830	19960	43
1573	3	16	40	7835	8348	43
1574	1	11	80	7840	15219	43
1575	0	18	80	7845	26956	43
1576	0	18	40	7850	8297	48
1577	4	7	20	7855	30544	49
1578	4	7	80	7860	11833	47
1579	3	16	20	7865	4388	42
1580	0	18	40	7870	5969	47
1581	1	11	40	7875	785	40
1582	1	11	80	7880	1923	42
1583	4	7	20	7885	1007	41
1584	4	7	60	7890	12227	48
1585	3	16	80	7895	7749	46
1586	3	16	40	7900	2979	42
1587	4	7	40	7905	473	40
1588	0	18	40	7910	735	49
1589	4	7	60	7915	12342	44
1590	0	18	20	7920	806	45
1591	4	7	60	7925	8038	41
1592	0	18	60	7930	42491	49
1593	0	18	40	7935	10424	43
1594	3	16	80	7940	8161	44
1595	4	7	20	7945	144	46
1596	1	11	60	7950	11534	44
1597	1	11	20	7955	9545	50
1598	1	11	80	7960	2595	47
1599	0	18	80	7965	4750	42
1600	1	11	40	7970	1124	48
1601	3	16	80	7975	8	43
1602	4	7	20	7980	3463	47
1603	3	16	20	7985	4315	48
1604	4	7	80	7990	19569	49
1605	3	16	40	7995	9650	41
1606	3	16	40	8000	1830	40
1607	3	16	40	8005	2202	46
1608	3	16	20	8010	3809	44
1609	4	7	80	8015	3398	44
1610	4	7	60	8020	3812	45
1611	0	18	80	8025	2553	50
1612	0	18	80	8030	9399	49
1613	1	11	40	8035	3060	50
1614	4	7	40	8040	2159	41
1615	4	7	80	8045	4045	44
1616	1	11	60	8050	1066	49
1617	1	11	60	8055	21634	44
1618	0	18	60	8060	720	40
1619	1	11	60	8065	9315	44
1620	0	18	80	8070	2213	46
1621	4	7	40	8075	7387	43
1622	0	18	20	8080	8734	45
1623	4	7	80	8085	4953	43
1624	1	11	40	8090	5575	43
1625	3	16	80	8095	3928	48
1626	0	18	40	8100	22487	46
1627	1	11	40	8105	1678	40
1628	0	18	40	8110	67	50
1629	1	11	80	8115	14309	48
1630	3	16	20	8120	1805	50
1631	3	16	40	8125	23776	48
1632	1	11	40	8130	9658	41
1633	3	16	20	8135	3137	45
1634	1	11	80	8140	2753	44
1635	3	16	40	8145	5952	44
1636	3	16	40	8150	10842	44
1637	4	7	80	8155	12746	44
1638	0	18	20	8160	1835	43
1639	0	18	40	8165	688	47
1640	4	7	60	8170	4301	46
1641	0	18	20	8175	583	46
1642	0	18	20	8180	9079	46
1643	1	11	40	8185	10831	45
1644	0	18	80	8190	4182	49
1645	0	18	40	8195	13835	46
1646	4	7	80	8200	22879	42
1647	4	7	40	8205	9044	49
1648	0	18	20	8210	5413	42
1649	3	16	20	8215	2222	50
1650	1	11	40	8220	17888	47
1651	0	18	20	8225	14195	40
1652	0	18	40	8230	7546	49
1653	0	18	20	8235	7116	43
1654	0	18	20	8240	1846	46
1655	3	16	20	8245	6009	45
1656	1	11	80	8250	3282	48
1657	4	7	20	8255	17639	43
1658	0	18	60	8260	19725	45
1659	0	18	20	8265	5961	40
1660	1	11	80	8270	11445	45
1661	1	11	20	8275	123	40
1662	1	11	20	8280	2114	46
1663	0	18	40	8285	6317	47
1664	0	18	60	8290	1243	45
1665	1	11	20	8295	4500	47
1666	3	16	40	8300	6794	48
1667	3	16	80	8305	3655	44
1668	4	7	40	8310	216	45
1669	1	11	80	8315	9952	48
1670	1	11	40	8320	8508	40
1671	3	16	80	8325	3180	45
1672	1	11	60	8330	10417	40
1673	0	18	40	8335	29	44
1674	1	11	20	8340	2539	49
1675	4	7	80	8345	1503	50
1676	3	16	20	8350	20646	47
1677	4	7	60	8355	20473	40
1678	4	7	80	8360	447	44
1679	1	11	20	8365	9096	47
1680	4	7	80	8370	4714	46
1681	1	11	20	8400	2437	47
1682	1	11	20	8405	9565	48
1683	1	11	40	8410	11611	50
1684	0	18	40	8415	22468	41
1685	3	16	20	8420	3717	50
1686	1	11	20	8425	3301	50
1687	1	11	20	8430	948	49
1688	1	11	80	8435	1007	49
1689	3	16	60	8440	11515	50
1690	1	11	60	8445	1668	46
1691	4	7	40	8450	15304	40
1692	3	16	20	8455	17076	49
1693	0	18	20	8460	9106	43
1694	3	16	40	8465	3104	41
1695	3	16	40	8470	4095	45
1696	3	16	80	8475	14564	40
1697	4	7	80	8480	1137	50
1698	0	18	60	8485	7285	50
1699	4	7	80	8490	30154	42
1700	1	11	80	8495	2304	48
1701	0	18	20	8500	6863	48
1702	4	7	80	8505	8408	43
1703	4	7	20	8510	12109	44
1704	1	11	60	8515	7090	50
1705	3	16	40	8520	6660	41
1706	3	16	40	8525	863	50
1707	0	18	20	8530	7471	45
1708	3	16	20	8535	3052	45
1709	0	18	20	8540	283	47
1710	4	7	80	8545	7409	49
1711	3	16	20	8550	4274	47
1712	4	7	20	8555	14428	50
1713	4	7	60	8560	2151	49
1714	0	18	20	8565	667	44
1715	0	18	80	8570	5515	49
1716	0	18	80	8575	3058	42
1717	0	18	60	8580	5026	46
1718	0	18	80	8585	7457	46
1719	3	16	60	8590	11839	46
1720	4	7	20	8595	773	48
1721	1	11	20	8600	4936	49
1722	0	18	80	8605	2285	45
1723	1	11	80	8610	2449	46
1724	4	7	40	8615	5931	41
1725	3	16	20	8620	12971	40
1726	0	18	80	8625	4730	47
1727	0	18	40	8630	397	48
1728	1	11	80	8635	9167	43
1729	4	7	60	8640	16403	43
1730	0	18	80	8645	3242	50
1731	3	16	40	8650	12552	47
1732	3	16	20	8655	3142	41
1733	0	18	20	8660	645	42
1734	4	7	20	8665	4482	49
1735	4	7	80	8670	16279	48
1736	3	16	40	8675	7579	43
1737	1	11	20	8680	19969	44
1738	4	7	80	8685	1567	40
1739	1	11	20	8690	3755	50
1740	4	7	60	8695	2510	50
1741	0	18	80	8700	10507	44
1742	3	16	20	8705	12664	44
1743	0	18	60	8710	697	42
1744	3	16	80	8715	1385	40
1745	3	16	40	8720	11906	50
1746	4	7	20	8725	137	41
1747	3	16	60	8730	8305	40
1748	0	18	20	8735	7321	49
1749	3	16	60	8740	13872	42
1750	3	16	60	8745	692	43
1751	3	16	40	8750	3715	44
1752	4	7	80	8755	5976	44
1753	1	11	20	8760	13962	44
1754	4	7	60	8765	17289	45
1755	0	18	80	8770	12479	49
1756	4	7	20	8775	3173	42
1757	3	16	20	8800	3910	48
1758	4	7	60	8805	2369	42
1759	4	7	60	8810	12313	50
1760	3	16	60	8815	1010	45
1761	1	11	20	8820	443	42
1762	4	7	20	8825	20715	41
1763	4	7	60	8830	4722	41
1764	0	18	40	8835	9672	48
1765	1	11	40	8840	13378	42
1766	4	7	80	8845	746	46
1767	3	16	20	8850	11342	47
1768	0	18	40	8855	13154	50
1769	0	18	20	8860	1893	47
1770	3	16	40	8865	17366	45
1771	3	16	60	8870	4088	49
1772	1	11	80	8875	2724	46
1773	3	16	80	8880	2108	46
1774	4	7	80	8885	5594	46
1775	3	16	40	8890	3582	43
1776	4	7	20	8895	8768	45
1777	4	7	20	8900	1442	43
1778	3	16	80	8905	885	46
1779	1	11	20	8910	11068	42
1780	3	16	80	8915	12308	49
1781	3	16	20	8920	12894	47
1782	0	18	40	8925	4765	50
1783	3	16	40	8930	15651	40
1784	0	18	80	8935	12425	50
1785	3	16	60	8940	26101	45
1786	3	16	60	8945	2468	42
1787	1	11	20	8950	5536	47
1788	0	18	60	8955	1712	48
1789	4	7	40	8960	8153	50
1790	4	7	60	8965	6244	46
1791	0	18	40	8970	2045	46
1792	3	16	60	8975	8660	41
1793	0	18	20	8980	3986	41
1794	4	7	40	8985	2365	45
1795	1	11	60	8990	1940	48
1796	0	18	80	8995	13126	43
1797	3	16	40	9000	3431	42
1798	0	18	40	9005	3849	45
1799	1	11	40	9010	3407	48
1800	3	16	40	9015	9245	43
1801	1	11	20	9020	2401	44
1802	1	11	20	9025	14613	40
1803	4	7	80	9030	3939	42
1804	4	7	20	9035	22181	47
1805	4	7	20	9040	9184	45
1806	1	11	40	9045	692	49
1807	0	18	80	9050	2791	49
1808	3	16	40	9055	3113	48
1809	0	18	40	9060	5935	41
1810	0	18	80	9065	1059	44
1811	4	7	20	9070	1418	50
1812	4	7	20	9075	2649	41
1813	3	16	60	9080	5658	40
1814	1	11	60	9085	1	40
1815	0	18	40	9090	3064	49
1816	1	11	80	9095	7432	43
1817	1	11	80	9100	548	40
1818	3	16	80	9105	8570	41
1819	1	11	80	9110	10770	42
1820	3	16	80	9115	6328	50
1821	3	16	80	9120	7125	49
1822	1	11	60	9125	6660	50
1823	0	18	20	9130	1468	50
1824	0	18	40	9135	8843	41
1825	3	16	20	9140	8638	50
1826	0	18	20	9145	10742	47
1827	0	18	60	9150	18117	44
1828	4	7	60	9155	29726	41
1829	3	16	20	9160	2713	49
1830	3	16	40	9165	6474	40
1831	0	18	60	9170	3050	42
1832	4	7	80	9175	12223	49
1833	1	11	40	9200	11347	48
1834	3	16	60	9204	530	50
1835	1	11	80	9208	5972	45
1836	0	18	20	9212	26037	46
1837	0	18	40	9216	495	47
1838	3	16	20	9220	20320	44
1839	0	18	80	9224	893	45
1840	1	11	20	9228	16880	47
1841	3	16	80	9232	28311	44
1842	4	7	80	9236	1559	49
1843	0	18	40	9240	8842	46
1844	3	16	60	9244	5790	46
1845	0	18	60	9248	3815	46
1846	0	18	20	9252	23017	44
1847	4	7	20	9256	1339	41
1848	3	16	60	9260	3984	41
1849	4	7	80	9264	22217	47
1850	4	7	80	9268	7538	45
1851	4	7	20	9272	10773	42
1852	0	18	60	9276	9404	40
1853	3	16	60	9280	8221	43
1854	3	16	60	9284	12883	49
1855	0	18	60	9288	803	44
1856	4	7	60	9292	9479	44
1857	0	18	20	9296	8901	41
1858	3	16	40	9300	10180	41
1859	1	11	20	9304	2596	48
1860	4	7	80	9308	23037	48
1861	0	18	60	9312	1654	44
1862	1	11	20	9316	3072	47
1863	0	18	20	9320	282	50
1864	3	16	80	9324	27792	41
1865	0	18	20	9328	13159	41
1866	0	18	40	9332	3817	40
1867	3	16	60	9336	5938	44
1868	0	18	80	9340	4679	40
1869	4	7	60	9344	5142	45
1870	4	7	40	9348	3530	42
1871	0	18	40	9352	6300	46
1872	3	16	60	9356	1254	47
1873	1	11	80	9360	6419	47
1874	0	18	60	9364	15788	45
1875	0	18	80	9368	6858	46
1876	4	7	80	9372	4255	40
1877	1	11	20	9376	18121	44
1878	3	16	60	9380	8459	44
1879	0	18	80	9384	2735	45
1880	3	16	80	9388	10087	45
1881	0	18	80	9392	7029	46
1882	3	16	80	9396	5606	42
1883	0	18	60	9400	308	45
1884	3	16	40	9404	9050	44
1885	3	16	40	9408	13496	48
1886	0	18	20	9412	7861	41
1887	0	18	20	9416	1214	46
1888	3	16	80	9420	25308	50
1889	1	11	80	9424	27698	45
1890	3	16	40	9428	14258	41
1891	4	7	80	9432	2740	45
1892	3	16	80	9436	3325	46
1893	1	11	20	9440	8261	46
1894	1	11	80	9444	1412	47
1895	0	18	60	9448	9419	43
1896	0	18	60	9452	8445	47
1897	3	16	60	9456	1228	50
1898	1	11	40	9460	9628	45
1899	1	11	40	9464	9851	44
1900	4	7	40	9468	69302	46
1901	1	11	60	9472	4354	40
1902	4	7	20	9476	9940	40
1903	3	16	20	9480	20022	47
1904	4	7	60	9484	6958	44
1905	4	7	40	9488	539	49
1906	1	11	40	9492	7225	45
1907	3	16	60	9496	1202	44
1908	3	16	80	9500	12153	48
1909	1	11	60	9504	2033	42
1910	1	11	60	9508	9189	44
1911	1	11	40	9512	12798	40
1912	3	16	40	9516	150	47
1913	1	11	60	9520	4501	46
1914	4	7	20	9524	6577	42
1915	3	16	20	9528	3559	41
1916	3	16	60	9532	9190	41
1917	0	18	40	9536	2639	42
1918	1	11	80	9540	3536	46
1919	0	18	40	9544	1338	43
1920	0	18	20	9600	1600	40
1921	0	18	20	9605	2181	45
1922	0	18	60	9610	6682	45
1923	3	16	20	9615	5143	46
1924	1	11	20	9620	8227	43
1925	0	18	40	9625	552	48
1926	3	16	40	9630	1834	50
1927	0	18	40	9635	5564	40
1928	0	18	20	9640	3952	50
1929	0	18	80	9645	1481	42
1930	4	7	20	9650	20578	49
1931	0	18	40	9655	2519	40
1932	0	18	60	9660	1748	49
1933	0	18	20	9665	23137	50
1934	1	11	60	9670	2737	49
1935	0	18	20	9675	2817	45
1936	1	11	80	9680	16529	46
1937	4	7	80	9685	7048	46
1938	1	11	20	9690	4883	41
1939	3	16	80	9695	7576	45
1940	0	18	80	9700	1989	43
1941	1	11	40	9705	5325	48
1942	3	16	20	9710	3567	48
1943	1	11	20	9715	10570	47
1944	0	18	20	9720	2691	41
1945	0	18	20	9725	274	41
1946	0	18	40	9730	2533	48
1947	0	18	40	9735	19248	40
1948	3	16	20	9740	696	44
1949	3	16	80	9745	12983	46
1950	3	16	80	9750	71	41
1951	0	18	20	9755	3709	45
1952	1	11	80	9760	12299	44
1953	1	11	20	9765	6313	41
1954	0	18	40	9770	5986	44
1955	4	7	40	9775	11456	40
1956	1	11	80	9780	15365	45
1957	1	11	20	9785	2165	45
1958	1	11	20	9790	2580	43
1959	3	16	20	9795	5777	46
1960	1	11	80	9800	15744	50
1961	1	11	20	9805	785	44
1962	1	11	60	9810	11081	44
1963	3	16	20	9815	7574	46
1964	1	11	40	9820	2863	43
1965	0	18	40	9825	4258	43
1966	0	18	60	9830	7365	41
1967	1	11	40	9835	616	48
1968	0	18	20	9840	1211	47
1969	3	16	80	9845	2448	47
1970	1	11	20	9850	5321	45
1971	4	7	80	9855	819	45
1972	4	7	40	9860	13904	41
1973	4	7	80	9865	10937	40
1974	4	7	60	9870	21731	40
1975	3	16	60	9875	9505	42
1976	3	16	80	9880	16888	48
1977	3	16	60	9885	14319	48
1978	1	11	80	9890	1671	44
1979	1	11	80	9895	7506	42
1980	4	7	20	9900	12688	40
1981	1	11	20	9905	2797	50
1982	3	16	40	9910	4327	47
1983	3	16	40	9915	7078	44
1984	1	11	20	9920	1396	41
1985	4	7	80	9925	6434	44
1986	4	7	40	9930	5310	47
1987	4	7	60	9935	8410	48
1988	4	7	80	9940	4326	46
1989	3	16	40	9945	6016	49
1990	4	7	40	9950	4687	40
1991	4	7	80	9955	8089	41
1992	1	11	60	9960	2968	43
1993	3	16	20	9965	22860	45
1994	1	11	80	9970	11150	45
1995	4	7	80	9975	1083	49
1996	0	18	80	9980	10665	44
1997	4	7	20	9985	11018	41
1998	4	7	80	9990	4530	44
1999	4	7	80	9995	16504	48
