0	1	11	80	0	8736	70
1	1	11	40	5	3870	64
2	0	18	80	10	1044	64
3	4	7	40	15	1894	64
4	4	7	20	20	259	66
5	3	16	40	25	19435	65
6	1	11	80	30	1345	69
7	3	16	40	35	6268	68
8	1	11	80	40	1248	62
9	4	7	20	45	2336	68
10	0	18	20	50	2040	63
11	1	11	40	55	12052	71
12	4	7	20	60	16355	70
13	1	11	60	65	18976	71
14	1	11	80	70	1100	71
15	3	16	60	75	20139	62
16	3	16	40	80	458	61
17	0	18	20	85	634	70
18	1	11	20	90	453	68
19	4	7	40	95	855	68
20	1	11	80	100	5679	63
21	3	16	20	105	7236	63
22	4	7	80	110	10055	63
23	3	16	20	115	33323	63
24	3	16	80	120	5287	62
25	3	16	40	125	2425	65
26	1	11	80	130	15724	62
27	0	18	20	135	5234	65
28	0	18	80	140	10287	65
29	1	11	80	145	1101	62
30	1	11	60	150	7695	65
31	3	16	80	155	87	64
32	1	11	40	160	8988	70
33	3	16	60	165	7209	66
34	3	16	40	170	1278	64
35	3	16	60	175	34943	61
36	1	11	20	180	6207	66
37	0	18	40	185	10536	70
38	1	11	20	190	7945	65
39	0	18	40	195	34596	71
40	1	11	60	200	12276	63
41	0	18	20	205	1277	64
42	4	7	60	210	7714	68
43	4	7	60	215	1935	70
44	3	16	20	220	694	64
45	1	11	60	225	4539	71
46	3	16	20	230	7491	66
47	0	18	20	235	2063	70
48	4	7	80	240	1375	67
49	3	16	60	245	17627	61
50	4	7	40	250	4215	62
51	0	18	40	255	1703	64
52	1	11	20	260	7905	63
53	0	18	20	265	5404	68
54	3	16	40	270	10796	67
55	3	16	60	275	573	68
56	3	16	60	280	8823	62
57	1	11	60	285	1187	61
58	0	18	40	290	10393	62
59	0	18	80	295	11768	61
60	0	18	40	300	427	63
61	1	11	80	305	8982	64
62	1	11	40	310	13700	63
63	0	18	80	315	127	61
64	1	11	40	320	8073	63
65	3	16	20	325	1929	71
66	0	18	20	330	873	61
67	1	11	40	335	2590	64
68	3	16	40	340	11384	68
69	3	16	20	345	1218	71
70	1	11	60	350	3819	68
71	1	11	20	355	3127	62
72	4	7	20	360	4733	65
73	0	18	80	400	566	69
74	1	11	80	404	3049	66
75	0	18	60	408	3578	70
76	3	16	60	412	30025	66
77	4	7	20	416	5554	64
78	0	18	80	420	18529	70
79	1	11	40	424	414	63
80	0	18	20	428	8481	71
81	0	18	80	432	8009	64
82	0	18	40	436	3111	69
83	3	16	20	440	14367	65
84	1	11	60	444	10156	71
85	1	11	40	448	4441	61
86	0	18	80	452	3863	61
87	1	11	40	456	1624	63
88	4	7	40	460	15353	70
89	4	7	60	464	653	68
90	4	7	20	468	3076	70
91	4	7	40	472	4110	65
92	4	7	80	476	38	68
93	0	18	20	480	15688	64
94	0	18	80	484	21837	68
95	0	18	60	488	930	70
96	4	7	80	492	3180	62
97	4	7	60	496	7388	67
98	1	11	20	500	6929	67
99	0	18	20	504	16247	65
100	1	11	60	508	3198	70
101	0	18	60	512	3219	62
102	3	16	80	516	5053	63
103	0	18	60	520	135	68
104	0	18	20	524	5705	64
105	1	11	20	528	719	71
106	0	18	40	532	10938	70
107	0	18	40	536	6556	66
108	3	16	40	540	1530	63
109	1	11	60	544	3823	69
110	4	7	20	548	777	62
111	4	7	40	552	1466	69
112	1	11	60	556	2159	63
113	4	7	20	560	9033	71
114	0	18	60	564	993	61
115	0	18	60	568	4350	70
116	0	18	60	572	3476	66
117	4	7	40	576	33896	69
118	3	16	40	580	2817	61
119	0	18	20	584	1880	63
120	1	11	40	588	14236	71
121	3	16	60	592	20176	70
122	1	11	20	596	4404	66
123	3	16	60	600	9129	71
124	4	7	20	604	13807	61
125	3	16	20	608	30478	64
126	3	16	40	612	3071	66
127	3	16	80	616	7080	62
128	0	18	80	620	1147	61
129	0	18	20	624	1856	67
130	1	11	80	628	265	69
131	4	7	80	632	3743	71
132	3	16	80	636	20316	68
133	0	18	80	640	264	66
134	4	7	60	644	10211	65
135	4	7	40	648	3112	70
136	1	11	80	652	1434	62
137	4	7	60	656	2915	62
138	1	11	20	660	3133	62
139	0	18	40	664	8020	61
140	0	18	80	668	9135	62
141	0	18	40	672	13883	66
142	4	7	20	676	77	61
143	3	16	60	680	5129	62
144	4	7	60	684	34079	67
145	0	18	60	688	1316	62
146	3	16	60	692	1444	62
147	4	7	60	696	3181	68
148	0	18	40	700	10855	63
149	4	7	20	704	5793	69
150	4	7	20	708	11329	64
151	4	7	40	712	3354	64
152	0	18	40	716	2923	67
153	1	11	20	720	3696	65
154	4	7	60	724	305	66
155	3	16	80	728	4219	71
156	3	16	60	732	19084	67
157	4	7	40	736	12401	63
158	1	11	60	740	1733	68
159	3	16	80	744	6075	61
160	3	16	80	748	11659	66
161	3	16	40	752	1374	69
162	4	7	40	756	4437	66
163	1	11	20	760	27304	67
164	0	18	80	764	3413	71
165	0	18	20	768	10153	63
166	1	11	60	772	2263	61
167	1	11	80	776	1825	69
168	4	7	40	780	24939	67
169	0	18	40	784	12657	62
170	3	16	60	788	2357	69
171	0	18	80	800	385	65
172	3	16	20	805	8664	68
173	3	16	80	810	8719	61
174	4	7	20	815	6017	62
175	1	11	80	820	61	65
176	4	7	60	825	19273	70
177	4	7	40	830	23974	65
178	4	7	80	835	9490	65
179	3	16	40	840	8876	70
180	0	18	60	845	13397	62
181	3	16	60	850	37391	69
182	3	16	60	855	14901	70
183	1	11	60	860	7706	64
184	1	11	20	865	4779	63
185	1	11	40	870	9372	66
186	4	7	60	875	560	65
187	0	18	80	880	6407	64
188	1	11	40	885	42478	71
189	1	11	80	890	2981	65
190	1	11	80	895	4279	64
191	3	16	60	900	3778	71
192	3	16	20	905	938	66
193	4	7	40	910	12561	61
194	1	11	60	915	16072	67
195	3	16	60	920	5920	64
196	0	18	20	925	4059	61
197	1	11	80	930	347	65
198	1	11	60	935	1077	62
199	4	7	40	940	2484	65
200	4	7	20	945	18851	61
201	0	18	80	950	25994	65
202	0	18	20	955	3726	62
203	4	7	20	960	23665	62
204	0	18	60	965	2409	61
205	4	7	20	970	9911	71
206	1	11	40	975	9141	67
207	1	11	40	980	8224	66
208	3	16	80	985	14728	63
209	1	11	80	990	242	61
210	4	7	40	995	5541	62
211	4	7	40	1000	25343	62
212	0	18	40	1005	782	70
213	4	7	20	1010	5946	69
214	1	11	40	1015	10168	71
215	0	18	20	1020	11987	69
216	0	18	60	1025	3005	71
217	3	16	80	1030	13175	62
218	0	18	20	1035	5826	64
219	3	16	60	1040	8565	66
220	0	18	60	1045	8429	70
221	0	18	60	1050	9508	69
222	0	18	60	1055	1875	69
223	3	16	60	1060	8276	63
224	4	7	60	1065	3826	70
225	0	18	20	1070	16885	69
226	3	16	80	1075	22038	70
227	3	16	80	1080	16288	67
228	1	11	40	1085	12790	65
229	0	18	60	1090	46	69
230	0	18	80	1095	7525	65
231	3	16	80	1100	16174	65
232	1	11	60	1105	13902	63
233	4	7	60	1110	4465	61
234	3	16	20	1115	11587	70
235	4	7	60	1120	15254	68
236	3	16	40	1125	7704	68
237	3	16	60	1130	18157	69
238	1	11	20	1135	3549	64
239	1	11	80	1200	10759	64
240	4	7	80	1204	72	70
241	3	16	20	1208	4431	70
242	3	16	20	1212	9895	61
243	4	7	40	1216	26855	71
244	1	11	60	1220	13342	64
245	1	11	40	1224	4876	62
246	3	16	40	1228	2664	61
247	4	7	80	1232	7058	69
248	1	11	20	1236	602	62
249	1	11	40	1240	748	70
250	1	11	80	1244	1883	65
251	3	16	40	1248	7144	70
252	0	18	60	1252	5959	61
253	3	16	20	1256	5059	68
254	4	7	80	1260	7648	67
255	4	7	60	1264	1884	63
256	0	18	40	1268	11162	67
257	3	16	60	1272	10408	70
258	0	18	60	1276	6713	63
259	0	18	40	1280	3839	63
260	0	18	20	1284	11895	62
261	4	7	60	1288	13352	61
262	0	18	20	1292	14885	62
263	1	11	40	1296	14443	66
264	1	11	20	1300	4361	68
265	1	11	40	1304	8001	68
266	1	11	60	1308	1149	70
267	0	18	60	1312	8758	70
268	0	18	20	1316	11397	70
269	3	16	60	1320	16200	63
270	1	11	80	1324	1378	61
271	3	16	20	1328	4309	62
272	0	18	60	1332	4768	70
273	3	16	20	1336	12035	61
274	4	7	60	1340	8356	67
275	3	16	40	1344	2049	71
276	3	16	60	1348	33935	68
277	1	11	20	1352	2235	70
278	0	18	20	1356	14332	71
279	1	11	20	1360	20592	68
280	1	11	60	1364	7242	68
281	4	7	80	1368	3448	62
282	1	11	80	1372	12753	66
283	4	7	20	1376	9861	67
284	3	16	60	1380	12718	65
285	3	16	40	1384	153	66
286	1	11	20	1388	3352	64
287	4	7	60	1392	3512	67
288	0	18	80	1396	13376	66
289	4	7	60	1400	6480	67
290	3	16	20	1404	835	61
291	0	18	80	1408	17694	69
292	3	16	80	1412	3188	66
293	1	11	60	1416	30221	61
294	1	11	80	1420	26934	63
295	0	18	40	1424	1760	69
296	1	11	20	1428	6956	69
297	0	18	80	1432	16581	67
298	1	11	40	1436	6297	63
299	0	18	20	1440	1579	67
300	0	18	80	1444	3115	64
301	1	11	60	1448	7696	63
302	3	16	80	1452	14025	70
303	4	7	40	1456	1830	70
304	4	7	60	1460	21403	69
305	4	7	80	1464	12609	63
306	1	11	60	1468	1221	61
307	1	11	40	1472	11006	61
308	4	7	40	1476	13744	61
309	0	18	40	1480	3948	67
310	1	11	80	1484	2031	67
311	4	7	40	1488	5681	69
312	1	11	60	1492	17990	71
313	3	16	60	1496	8265	67
314	3	16	80	1500	12320	66
315	1	11	20	1504	4409	71
316	1	11	80	1508	118	67
317	0	18	80	1512	1168	66
318	3	16	60	1516	322	61
319	3	16	60	1520	4102	63
320	4	7	20	1600	2737	64
321	3	16	80	1606	12056	64
322	0	18	80	1612	15352	64
323	0	18	40	1618	1827	64
324	4	7	60	1624	11716	63
325	1	11	80	1630	2493	64
326	4	7	20	1636	734	68
327	4	7	20	1642	5108	69
328	1	11	40	1648	13385	70
329	3	16	40	1654	4792	69
330	0	18	40	1660	8289	63
331	1	11	80	1666	945	62
332	4	7	60	1672	9602	68
333	0	18	80	1678	8493	64
334	0	18	20	1684	7354	65
335	0	18	80	1690	30416	66
336	0	18	20	1696	5929	63
337	3	16	40	1702	7179	67
338	4	7	40	1708	12018	70
339	3	16	80	1714	22	63
340	1	11	80	1720	16796	66
341	0	18	60	1726	7230	64
342	4	7	40	1732	6122	66
343	4	7	60	1738	4393	70
344	3	16	60	1744	3214	61
345	4	7	80	1750	7147	64
346	3	16	40	1756	44223	69
347	4	7	40	1762	9231	71
348	3	16	80	1768	1700	67
349	4	7	60	1774	6242	63
350	3	16	60	1780	1615	63
351	1	11	20	1786	4709	63
352	1	11	20	1792	14394	66
353	4	7	80	1798	1241	71
354	1	11	80	1804	17610	63
355	3	16	80	1810	6284	71
356	0	18	80	1816	11572	71
357	3	16	40	1822	7794	67
358	4	7	80	1828	4577	68
359	3	16	60	1834	8710	65
360	4	7	60	1840	9778	66
361	1	11	60	1846	8860	63
362	4	7	20	1852	21869	63
363	0	18	80	1858	3695	63
364	0	18	80	1864	10912	64
365	4	7	20	1870	957	65
366	0	18	60	1876	13267	62
367	1	11	60	1882	2199	68
368	1	11	40	1888	351	63
369	3	16	80	1894	13199	61
370	1	11	20	1900	18445	68
371	4	7	40	1906	4389	71
372	0	18	60	1912	3552	68
373	4	7	80	1918	299	70
374	0	18	80	1924	5933	69
375	3	16	60	1930	9495	61
376	3	16	60	1936	2234	69
377	1	11	20	1942	4506	65
378	3	16	80	1948	16530	63
379	4	7	60	1954	1568	71
380	3	16	60	1960	2536	67
381	0	18	80	1966	4128	68
382	1	11	40	1972	2632	63
383	1	11	80	1978	2524	67
384	4	7	60	1984	2494	67
385	4	7	20	2000	1787	61
386	4	7	80	2005	2593	67
387	4	7	80	2010	6481	68
388	3	16	80	2015	11578	62
389	3	16	40	2020	470	65
390	4	7	80	2025	1916	66
391	3	16	60	2030	18492	68
392	3	16	60	2035	1363	70
393	1	11	80	2040	968	65
394	4	7	20	2045	2823	68
395	0	18	20	2050	1864	63
396	0	18	60	2055	8629	62
397	3	16	40	2060	1441	63
398	3	16	60	2065	9070	67
399	3	16	40	2070	1968	67
400	4	7	20	2075	12156	62
401	1	11	80	2080	11274	62
402	1	11	20	2085	8210	69
403	0	18	80	2090	3870	67
404	3	16	60	2095	8205	66
405	4	7	40	2100	11435	63
406	0	18	60	2105	722	66
407	1	11	20	2110	12789	68
408	3	16	20	2115	7740	63
409	3	16	40	2120	1730	63
410	0	18	40	2125	2858	63
411	4	7	60	2130	3251	66
412	0	18	60	2135	11064	64
413	4	7	20	2140	2383	69
414	4	7	20	2145	3976	70
415	4	7	80	2150	2879	69
416	4	7	40	2155	3943	71
417	3	16	40	2160	8735	67
418	0	18	20	2165	861	68
419	1	11	60	2170	6284	64
420	4	7	40	2175	14458	69
421	0	18	80	2180	2348	65
422	3	16	60	2185	5163	67
423	4	7	20	2190	34081	69
424	4	7	20	2195	7229	66
425	4	7	40	2200	59566	61
426	0	18	80	2205	2469	62
427	4	7	80	2210	2243	64
428	0	18	80	2215	10758	63
429	0	18	60	2220	3036	66
430	3	16	80	2225	283	71
431	4	7	20	2230	656	67
432	3	16	60	2235	11170	70
433	4	7	40	2240	8519	67
434	0	18	60	2245	4045	69
435	0	18	80	2250	5805	65
436	3	16	60	2255	11467	71
437	1	11	40	2260	18174	68
438	4	7	20	2265	7935	62
439	0	18	40	2270	5662	64
440	3	16	60	2275	967	66
441	1	11	80	2280	5216	71
442	0	18	80	2285	21894	65
443	0	18	60	2290	6757	70
444	3	16	20	2295	11303	62
445	4	7	40	2300	16901	61
446	3	16	20	2305	1316	65
447	3	16	40	2310	18345	62
448	1	11	60	2315	10251	67
449	4	7	40	2320	42445	70
450	0	18	60	2325	13659	64
451	3	16	20	2330	43309	66
452	3	16	20	2335	519	66
453	1	11	20	2340	1151	63
454	4	7	20	2345	3852	70
455	3	16	20	2350	5986	69
456	4	7	20	2355	2629	67
457	3	16	20	2360	8531	71
458	0	18	80	2365	12433	61
459	4	7	40	2370	8218	66
460	3	16	40	2375	5465	62
461	1	11	80	2380	14750	63
462	1	11	20	2400	481	65
463	3	16	40	2404	2900	69
464	0	18	60	2408	1391	63
465	0	18	20	2412	2005	68
466	0	18	20	2416	6968	67
467	0	18	40	2420	789	68
468	3	16	40	2424	15771	61
469	4	7	40	2428	16675	65
470	0	18	20	2432	6226	70
471	3	16	80	2436	5423	64
472	3	16	20	2440	287	65
473	0	18	60	2444	7225	65
474	3	16	20	2448	4499	70
475	3	16	60	2452	3531	70
476	0	18	20	2456	3075	71
477	1	11	20	2460	18852	68
478	1	11	80	2464	2083	67
479	4	7	60	2468	10065	65
480	1	11	20	2472	15055	67
481	3	16	40	2476	3652	71
482	1	11	20	2480	5908	68
483	1	11	40	2484	10912	65
484	4	7	80	2488	5500	63
485	4	7	60	2492	320	65
486	1	11	80	2496	128	61
487	1	11	60	2500	7707	67
488	0	18	20	2504	2551	69
489	3	16	40	2508	16325	71
490	0	18	60	2512	2152	70
491	0	18	40	2516	893	71
492	0	18	60	2520	916	67
493	4	7	80	2524	34813	67
494	1	11	80	2528	99	62
495	1	11	60	2532	2540	63
496	0	18	60	2536	4366	66
497	1	11	40	2540	7977	68
498	0	18	20	2544	4229	68
499	1	11	80	2548	6123	66
500	4	7	20	2552	2826	65
501	1	11	80	2556	476	68
502	4	7	80	2560	312	61
503	3	16	40	2564	15004	62
504	4	7	20	2568	4844	71
505	1	11	80	2572	3160	71
506	4	7	20	2576	25804	61
507	1	11	60	2580	5050	61
508	3	16	80	2584	9735	65
509	0	18	40	2588	205	71
510	1	11	20	2592	1862	69
511	3	16	20	2596	3758	71
512	0	18	20	2600	4447	64
513	1	11	20	2604	604	68
514	3	16	20	2608	12652	70
515	0	18	20	2612	1099	62
516	4	7	60	2616	3080	67
517	0	18	60	2620	3015	61
518	4	7	60	2624	13158	66
519	0	18	80	2628	1025	70
520	3	16	20	2632	1842	68
521	4	7	60	2636	26389	61
522	0	18	20	2640	13756	71
523	0	18	20	2644	37399	61
524	3	16	60	2648	8167	67
525	4	7	60	2652	4568	70
526	3	16	20	2656	3877	68
527	3	16	40	2660	394	70
528	3	16	60	2664	6986	64
529	1	11	40	2668	1376	67
530	1	11	20	2672	22020	64
531	3	16	60	2676	9318	64
532	1	11	20	2680	5459	71
533	4	7	20	2684	9484	62
534	0	18	60	2688	4333	71
535	4	7	40	2692	12481	71
536	3	16	40	2696	3182	71
537	4	7	80	2700	9003	67
538	1	11	40	2704	2741	65
539	1	11	20	2708	1498	63
540	4	7	60	2712	658	64
541	4	7	40	2716	6350	71
542	3	16	60	2720	19677	62
543	4	7	80	2724	2277	70
544	0	18	20	2728	8686	63
545	3	16	40	2732	15785	70
546	4	7	40	2800	9096	68
547	4	7	60	2804	288	71
548	1	11	80	2808	1713	68
549	1	11	80	2812	17225	71
550	1	11	80	2816	24385	68
551	0	18	80	2820	901	66
552	3	16	80	2824	13904	62
553	4	7	40	2828	2743	70
554	3	16	80	2832	3193	70
555	0	18	60	2836	3258	65
556	0	18	60	2840	2163	69
557	4	7	80	2844	390	71
558	4	7	60	2848	1855	67
559	4	7	40	2852	154	62
560	4	7	60	2856	22813	64
561	0	18	60	2860	19452	63
562	3	16	80	2864	17349	69
563	1	11	60	2868	6313	69
564	4	7	40	2872	746	67
565	4	7	60	2876	5865	66
566	0	18	20	2880	16980	71
567	1	11	20	2884	10536	63
568	1	11	60	2888	8504	68
569	3	16	60	2892	35	71
570	1	11	80	2896	12885	63
571	0	18	80	2900	8264	71
572	3	16	40	2904	193	68
573	1	11	40	2908	8087	64
574	0	18	20	2912	337	66
575	3	16	60	2916	8581	68
576	0	18	80	2920	398	70
577	1	11	40	2924	6809	62
578	4	7	80	2928	3183	69
579	0	18	40	2932	12067	68
580	4	7	40	2936	11278	63
581	4	7	60	2940	3430	69
582	1	11	40	2944	15469	62
583	1	11	80	2948	9592	65
584	0	18	40	2952	1840	71
585	1	11	20	2956	14159	70
586	4	7	60	2960	15954	62
587	3	16	80	2964	1828	62
588	0	18	20	2968	3636	63
589	4	7	80	2972	698	67
590	4	7	80	2976	6441	62
591	4	7	40	2980	2634	71
592	0	18	40	2984	5056	61
593	3	16	80	2988	2528	64
594	3	16	40	2992	2076	71
595	4	7	20	2996	1461	62
596	1	11	60	3000	8682	63
597	1	11	20	3004	3680	64
598	0	18	40	3008	1382	63
599	1	11	60	3012	1232	69
600	1	11	40	3016	31581	70
601	3	16	20	3020	23526	65
602	1	11	20	3024	3834	64
603	4	7	20	3028	1669	68
604	4	7	20	3032	698	68
605	0	18	20	3036	2950	68
606	1	11	40	3040	690	69
607	1	11	40	3044	1666	70
608	3	16	20	3048	2291	64
609	0	18	20	3052	8899	62
610	4	7	80	3056	2695	66
611	4	7	40	3060	8720	68
612	0	18	20	3064	10165	62
613	3	16	20	3068	4472	70
614	4	7	20	3072	2445	71
615	0	18	20	3076	7202	66
616	4	7	20	3080	467	61
617	0	18	80	3084	1657	65
618	0	18	20	3088	3327	70
619	1	11	20	3092	2402	69
620	4	7	80	3096	8531	64
621	3	16	40	3100	9015	70
622	1	11	80	3104	3655	71
623	1	11	60	3108	6769	61
624	3	16	80	3112	4803	70
625	3	16	40	3116	5866	64
626	0	18	60	3120	1544	71
627	0	18	40	3124	11185	65
628	3	16	80	3128	4188	65
629	1	11	20	3132	16592	65
630	1	11	20	3136	43597	66
631	4	7	80	3140	9110	66
632	1	11	80	3144	4281	70
633	1	11	40	3148	1642	61
634	3	16	80	3152	12798	69
635	1	11	20	3156	13228	69
636	1	11	40	3200	27515	65
637	1	11	40	3204	8797	66
638	3	16	80	3208	7633	68
639	0	18	40	3212	18189	64
640	4	7	60	3216	10994	61
641	1	11	20	3220	9012	63
642	4	7	60	3224	24855	69
643	0	18	20	3228	9474	61
644	4	7	20	3232	12782	61
645	0	18	40	3236	17596	66
646	4	7	40	3240	6589	69
647	1	11	20	3244	328	62
648	3	16	80	3248	60	64
649	1	11	40	3252	8063	65
650	4	7	80	3256	934	61
651	0	18	60	3260	5155	70
652	0	18	80	3264	231	66
653	3	16	20	3268	18360	65
654	1	11	60	3272	5339	65
655	4	7	80	3276	2907	61
656	0	18	40	3280	6947	66
657	0	18	40	3284	13278	63
658	0	18	40	3288	10681	70
659	0	18	60	3292	6639	65
660	4	7	60	3296	1140	69
661	1	11	80	3300	3200	65
662	3	16	40	3304	12129	66
663	0	18	20	3308	3756	71
664	3	16	20	3312	9004	68
665	0	18	80	3316	7455	71
666	3	16	40	3320	2294	69
667	3	16	80	3324	6105	62
668	0	18	20	3328	7957	61
669	1	11	80	3332	4851	62
670	3	16	60	3336	7860	62
671	1	11	80	3340	3950	67
672	3	16	20	3344	6794	68
673	0	18	80	3348	4684	67
674	3	16	40	3352	5746	68
675	1	11	60	3356	31253	61
676	4	7	80	3360	10204	62
677	1	11	60	3364	8935	70
678	1	11	60	3368	11873	61
679	3	16	40	3372	6609	64
680	4	7	20	3376	25456	66
681	4	7	60	3380	1163	69
682	1	11	60	3384	10943	61
683	1	11	60	3388	11846	71
684	3	16	20	3392	11554	64
685	0	18	40	3396	5882	68
686	3	16	80	3400	8428	61
687	3	16	80	3404	5792	65
688	4	7	60	3408	9594	67
689	4	7	20	3412	5439	69
690	1	11	80	3416	2072	64
691	0	18	20	3420	1376	62
692	1	11	80	3424	21288	67
693	1	11	20	3428	418	64
694	0	18	80	3432	11557	66
695	3	16	80	3436	4319	67
696	4	7	60	3440	18061	69
697	3	16	40	3444	6950	69
698	1	11	20	3448	149	65
699	4	7	20	3452	1699	61
700	3	16	20	3456	8168	68
701	0	18	60	3460	222	67
702	1	11	80	3464	4222	62
703	0	18	20	3468	6439	63
704	4	7	80	3472	75	64
705	1	11	80	3476	10198	65
706	3	16	60	3480	18644	62
707	0	18	20	3484	7041	71
708	0	18	60	3488	3912	69
709	0	18	20	3492	5659	64
710	4	7	20	3496	7016	70
711	4	7	60	3500	19057	67
712	4	7	80	3504	297	63
713	1	11	20	3508	1535	66
714	1	11	60	3512	7440	70
715	0	18	80	3516	48040	71
716	4	7	40	3520	7023	65
717	1	11	80	3524	63	66
718	3	16	80	3528	7545	67
719	1	11	60	3600	1346	61
720	3	16	20	3605	24794	71
721	4	7	60	3610	10599	64
722	3	16	20	3615	14424	66
723	0	18	20	3620	1177	64
724	0	18	20	3625	2054	70
725	3	16	40	3630	5042	71
726	0	18	20	3635	4923	61
727	0	18	80	3640	5894	65
728	0	18	20	3645	9090	61
729	0	18	60	3650	800	61
730	3	16	80	3655	706	64
731	0	18	40	3660	1208	64
732	4	7	60	3665	8495	66
733	3	16	40	3670	6975	71
734	0	18	20	3675	20462	67
735	3	16	60	3680	21400	70
736	3	16	60	3685	10335	68
737	1	11	60	3690	1710	69
738	1	11	60	3695	11524	68
739	0	18	40	3700	356	70
740	3	16	60	3705	7696	66
741	3	16	80	3710	546	61
742	3	16	20	3715	1099	68
743	4	7	60	3720	1700	63
744	4	7	80	3725	19203	70
745	3	16	20	3730	3092	68
746	1	11	40	3735	1037	71
747	4	7	80	3740	11268	61
748	4	7	60	3745	4717	65
749	4	7	80	3750	11641	67
750	3	16	40	3755	14312	63
751	1	11	80	3760	17479	63
752	4	7	40	3765	28038	62
753	4	7	40	3770	15940	65
754	0	18	20	3775	2158	62
755	3	16	60	3780	18881	65
756	3	16	40	3785	1707	61
757	0	18	60	3790	2553	69
758	0	18	80	3795	3160	65
759	0	18	40	3800	6243	64
760	1	11	80	3805	2419	65
761	1	11	80	3810	3842	68
762	4	7	80	3815	18939	71
763	0	18	80	3820	2757	68
764	1	11	20	3825	4393	61
765	4	7	60	3830	4693	66
766	4	7	20	3835	2338	62
767	1	11	40	3840	4850	64
768	0	18	80	3845	2323	70
769	4	7	20	3850	8975	71
770	1	11	40	3855	2542	64
771	3	16	60	3860	3978	67
772	4	7	40	3865	2245	70
773	3	16	60	3870	6696	68
774	4	7	80	3875	6159	66
775	4	7	20	3880	17578	70
776	0	18	40	3885	7446	68
777	3	16	60	3890	8255	64
778	0	18	20	3895	2065	65
779	3	16	80	3900	18906	62
780	0	18	20	3905	3396	61
781	0	18	40	3910	9740	71
782	1	11	20	3915	631	61
783	0	18	40	3920	19475	66
784	1	11	40	3925	2433	70
785	0	18	20	3930	1754	61
786	0	18	20	3935	1492	63
787	4	7	20	3940	12506	61
788	1	11	40	3945	3389	70
789	1	11	60	4000	136	63
790	0	18	20	4005	10742	69
791	1	11	20	4010	4812	70
792	1	11	60	4015	16086	65
793	0	18	20	4020	2001	64
794	3	16	60	4025	12209	66
795	0	18	80	4030	2158	69
796	3	16	80	4035	1392	62
797	3	16	20	4040	14502	71
798	3	16	40	4045	11719	63
799	0	18	40	4050	5011	64
800	3	16	80	4055	556	67
801	0	18	80	4060	8795	68
802	3	16	80	4065	5600	62
803	0	18	60	4070	11796	65
804	1	11	60	4075	5455	63
805	4	7	60	4080	4653	67
806	3	16	40	4085	8236	65
807	1	11	80	4090	4125	65
808	0	18	60	4095	3164	71
809	0	18	80	4100	3416	63
810	3	16	40	4105	2851	68
811	4	7	60	4110	6361	69
812	4	7	40	4115	374	64
813	1	11	80	4120	4364	64
814	0	18	40	4125	1743	64
815	1	11	40	4130	6511	66
816	0	18	60	4135	2916	68
817	4	7	60	4140	40838	65
818	3	16	60	4145	237	70
819	0	18	80	4150	2045	71
820	3	16	60	4155	2557	64
821	4	7	20	4160	4972	61
822	4	7	20	4165	925	66
823	4	7	40	4170	2144	67
824	4	7	80	4175	21923	62
825	0	18	20	4180	13728	65
826	1	11	20	4185	5968	63
827	3	16	20	4190	188	66
828	4	7	20	4195	12273	63
829	4	7	20	4200	2858	68
830	1	11	20	4205	10450	69
831	3	16	20	4210	11721	68
832	0	18	40	4215	16621	61
833	0	18	80	4220	11485	62
834	4	7	80	4225	14597	66
835	0	18	40	4230	9091	65
836	1	11	60	4235	1791	69
837	1	11	60	4240	2908	67
838	3	16	80	4245	4329	63
839	3	16	60	4250	13776	63
840	3	16	80	4255	6461	68
841	3	16	40	4260	11663	69
842	4	7	60	4265	4986	62
843	0	18	40	4270	48830	67
844	4	7	20	4275	10101	67
845	0	18	60	4280	1689	61
846	1	11	60	4285	4171	67
847	4	7	60	4290	4719	61
848	0	18	80	4295	206	61
849	0	18	20	4300	2046	71
850	0	18	40	4305	21392	62
851	4	7	40	4310	1450	68
852	0	18	40	4315	13182	62
853	1	11	60	4320	6269	64
854	1	11	80	4325	1704	71
855	4	7	80	4330	7416	67
856	0	18	80	4335	6525	62
857	4	7	40	4340	2498	66
858	0	18	80	4345	14446	63
859	1	11	40	4350	8970	70
860	3	16	60	4355	19746	64
861	4	7	20	4360	7730	70
862	3	16	60	4365	7710	63
863	1	11	60	4370	212	63
864	4	7	60	4375	7707	65
865	4	7	20	4380	6054	71
866	3	16	40	4385	8959	69
867	4	7	60	4390	2668	63
868	3	16	80	4395	6973	70
869	0	18	80	4400	5818	71
870	0	18	80	4406	3523	68
871	4	7	20	4412	5	62
872	0	18	80	4418	6863	63
873	0	18	20	4424	1865	67
874	3	16	20	4430	8905	63
875	4	7	40	4436	5647	67
876	4	7	60	4442	55397	70
877	4	7	60	4448	945	70
878	4	7	20	4454	5839	61
879	3	16	40	4460	10933	62
880	3	16	60	4466	4273	70
881	3	16	40	4472	668	62
882	3	16	40	4478	48903	66
883	3	16	80	4484	6542	64
884	3	16	80	4490	3688	66
885	1	11	80	4496	6629	61
886	3	16	60	4502	26042	67
887	4	7	60	4508	3221	69
888	3	16	20	4514	6755	62
889	4	7	20	4520	2137	70
890	4	7	40	4526	1035	63
891	1	11	20	4532	21544	63
892	0	18	60	4538	5065	64
893	1	11	40	4544	10894	64
894	0	18	80	4550	18918	71
895	4	7	60	4556	21822	69
896	0	18	60	4562	1288	67
897	3	16	80	4568	4604	70
898	0	18	60	4574	3815	63
899	4	7	20	4580	1648	67
900	3	16	20	4586	5816	63
901	3	16	80	4592	1047	64
902	0	18	80	4598	15952	63
903	0	18	80	4604	5685	62
904	0	18	20	4610	16289	63
905	0	18	20	4616	21310	61
906	4	7	40	4622	7129	66
907	0	18	40	4628	7321	66
908	3	16	40	4634	16431	61
909	1	11	60	4640	9254	65
910	4	7	40	4646	7436	68
911	1	11	40	4652	4727	64
912	0	18	20	4658	11098	66
913	3	16	40	4664	759	61
914	4	7	60	4670	2411	61
915	4	7	40	4676	14421	62
916	1	11	80	4682	7776	65
917	4	7	60	4688	494	71
918	3	16	80	4694	8557	69
919	3	16	60	4700	453	65
920	1	11	40	4706	6740	65
921	3	16	60	4712	3350	71
922	1	11	60	4718	9998	62
923	3	16	80	4724	3413	71
924	0	18	60	4730	4026	69
925	4	7	60	4736	4412	66
926	4	7	40	4742	6067	69
927	4	7	40	4748	14278	70
928	4	7	40	4754	2875	68
929	4	7	60	4760	10680	65
930	4	7	60	4766	3540	71
931	1	11	60	4772	6593	71
932	3	16	80	4778	10539	67
933	4	7	20	4800	3224	66
934	0	18	20	4804	2074	71
935	0	18	60	4808	2753	66
936	3	16	60	4812	1949	71
937	1	11	40	4816	5372	65
938	3	16	80	4820	9347	61
939	3	16	60	4824	4625	66
940	3	16	60	4828	29060	67
941	1	11	40	4832	3593	62
942	1	11	40	4836	4925	69
943	0	18	40	4840	17281	68
944	0	18	80	4844	7935	63
945	1	11	20	4848	8995	70
946	0	18	20	4852	1607	69
947	1	11	20	4856	3805	64
948	1	11	80	4860	5285	64
949	0	18	40	4864	588	69
950	1	11	60	4868	3002	65
951	0	18	80	4872	744	68
952	0	18	20	4876	12139	62
953	3	16	80	4880	3135	70
954	3	16	60	4884	7674	63
955	4	7	60	4888	1533	64
956	0	18	40	4892	4210	63
957	1	11	80	4896	5814	64
958	4	7	40	4900	961	64
959	0	18	40	4904	4717	69
960	1	11	60	4908	4069	64
961	0	18	80	4912	11339	68
962	0	18	80	4916	2826	70
963	4	7	80	4920	1159	67
964	3	16	80	4924	3178	65
965	3	16	80	4928	358	68
966	3	16	40	4932	10014	68
967	1	11	80	4936	4336	71
968	3	16	40	4940	15856	62
969	4	7	80	4944	27816	67
970	1	11	80	4948	7717	63
971	4	7	60	4952	1138	61
972	1	11	80	4956	3706	70
973	4	7	20	4960	1965	63
974	0	18	20	4964	680	69
975	4	7	20	4968	1861	63
976	1	11	40	4972	17129	63
977	0	18	20	4976	14117	65
978	3	16	20	4980	10131	69
979	3	16	60	4984	10191	70
980	3	16	60	4988	2215	68
981	1	11	20	4992	1329	65
982	1	11	60	4996	3429	67
983	3	16	20	5000	2101	70
984	1	11	80	5004	4412	61
985	3	16	80	5008	2504	64
986	0	18	40	5012	12139	70
987	0	18	20	5016	4192	69
988	1	11	60	5020	10040	64
989	0	18	60	5024	443	67
990	4	7	40	5028	17092	63
991	0	18	60	5032	9624	67
992	3	16	20	5036	3770	61
993	1	11	40	5040	2233	63
994	1	11	80	5044	329	63
995	1	11	60	5048	1945	71
996	1	11	40	5052	531	63
997	1	11	40	5056	3142	63
998	1	11	60	5060	6510	63
999	1	11	20	5064	7042	66
1000	4	7	80	5068	25989	62
1001	4	7	20	5072	11537	69
1002	4	7	80	5076	5810	62
1003	3	16	80	5080	5779	68
1004	4	7	40	5084	4811	67
1005	3	16	20	5088	1590	64
1006	4	7	80	5092	10127	69
1007	0	18	20	5096	6621	71
1008	3	16	80	5100	2224	61
1009	3	16	40	5104	4211	71
1010	3	16	40	5108	2762	61
1011	0	18	20	5112	6949	69
1012	3	16	80	5116	12810	67
1013	0	18	60	5120	3993	66
1014	3	16	80	5124	1821	62
1015	0	18	60	5128	2255	70
1016	3	16	40	5132	4207	61
1017	1	11	80	5136	550	71
1018	1	11	80	5140	9930	66
1019	4	7	20	5144	487	62
1020	1	11	40	5200	2442	70
1021	3	16	40	5204	2923	71
1022	0	18	40	5208	9727	68
1023	1	11	80	5212	13214	66
1024	4	7	60	5216	729	64
1025	0	18	40	5220	20124	67
1026	0	18	60	5224	11312	61
1027	0	18	60	5228	1087	68
1028	3	16	20	5232	1562	71
1029	3	16	40	5236	16055	70
1030	3	16	60	5240	1237	61
1031	4	7	80	5244	6525	61
1032	3	16	60	5248	2538	62
1033	0	18	20	5252	1140	64
1034	4	7	80	5256	11386	69
1035	4	7	60	5260	5205	70
1036	1	11	40	5264	8101	64
1037	3	16	60	5268	14378	70
1038	4	7	60	5272	12079	64
1039	4	7	80	5276	2234	68
1040	4	7	80	5280	6401	67
1041	0	18	20	5284	1965	70
1042	3	16	20	5288	1443	69
1043	3	16	20	5292	2918	65
1044	1	11	40	5296	11481	67
1045	4	7	20	5300	2869	66
1046	1	11	80	5304	18530	61
1047	3	16	40	5308	32506	66
1048	4	7	60	5312	326	62
1049	0	18	40	5316	12665	65
1050	3	16	20	5320	13156	70
1051	0	18	60	5324	48595	64
1052	0	18	60	5328	7611	68
1053	1	11	40	5332	5508	62
1054	0	18	60	5336	3111	67
1055	0	18	40	5340	8514	63
1056	4	7	80	5344	495	62
1057	1	11	20	5348	9848	67
1058	3	16	40	5352	4458	65
1059	3	16	20	5356	6087	71
1060	1	11	60	5360	4405	64
1061	3	16	40	5364	7149	61
1062	1	11	80	5368	3895	71
1063	4	7	40	5372	3787	62
1064	0	18	80	5376	2473	71
1065	3	16	40	5380	10603	61
1066	1	11	40	5384	2951	67
1067	3	16	60	5388	8761	64
1068	0	18	80	5392	8038	69
1069	3	16	20	5396	10337	63
1070	3	16	20	5400	7510	66
1071	0	18	80	5404	6840	63
1072	3	16	40	5408	2711	68
1073	3	16	20	5412	5038	69
1074	0	18	40	5416	5679	67
1075	1	11	20	5420	371	71
1076	0	18	20	5424	1216	62
1077	1	11	20	5428	4058	64
1078	0	18	40	5432	379	71
1079	0	18	40	5436	12323	70
1080	4	7	60	5440	143	67
1081	3	16	20	5444	11899	66
1082	1	11	80	5448	729	67
1083	1	11	60	5452	3860	67
1084	4	7	20	5456	483	61
1085	1	11	20	5460	1258	68
1086	4	7	40	5464	23037	64
1087	0	18	20	5468	11905	61
1088	0	18	60	5472	13313	68
1089	4	7	40	5476	878	66
1090	4	7	60	5480	4334	69
1091	4	7	20	5484	21130	68
1092	0	18	20	5488	4180	65
1093	0	18	40	5492	2262	65
1094	3	16	40	5496	13728	65
1095	0	18	40	5500	25728	66
1096	3	16	20	5504	14285	71
1097	3	16	80	5508	12406	68
1098	3	16	40	5512	323	66
1099	3	16	80	5516	224	66
1100	1	11	60	5520	39573	70
1101	4	7	20	5524	2151	68
1102	3	16	40	5528	3432	69
1103	0	18	40	5532	3022	71
1104	3	16	20	5536	1643	70
1105	3	16	40	5540	2113	67
1106	3	16	40	5544	9909	67
1107	3	16	40	5600	1267	70
1108	1	11	20	5604	36377	67
1109	4	7	40	5608	2593	67
1110	4	7	40	5612	5772	62
1111	1	11	60	5616	8680	70
1112	1	11	60	5620	8669	67
1113	1	11	20	5624	8207	67
1114	4	7	60	5628	5788	64
1115	3	16	40	5632	8384	70
1116	1	11	60	5636	5604	66
1117	4	7	40	5640	21	64
1118	4	7	20	5644	3067	61
1119	3	16	80	5648	1026	63
1120	4	7	20	5652	12502	68
1121	0	18	20	5656	6114	67
1122	3	16	20	5660	15440	67
1123	0	18	60	5664	6037	63
1124	3	16	60	5668	2934	65
1125	4	7	20	5672	9120	69
1126	0	18	60	5676	1468	70
1127	1	11	80	5680	336	63
1128	4	7	80	5684	8332	65
1129	4	7	80	5688	6360	61
1130	3	16	80	5692	1916	61
1131	1	11	40	5696	3484	66
1132	4	7	80	5700	3548	69
1133	1	11	60	5704	151	66
1134	4	7	60	5708	12593	61
1135	4	7	40	5712	12185	71
1136	0	18	80	5716	4428	68
1137	0	18	60	5720	11846	67
1138	4	7	40	5724	1755	69
1139	0	18	80	5728	14012	66
1140	4	7	60	5732	4572	61
1141	1	11	80	5736	12770	66
1142	4	7	20	5740	12289	65
1143	0	18	20	5744	6104	62
1144	4	7	20	5748	7133	65
1145	3	16	20	5752	11290	71
1146	1	11	60	5756	2485	62
1147	3	16	20	5760	11601	70
1148	0	18	80	5764	10513	62
1149	4	7	20	5768	1498	67
1150	4	7	80	5772	4873	71
1151	3	16	80	5776	14157	67
1152	3	16	60	5780	5070	67
1153	4	7	60	5784	20129	64
1154	4	7	60	5788	2165	69
1155	0	18	60	5792	4907	63
1156	1	11	80	5796	3836	62
1157	1	11	80	5800	13677	67
1158	1	11	80	5804	60	66
1159	3	16	20	5808	5634	61
1160	3	16	80	5812	533	69
1161	0	18	60	5816	8846	65
1162	3	16	60	5820	5535	66
1163	3	16	20	5824	4652	66
1164	0	18	40	5828	527	67
1165	3	16	80	5832	1403	68
1166	3	16	80	5836	2897	61
1167	0	18	20	5840	8238	62
1168	3	16	40	5844	15108	67
1169	0	18	20	5848	10564	65
1170	3	16	40	5852	2031	62
1171	0	18	20	5856	10508	71
1172	0	18	80	5860	13106	67
1173	3	16	40	5864	5417	66
1174	3	16	20	5868	9242	62
1175	1	11	40	5872	39818	63
1176	1	11	20	5876	11075	62
1177	1	11	20	5880	3098	66
1178	1	11	60	5884	22482	70
1179	0	18	40	5888	6404	66
1180	1	11	60	5892	4263	68
1181	1	11	40	5896	4116	61
1182	0	18	80	5900	2966	62
1183	4	7	80	5904	5173	70
1184	0	18	20	5908	774	62
1185	4	7	20	5912	3868	65
1186	4	7	80	5916	17209	70
1187	4	7	40	5920	4624	66
1188	3	16	80	5924	12170	68
1189	3	16	20	5928	3255	69
1190	3	16	60	5932	4099	70
1191	4	7	20	5936	7452	62
1192	4	7	60	5940	11585	62
1193	0	18	40	6000	9406	69
1194	3	16	80	6005	11484	69
1195	4	7	20	6010	11629	68
1196	3	16	40	6015	2829	61
1197	1	11	80	6020	3370	71
1198	4	7	60	6025	5077	66
1199	1	11	20	6030	4484	69
1200	4	7	20	6035	4816	70
1201	1	11	40	6040	7828	71
1202	4	7	80	6045	19888	63
1203	0	18	60	6050	51111	68
1204	1	11	60	6055	23439	65
1205	3	16	80	6060	10329	61
1206	3	16	20	6065	193	61
1207	4	7	20	6070	30343	62
1208	0	18	40	6075	2134	62
1209	1	11	40	6080	2238	67
1210	4	7	40	6085	9875	61
1211	4	7	80	6090	494	67
1212	4	7	20	6095	16912	68
1213	0	18	40	6100	4879	71
1214	1	11	60	6105	776	64
1215	0	18	40	6110	8683	69
1216	4	7	60	6115	3560	63
1217	4	7	60	6120	187	68
1218	1	11	20	6125	3430	65
1219	1	11	40	6130	9126	62
1220	4	7	20	6135	2597	69
1221	3	16	60	6140	16005	66
1222	1	11	20	6145	15806	65
1223	0	18	40	6150	5779	69
1224	1	11	60	6155	3227	67
1225	4	7	40	6160	7702	61
1226	1	11	40	6165	27084	69
1227	4	7	40	6170	970	69
1228	0	18	40	6175	10473	69
1229	4	7	20	6180	20079	65
1230	4	7	80	6185	9503	63
1231	0	18	20	6190	4162	63
1232	1	11	40	6195	15240	71
1233	0	18	60	6200	5718	62
1234	1	11	40	6205	830	68
1235	0	18	20	6210	12444	69
1236	3	16	60	6215	5315	69
1237	0	18	20	6220	2986	65
1238	3	16	40	6225	6034	65
1239	1	11	20	6230	3660	62
1240	1	11	80	6235	3564	65
1241	4	7	60	6240	18930	69
1242	3	16	80	6245	1833	64
1243	0	18	60	6250	6169	62
1244	3	16	60	6255	7852	68
1245	3	16	60	6260	3337	63
1246	4	7	80	6265	10380	65
1247	3	16	20	6270	2949	62
1248	4	7	60	6275	7310	65
1249	1	11	40	6280	840	61
1250	4	7	40	6285	4181	66
1251	4	7	60	6290	2570	65
1252	4	7	80	6295	42587	66
1253	3	16	40	6300	12464	65
1254	3	16	80	6305	1317	71
1255	0	18	60	6310	7085	64
1256	4	7	40	6315	11511	66
1257	3	16	40	6320	4117	66
1258	3	16	20	6325	8780	62
1259	3	16	20	6330	3184	65
1260	0	18	40	6335	11380	63
1261	4	7	60	6340	19232	63
1262	4	7	60	6400	2275	64
1263	1	11	20	6404	3032	69
1264	3	16	40	6408	6368	64
1265	4	7	20	6412	2891	70
1266	3	16	40	6416	1872	67
1267	4	7	60	6420	3677	67
1268	4	7	20	6424	3546	64
1269	0	18	60	6428	2893	66
1270	3	16	80	6432	1556	61
1271	4	7	40	6436	390	69
1272	1	11	40	6440	5442	63
1273	4	7	80	6444	31924	63
1274	4	7	40	6448	3096	68
1275	4	7	60	6452	3710	61
1276	4	7	60	6456	8628	63
1277	1	11	40	6460	3130	64
1278	3	16	60	6464	17598	61
1279	4	7	80	6468	37594	64
1280	4	7	60	6472	17761	67
1281	4	7	20	6476	8578	67
1282	4	7	80	6480	5793	64
1283	4	7	80	6484	7957	69
1284	0	18	60	6488	5733	70
1285	4	7	40	6492	4363	70
1286	1	11	40	6496	4228	68
1287	3	16	80	6500	509	66
1288	1	11	60	6504	3556	63
1289	0	18	60	6508	5722	64
1290	0	18	60	6512	211	64
1291	0	18	20	6516	694	63
1292	1	11	20	6520	8290	64
1293	4	7	20	6524	1797	71
1294	1	11	60	6528	7498	70
1295	3	16	40	6532	4780	62
1296	0	18	80	6536	8598	65
1297	1	11	80	6540	17613	67
1298	3	16	40	6544	35803	69
1299	4	7	60	6548	3108	70
1300	0	18	20	6552	1136	68
1301	4	7	20	6556	3548	70
1302	3	16	20	6560	24008	70
1303	3	16	20	6564	2801	70
1304	4	7	60	6568	20512	61
1305	4	7	80	6572	3563	69
1306	3	16	20	6576	12158	62
1307	4	7	80	6580	109	64
1308	4	7	20	6584	5056	68
1309	3	16	40	6588	12138	70
1310	0	18	20	6592	21012	62
1311	3	16	80	6596	4624	63
1312	0	18	80	6600	5758	65
1313	4	7	20	6604	9001	70
1314	3	16	60	6608	4595	70
1315	0	18	40	6612	852	68
1316	4	7	80	6616	4012	70
1317	4	7	80	6620	7685	66
1318	1	11	40	6624	13030	70
1319	4	7	80	6628	1100	66
1320	1	11	80	6632	17858	62
1321	0	18	60	6636	1271	61
1322	1	11	20	6640	77	65
1323	4	7	60	6644	15024	71
1324	0	18	80	6648	2599	63
1325	1	11	60	6652	786	69
1326	3	16	20	6656	4119	66
1327	1	11	40	6660	2765	64
1328	3	16	40	6664	3737	65
1329	1	11	80	6668	16389	66
1330	4	7	60	6672	9970	68
1331	3	16	80	6676	11776	67
1332	3	16	20	6680	3266	66
1333	3	16	20	6684	6699	62
1334	3	16	80	6688	15643	68
1335	0	18	40	6692	6093	68
1336	0	18	20	6696	9834	68
1337	0	18	60	6700	1985	66
1338	0	18	40	6704	9824	69
1339	0	18	60	6708	1320	62
1340	0	18	40	6712	8153	68
1341	1	11	60	6716	4046	65
1342	4	7	80	6720	7195	70
1343	4	7	40	6724	6906	64
1344	4	7	40	6728	7003	63
1345	3	16	60	6732	7076	62
1346	4	7	40	6800	6751	70
1347	1	11	20	6804	27999	65
1348	1	11	60	6808	11559	61
1349	0	18	40	6812	5660	63
1350	3	16	60	6816	456	64
1351	0	18	20	6820	337	70
1352	0	18	40	6824	715	68
1353	4	7	40	6828	15734	64
1354	1	11	60	6832	4486	69
1355	0	18	60	6836	33814	67
1356	1	11	20	6840	3429	65
1357	4	7	40	6844	870	71
1358	3	16	20	6848	145	68
1359	1	11	80	6852	14146	63
1360	1	11	80	6856	25170	63
1361	1	11	80	6860	5370	69
1362	0	18	40	6864	8182	70
1363	1	11	20	6868	7278	62
1364	3	16	60	6872	565	62
1365	3	16	40	6876	1367	66
1366	4	7	80	6880	876	68
1367	1	11	60	6884	23340	64
1368	0	18	40	6888	13582	63
1369	3	16	20	6892	18734	62
1370	0	18	20	6896	4001	71
1371	3	16	20	6900	1534	65
1372	4	7	40	6904	19281	69
1373	0	18	60	6908	8436	68
1374	3	16	60	6912	5377	69
1375	0	18	20	6916	5477	68
1376	0	18	60	6920	6455	63
1377	3	16	80	6924	4516	61
1378	4	7	20	6928	2450	68
1379	1	11	20	6932	9377	62
1380	1	11	40	6936	5932	71
1381	0	18	80	6940	4534	61
1382	4	7	60	6944	6006	63
1383	3	16	80	6948	16081	62
1384	4	7	40	6952	13526	63
1385	4	7	60	6956	8897	69
1386	3	16	60	6960	9241	70
1387	4	7	80	6964	5156	63
1388	0	18	40	6968	1187	65
1389	3	16	20	6972	16515	61
1390	3	16	20	6976	1631	63
1391	1	11	80	6980	7418	69
1392	1	11	40	6984	1802	69
1393	4	7	40	6988	16815	66
1394	4	7	80	6992	1737	70
1395	3	16	40	6996	1301	71
1396	1	11	20	7000	11303	66
1397	3	16	60	7004	43787	68
1398	0	18	60	7008	5706	62
1399	0	18	20	7012	4443	68
1400	3	16	80	7016	5282	65
1401	3	16	60	7020	7826	67
1402	0	18	80	7024	1327	63
1403	4	7	40	7028	15751	71
1404	0	18	40	7032	964	64
1405	4	7	40	7036	17022	70
1406	1	11	60	7040	1124	61
1407	4	7	60	7044	4551	61
1408	0	18	60	7048	3705	66
1409	1	11	60	7052	21682	61
1410	4	7	80	7056	4519	65
1411	4	7	40	7060	19933	65
1412	0	18	40	7064	14626	63
1413	1	11	20	7068	3176	66
1414	4	7	60	7072	2919	64
1415	0	18	80	7076	5944	63
1416	3	16	20	7080	25936	67
1417	3	16	60	7084	11911	68
1418	3	16	60	7088	12178	71
1419	4	7	20	7092	4047	64
1420	0	18	60	7096	5111	68
1421	4	7	20	7100	7925	66
1422	0	18	40	7104	13200	70
1423	1	11	20	7108	23031	63
1424	4	7	80	7112	10164	70
1425	4	7	40	7116	12456	63
1426	0	18	80	7120	28836	67
1427	4	7	80	7124	263	64
1428	1	11	80	7128	4877	70
1429	0	18	40	7200	3314	70
1430	3	16	20	7204	10752	63
1431	3	16	20	7208	6531	67
1432	1	11	20	7212	20351	70
1433	3	16	80	7216	14544	61
1434	3	16	40	7220	1855	69
1435	4	7	60	7224	18384	64
1436	4	7	20	7228	2625	70
1437	0	18	40	7232	8812	63
1438	3	16	60	7236	11169	70
1439	4	7	20	7240	21832	65
1440	1	11	80	7244	6213	68
1441	3	16	20	7248	2313	70
1442	4	7	20	7252	882	68
1443	4	7	80	7256	1830	64
1444	4	7	20	7260	4659	68
1445	4	7	80	7264	2487	70
1446	0	18	40	7268	11586	66
1447	0	18	40	7272	16574	64
1448	4	7	80	7276	6789	62
1449	3	16	20	7280	8889	68
1450	0	18	20	7284	1678	64
1451	4	7	60	7288	32219	69
1452	0	18	80	7292	1926	68
1453	0	18	40	7296	958	69
1454	0	18	60	7300	24640	61
1455	4	7	80	7304	15430	71
1456	1	11	40	7308	13546	68
1457	4	7	60	7312	1876	71
1458	4	7	40	7316	1216	61
1459	1	11	20	7320	3136	61
1460	3	16	40	7324	19096	63
1461	1	11	60	7328	831	69
1462	3	16	80	7332	30320	62
1463	0	18	40	7336	256	68
1464	3	16	60	7340	1728	70
1465	0	18	80	7344	16549	69
1466	1	11	20	7348	43753	66
1467	1	11	40	7352	13	63
1468	3	16	60	7356	1029	68
1469	4	7	80	7360	4169	71
1470	1	11	60	7364	2243	64
1471	1	11	80	7368	2776	64
1472	4	7	20	7372	177	70
1473	3	16	60	7376	15022	67
1474	3	16	40	7380	15561	68
1475	3	16	60	7384	1997	69
1476	0	18	20	7388	5942	70
1477	1	11	60	7392	7400	67
1478	3	16	20	7396	5582	67
1479	0	18	20	7400	4812	61
1480	3	16	80	7404	195	68
1481	0	18	40	7408	831	64
1482	0	18	20	7412	4935	62
1483	3	16	60	7416	12319	62
1484	4	7	20	7420	1299	66
1485	4	7	60	7424	11318	65
1486	3	16	20	7428	3372	70
1487	1	11	80	7432	13225	61
1488	3	16	40	7436	17206	61
1489	4	7	40	7440	3474	70
1490	3	16	40	7444	697	68
1491	0	18	40	7448	586	70
1492	0	18	80	7452	5982	63
1493	1	11	40	7456	4470	69
1494	0	18	80	7460	215	62
1495	4	7	20	7464	4658	71
1496	4	7	40	7468	2558	68
1497	4	7	60	7472	605	61
1498	0	18	20	7476	81	66
1499	3	16	20	7480	6711	70
1500	1	11	80	7484	2534	64
1501	4	7	80	7488	11530	64
1502	3	16	60	7492	11195	67
1503	0	18	20	7496	1450	62
1504	1	11	40	7500	4444	64
1505	3	16	20	7504	18106	61
1506	4	7	40	7508	25803	71
1507	1	11	40	7512	3657	62
1508	3	16	20	7516	2363	62
1509	3	16	80	7520	10565	63
1510	3	16	80	7600	3208	61
1511	4	7	80	7605	1912	62
1512	1	11	60	7610	9813	65
1513	4	7	40	7615	9343	61
1514	3	16	20	7620	2854	65
1515	3	16	80	7625	13258	71
1516	1	11	60	7630	8134	67
1517	0	18	20	7635	1703	61
1518	0	18	40	7640	17065	62
1519	4	7	20	7645	4599	66
1520	3	16	80	7650	6034	71
1521	0	18	40	7655	1658	66
1522	4	7	20	7660	1004	63
1523	3	16	20	7665	11704	70
1524	1	11	40	7670	3117	64
1525	1	11	40	7675	1528	66
1526	1	11	20	7680	11642	62
1527	3	16	60	7685	7207	61
1528	3	16	60	7690	13738	65
1529	3	16	20	7695	4298	68
1530	3	16	40	7700	23537	62
1531	1	11	40	7705	4802	70
1532	1	11	40	7710	7197	62
1533	4	7	20	7715	21805	68
1534	4	7	20	7720	1593	68
1535	3	16	80	7725	2417	65
1536	1	11	80	7730	3390	68
1537	4	7	80	7735	2791	61
1538	1	11	20	7740	3562	70
1539	0	18	80	7745	2343	66
1540	0	18	20	7750	12747	65
1541	0	18	60	7755	30185	68
1542	3	16	60	7760	6436	70
1543	4	7	60	7765	1305	69
1544	0	18	60	7770	176	69
1545	3	16	60	7775	16374	67
1546	4	7	60	7780	3619	65
1547	0	18	40	7785	14541	62
1548	3	16	20	7790	1095	65
1549	1	11	80	7795	1959	62
1550	3	16	60	7800	13000	64
1551	4	7	20	7805	683	68
1552	3	16	20	7810	1699	70
1553	1	11	20	7815	6806	71
1554	0	18	20	7820	311	71
1555	1	11	60	7825	704	70
1556	0	18	80	7830	8292	62
1557	4	7	40	7835	33493	68
1558	3	16	60	7840	14813	70
1559	0	18	20	7845	2326	70
1560	0	18	20	7850	1107	71
1561	0	18	80	7855	3651	71
1562	4	7	60	7860	6325	68
1563	4	7	20	7865	14669	66
1564	4	7	40	7870	12327	62
1565	1	11	40	7875	16900	63
1566	3	16	60	7880	7725	61
1567	1	11	60	7885	11836	68
1568	0	18	20	7890	5681	65
1569	0	18	40	7895	320	61
1570	0	18	20	7900	4986	64
1571	1	11	60	7905	3368	67
1572	3	16	20	7910	14291	62
1573	4	7	40	7915	7901	67
1574	3	16	80	7920	8184	61
1575	1	11	40	7925	6435	63
1576	1	11	60	7930	8051	67
1577	4	7	60	7935	27412	65
1578	1	11	40	7940	10982	62
1579	3	16	80	7945	4810	68
1580	1	11	60	7950	13285	61
1581	0	18	60	7955	21168	71
1582	0	18	40	7960	5015	67
1583	0	18	80	7965	7394	64
1584	0	18	40	7970	7585	65
1585	4	7	40	7975	16038	65
1586	3	16	40	7980	2408	71
1587	4	7	20	7985	164	62
1588	4	7	80	8000	18134	69
1589	1	11	60	8005	809	69
1590	3	16	20	8010	7646	63
1591	3	16	40	8015	3578	71
1592	0	18	20	8020	4805	63
1593	1	11	20	8025	905	71
1594	4	7	80	8030	1065	67
1595	0	18	40	8035	4501	65
1596	1	11	80	8040	4504	61
1597	4	7	60	8045	9973	65
1598	4	7	20	8050	3629	68
1599	4	7	40	8055	1232	66
1600	4	7	20	8060	2317	67
1601	1	11	20	8065	7165	69
1602	0	18	40	8070	3193	68
1603	3	16	80	8075	742	65
1604	1	11	60	8080	11200	70
1605	0	18	80	8085	4921	69
1606	0	18	20	8090	2296	66
1607	3	16	60	8095	6637	63
1608	4	7	20	8100	21557	71
1609	3	16	80	8105	5316	69
1610	0	18	20	8110	4779	64
1611	0	18	20	8115	9061	68
1612	1	11	80	8120	2176	67
1613	0	18	80	8125	3969	62
1614	3	16	40	8130	4672	70
1615	0	18	40	8135	1787	71
1616	0	18	40	8140	18473	65
1617	4	7	80	8145	22957	65
1618	4	7	60	8150	2066	61
1619	0	18	20	8155	20256	68
1620	3	16	20	8160	7721	64
1621	3	16	40	8165	7309	71
1622	1	11	60	8170	16693	71
1623	3	16	40	8175	4250	67
1624	1	11	20	8180	4410	69
1625	1	11	60	8185	871	64
1626	0	18	40	8190	17812	65
1627	1	11	80	8195	10340	63
1628	4	7	60	8200	5591	61
1629	3	16	60	8205	1887	67
1630	0	18	40	8210	1042	63
1631	3	16	80	8215	20402	62
1632	0	18	40	8220	7385	68
1633	3	16	20	8225	7406	67
1634	3	16	80	8230	1788	62
1635	0	18	60	8235	1970	63
1636	0	18	40	8240	7328	64
1637	3	16	40	8245	3787	63
1638	3	16	20	8250	15165	66
1639	4	7	60	8255	1329	68
1640	4	7	20	8260	7653	71
1641	4	7	60	8265	9530	68
1642	0	18	80	8270	736	62
1643	1	11	20	8275	4232	61
1644	1	11	60	8280	8318	66
1645	3	16	80	8285	22201	66
1646	1	11	40	8290	1045	64
1647	0	18	40	8295	498	61
1648	3	16	60	8300	8740	62
1649	4	7	40	8305	20659	68
1650	0	18	80	8310	6034	61
1651	3	16	20	8315	5343	67
1652	4	7	20	8320	5307	64
1653	4	7	20	8325	4699	61
1654	0	18	40	8330	5934	63
1655	1	11	60	8335	8458	68
1656	4	7	40	8340	10063	70
1657	3	16	80	8345	19914	61
1658	0	18	60	8350	8744	68
1659	4	7	20	8355	8404	66
1660	4	7	40	8400	6702	64
1661	3	16	20	8405	5939	64
1662	3	16	20	8410	502	63
1663	1	11	40	8415	10247	64
1664	3	16	40	8420	3612	66
1665	3	16	20	8425	6003	62
1666	0	18	80	8430	624	61
1667	3	16	80	8435	8049	61
1668	1	11	80	8440	1693	71
1669	3	16	80	8445	2028	67
1670	4	7	80	8450	7337	67
1671	3	16	80	8455	5930	63
1672	0	18	60	8460	785	71
1673	4	7	20	8465	619	65
1674	1	11	80	8470	2907	69
1675	4	7	40	8475	20499	67
1676	3	16	40	8480	5723	69
1677	0	18	60	8485	5004	70
1678	1	11	80	8490	11607	62
1679	4	7	40	8495	5327	63
1680	0	18	40	8500	31576	71
1681	0	18	80	8505	14254	64
1682	3	16	20	8510	501	61
1683	4	7	20	8515	6911	65
1684	1	11	80	8520	9129	67
1685	3	16	40	8525	8060	67
1686	3	16	80	8530	4596	70
1687	0	18	40	8535	1380	68
1688	1	11	60	8540	667	65
1689	1	11	20	8545	6348	66
1690	0	18	20	8550	5586	65
1691	1	11	60	8555	9187	63
1692	1	11	80	8560	9966	66
1693	4	7	20	8565	1780	71
1694	0	18	20	8570	7050	64
1695	0	18	20	8575	770	67
1696	0	18	60	8580	8069	66
1697	4	7	60	8585	3641	70
1698	3	16	80	8590	389	66
1699	4	7	60	8595	1010	65
1700	3	16	20	8600	15879	66
1701	3	16	40	8605	5356	64
1702	4	7	60	8610	16303	62
1703	0	18	80	8615	4647	66
1704	4	7	60	8620	3133	61
1705	3	16	80	8625	49	70
1706	1	11	40	8630	4003	67
1707	4	7	20	8635	4226	71
1708	3	16	40	8640	1202	63
1709	1	11	80	8645	7347	67
1710	4	7	40	8650	1221	70
1711	4	7	80	8655	2309	71
1712	0	18	20	8660	1313	71
1713	1	11	40	8665	1574	65
1714	3	16	60	8670	8858	66
1715	4	7	40	8675	10644	61
1716	4	7	80	8680	4977	63
1717	3	16	80	8685	5268	69
1718	4	7	60	8690	340	69
1719	0	18	80	8695	10429	71
1720	4	7	40	8700	761	63
1721	4	7	60	8705	19864	64
1722	1	11	40	8710	6465	67
1723	4	7	80	8715	8239	66
1724	3	16	60	8720	10224	62
1725	3	16	20	8725	19957	65
1726	0	18	20	8730	13337	68
1727	0	18	40	8735	17952	61
1728	4	7	80	8740	5367	62
1729	0	18	80	8745	1915	62
1730	3	16	80	8750	2712	62
1731	3	16	80	8755	1255	70
1732	1	11	80	8760	4323	64
1733	3	16	20	8800	8330	69
1734	0	18	20	8804	7816	68
1735	1	11	80	8808	5427	67
1736	0	18	40	8812	26152	62
1737	3	16	40	8816	7744	66
1738	0	18	60	8820	2349	64
1739	4	7	80	8824	8977	68
1740	0	18	80	8828	2207	71
1741	3	16	60	8832	216	71
1742	3	16	80	8836	153	66
1743	0	18	60	8840	5219	70
1744	3	16	80	8844	4168	67
1745	1	11	40	8848	2321	65
1746	1	11	60	8852	6065	63
1747	0	18	40	8856	6102	62
1748	0	18	40	8860	6039	65
1749	0	18	60	8864	15181	64
1750	1	11	20	8868	7922	65
1751	1	11	60	8872	1327	68
1752	0	18	80	8876	3133	61
1753	3	16	80	8880	3074	67
1754	4	7	40	8884	225	62
1755	3	16	60	8888	23363	63
1756	1	11	20	8892	21712	69
1757	0	18	80	8896	2056	68
1758	3	16	20	8900	10161	65
1759	1	11	40	8904	4174	67
1760	1	11	80	8908	1734	63
1761	0	18	80	8912	5541	67
1762	0	18	20	8916	20368	70
1763	1	11	40	8920	20898	61
1764	4	7	20	8924	3006	65
1765	0	18	40	8928	44843	61
1766	1	11	20	8932	14328	68
1767	3	16	80	8936	5615	63
1768	0	18	20	8940	6478	69
1769	1	11	80	8944	1557	71
1770	4	7	20	8948	11887	70
1771	1	11	60	8952	14815	68
1772	3	16	20	8956	2069	66
1773	4	7	60	8960	3660	62
1774	4	7	20	8964	5345	71
1775	0	18	60	8968	530	64
1776	0	18	60	8972	18223	70
1777	0	18	60	8976	624	69
1778	0	18	80	8980	2162	70
1779	0	18	40	8984	5072	68
1780	0	18	40	8988	3901	62
1781	0	18	80	8992	2601	67
1782	0	18	80	8996	3620	67
1783	3	16	40	9000	8143	69
1784	4	7	80	9004	7023	69
1785	0	18	20	9008	1156	65
1786	1	11	80	9012	13774	70
1787	4	7	80	9016	829	69
1788	3	16	80	9020	7723	67
1789	1	11	60	9024	9052	66
1790	4	7	60	9028	6547	70
1791	4	7	60	9032	10631	66
1792	4	7	20	9036	18497	62
1793	3	16	20	9040	15064	69
1794	3	16	20	9044	5224	65
1795	4	7	80	9048	10817	65
1796	3	16	60	9052	887	62
1797	0	18	60	9056	775	65
1798	0	18	60	9060	1451	65
1799	3	16	60	9064	4218	67
1800	0	18	40	9068	4339	69
1801	3	16	80	9072	220	61
1802	4	7	20	9076	30746	65
1803	4	7	60	9080	3483	66
1804	1	11	60	9084	635	65
1805	4	7	40	9088	12314	68
1806	4	7	60	9092	20724	63
1807	1	11	20	9096	25141	71
1808	3	16	80	9100	14255	68
1809	4	7	60	9104	26518	69
1810	1	11	80	9108	398	64
1811	0	18	60	9112	15651	61
1812	0	18	80	9116	36739	69
1813	1	11	80	9120	2297	68
1814	1	11	80	9124	166	66
1815	1	11	20	9128	19943	68
1816	0	18	80	9132	1167	61
1817	3	16	80	9136	2660	61
1818	3	16	60	9140	3351	64
1819	4	7	80	9144	1574	71
1820	3	16	40	9148	1539	62
1821	1	11	20	9200	10617	71
1822	0	18	80	9205	17314	67
1823	3	16	40	9210	16803	63
1824	1	11	20	9215	7699	61
1825	4	7	40	9220	313	65
1826	3	16	60	9225	22795	67
1827	0	18	20	9230	3824	69
1828	1	11	60	9235	17489	68
1829	0	18	20	9240	10963	67
1830	3	16	80	9245	25573	63
1831	0	18	20	9250	13083	66
1832	0	18	20	9255	19186	64
1833	3	16	40	9260	14036	64
1834	0	18	20	9265	417	70
1835	3	16	60	9270	3556	61
1836	1	11	60	9275	2841	63
1837	0	18	40	9280	88	61
1838	1	11	60	9285	6609	65
1839	4	7	40	9290	12831	62
1840	1	11	60	9295	1881	63
1841	0	18	80	9300	15985	70
1842	0	18	20	9305	2482	61
1843	4	7	20	9310	8526	70
1844	0	18	80	9315	7930	63
1845	4	7	20	9320	9638	69
1846	4	7	80	9325	10943	68
1847	1	11	40	9330	8428	65
1848	1	11	20	9335	14049	63
1849	0	18	80	9340	6608	69
1850	4	7	80	9345	7442	64
1851	0	18	80	9350	13813	62
1852	3	16	80	9355	11093	61
1853	1	11	60	9360	34948	65
1854	4	7	20	9365	2140	65
1855	3	16	20	9370	9213	70
1856	3	16	80	9375	1224	66
1857	0	18	60	9380	851	62
1858	3	16	60	9385	10623	65
1859	1	11	40	9390	309	61
1860	1	11	80	9395	14829	62
1861	3	16	60	9400	6299	66
1862	0	18	40	9405	573	64
1863	3	16	80	9410	716	61
1864	0	18	60	9415	36	66
1865	1	11	80	9420	2231	70
1866	0	18	40	9425	23886	68
1867	1	11	60	9430	1422	66
1868	0	18	60	9435	1772	69
1869	3	16	40	9440	8671	65
1870	0	18	40	9445	7705	66
1871	4	7	60	9450	1066	71
1872	0	18	20	9455	10201	67
1873	3	16	40	9460	6271	63
1874	1	11	40	9465	27796	69
1875	3	16	60	9470	2976	64
1876	1	11	80	9475	5048	70
1877	1	11	60	9480	2087	68
1878	3	16	60	9485	2287	61
1879	3	16	20	9490	19989	63
1880	0	18	40	9495	2774	68
1881	0	18	20	9500	2749	62
1882	4	7	80	9505	6437	66
1883	0	18	80	9510	3149	70
1884	1	11	20	9515	1210	63
1885	3	16	20	9520	1178	62
1886	3	16	20	9525	452	65
1887	3	16	60	9530	20388	70
1888	4	7	20	9535	7177	70
1889	3	16	80	9540	3658	61
1890	0	18	60	9545	1955	67
1891	0	18	80	9550	1765	61
1892	3	16	80	9555	2583	67
1893	4	7	40	9560	5945	64
1894	3	16	60	9600	24904	71
1895	3	16	20	9604	8740	69
1896	0	18	40	9608	12687	67
1897	1	11	40	9612	1598	71
1898	3	16	40	9616	8421	64
1899	3	16	80	9620	3894	65
1900	3	16	60	9624	11114	61
1901	1	11	20	9628	6988	63
1902	0	18	60	9632	4819	67
1903	3	16	80	9636	1448	70
1904	0	18	40	9640	23041	64
1905	4	7	40	9644	5242	65
1906	4	7	60	9648	856	66
1907	4	7	60	9652	1852	70
1908	4	7	20	9656	147	68
1909	0	18	60	9660	20626	62
1910	0	18	20	9664	1945	61
1911	0	18	20	9668	19473	69
1912	1	11	20	9672	15299	62
1913	0	18	40	9676	13593	63
1914	1	11	80	9680	10925	65
1915	0	18	60	9684	6433	61
1916	4	7	80	9688	38846	71
1917	4	7	60	9692	10892	65
1918	1	11	60	9696	23234	70
1919	3	16	60	9700	16173	65
1920	4	7	60	9704	1670	65
1921	3	16	80	9708	224	70
1922	3	16	40	9712	6762	68
1923	3	16	60	9716	14258	69
1924	3	16	60	9720	4707	70
1925	4	7	60	9724	4362	65
1926	1	11	80	9728	15117	64
1927	1	11	60	9732	1747	63
1928	0	18	60	9736	7090	63
1929	4	7	40	9740	2903	71
1930	3	16	20	9744	5795	68
1931	0	18	60	9748	2705	70
1932	3	16	40	9752	6914	64
1933	0	18	60	9756	15916	68
1934	4	7	60	9760	1462	62
1935	3	16	40	9764	9919	66
1936	4	7	60	9768	14576	66
1937	0	18	80	9772	3917	67
1938	4	7	40	9776	3844	67
1939	1	11	80	9780	8624	70
1940	4	7	60	9784	289	68
1941	3	16	60	9788	15087	66
1942	3	16	40	9792	18705	63
1943	3	16	60	9796	8825	69
1944	1	11	80	9800	1310	61
1945	4	7	60	9804	2905	69
1946	4	7	60	9808	3393	71
1947	3	16	40	9812	4911	65
1948	1	11	60	9816	12099	71
1949	3	16	80	9820	4126	71
1950	4	7	20	9824	8928	69
1951	0	18	60	9828	422	62
1952	4	7	60	9832	2152	62
1953	0	18	80	9836	12237	71
1954	4	7	40	9840	1755	71
1955	0	18	60	9844	10271	63
1956	4	7	80	9848	96	67
1957	3	16	80	9852	7757	70
1958	4	7	40	9856	10204	61
1959	1	11	80	9860	5930	70
1960	1	11	40	9864	7993	61
1961	1	11	80	9868	18853	63
1962	4	7	80	9872	7716	68
1963	0	18	80	9876	10011	68
1964	3	16	40	9880	4203	65
1965	0	18	40	9884	21156	62
1966	3	16	80	9888	3247	66
1967	1	11	40	9892	36110	66
1968	0	18	80	9896	8401	61
1969	3	16	60	9900	278	70
1970	0	18	20	9904	10020	66
1971	3	16	80	9908	7431	65
1972	0	18	40	9912	3597	70
1973	0	18	80	9916	2688	61
1974	3	16	80	9920	14274	68
1975	0	18	80	9924	3325	70
1976	4	7	60	9928	1060	67
1977	4	7	60	9932	18615	71
1978	0	18	80	9936	9131	69
1979	4	7	20	9940	1208	61
1980	0	18	80	9944	620	66
1981	4	7	60	9948	3955	71
1982	4	7	20	9952	4311	64
1983	1	11	80	9956	1634	63
1984	4	7	20	9960	7996	63
1985	1	11	60	10000	4987	67
1986	0	18	20	10026	419	69
1987	3	16	40	10052	12687	65
1988	1	11	40	10078	8777	68
1989	4	7	80	10104	4696	70
1990	4	7	40	10130	9595	71
1991	1	11	60	10156	1962	67
1992	1	11	60	10182	8783	67
1993	3	16	40	10208	15616	69
1994	0	18	40	10234	226	70
1995	1	11	60	10260	1116	65
1996	4	7	80	10286	2085	70
1997	3	16	60	10312	1681	66
1998	0	18	40	10338	2403	64
1999	1	11	40	10364	2009	70
