0	1	11	40	0	5539	48
1	4	7	80	10	988	22
2	0	18	120	20	2175	25
3	1	11	160	30	5267	62
4	0	18	40	40	9226	26
5	1	11	80	50	8577	46
6	4	7	40	60	4180	27
7	1	11	120	70	1268	62
8	1	11	160	80	5832	31
9	4	7	160	90	1494	48
10	3	16	80	100	1596	51
11	3	16	40	110	2989	26
12	3	16	160	120	626	22
13	4	7	80	130	10660	40
14	4	7	80	140	5210	16
15	4	7	40	150	13202	45
16	0	18	40	160	8239	38
17	3	16	120	170	3220	30
18	0	18	80	180	1995	61
19	0	18	80	190	115	55
20	3	16	40	200	15575	44
21	4	7	80	210	1499	36
22	3	16	40	220	3384	62
23	4	7	40	230	8678	61
24	3	16	120	240	807	20
25	0	18	120	250	5822	40
26	3	16	120	260	407	67
27	4	7	160	270	356	63
28	3	16	160	280	3213	53
29	0	18	80	290	2640	17
30	4	7	40	300	1170	53
31	0	18	120	310	3358	36
32	1	11	120	320	4058	65
33	4	7	40	330	6694	64
34	4	7	120	340	5760	24
35	1	11	80	350	8115	21
36	3	16	160	360	2747	44
37	1	11	120	370	1575	60
38	1	11	160	380	5488	47
39	1	11	160	390	337	43
40	1	11	80	400	1250	15
41	0	18	160	413	2404	67
42	1	11	120	426	444	47
43	3	16	80	439	931	50
44	4	7	80	452	97	67
45	4	7	40	465	10843	40
46	0	18	160	478	237	26
47	0	18	80	491	3378	27
48	0	18	120	504	1481	25
49	3	16	80	517	1040	64
50	4	7	120	530	1056	52
51	3	16	80	543	1457	25
52	4	7	160	556	11465	64
53	1	11	80	569	3875	67
54	0	18	40	582	946	40
55	1	11	120	595	2298	26
56	0	18	80	608	4176	30
57	1	11	120	621	3051	33
58	3	16	80	634	3187	56
59	4	7	80	647	573	56
60	3	16	120	660	6168	48
61	4	7	80	673	3310	34
62	3	16	120	686	5086	24
63	1	11	120	699	1337	28
64	4	7	160	712	239	64
65	1	11	120	725	5724	30
66	1	11	80	738	8791	30
67	4	7	120	751	1617	28
68	4	7	120	764	732	31
69	3	16	40	800	7854	64
70	0	18	80	810	2511	15
71	3	16	120	820	3166	48
72	1	11	120	830	6570	52
73	3	16	80	840	1494	33
74	4	7	160	850	5708	54
75	1	11	40	860	3001	46
76	3	16	120	870	929	58
77	0	18	120	880	1805	27
78	4	7	160	890	7912	63
79	4	7	80	900	1146	50
80	0	18	160	910	4937	28
81	1	11	40	920	2990	55
82	4	7	80	930	5981	52
83	0	18	80	940	1560	58
84	1	11	160	950	1155	35
85	0	18	120	960	11838	42
86	0	18	160	970	3923	41
87	4	7	80	980	68	68
88	4	7	40	990	3682	38
89	1	11	40	1000	1578	68
90	0	18	160	1010	996	61
91	1	11	80	1020	13207	25
92	4	7	80	1030	5990	18
93	1	11	120	1040	3794	61
94	4	7	40	1050	1397	64
95	1	11	40	1060	4889	51
96	1	11	80	1070	5271	58
97	0	18	40	1080	6880	34
98	3	16	80	1090	648	55
99	1	11	120	1100	1221	52
100	3	16	120	1110	182	24
101	0	18	40	1120	5165	68
102	0	18	160	1130	2063	66
103	3	16	80	1140	2390	30
104	1	11	40	1150	5756	63
105	0	18	160	1160	4623	18
106	1	11	120	1170	2763	43
107	1	11	80	1180	3990	46
108	3	16	120	1200	7877	27
109	3	16	160	1209	4594	64
110	4	7	160	1218	1043	37
111	0	18	120	1227	1340	18
112	1	11	120	1236	4459	40
113	3	16	160	1245	1426	21
114	3	16	80	1254	2211	42
115	0	18	120	1263	1202	63
116	0	18	160	1272	6188	51
117	1	11	40	1281	2020	35
118	4	7	120	1290	135	63
119	4	7	40	1299	466	37
120	1	11	120	1308	584	59
121	1	11	40	1317	8222	31
122	0	18	80	1326	5250	60
123	3	16	120	1335	7361	32
124	1	11	80	1344	4077	18
125	4	7	160	1353	2796	59
126	4	7	80	1362	5888	44
127	4	7	160	1371	861	61
128	4	7	40	1380	68	38
129	1	11	120	1389	224	17
130	0	18	160	1398	6348	58
131	1	11	120	1407	1953	39
132	1	11	40	1416	961	41
133	1	11	40	1425	3650	26
134	0	18	160	1434	916	40
135	0	18	120	1443	16510	30
136	0	18	80	1452	527	59
137	1	11	160	1461	1577	36
138	4	7	80	1470	3285	64
139	0	18	160	1479	3336	31
140	3	16	40	1488	2386	69
141	4	7	120	1497	20301	64
142	0	18	120	1506	680	55
143	0	18	80	1515	10042	43
144	3	16	40	1524	405	45
145	0	18	40	1533	10978	57
146	4	7	120	1542	1376	55
147	0	18	80	1551	2587	66
148	3	16	80	1560	833	33
149	3	16	120	1569	143	16
150	1	11	40	1600	10021	15
151	0	18	40	1611	1636	37
152	0	18	80	1622	6200	41
153	3	16	40	1633	161	33
154	0	18	40	1644	544	63
155	0	18	120	1655	757	63
156	0	18	160	1666	20651	23
157	3	16	40	1677	3299	48
158	0	18	40	1688	6659	27
159	1	11	40	1699	1203	19
160	1	11	120	1710	9845	44
161	3	16	120	1721	1455	51
162	3	16	40	1732	3810	22
163	1	11	40	1743	6558	25
164	3	16	40	1754	8737	20
165	3	16	80	1765	7411	68
166	3	16	80	1776	295	46
167	0	18	80	1787	305	28
168	3	16	40	1798	400	51
169	3	16	120	1809	2324	27
170	0	18	40	1820	585	18
171	4	7	40	1831	2473	30
172	3	16	160	1842	7241	41
173	3	16	160	1853	2520	46
174	0	18	40	1864	4323	37
175	1	11	40	1875	613	64
176	0	18	80	1886	5027	46
177	4	7	40	1897	6686	31
178	4	7	120	1908	5463	57
179	1	11	40	1919	4861	31
180	0	18	40	1930	952	19
181	3	16	160	1941	1393	47
182	0	18	120	1952	22	43
183	0	18	120	1963	16021	37
184	4	7	80	1974	585	17
185	4	7	160	2000	2463	36
186	0	18	40	2016	3652	68
187	4	7	40	2032	764	22
188	1	11	40	2048	2549	33
189	0	18	40	2064	130	46
190	0	18	160	2080	18265	22
191	1	11	40	2096	3299	26
192	0	18	120	2112	2895	24
193	1	11	80	2128	1428	60
194	4	7	40	2144	4211	57
195	0	18	80	2160	622	33
196	0	18	80	2176	1909	57
197	4	7	120	2192	1726	45
198	3	16	40	2208	127	37
199	0	18	120	2224	1167	46
200	3	16	160	2240	7995	26
201	4	7	80	2256	981	41
202	3	16	80	2272	1918	30
203	0	18	120	2288	5502	20
204	3	16	80	2304	9177	68
205	3	16	40	2320	2443	55
206	1	11	40	2336	2766	65
207	3	16	80	2352	1544	64
208	3	16	40	2368	1905	66
209	3	16	40	2384	16801	68
210	4	7	80	2400	2443	32
211	0	18	160	2413	804	61
212	4	7	120	2426	6790	60
213	4	7	40	2439	454	66
214	1	11	160	2452	196	69
215	3	16	120	2465	3875	66
216	1	11	40	2478	1423	23
217	1	11	120	2491	4003	54
218	1	11	120	2504	4431	23
219	3	16	80	2517	2232	54
220	1	11	40	2530	1121	15
221	4	7	80	2543	9103	38
222	3	16	80	2556	3687	65
223	3	16	160	2569	261	20
224	3	16	160	2582	2399	19
225	3	16	40	2595	3416	61
226	3	16	80	2608	11679	20
227	1	11	80	2621	3072	50
228	3	16	120	2634	6780	58
229	0	18	160	2647	2906	19
230	1	11	120	2660	5753	21
231	1	11	120	2673	1815	16
232	0	18	160	2686	6070	63
233	4	7	160	2699	2706	26
234	3	16	80	2712	7302	19
235	1	11	160	2725	20675	47
236	0	18	120	2738	9775	32
237	0	18	160	2751	1195	37
238	3	16	40	2764	344	39
239	1	11	40	2777	4545	32
240	3	16	120	2800	12926	40
241	3	16	120	2811	1305	18
242	1	11	160	2822	6338	26
243	3	16	160	2833	2664	34
244	0	18	160	2844	3422	29
245	4	7	40	2855	6588	30
246	3	16	80	2866	5463	36
247	1	11	120	2877	2095	28
248	4	7	80	2888	1163	60
249	1	11	120	2899	124	61
250	4	7	40	2910	7452	24
251	4	7	160	2921	5498	17
252	3	16	160	2932	4567	36
253	0	18	160	2943	3702	53
254	3	16	120	2954	34	45
255	4	7	80	2965	13673	57
256	0	18	160	2976	3822	46
257	0	18	80	2987	1529	25
258	3	16	160	2998	1404	15
259	4	7	80	3009	1571	21
260	4	7	160	3020	2862	49
261	4	7	160	3031	13209	29
262	4	7	160	3042	2803	21
263	1	11	80	3053	7934	61
264	1	11	120	3064	1005	61
265	3	16	120	3075	387	30
266	4	7	160	3086	2053	68
267	4	7	160	3097	1573	48
268	0	18	160	3108	1250	61
269	0	18	160	3119	220	37
270	3	16	160	3130	4914	48
271	0	18	40	3141	167	55
272	4	7	80	3152	3192	30
273	4	7	120	3163	18718	60
274	4	7	160	3174	2518	29
275	4	7	80	3200	13537	67
276	3	16	80	3209	431	26
277	0	18	80	3218	492	45
278	1	11	40	3227	2679	60
279	3	16	160	3236	4128	59
280	4	7	120	3245	7076	40
281	1	11	160	3254	3091	62
282	1	11	160	3263	1334	60
283	1	11	40	3272	6163	67
284	1	11	120	3281	4455	64
285	1	11	120	3290	62	19
286	3	16	120	3299	4609	49
287	4	7	160	3308	779	24
288	1	11	40	3317	2638	50
289	4	7	160	3326	8212	32
290	0	18	160	3335	1905	15
291	4	7	80	3344	3618	22
292	3	16	160	3353	13108	36
293	3	16	120	3362	5671	32
294	3	16	80	3371	735	52
295	3	16	160	3380	23656	25
296	3	16	160	3389	5958	67
297	4	7	120	3398	10784	35
298	0	18	80	3407	1225	42
299	1	11	80	3416	2637	68
300	4	7	40	3425	2083	31
301	4	7	120	3434	2176	57
302	0	18	160	3443	600	37
303	4	7	120	3452	886	37
304	3	16	120	3461	1562	27
305	3	16	160	3470	6515	39
306	0	18	120	3479	878	56
307	4	7	80	3488	4685	46
308	1	11	40	3497	587	39
309	4	7	40	3506	173	48
310	0	18	160	3515	8007	45
311	4	7	120	3524	2768	15
312	3	16	80	3533	7078	34
313	4	7	40	3542	4226	26
314	0	18	160	3551	2735	51
315	3	16	40	3560	14417	56
316	3	16	160	3600	4551	39
317	1	11	120	3608	5064	23
318	0	18	120	3616	846	67
319	4	7	160	3624	926	57
320	4	7	160	3632	2097	51
321	4	7	40	3640	1016	59
322	3	16	120	3648	7385	68
323	1	11	160	3656	2022	43
324	4	7	160	3664	4492	36
325	3	16	120	3672	474	41
326	3	16	80	3680	327	34
327	0	18	120	3688	6281	67
328	1	11	40	3696	6920	22
329	0	18	40	3704	2538	18
330	0	18	80	3712	850	69
331	3	16	160	3720	744	61
332	4	7	160	3728	7639	17
333	0	18	120	3736	21	61
334	3	16	120	3744	1086	43
335	0	18	160	3752	2109	52
336	1	11	160	3760	2036	40
337	1	11	80	3768	355	37
338	4	7	80	3776	2483	55
339	3	16	120	3784	8094	40
340	1	11	40	3792	6822	32
341	4	7	80	3800	20468	18
342	3	16	160	3808	165	55
343	1	11	40	3816	2322	16
344	3	16	40	3824	27	56
345	0	18	80	3832	8461	15
346	0	18	40	3840	5805	57
347	3	16	160	3848	1483	25
348	3	16	160	3856	1217	51
349	0	18	80	3864	868	66
350	0	18	160	3872	1529	55
351	1	11	80	3880	232	58
352	3	16	40	3888	5415	37
353	1	11	120	3896	235	55
354	1	11	80	3904	310	32
355	4	7	40	3912	801	42
356	1	11	160	3920	3445	59
357	3	16	160	3928	5426	63
358	4	7	120	3936	2969	15
359	4	7	40	3944	950	55
360	4	7	120	3952	5166	19
361	4	7	160	3960	2078	58
362	1	11	40	3968	8079	38
363	0	18	160	3976	4394	35
364	3	16	120	4000	7615	48
365	1	11	40	4011	4751	53
366	0	18	120	4022	4171	67
367	3	16	120	4033	6953	43
368	1	11	80	4044	2141	53
369	0	18	160	4055	357	69
370	0	18	40	4066	3411	31
371	0	18	80	4077	3611	16
372	1	11	40	4088	1180	37
373	3	16	40	4099	1559	42
374	1	11	160	4110	1966	39
375	4	7	120	4121	2138	48
376	1	11	40	4132	812	18
377	0	18	120	4143	2054	66
378	3	16	120	4154	1977	57
379	3	16	120	4165	6344	36
380	3	16	120	4176	1699	53
381	4	7	80	4187	5858	24
382	3	16	160	4198	3016	31
383	1	11	160	4209	3950	26
384	0	18	40	4220	659	32
385	3	16	40	4231	580	26
386	0	18	160	4242	2234	39
387	3	16	80	4253	6332	32
388	3	16	80	4264	10683	44
389	3	16	120	4275	231	15
390	3	16	40	4286	7146	63
391	3	16	40	4297	4273	46
392	3	16	120	4308	3291	36
393	4	7	80	4319	1156	69
394	3	16	160	4330	615	35
395	3	16	40	4341	2131	43
396	3	16	40	4352	541	49
397	3	16	40	4363	1872	35
398	3	16	80	4374	3561	37
399	0	18	40	4400	1493	18
400	0	18	120	4410	1054	17
401	3	16	80	4420	11358	29
402	1	11	80	4430	9026	41
403	1	11	160	4440	779	51
404	4	7	40	4450	3884	49
405	4	7	120	4460	5138	54
406	4	7	40	4470	6455	35
407	0	18	160	4480	2171	65
408	4	7	120	4490	4420	30
409	1	11	160	4500	4321	53
410	3	16	40	4510	24270	38
411	0	18	80	4520	772	62
412	0	18	40	4530	1738	21
413	1	11	40	4540	5218	49
414	1	11	120	4550	8016	17
415	0	18	40	4560	12524	65
416	1	11	40	4570	8337	42
417	0	18	40	4580	1096	26
418	4	7	160	4590	2891	17
419	4	7	80	4600	5033	37
420	1	11	80	4610	1243	29
421	3	16	80	4620	7666	50
422	4	7	80	4630	8953	69
423	3	16	160	4640	1774	52
424	1	11	160	4650	1166	20
425	3	16	40	4660	9974	54
426	3	16	120	4670	137	49
427	1	11	120	4680	18	38
428	4	7	40	4690	794	22
429	4	7	120	4700	14798	66
430	1	11	80	4710	1355	68
431	3	16	40	4720	6644	53
432	1	11	40	4730	6691	44
433	3	16	120	4740	326	53
434	3	16	160	4750	3315	34
435	4	7	40	4760	2074	39
436	3	16	40	4770	8271	52
437	0	18	160	4780	1739	49
438	1	11	160	4790	24	47
439	1	11	120	4800	2240	48
440	4	7	160	4812	1627	60
441	0	18	160	4824	36	44
442	3	16	120	4836	538	16
443	1	11	80	4848	1260	60
444	4	7	120	4860	241	46
445	3	16	120	4872	4278	16
446	3	16	160	4884	1449	40
447	0	18	120	4896	7138	57
448	3	16	160	4908	1950	67
449	3	16	120	4920	824	39
450	1	11	40	4932	3084	16
451	1	11	160	4944	8717	38
452	4	7	40	4956	7841	32
453	3	16	160	4968	8272	15
454	4	7	160	4980	181	58
455	3	16	40	4992	1905	36
456	4	7	40	5004	197	30
457	4	7	120	5016	3079	59
458	0	18	40	5028	10311	46
459	0	18	40	5040	4868	64
460	1	11	160	5052	4678	19
461	1	11	80	5064	6364	67
462	1	11	160	5076	1090	57
463	0	18	160	5088	4730	34
464	4	7	80	5100	1867	54
465	0	18	160	5112	831	55
466	3	16	80	5124	1806	33
467	1	11	80	5136	1280	37
468	3	16	40	5148	722	29
469	1	11	120	5160	2469	48
470	3	16	40	5200	345	28
471	0	18	80	5211	2961	62
472	3	16	80	5222	1064	48
473	3	16	80	5233	358	38
474	0	18	120	5244	1922	47
475	1	11	80	5255	1193	54
476	4	7	160	5266	5193	48
477	3	16	160	5277	3903	23
478	3	16	40	5288	1425	20
479	3	16	80	5299	3626	19
480	0	18	40	5310	3800	29
481	1	11	40	5321	900	61
482	4	7	160	5332	3856	41
483	0	18	120	5343	20388	52
484	3	16	120	5354	2303	64
485	0	18	80	5365	2047	45
486	4	7	160	5376	12053	35
487	3	16	40	5387	11168	43
488	4	7	160	5398	138	64
489	0	18	120	5409	816	68
490	0	18	160	5420	1763	23
491	3	16	120	5431	1641	63
492	4	7	120	5442	2238	18
493	1	11	120	5453	1439	53
494	0	18	120	5464	5377	44
495	1	11	80	5475	3088	63
496	4	7	40	5486	5886	56
497	3	16	120	5497	2264	51
498	1	11	160	5508	9100	21
499	4	7	120	5519	8189	61
500	4	7	40	5530	1389	52
501	0	18	80	5541	122	17
502	3	16	80	5552	4396	43
503	0	18	80	5563	10375	33
504	0	18	80	5574	437	26
505	0	18	120	5600	58	24
506	4	7	120	5610	4237	59
507	0	18	160	5620	5937	63
508	3	16	80	5630	2708	38
509	1	11	80	5640	6174	19
510	3	16	80	5650	4220	57
511	0	18	40	5660	2214	22
512	0	18	80	5670	1082	53
513	1	11	160	5680	1589	41
514	0	18	40	5690	379	50
515	4	7	160	5700	2677	27
516	3	16	120	5710	782	41
517	0	18	40	5720	1122	20
518	3	16	80	5730	1181	40
519	4	7	160	5740	14371	24
520	0	18	40	5750	1080	34
521	4	7	80	5760	2211	59
522	3	16	120	5770	1096	42
523	3	16	80	5780	15780	31
524	1	11	120	5790	439	39
525	4	7	120	5800	5484	34
526	0	18	120	5810	397	58
527	1	11	160	5820	10711	65
528	3	16	120	5830	1701	64
529	4	7	40	5840	7424	54
530	3	16	80	5850	2674	68
531	1	11	40	5860	1396	67
532	1	11	40	5870	5176	16
533	4	7	80	5880	2240	29
534	3	16	40	5890	1441	37
535	4	7	120	5900	3500	26
536	4	7	120	5910	3060	33
537	3	16	120	5920	4728	22
538	0	18	40	5930	8841	40
539	1	11	160	5940	2201	55
540	1	11	160	5950	5501	55
541	3	16	160	5960	781	42
542	0	18	120	5970	2368	20
543	1	11	120	5980	1138	60
544	1	11	80	6000	3043	25
545	4	7	120	6010	10715	16
546	3	16	40	6020	418	25
547	3	16	160	6030	423	47
548	0	18	120	6040	951	18
549	0	18	120	6050	1157	31
550	4	7	160	6060	1786	36
551	3	16	160	6070	2983	50
552	4	7	80	6080	776	26
553	1	11	160	6090	10346	67
554	3	16	120	6100	4022	41
555	0	18	160	6110	8124	63
556	1	11	160	6120	6247	45
557	4	7	40	6130	4636	27
558	3	16	120	6140	6884	64
559	1	11	160	6150	1768	61
560	4	7	40	6160	10102	35
561	1	11	120	6170	5120	64
562	3	16	40	6180	2226	68
563	4	7	80	6190	4178	54
564	4	7	160	6200	1419	20
565	1	11	40	6210	1767	60
566	4	7	40	6220	4805	20
567	0	18	40	6230	6607	38
568	3	16	120	6240	102	19
569	0	18	80	6250	2831	38
570	0	18	80	6260	12251	64
571	4	7	40	6270	2648	34
572	0	18	40	6280	1750	50
573	0	18	80	6290	7148	55
574	3	16	160	6300	1020	38
575	1	11	40	6310	244	62
576	4	7	120	6320	15243	53
577	1	11	160	6330	19394	51
578	0	18	40	6340	2376	21
579	3	16	160	6350	758	38
580	0	18	120	6360	4162	24
581	3	16	120	6370	20418	26
582	0	18	40	6380	5086	62
583	1	11	40	6400	400	48
584	4	7	40	6408	2642	32
585	4	7	120	6416	13066	32
586	1	11	160	6424	503	55
587	4	7	40	6432	6460	19
588	0	18	160	6440	6332	58
589	3	16	80	6448	2275	43
590	3	16	160	6456	6299	51
591	4	7	120	6464	7548	21
592	4	7	160	6472	8231	27
593	3	16	40	6480	3045	48
594	1	11	160	6488	2798	34
595	4	7	40	6496	102	61
596	0	18	160	6504	5555	43
597	1	11	40	6512	6409	36
598	1	11	160	6520	11895	55
599	0	18	40	6528	772	34
600	4	7	120	6536	1056	65
601	1	11	160	6544	1376	56
602	4	7	80	6552	312	43
603	4	7	40	6560	4873	49
604	0	18	40	6568	1415	37
605	4	7	160	6576	8351	17
606	3	16	120	6584	751	15
607	4	7	160	6592	1685	41
608	3	16	160	6600	4809	43
609	0	18	80	6608	3421	49
610	0	18	40	6616	8863	24
611	0	18	160	6624	6399	63
612	4	7	160	6632	1088	20
613	0	18	160	6640	4180	41
614	0	18	40	6648	4959	52
615	1	11	80	6656	10418	24
616	1	11	120	6664	9	16
617	1	11	40	6672	1611	35
618	4	7	40	6680	719	36
619	0	18	80	6688	1643	57
620	4	7	80	6696	1092	20
621	4	7	40	6704	9133	16
622	0	18	40	6712	54	50
623	4	7	40	6720	3581	45
624	3	16	120	6728	5012	57
625	0	18	160	6736	442	57
626	4	7	40	6744	3786	21
627	1	11	160	6752	6891	16
628	4	7	80	6760	1597	36
629	4	7	160	6800	892	47
630	1	11	80	6809	1476	33
631	3	16	80	6818	790	32
632	4	7	40	6827	176	66
633	0	18	40	6836	1271	56
634	3	16	80	6845	11295	42
635	4	7	120	6854	1758	38
636	3	16	80	6863	10038	52
637	0	18	40	6872	61	28
638	0	18	160	6881	6379	25
639	0	18	80	6890	3740	30
640	0	18	160	6899	6253	32
641	3	16	160	6908	5953	29
642	0	18	40	6917	428	45
643	4	7	120	6926	992	23
644	3	16	80	6935	3130	34
645	3	16	160	6944	21095	57
646	0	18	120	6953	3768	15
647	4	7	160	6962	1013	56
648	3	16	160	6971	6912	66
649	0	18	120	6980	3443	24
650	3	16	120	6989	92	59
651	4	7	160	6998	2171	22
652	1	11	40	7007	4019	15
653	1	11	120	7016	3786	67
654	1	11	160	7025	11036	29
655	4	7	80	7034	1626	64
656	1	11	160	7043	1299	21
657	4	7	40	7052	2644	68
658	1	11	120	7061	18391	62
659	4	7	80	7070	859	49
660	4	7	120	7079	1226	65
661	1	11	160	7088	1722	68
662	4	7	120	7097	58	20
663	4	7	40	7106	2769	66
664	4	7	40	7115	1238	30
665	3	16	120	7124	4974	61
666	0	18	160	7133	5623	66
667	4	7	160	7142	13523	34
668	1	11	80	7151	4920	68
669	1	11	120	7160	1753	28
670	3	16	160	7169	29	42
671	0	18	80	7200	17395	58
672	0	18	40	7208	3059	24
673	3	16	160	7216	3259	21
674	4	7	80	7224	3161	40
675	1	11	80	7232	2499	60
676	3	16	160	7240	6367	40
677	0	18	120	7248	6316	41
678	1	11	160	7256	199	25
679	0	18	120	7264	5084	69
680	0	18	40	7272	2729	57
681	0	18	40	7280	1964	35
682	3	16	160	7288	27955	19
683	4	7	160	7296	5579	26
684	1	11	40	7304	779	57
685	3	16	80	7312	8815	25
686	0	18	80	7320	3153	32
687	1	11	120	7328	2257	69
688	4	7	40	7336	1635	42
689	3	16	160	7344	3731	47
690	3	16	160	7352	325	31
691	3	16	80	7360	2283	54
692	4	7	80	7368	102	35
693	1	11	120	7376	3702	46
694	1	11	120	7384	1682	34
695	4	7	40	7392	2324	33
696	3	16	80	7400	5702	24
697	1	11	160	7408	3685	49
698	0	18	120	7416	12270	63
699	4	7	120	7424	7115	42
700	1	11	40	7432	1097	61
701	0	18	160	7440	4133	51
702	1	11	120	7448	2903	57
703	1	11	80	7456	2520	52
704	1	11	120	7464	3374	52
705	1	11	80	7472	145	16
706	4	7	120	7480	8628	68
707	4	7	40	7488	318	63
708	3	16	40	7496	271	42
709	4	7	120	7504	2554	38
710	0	18	120	7512	3085	39
711	0	18	40	7520	2643	50
712	3	16	40	7528	2283	57
713	1	11	160	7536	1261	62
714	4	7	40	7544	4799	62
715	3	16	80	7552	8349	45
716	3	16	160	7560	1727	63
717	0	18	120	7600	1217	63
718	3	16	40	7610	1557	23
719	1	11	120	7620	1890	19
720	1	11	40	7630	727	44
721	3	16	40	7640	1563	67
722	0	18	120	7650	3980	61
723	4	7	120	7660	426	35
724	4	7	120	7670	1295	67
725	4	7	120	7680	3398	57
726	1	11	160	7690	13048	37
727	4	7	120	7700	10688	48
728	1	11	40	7710	963	57
729	0	18	80	7720	446	21
730	3	16	160	7730	4883	51
731	1	11	160	7740	864	60
732	0	18	40	7750	7340	47
733	1	11	40	7760	981	52
734	3	16	80	7770	2611	23
735	4	7	80	7780	7598	20
736	3	16	120	7790	8220	47
737	1	11	120	7800	3033	37
738	1	11	40	7810	805	44
739	4	7	120	7820	609	56
740	3	16	160	7830	21	27
741	1	11	80	7840	2530	38
742	4	7	80	7850	1820	42
743	4	7	120	7860	7971	18
744	1	11	80	7870	285	23
745	1	11	160	7880	3611	51
746	0	18	40	7890	0	66
747	1	11	80	7900	5625	43
748	3	16	80	7910	9414	53
749	3	16	80	7920	2519	58
750	0	18	80	7930	377	39
751	3	16	160	7940	2750	31
752	3	16	160	7950	1311	40
753	3	16	160	7960	3439	59
754	1	11	120	7970	4373	68
755	3	16	40	7980	9931	64
756	0	18	80	7990	55	59
757	3	16	160	8000	2144	36
758	3	16	120	8008	846	55
759	1	11	40	8016	23854	64
760	0	18	80	8024	307	48
761	4	7	40	8032	12269	35
762	1	11	160	8040	7939	21
763	3	16	160	8048	12880	35
764	1	11	120	8056	5826	57
765	4	7	120	8064	1681	48
766	4	7	40	8072	4122	17
767	0	18	40	8080	980	20
768	4	7	120	8088	6260	54
769	4	7	160	8096	7545	56
770	0	18	120	8104	16	68
771	1	11	40	8112	6839	41
772	3	16	80	8120	334	33
773	4	7	80	8128	799	37
774	3	16	120	8136	1856	62
775	0	18	120	8144	4781	20
776	4	7	120	8152	12669	39
777	1	11	160	8160	5820	58
778	1	11	80	8168	131	27
779	1	11	160	8176	4584	30
780	3	16	80	8184	3398	60
781	4	7	120	8192	926	64
782	1	11	80	8200	105	64
783	4	7	160	8208	5491	69
784	4	7	40	8216	62	52
785	0	18	40	8224	931	35
786	4	7	40	8232	9849	34
787	3	16	40	8240	1223	58
788	0	18	80	8248	3217	54
789	4	7	80	8256	3311	29
790	3	16	160	8264	7243	31
791	0	18	160	8272	2442	25
792	4	7	160	8280	1667	52
793	0	18	40	8288	817	50
794	3	16	80	8296	278	22
795	4	7	160	8304	212	62
796	4	7	80	8312	3728	32
797	0	18	120	8320	2080	22
798	1	11	160	8328	406	31
799	3	16	120	8336	5174	44
800	1	11	160	8344	12094	48
801	0	18	160	8352	6102	61
802	3	16	160	8360	13298	59
803	3	16	80	8368	233	67
804	3	16	160	8376	2489	59
805	3	16	40	8384	1263	68
806	4	7	80	8392	2158	67
807	4	7	80	8400	414	18
808	4	7	40	8410	919	67
809	1	11	160	8420	13704	62
810	3	16	80	8430	12738	39
811	4	7	80	8440	1136	16
812	1	11	120	8450	1929	24
813	0	18	120	8460	2842	39
814	3	16	120	8470	2213	18
815	0	18	160	8480	8080	54
816	3	16	120	8490	10498	40
817	3	16	40	8500	493	22
818	3	16	160	8510	11564	52
819	0	18	120	8520	3276	37
820	4	7	80	8530	2237	29
821	1	11	160	8540	1909	29
822	0	18	120	8550	4372	35
823	4	7	40	8560	1034	39
824	0	18	160	8570	47	39
825	4	7	160	8580	3168	58
826	3	16	40	8590	2602	59
827	3	16	80	8600	9022	52
828	0	18	40	8610	483	29
829	4	7	160	8620	1540	69
830	0	18	80	8630	382	58
831	4	7	40	8640	3214	32
832	4	7	40	8650	4433	41
833	3	16	120	8660	1464	52
834	4	7	40	8670	5248	52
835	3	16	80	8680	6239	69
836	1	11	120	8690	1112	19
837	3	16	160	8700	13937	67
838	0	18	40	8710	1332	24
839	0	18	160	8720	5461	54
840	1	11	160	8730	6256	37
841	4	7	160	8740	6777	31
842	3	16	160	8750	239	61
843	3	16	120	8760	3519	62
844	0	18	40	8770	3709	60
845	4	7	120	8780	3558	30
846	3	16	40	8790	308	15
847	3	16	80	8800	7141	27
848	1	11	80	8811	5706	46
849	3	16	120	8822	892	38
850	0	18	40	8833	530	36
851	1	11	80	8844	2695	25
852	1	11	160	8855	2473	39
853	0	18	80	8866	3084	64
854	3	16	80	8877	1410	30
855	0	18	160	8888	3392	34
856	0	18	80	8899	501	41
857	3	16	160	8910	5327	34
858	3	16	120	8921	183	42
859	3	16	160	8932	9918	16
860	0	18	160	8943	6292	23
861	0	18	160	8954	2951	30
862	3	16	80	8965	16694	58
863	0	18	80	8976	8680	67
864	0	18	120	8987	8361	18
865	4	7	40	8998	2085	21
866	0	18	80	9009	3444	44
867	3	16	40	9020	316	41
868	1	11	80	9031	6017	57
869	0	18	40	9042	4033	19
870	3	16	40	9053	3919	49
871	0	18	160	9064	12699	43
872	1	11	40	9075	7151	67
873	1	11	160	9086	891	68
874	4	7	160	9097	5852	69
875	0	18	120	9108	3788	68
876	4	7	160	9119	1551	37
877	1	11	40	9130	332	43
878	4	7	160	9141	3908	49
879	1	11	80	9152	2197	24
880	0	18	120	9163	2560	57
881	4	7	160	9200	4153	46
882	1	11	160	9207	581	21
883	3	16	80	9214	9813	61
884	4	7	160	9221	868	48
885	3	16	160	9228	3673	47
886	1	11	80	9235	382	63
887	3	16	120	9242	568	47
888	0	18	40	9249	37	37
889	3	16	80	9256	692	32
890	3	16	40	9263	4460	42
891	4	7	160	9270	2826	54
892	4	7	80	9277	10339	39
893	3	16	40	9284	1829	22
894	0	18	160	9291	12152	45
895	1	11	160	9298	1252	21
896	1	11	80	9305	7127	42
897	1	11	120	9312	756	64
898	1	11	160	9319	4935	58
899	0	18	40	9326	882	53
900	3	16	40	9333	47	55
901	0	18	40	9340	25037	43
902	1	11	160	9347	223	40
903	0	18	40	9354	532	42
904	4	7	120	9361	3424	58
905	4	7	40	9368	726	62
906	0	18	80	9375	4286	27
907	0	18	160	9382	1211	40
908	1	11	120	9389	5861	64
909	3	16	120	9396	4621	31
910	1	11	40	9403	1152	66
911	3	16	80	9410	155	68
912	3	16	160	9417	477	55
913	1	11	40	9424	3892	32
914	1	11	80	9431	2343	28
915	0	18	40	9438	634	46
916	3	16	40	9445	1954	24
917	0	18	160	9452	292	67
918	0	18	120	9459	4692	33
919	1	11	120	9466	1288	40
920	3	16	160	9473	1514	28
921	1	11	120	9480	2354	67
922	3	16	160	9487	276	18
923	3	16	40	9494	3858	39
924	1	11	40	9501	13199	46
925	3	16	40	9508	502	64
926	1	11	120	9515	136	18
927	4	7	160	9522	2506	59
928	1	11	40	9529	1138	38
929	3	16	40	9536	2769	62
930	3	16	40	9543	6065	40
931	1	11	80	9550	645	43
932	4	7	40	9600	1853	54
933	3	16	160	9611	2217	66
934	3	16	40	9622	2115	38
935	0	18	80	9633	2575	28
936	3	16	40	9644	3582	21
937	0	18	160	9655	43	48
938	3	16	160	9666	1654	17
939	0	18	120	9677	118	56
940	3	16	120	9688	11478	35
941	1	11	120	9699	7083	37
942	1	11	40	9710	1806	52
943	1	11	120	9721	1567	21
944	1	11	80	9732	9572	35
945	4	7	160	9743	4021	44
946	1	11	40	9754	2005	69
947	3	16	40	9765	1440	22
948	0	18	120	9776	10289	64
949	4	7	160	9787	6548	68
950	3	16	120	9798	8558	67
951	1	11	80	9809	5726	44
952	1	11	40	9820	2629	45
953	0	18	40	9831	2271	32
954	3	16	40	9842	8577	40
955	1	11	80	9853	3347	58
956	1	11	40	9864	10707	40
957	3	16	120	9875	2287	15
958	4	7	40	9886	704	65
959	1	11	80	9897	2444	63
960	3	16	120	9908	568	58
961	0	18	80	9919	852	37
962	3	16	120	9930	54	17
963	3	16	120	9941	1255	16
964	4	7	80	9952	9396	60
965	0	18	160	9963	427	38
966	4	7	40	9974	4400	28
967	0	18	160	9985	4644	59
968	4	7	160	10000	949	63
969	1	11	160	10010	13855	69
970	3	16	160	10020	3238	40
971	3	16	80	10030	1885	45
972	1	11	40	10040	5264	65
973	0	18	160	10050	4331	46
974	3	16	40	10060	1615	20
975	1	11	40	10070	2657	60
976	4	7	120	10080	340	30
977	1	11	80	10090	5428	67
978	0	18	160	10100	4954	19
979	3	16	80	10110	1596	16
980	1	11	40	10120	5145	65
981	3	16	80	10130	5253	66
982	3	16	80	10140	3123	65
983	3	16	80	10150	2335	39
984	0	18	80	10160	3842	65
985	1	11	120	10170	78	66
986	0	18	40	10180	4402	67
987	4	7	40	10190	11093	36
988	0	18	120	10200	3129	41
989	0	18	120	10210	7427	50
990	3	16	40	10220	3136	58
991	4	7	120	10230	678	21
992	1	11	160	10240	7566	52
993	1	11	80	10250	8530	23
994	1	11	160	10260	9079	68
995	3	16	80	10270	5566	67
996	3	16	160	10280	6775	35
997	4	7	80	10290	394	50
998	1	11	40	10300	2176	30
999	1	11	120	10310	6588	66
1000	0	18	120	10320	13628	31
1001	0	18	40	10330	4915	25
1002	3	16	80	10340	382	28
1003	4	7	160	10350	12401	64
1004	0	18	160	10360	1153	43
1005	0	18	80	10370	2824	37
1006	4	7	40	10380	118	49
1007	0	18	40	10400	6867	68
1008	1	11	40	10410	426	27
1009	0	18	160	10420	2026	49
1010	1	11	160	10430	2657	43
1011	0	18	160	10440	836	42
1012	3	16	120	10450	5168	66
1013	0	18	120	10460	7146	64
1014	4	7	40	10470	5290	68
1015	4	7	80	10480	2052	61
1016	3	16	40	10490	4199	42
1017	0	18	80	10500	3388	47
1018	3	16	80	10510	4222	21
1019	3	16	160	10520	8655	64
1020	4	7	120	10530	2276	41
1021	0	18	40	10540	5232	61
1022	4	7	40	10550	622	33
1023	3	16	40	10560	1832	28
1024	3	16	120	10570	2214	26
1025	3	16	80	10580	2036	34
1026	0	18	120	10590	2991	62
1027	0	18	160	10600	7599	56
1028	4	7	40	10610	5788	48
1029	0	18	120	10620	3478	23
1030	4	7	80	10630	4424	39
1031	0	18	40	10640	17533	49
1032	4	7	40	10650	1559	52
1033	4	7	80	10660	9324	22
1034	3	16	120	10670	1798	55
1035	0	18	160	10680	65	54
1036	0	18	40	10690	4086	53
1037	3	16	80	10700	3537	16
1038	1	11	120	10710	851	66
1039	4	7	160	10720	470	42
1040	3	16	80	10730	18500	31
1041	4	7	40	10740	7507	68
1042	3	16	160	10750	7241	24
1043	4	7	160	10760	627	61
1044	4	7	160	10800	1775	22
1045	3	16	80	10808	1753	31
1046	1	11	160	10816	2253	24
1047	1	11	40	10824	67	58
1048	1	11	40	10832	640	24
1049	3	16	120	10840	2735	21
1050	4	7	80	10848	427	39
1051	1	11	120	10856	1123	58
1052	1	11	40	10864	2333	43
1053	4	7	80	10872	3059	35
1054	1	11	160	10880	1870	40
1055	4	7	120	10888	1083	39
1056	1	11	40	10896	3313	62
1057	0	18	40	10904	5144	69
1058	1	11	40	10912	3018	53
1059	3	16	80	10920	7629	24
1060	4	7	160	10928	15610	44
1061	3	16	80	10936	788	62
1062	1	11	40	10944	229	35
1063	0	18	80	10952	2937	18
1064	1	11	120	10960	5212	24
1065	0	18	120	10968	2755	63
1066	0	18	120	10976	8032	59
1067	3	16	40	10984	6914	58
1068	3	16	160	10992	2541	24
1069	3	16	80	11000	5052	28
1070	4	7	80	11008	5732	23
1071	4	7	120	11016	260	41
1072	4	7	160	11024	1909	51
1073	3	16	120	11032	3116	49
1074	4	7	80	11040	9012	47
1075	0	18	120	11048	3537	42
1076	3	16	40	11056	8948	52
1077	0	18	80	11064	27516	41
1078	3	16	40	11072	36	21
1079	0	18	80	11080	291	65
1080	1	11	120	11088	13785	24
1081	4	7	80	11096	2853	19
1082	3	16	120	11104	4849	46
1083	1	11	80	11112	1255	42
1084	1	11	80	11120	2612	53
1085	1	11	120	11128	2209	51
1086	4	7	40	11136	3154	20
1087	0	18	160	11144	6210	31
1088	1	11	120	11152	3014	51
1089	3	16	40	11160	533	30
1090	4	7	160	11168	2414	62
1091	4	7	160	11200	9920	53
1092	1	11	80	11209	235	32
1093	4	7	40	11218	1663	56
1094	0	18	160	11227	561	67
1095	4	7	40	11236	6671	39
1096	3	16	160	11245	6267	48
1097	1	11	80	11254	1520	20
1098	3	16	40	11263	2157	51
1099	4	7	80	11272	7881	28
1100	1	11	120	11281	2686	41
1101	3	16	120	11290	3749	36
1102	4	7	40	11299	3162	49
1103	3	16	160	11308	2253	66
1104	3	16	80	11317	5295	67
1105	0	18	160	11326	156	68
1106	3	16	160	11335	8016	22
1107	3	16	80	11344	9245	64
1108	4	7	40	11353	4082	58
1109	1	11	80	11362	6174	68
1110	1	11	80	11371	1686	57
1111	0	18	120	11380	3322	35
1112	1	11	40	11389	5016	63
1113	1	11	160	11398	2460	58
1114	0	18	160	11407	8595	15
1115	0	18	120	11416	2538	40
1116	4	7	160	11425	2587	31
1117	0	18	120	11434	6171	62
1118	4	7	40	11443	166	35
1119	4	7	160	11452	1449	43
1120	1	11	80	11461	12175	58
1121	0	18	160	11470	322	43
1122	0	18	120	11479	1387	22
1123	4	7	160	11488	1694	63
1124	4	7	80	11497	1226	35
1125	4	7	120	11506	7461	39
1126	1	11	80	11515	23	23
1127	4	7	120	11524	160	64
1128	3	16	160	11533	2110	51
1129	0	18	40	11542	349	23
1130	1	11	120	11551	6353	64
1131	0	18	120	11560	3442	46
1132	3	16	80	11569	3489	60
1133	4	7	160	11578	642	63
1134	3	16	120	11587	3481	38
1135	3	16	160	11600	1784	58
1136	0	18	40	11607	13245	39
1137	0	18	120	11614	1268	50
1138	3	16	40	11621	3067	44
1139	0	18	80	11628	2328	54
1140	4	7	160	11635	3276	44
1141	0	18	120	11642	4138	26
1142	0	18	160	11649	643	43
1143	0	18	40	11656	5434	53
1144	0	18	120	11663	6074	43
1145	3	16	40	11670	8790	42
1146	3	16	120	11677	900	60
1147	0	18	80	11684	3643	44
1148	3	16	80	11691	2441	56
1149	4	7	40	11698	4329	41
1150	4	7	80	11705	1632	23
1151	3	16	40	11712	20	56
1152	3	16	40	11719	1289	55
1153	3	16	40	11726	479	22
1154	3	16	160	11733	9554	40
1155	0	18	160	11740	2121	67
1156	3	16	40	11747	1514	28
1157	4	7	80	11754	898	56
1158	4	7	80	11761	729	45
1159	4	7	160	11768	8783	43
1160	3	16	120	11775	132	60
1161	3	16	40	11782	6993	27
1162	0	18	120	11789	2699	28
1163	4	7	160	11796	3248	49
1164	0	18	120	11803	18683	19
1165	1	11	120	11810	5825	25
1166	3	16	80	11817	16106	45
1167	3	16	80	11824	3341	15
1168	3	16	40	11831	8421	34
1169	3	16	160	11838	2965	27
1170	0	18	80	11845	2823	16
1171	4	7	40	11852	915	50
1172	1	11	120	11859	1154	32
1173	3	16	160	11866	3658	50
1174	0	18	40	11873	5461	69
1175	0	18	120	11880	1470	46
1176	4	7	160	11887	10569	69
1177	0	18	120	11894	3194	39
1178	3	16	40	11901	3323	34
1179	0	18	80	11908	1880	63
1180	0	18	160	11915	4126	49
1181	1	11	160	11922	2096	48
1182	1	11	40	11929	3493	23
1183	3	16	120	11936	5526	24
1184	0	18	160	11943	5521	15
1185	3	16	80	11950	6255	23
1186	1	11	120	11957	1435	60
1187	4	7	40	12000	2532	52
1188	1	11	160	12010	1098	37
1189	3	16	160	12020	743	40
1190	0	18	160	12030	182	44
1191	0	18	160	12040	5749	53
1192	0	18	40	12050	444	19
1193	3	16	80	12060	4162	16
1194	3	16	160	12070	2102	64
1195	0	18	120	12080	5285	31
1196	4	7	160	12090	668	67
1197	1	11	160	12100	3591	63
1198	0	18	80	12110	5583	48
1199	4	7	40	12120	56	32
1200	0	18	120	12130	9491	67
1201	0	18	80	12140	4035	60
1202	3	16	80	12150	5085	25
1203	4	7	120	12160	10832	44
1204	4	7	160	12170	673	40
1205	0	18	40	12180	559	42
1206	0	18	120	12190	5615	38
1207	0	18	80	12200	4509	20
1208	1	11	40	12210	1837	23
1209	1	11	80	12220	3670	63
1210	0	18	160	12230	2637	67
1211	1	11	80	12240	5794	59
1212	1	11	80	12250	4050	36
1213	4	7	40	12260	6271	52
1214	3	16	40	12270	1125	64
1215	0	18	120	12280	3918	26
1216	0	18	40	12290	1116	19
1217	3	16	40	12300	5418	18
1218	3	16	160	12310	6591	49
1219	1	11	80	12320	892	66
1220	0	18	40	12330	2505	35
1221	4	7	80	12340	2879	62
1222	0	18	80	12350	1578	47
1223	0	18	80	12360	4932	63
1224	3	16	160	12370	2607	52
1225	4	7	120	12380	5448	32
1226	3	16	160	12390	418	45
1227	4	7	80	12400	3704	31
1228	4	7	160	12410	845	55
1229	4	7	80	12420	46	52
1230	0	18	120	12430	668	48
1231	1	11	160	12440	1639	21
1232	0	18	40	12450	6392	60
1233	4	7	40	12460	3196	16
1234	0	18	120	12470	2527	66
1235	0	18	80	12480	32	58
1236	4	7	120	12490	4664	38
1237	1	11	120	12500	4188	48
1238	3	16	160	12510	3605	54
1239	0	18	120	12520	3849	42
1240	1	11	120	12530	147	54
1241	0	18	40	12540	3927	54
1242	3	16	40	12550	424	44
1243	4	7	120	12560	4082	44
1244	1	11	160	12570	4642	42
1245	3	16	80	12580	1311	54
1246	4	7	120	12590	537	32
1247	1	11	40	12600	1505	37
1248	4	7	80	12610	2053	22
1249	1	11	40	12620	6134	53
1250	4	7	120	12630	2691	27
1251	1	11	160	12640	2123	64
1252	4	7	40	12650	6148	29
1253	3	16	40	12660	3215	52
1254	3	16	160	12670	3181	67
1255	0	18	80	12680	2001	19
1256	4	7	40	12690	1479	28
1257	1	11	40	12700	44	31
1258	0	18	120	12710	2423	61
1259	0	18	40	12720	2117	22
1260	1	11	80	12730	127	66
1261	1	11	80	12740	652	22
1262	0	18	120	12750	2658	35
1263	1	11	160	12760	1765	40
1264	1	11	120	12770	2367	29
1265	4	7	160	12800	634	61
1266	0	18	80	12809	13689	68
1267	1	11	40	12818	361	34
1268	4	7	120	12827	1561	55
1269	3	16	120	12836	1081	20
1270	1	11	40	12845	11002	58
1271	4	7	80	12854	3610	40
1272	4	7	40	12863	640	34
1273	1	11	80	12872	840	21
1274	4	7	120	12881	714	26
1275	4	7	40	12890	7331	50
1276	1	11	40	12899	2126	33
1277	1	11	160	12908	4639	17
1278	4	7	80	12917	88	35
1279	0	18	120	12926	889	68
1280	4	7	40	12935	3851	15
1281	1	11	160	12944	6158	22
1282	4	7	40	12953	904	23
1283	1	11	120	12962	2085	17
1284	0	18	120	12971	2950	40
1285	4	7	160	12980	5418	54
1286	3	16	160	12989	3204	61
1287	1	11	40	12998	1125	23
1288	0	18	80	13007	6	19
1289	4	7	40	13016	310	61
1290	1	11	80	13025	4801	45
1291	1	11	80	13034	4526	21
1292	1	11	160	13043	865	57
1293	3	16	120	13052	808	46
1294	4	7	80	13061	3534	46
1295	0	18	80	13070	8680	47
1296	4	7	80	13079	602	34
1297	0	18	40	13088	5449	18
1298	3	16	160	13097	857	29
1299	1	11	160	13106	3107	51
1300	1	11	40	13115	1496	55
1301	3	16	80	13124	159	67
1302	3	16	120	13133	18658	51
1303	1	11	120	13142	719	17
1304	0	18	40	13151	7539	65
1305	0	18	40	13160	9024	57
1306	1	11	120	13169	1225	45
1307	1	11	120	13178	3619	23
1308	3	16	80	13200	1969	40
1309	4	7	120	13210	4931	32
1310	4	7	40	13220	15907	56
1311	3	16	40	13230	3900	25
1312	3	16	120	13240	18054	66
1313	0	18	40	13250	1177	63
1314	0	18	40	13260	6295	22
1315	4	7	120	13270	1127	59
1316	1	11	80	13280	11841	68
1317	4	7	160	13290	330	33
1318	1	11	40	13300	7206	15
1319	1	11	120	13310	4879	44
1320	1	11	40	13320	3619	69
1321	4	7	80	13330	5121	60
1322	0	18	160	13340	354	30
1323	4	7	80	13350	1142	64
1324	0	18	80	13360	3089	44
1325	4	7	120	13370	1197	51
1326	1	11	80	13380	2042	53
1327	1	11	120	13390	13415	58
1328	3	16	40	13400	3693	45
1329	4	7	80	13410	1301	49
1330	4	7	120	13420	4819	30
1331	0	18	40	13430	4415	29
1332	3	16	160	13440	2721	57
1333	1	11	80	13450	2629	54
1334	3	16	120	13460	8729	27
1335	1	11	120	13470	3461	17
1336	4	7	40	13480	6338	40
1337	1	11	80	13490	153	21
1338	1	11	120	13500	3267	22
1339	4	7	80	13510	3939	52
1340	1	11	40	13520	2601	24
1341	0	18	80	13530	12473	53
1342	4	7	120	13540	7766	52
1343	0	18	120	13550	1387	56
1344	4	7	40	13560	392	20
1345	4	7	80	13570	316	35
1346	4	7	160	13580	4664	25
1347	0	18	160	13590	11225	63
1348	3	16	80	13600	1978	38
1349	4	7	120	13608	1668	56
1350	3	16	160	13616	11098	48
1351	0	18	120	13624	250	16
1352	3	16	40	13632	9586	18
1353	1	11	40	13640	2679	55
1354	0	18	160	13648	11580	51
1355	3	16	160	13656	3567	65
1356	1	11	80	13664	12349	52
1357	3	16	80	13672	5421	57
1358	1	11	80	13680	3939	42
1359	0	18	80	13688	3561	28
1360	3	16	160	13696	2736	19
1361	0	18	40	13704	1419	56
1362	4	7	120	13712	19604	48
1363	3	16	40	13720	470	61
1364	0	18	40	13728	33	16
1365	4	7	40	13736	1500	41
1366	4	7	40	13744	553	37
1367	1	11	40	13752	2831	27
1368	3	16	80	13760	1834	51
1369	3	16	80	13768	961	19
1370	0	18	80	13776	2396	33
1371	0	18	160	13784	9654	62
1372	1	11	80	13792	2944	25
1373	1	11	160	13800	935	32
1374	4	7	120	13808	1027	35
1375	0	18	160	13816	4082	31
1376	4	7	120	13824	8025	23
1377	4	7	80	13832	6275	43
1378	0	18	40	13840	673	58
1379	1	11	40	13848	2479	24
1380	0	18	160	13856	3377	41
1381	1	11	80	13864	2466	59
1382	4	7	40	13872	3421	34
1383	3	16	80	13880	1214	58
1384	1	11	80	13888	1662	16
1385	3	16	40	13896	4082	29
1386	1	11	160	13904	5699	25
1387	1	11	160	13912	21	17
1388	0	18	120	13920	3080	17
1389	4	7	160	13928	1410	32
1390	0	18	80	13936	3919	35
1391	1	11	160	13944	217	53
1392	0	18	40	13952	2118	48
1393	1	11	40	13960	13858	63
1394	0	18	120	13968	562	48
1395	1	11	40	13976	790	37
1396	1	11	120	13984	13210	19
1397	0	18	120	14000	5473	60
1398	0	18	80	14008	1340	55
1399	0	18	160	14016	6067	48
1400	4	7	40	14024	11736	68
1401	3	16	120	14032	799	68
1402	3	16	80	14040	3392	27
1403	4	7	160	14048	776	33
1404	4	7	40	14056	8838	38
1405	3	16	160	14064	109	55
1406	4	7	40	14072	3102	60
1407	0	18	40	14080	4822	55
1408	1	11	120	14088	1213	34
1409	0	18	40	14096	1455	34
1410	3	16	40	14104	5157	56
1411	1	11	40	14112	710	23
1412	1	11	40	14120	3538	68
1413	4	7	40	14128	719	33
1414	4	7	120	14136	77	57
1415	1	11	80	14144	143	30
1416	1	11	160	14152	5149	36
1417	0	18	40	14160	5247	60
1418	1	11	160	14168	5894	60
1419	1	11	160	14176	1839	56
1420	1	11	40	14184	3224	31
1421	1	11	80	14192	529	34
1422	0	18	120	14200	14050	24
1423	3	16	120	14208	293	34
1424	3	16	40	14216	3556	54
1425	4	7	120	14224	2029	49
1426	4	7	160	14232	2767	29
1427	4	7	40	14240	3214	32
1428	1	11	40	14248	321	54
1429	3	16	80	14256	193	67
1430	4	7	40	14264	4513	26
1431	4	7	160	14272	511	33
1432	4	7	160	14280	2828	58
1433	0	18	80	14288	1876	24
1434	1	11	160	14296	2895	26
1435	3	16	40	14304	1970	43
1436	4	7	160	14312	8774	46
1437	4	7	80	14320	2031	16
1438	3	16	80	14328	1858	34
1439	3	16	80	14336	1501	30
1440	3	16	40	14344	421	39
1441	1	11	160	14352	242	39
1442	0	18	40	14400	5444	53
1443	0	18	120	14415	1055	53
1444	1	11	120	14430	3399	45
1445	4	7	80	14445	2479	27
1446	4	7	160	14460	2507	54
1447	1	11	160	14475	1132	30
1448	1	11	120	14490	11936	21
1449	4	7	80	14505	403	33
1450	0	18	80	14520	2430	16
1451	0	18	80	14535	1058	29
1452	3	16	160	14550	14692	15
1453	3	16	80	14565	9909	68
1454	4	7	160	14580	1031	32
1455	3	16	160	14595	6922	48
1456	1	11	40	14610	947	58
1457	4	7	160	14625	2780	63
1458	0	18	120	14640	3542	49
1459	0	18	120	14655	2712	59
1460	4	7	40	14670	3001	41
1461	4	7	160	14685	17476	43
1462	4	7	40	14700	3904	16
1463	4	7	40	14715	964	37
1464	0	18	160	14730	3962	22
1465	4	7	40	14745	3710	37
1466	3	16	40	14760	4265	34
1467	1	11	160	14775	956	58
1468	1	11	80	14800	4193	22
1469	1	11	80	14809	3979	29
1470	3	16	80	14818	634	53
1471	1	11	120	14827	1576	35
1472	3	16	160	14836	1779	40
1473	3	16	80	14845	2448	44
1474	4	7	160	14854	1251	32
1475	4	7	80	14863	2728	61
1476	1	11	40	14872	1914	50
1477	0	18	160	14881	5360	41
1478	1	11	40	14890	2757	58
1479	4	7	160	14899	543	41
1480	4	7	160	14908	10761	65
1481	3	16	160	14917	1165	69
1482	3	16	120	14926	3693	25
1483	3	16	160	14935	15940	35
1484	1	11	40	14944	3586	66
1485	4	7	120	14953	2347	67
1486	0	18	40	14962	628	33
1487	0	18	80	14971	3575	60
1488	1	11	120	14980	636	62
1489	4	7	160	14989	4714	47
1490	0	18	160	14998	784	54
1491	4	7	40	15007	1960	53
1492	4	7	120	15016	6658	36
1493	1	11	160	15025	8455	45
1494	4	7	40	15034	6153	59
1495	3	16	40	15043	478	65
1496	1	11	120	15052	2288	38
1497	0	18	160	15061	3014	31
1498	4	7	120	15070	3698	45
1499	1	11	80	15079	13771	23
1500	0	18	40	15088	6564	62
1501	3	16	160	15097	1166	65
1502	4	7	120	15106	3635	22
1503	4	7	80	15115	1537	62
1504	0	18	40	15124	11920	50
1505	3	16	160	15133	555	50
1506	1	11	120	15142	8268	58
1507	0	18	80	15151	2908	40
1508	4	7	120	15160	4169	50
1509	4	7	80	15200	5278	41
1510	0	18	120	15213	2336	68
1511	1	11	40	15226	2560	32
1512	3	16	120	15239	11	20
1513	1	11	160	15252	2469	22
1514	1	11	120	15265	3285	63
1515	1	11	40	15278	1286	41
1516	1	11	80	15291	1941	32
1517	1	11	40	15304	4106	50
1518	1	11	40	15317	3894	40
1519	1	11	40	15330	817	25
1520	3	16	40	15343	2457	19
1521	1	11	120	15356	268	43
1522	0	18	80	15369	271	66
1523	3	16	80	15382	12603	45
1524	1	11	80	15395	2407	44
1525	4	7	40	15408	5696	69
1526	3	16	160	15421	2893	69
1527	0	18	40	15434	2614	65
1528	3	16	80	15447	4466	54
1529	0	18	160	15460	678	37
1530	3	16	120	15473	242	37
1531	0	18	40	15486	7615	34
1532	0	18	40	15499	579	66
1533	4	7	160	15512	3021	50
1534	3	16	160	15525	1546	49
1535	1	11	160	15538	4547	69
1536	3	16	80	15551	4265	61
1537	3	16	80	15564	1334	33
1538	1	11	160	15577	130	55
1539	3	16	80	15600	2482	31
1540	1	11	40	15610	3379	23
1541	0	18	160	15620	3962	62
1542	0	18	160	15630	11496	25
1543	1	11	40	15640	2140	35
1544	3	16	80	15650	1150	48
1545	4	7	160	15660	4885	36
1546	1	11	120	15670	1941	48
1547	1	11	120	15680	1724	28
1548	0	18	40	15690	1536	51
1549	3	16	160	15700	2855	32
1550	1	11	160	15710	5210	48
1551	4	7	80	15720	6318	57
1552	4	7	160	15730	9504	60
1553	1	11	120	15740	2169	34
1554	3	16	80	15750	2844	18
1555	4	7	80	15760	5409	33
1556	3	16	120	15770	830	68
1557	1	11	80	15780	4085	47
1558	3	16	160	15790	8066	32
1559	1	11	160	15800	842	50
1560	0	18	160	15810	3814	50
1561	1	11	120	15820	2001	63
1562	1	11	40	15830	7435	55
1563	4	7	120	15840	2704	28
1564	0	18	120	15850	4484	18
1565	0	18	80	15860	3580	48
1566	0	18	40	15870	1649	36
1567	3	16	160	15880	2560	39
1568	3	16	40	15890	602	43
1569	4	7	160	15900	8517	63
1570	3	16	160	15910	3861	50
1571	3	16	40	15920	424	69
1572	4	7	80	15930	3762	64
1573	3	16	120	15940	696	24
1574	0	18	40	15950	3811	17
1575	3	16	40	15960	7096	26
1576	0	18	160	15970	517	33
1577	3	16	40	16000	4212	45
1578	4	7	40	16011	4914	66
1579	1	11	120	16022	5498	22
1580	3	16	80	16033	1878	36
1581	0	18	40	16044	720	55
1582	0	18	40	16055	701	29
1583	0	18	80	16066	708	36
1584	3	16	40	16077	2233	58
1585	3	16	80	16088	1230	49
1586	0	18	80	16099	11524	43
1587	3	16	120	16110	5038	47
1588	1	11	80	16121	85	46
1589	4	7	80	16132	3463	30
1590	4	7	40	16143	2706	15
1591	1	11	40	16154	63	28
1592	0	18	80	16165	2157	15
1593	0	18	160	16176	7387	20
1594	3	16	80	16187	7528	50
1595	0	18	120	16198	778	30
1596	3	16	120	16209	6140	21
1597	1	11	40	16220	2407	67
1598	0	18	120	16231	5393	31
1599	1	11	160	16242	4296	15
1600	3	16	160	16253	1830	15
1601	3	16	120	16264	9712	23
1602	4	7	120	16275	944	55
1603	0	18	40	16286	2304	57
1604	0	18	40	16297	8869	52
1605	4	7	120	16308	3949	49
1606	0	18	40	16319	815	63
1607	0	18	80	16330	5501	51
1608	1	11	80	16341	6523	31
1609	4	7	40	16352	4539	61
1610	3	16	120	16363	3871	15
1611	4	7	120	16400	3073	37
1612	1	11	40	16410	10786	51
1613	0	18	40	16420	510	24
1614	4	7	80	16430	6754	28
1615	4	7	120	16440	2390	65
1616	1	11	80	16450	1060	49
1617	1	11	160	16460	4581	33
1618	0	18	120	16470	262	39
1619	3	16	80	16480	2105	39
1620	4	7	40	16490	4170	19
1621	1	11	80	16500	3888	59
1622	1	11	80	16510	2402	63
1623	4	7	120	16520	3288	28
1624	0	18	120	16530	1973	62
1625	1	11	160	16540	3698	36
1626	3	16	120	16550	4607	68
1627	4	7	120	16560	5832	58
1628	0	18	40	16570	1496	44
1629	0	18	120	16580	2301	57
1630	0	18	80	16590	187	19
1631	4	7	120	16600	4424	35
1632	1	11	120	16610	9670	29
1633	1	11	40	16620	200	66
1634	4	7	160	16630	1910	22
1635	4	7	120	16640	2486	28
1636	1	11	120	16650	12358	15
1637	4	7	160	16660	5133	41
1638	4	7	40	16670	1265	54
1639	4	7	80	16680	6445	24
1640	3	16	80	16690	335	56
1641	0	18	160	16700	876	62
1642	1	11	40	16710	9723	30
1643	1	11	40	16720	1677	54
1644	1	11	120	16730	12801	29
1645	4	7	120	16740	12442	47
1646	4	7	160	16750	347	47
1647	4	7	40	16760	1409	60
1648	0	18	80	16770	109	62
1649	3	16	160	16780	2029	54
1650	3	16	40	16800	11528	51
1651	1	11	160	16809	433	58
1652	0	18	120	16818	1968	43
1653	3	16	40	16827	1608	62
1654	3	16	120	16836	43	65
1655	0	18	80	16845	5473	26
1656	1	11	80	16854	2466	29
1657	4	7	160	16863	4196	42
1658	0	18	80	16872	199	64
1659	3	16	80	16881	1357	30
1660	0	18	40	16890	11491	50
1661	0	18	80	16899	2158	19
1662	0	18	40	16908	2284	21
1663	1	11	160	16917	1827	43
1664	4	7	120	16926	4006	56
1665	3	16	160	16935	12058	49
1666	3	16	40	16944	3927	23
1667	0	18	160	16953	8605	55
1668	1	11	80	16962	5388	17
1669	0	18	120	16971	1737	15
1670	3	16	40	16980	2735	65
1671	1	11	120	16989	2852	22
1672	1	11	120	16998	2115	49
1673	1	11	40	17007	1221	29
1674	4	7	40	17016	1595	53
1675	4	7	80	17025	2397	27
1676	0	18	40	17034	4947	43
1677	0	18	80	17043	461	23
1678	3	16	160	17052	3677	68
1679	0	18	40	17061	2276	29
1680	3	16	160	17070	2936	59
1681	4	7	80	17079	1957	22
1682	4	7	40	17088	5392	66
1683	1	11	80	17097	9824	59
1684	1	11	80	17106	2721	21
1685	3	16	120	17115	11468	31
1686	3	16	160	17124	1316	62
1687	3	16	80	17133	3468	36
1688	4	7	120	17142	154	15
1689	3	16	120	17151	4023	65
1690	3	16	80	17160	10	68
1691	1	11	120	17169	1453	42
1692	4	7	80	17178	4487	46
1693	0	18	160	17200	16393	39
1694	3	16	80	17208	7777	44
1695	3	16	160	17216	4355	51
1696	4	7	160	17224	5734	55
1697	4	7	80	17232	3152	57
1698	1	11	120	17240	4949	67
1699	3	16	160	17248	33	50
1700	1	11	120	17256	1602	39
1701	3	16	160	17264	890	62
1702	1	11	160	17272	3256	58
1703	0	18	160	17280	4492	61
1704	0	18	120	17288	9310	59
1705	1	11	120	17296	2276	43
1706	4	7	80	17304	4710	23
1707	4	7	120	17312	536	28
1708	3	16	40	17320	8	24
1709	3	16	80	17328	3284	52
1710	0	18	40	17336	145	53
1711	0	18	40	17344	1731	21
1712	1	11	160	17352	199	44
1713	4	7	40	17360	3813	49
1714	0	18	80	17368	5839	41
1715	1	11	120	17376	3251	42
1716	1	11	80	17384	4517	22
1717	3	16	160	17392	2943	32
1718	0	18	80	17400	8258	37
1719	0	18	40	17408	4679	40
1720	0	18	40	17416	4439	56
1721	4	7	120	17424	186	57
1722	0	18	80	17432	7476	54
1723	3	16	160	17440	446	21
1724	1	11	40	17448	1720	17
1725	0	18	120	17456	846	37
1726	3	16	40	17464	7221	45
1727	0	18	120	17472	2229	24
1728	4	7	160	17480	2085	54
1729	1	11	80	17488	4380	16
1730	4	7	80	17496	4675	41
1731	1	11	160	17504	718	56
1732	3	16	120	17512	2037	26
1733	4	7	40	17520	3595	32
1734	4	7	120	17528	438	60
1735	4	7	40	17536	1545	66
1736	1	11	120	17544	7089	34
1737	3	16	80	17552	270	20
1738	1	11	120	17560	47	69
1739	0	18	160	17568	245	47
1740	4	7	80	17600	1156	22
1741	4	7	80	17607	674	48
1742	4	7	80	17614	3448	27
1743	1	11	80	17621	2598	32
1744	3	16	80	17628	3650	27
1745	1	11	80	17635	4215	61
1746	4	7	120	17642	1183	68
1747	0	18	80	17649	246	67
1748	0	18	120	17656	971	68
1749	0	18	120	17663	1429	17
1750	0	18	80	17670	17242	43
1751	0	18	40	17677	1101	37
1752	3	16	160	17684	4461	34
1753	0	18	80	17691	81	42
1754	3	16	120	17698	1649	63
1755	1	11	160	17705	1339	51
1756	3	16	120	17712	1746	23
1757	4	7	40	17719	2400	52
1758	3	16	120	17726	1573	58
1759	4	7	40	17733	4975	37
1760	3	16	120	17740	3649	68
1761	3	16	120	17747	1230	68
1762	0	18	120	17754	5079	44
1763	0	18	160	17761	1641	22
1764	3	16	160	17768	8186	26
1765	3	16	40	17775	8206	67
1766	3	16	80	17782	12164	65
1767	1	11	120	17789	2432	26
1768	4	7	80	17796	2858	58
1769	1	11	40	17803	2372	44
1770	0	18	40	17810	5184	23
1771	3	16	40	17817	3779	17
1772	1	11	40	17824	2846	32
1773	0	18	120	17831	6719	59
1774	1	11	160	17838	2308	32
1775	1	11	120	17845	2897	23
1776	4	7	40	17852	2523	44
1777	4	7	40	17859	1835	36
1778	0	18	80	17866	2830	63
1779	4	7	120	17873	4791	25
1780	0	18	40	17880	10907	38
1781	3	16	120	17887	5980	48
1782	0	18	40	17894	951	26
1783	3	16	40	17901	447	52
1784	0	18	160	17908	4544	43
1785	4	7	80	17915	2381	18
1786	3	16	40	17922	2710	36
1787	3	16	80	17929	1904	53
1788	1	11	120	17936	1177	39
1789	1	11	160	17943	6846	24
1790	1	11	120	17950	13589	58
1791	3	16	80	17957	1904	52
1792	4	7	120	18000	5392	31
1793	1	11	120	18008	1426	47
1794	1	11	80	18016	2472	49
1795	0	18	120	18024	17182	24
1796	3	16	160	18032	2290	19
1797	4	7	120	18040	1103	19
1798	3	16	80	18048	3735	21
1799	4	7	40	18056	5193	30
1800	4	7	40	18064	4805	66
1801	1	11	160	18072	6448	57
1802	0	18	160	18080	3186	23
1803	3	16	80	18088	5849	38
1804	4	7	120	18096	3413	64
1805	3	16	80	18104	1881	40
1806	3	16	160	18112	5259	20
1807	3	16	40	18120	7825	45
1808	4	7	120	18128	3486	25
1809	0	18	40	18136	6916	55
1810	3	16	120	18144	6785	21
1811	3	16	80	18152	17052	56
1812	3	16	120	18160	11527	58
1813	4	7	160	18168	3944	48
1814	4	7	160	18176	6005	68
1815	4	7	160	18184	6918	34
1816	3	16	120	18192	218	56
1817	1	11	80	18200	3800	61
1818	0	18	160	18208	4288	49
1819	4	7	120	18216	2193	22
1820	0	18	40	18224	1907	46
1821	0	18	160	18232	3407	26
1822	0	18	40	18240	895	56
1823	1	11	120	18248	4700	49
1824	0	18	120	18256	2621	56
1825	3	16	120	18264	1707	41
1826	3	16	80	18272	8191	56
1827	0	18	80	18280	938	54
1828	3	16	80	18288	1738	24
1829	1	11	40	18296	2406	23
1830	3	16	160	18304	330	18
1831	0	18	120	18312	1028	40
1832	1	11	120	18320	5724	29
1833	0	18	80	18328	6060	48
1834	0	18	120	18336	27665	28
1835	3	16	40	18344	575	51
1836	1	11	160	18352	1028	39
1837	1	11	120	18360	2343	58
1838	3	16	120	18368	3035	58
1839	3	16	120	18400	1447	17
1840	0	18	80	18410	5051	68
1841	4	7	40	18420	4015	60
1842	3	16	120	18430	6378	43
1843	0	18	80	18440	2265	54
1844	4	7	40	18450	11	17
1845	3	16	40	18460	15773	16
1846	4	7	160	18470	2282	63
1847	0	18	160	18480	481	53
1848	3	16	120	18490	2959	49
1849	1	11	80	18500	4068	30
1850	3	16	40	18510	10827	37
1851	1	11	80	18520	6918	27
1852	3	16	120	18530	3502	40
1853	3	16	160	18540	817	69
1854	3	16	40	18550	1708	53
1855	4	7	40	18560	537	55
1856	1	11	120	18570	3664	15
1857	4	7	40	18580	7806	43
1858	3	16	120	18590	1355	52
1859	1	11	160	18600	1027	38
1860	4	7	160	18610	2806	54
1861	3	16	120	18620	2955	35
1862	4	7	120	18630	2821	36
1863	3	16	120	18640	555	17
1864	3	16	80	18650	5438	51
1865	1	11	40	18660	3564	51
1866	1	11	160	18670	1019	41
1867	3	16	40	18680	715	24
1868	3	16	80	18690	3955	34
1869	0	18	120	18700	4121	31
1870	1	11	160	18710	3625	64
1871	0	18	160	18720	3764	68
1872	3	16	160	18730	340	18
1873	1	11	80	18740	1748	47
1874	4	7	40	18750	4883	23
1875	0	18	160	18760	5479	55
1876	1	11	80	18800	5991	53
1877	4	7	160	18811	5845	16
1878	1	11	120	18822	4663	47
1879	3	16	120	18833	2774	54
1880	4	7	160	18844	9750	47
1881	3	16	80	18855	5670	17
1882	3	16	160	18866	4637	20
1883	0	18	160	18877	5009	63
1884	3	16	160	18888	2926	55
1885	1	11	120	18899	1186	61
1886	1	11	40	18910	4124	15
1887	3	16	160	18921	3433	30
1888	1	11	80	18932	2266	64
1889	0	18	80	18943	8261	43
1890	0	18	120	18954	3054	50
1891	3	16	120	18965	1839	66
1892	4	7	40	18976	677	21
1893	1	11	160	18987	1457	35
1894	3	16	120	18998	6425	32
1895	1	11	160	19009	866	48
1896	0	18	80	19020	545	38
1897	0	18	40	19031	4403	40
1898	3	16	40	19042	4675	18
1899	3	16	160	19053	2130	35
1900	0	18	40	19064	5636	45
1901	0	18	120	19075	1265	53
1902	3	16	120	19086	2656	34
1903	1	11	160	19097	8469	32
1904	4	7	120	19108	173	35
1905	1	11	80	19119	1563	38
1906	3	16	80	19130	5405	24
1907	1	11	40	19141	1041	62
1908	4	7	120	19152	2614	61
1909	3	16	40	19163	3683	67
1910	3	16	160	19174	1719	16
1911	3	16	120	19200	7132	68
1912	1	11	120	19210	743	66
1913	0	18	40	19220	6191	68
1914	1	11	160	19230	1506	60
1915	1	11	120	19240	5490	52
1916	0	18	120	19250	7230	30
1917	3	16	160	19260	6278	42
1918	4	7	120	19270	3774	31
1919	0	18	160	19280	2665	60
1920	4	7	40	19290	11706	51
1921	4	7	160	19300	4185	26
1922	0	18	160	19310	5254	30
1923	1	11	160	19320	5621	60
1924	4	7	40	19330	462	50
1925	4	7	40	19340	1031	68
1926	1	11	160	19350	2419	62
1927	0	18	160	19360	5988	52
1928	4	7	160	19370	3235	30
1929	3	16	80	19380	2854	45
1930	0	18	120	19390	3853	32
1931	0	18	40	19400	461	27
1932	1	11	160	19410	328	68
1933	4	7	120	19420	1288	26
1934	1	11	80	19430	5458	24
1935	3	16	40	19440	4103	63
1936	0	18	160	19450	1271	53
1937	0	18	160	19460	6573	57
1938	0	18	80	19470	4456	43
1939	0	18	80	19480	869	32
1940	4	7	40	19490	2899	51
1941	0	18	160	19500	2138	22
1942	4	7	80	19510	405	38
1943	4	7	80	19520	7105	66
1944	3	16	80	19530	2967	41
1945	3	16	160	19540	4844	52
1946	1	11	40	19550	888	69
1947	3	16	160	19560	1839	23
1948	0	18	160	19570	19031	44
1949	1	11	160	19580	217	49
1950	1	11	40	19600	1778	33
1951	1	11	120	19611	1635	66
1952	1	11	80	19622	233	24
1953	1	11	40	19633	906	28
1954	3	16	160	19644	2513	54
1955	1	11	80	19655	451	33
1956	0	18	160	19666	3105	38
1957	0	18	120	19677	5246	43
1958	3	16	160	19688	5888	52
1959	0	18	80	19699	6750	37
1960	0	18	120	19710	8148	46
1961	1	11	120	19721	13400	41
1962	1	11	80	19732	4492	47
1963	0	18	80	19743	13976	31
1964	1	11	80	19754	16403	50
1965	1	11	120	19765	1100	58
1966	1	11	160	19776	5594	15
1967	3	16	160	19787	8983	55
1968	4	7	120	19798	174	58
1969	4	7	120	19809	4463	67
1970	1	11	160	19820	2571	68
1971	4	7	160	19831	118	42
1972	1	11	80	19842	511	69
1973	3	16	80	19853	2147	69
1974	1	11	160	19864	14151	23
1975	4	7	80	19875	3039	43
1976	4	7	120	19886	3215	57
1977	1	11	120	19897	9228	33
1978	4	7	120	19908	1050	34
1979	0	18	40	19919	2089	68
1980	1	11	40	19930	114	68
1981	3	16	160	19941	356	54
1982	0	18	160	19952	6144	23
1983	3	16	160	19963	2787	50
1984	0	18	40	19974	656	27
1985	3	16	160	20000	1329	35
1986	4	7	160	20026	215	18
1987	4	7	120	20052	8352	55
1988	0	18	160	20078	6619	41
1989	4	7	40	20104	4061	60
1990	3	16	80	20130	428	39
1991	4	7	40	20156	3121	25
1992	3	16	40	20182	147	20
1993	0	18	40	20208	7773	20
1994	0	18	160	20234	1576	56
1995	1	11	80	20260	3199	24
1996	3	16	80	20286	5378	45
1997	3	16	40	20312	542	22
1998	1	11	160	20338	7516	30
1999	0	18	120	20364	1332	52
