0	1	11	120	0	16501	43
1	0	18	120	10	1047	67
2	4	7	80	20	12535	67
3	1	11	120	30	3337	46
4	3	16	160	40	4018	63
5	1	11	40	50	4725	46
6	1	11	160	60	2009	60
7	1	11	120	70	2379	68
8	4	7	40	80	10597	64
9	1	11	120	90	1607	58
10	3	16	120	100	1404	41
11	4	7	40	110	159	56
12	4	7	160	120	1684	39
13	0	18	40	130	2359	45
14	1	11	120	140	41	44
15	4	7	80	150	873	45
16	3	16	80	160	3005	62
17	0	18	80	170	6627	65
18	4	7	80	180	683	43
19	4	7	160	190	1215	59
20	0	18	40	200	4722	43
21	3	16	120	210	3184	40
22	1	11	40	220	7328	47
23	1	11	40	230	5529	60
24	3	16	160	240	4254	42
25	0	18	80	250	816	48
26	1	11	80	260	14483	50
27	0	18	40	270	875	54
28	1	11	160	280	6748	66
29	1	11	120	290	2942	69
30	4	7	160	300	916	41
31	3	16	80	310	7083	54
32	4	7	160	320	812	68
33	0	18	160	330	14830	69
34	3	16	120	340	8337	62
35	3	16	160	350	7813	44
36	4	7	120	360	570	53
37	0	18	120	370	1370	49
38	1	11	120	380	10387	43
39	4	7	120	400	7540	51
40	1	11	40	411	2210	49
41	4	7	160	422	539	48
42	4	7	80	433	4211	56
43	1	11	40	444	1697	42
44	4	7	80	455	1709	66
45	1	11	160	466	3563	63
46	4	7	120	477	1057	69
47	0	18	160	488	1556	39
48	3	16	40	499	518	68
49	0	18	120	510	2536	56
50	3	16	160	521	3593	65
51	4	7	120	532	946	58
52	3	16	80	543	6911	52
53	0	18	120	554	423	40
54	3	16	160	565	819	69
55	3	16	160	576	2283	41
56	3	16	120	587	1980	58
57	1	11	40	598	929	46
58	4	7	160	609	9682	43
59	1	11	120	620	2385	54
60	4	7	160	631	5090	66
61	1	11	160	642	884	45
62	4	7	120	653	4014	40
63	1	11	120	664	2100	64
64	1	11	120	675	539	56
65	0	18	80	686	2511	56
66	4	7	80	697	7729	58
67	3	16	40	708	1836	40
68	1	11	120	719	3376	52
69	3	16	160	730	660	69
70	4	7	160	741	261	62
71	3	16	160	752	1088	52
72	3	16	160	763	8608	60
73	0	18	120	774	1477	61
74	3	16	120	785	7265	48
75	0	18	80	800	3344	64
76	4	7	80	810	9123	53
77	4	7	160	820	2725	43
78	3	16	160	830	2051	63
79	1	11	160	840	269	49
80	0	18	120	850	12179	48
81	1	11	80	860	4208	49
82	1	11	160	870	311	55
83	1	11	80	880	1694	48
84	3	16	160	890	10524	42
85	4	7	40	900	20525	53
86	4	7	160	910	30	41
87	4	7	40	920	348	66
88	3	16	40	930	6248	39
89	0	18	160	940	2324	60
90	0	18	40	950	2521	56
91	3	16	80	960	10386	45
92	1	11	160	970	1905	45
93	4	7	160	980	2587	59
94	4	7	160	990	549	54
95	0	18	80	1000	1025	42
96	0	18	40	1010	2715	47
97	1	11	160	1020	1111	62
98	0	18	80	1030	992	56
99	3	16	40	1040	8532	48
100	1	11	120	1050	5304	44
101	0	18	120	1060	7983	68
102	4	7	80	1070	5583	56
103	0	18	80	1080	13952	68
104	1	11	120	1090	2085	64
105	0	18	160	1100	1751	52
106	0	18	160	1110	1583	67
107	3	16	160	1120	2882	61
108	3	16	40	1130	1220	61
109	3	16	80	1140	3854	43
110	4	7	120	1150	3081	57
111	4	7	120	1160	9072	53
112	4	7	80	1170	6565	52
113	1	11	160	1180	7484	63
114	0	18	160	1200	2747	44
115	1	11	80	1208	286	55
116	4	7	40	1216	527	59
117	3	16	40	1224	1359	61
118	4	7	160	1232	2619	60
119	3	16	80	1240	566	42
120	1	11	120	1248	2456	54
121	0	18	40	1256	5910	61
122	0	18	40	1264	3449	40
123	0	18	160	1272	554	62
124	3	16	120	1280	4615	52
125	1	11	120	1288	592	55
126	1	11	40	1296	7840	45
127	4	7	160	1304	2093	39
128	0	18	120	1312	796	45
129	1	11	40	1320	3778	45
130	0	18	40	1328	306	56
131	1	11	120	1336	4259	61
132	4	7	80	1344	1282	57
133	4	7	120	1352	2932	54
134	0	18	40	1360	1605	44
135	4	7	40	1368	369	50
136	3	16	40	1376	9149	63
137	1	11	80	1384	445	56
138	4	7	120	1392	11188	53
139	3	16	160	1400	3407	60
140	4	7	80	1408	4399	55
141	1	11	160	1416	2724	49
142	0	18	40	1424	6866	44
143	4	7	120	1432	753	66
144	1	11	80	1440	9355	41
145	1	11	120	1448	3386	41
146	3	16	160	1456	507	63
147	4	7	160	1464	3045	51
148	3	16	160	1472	15551	54
149	3	16	80	1480	244	69
150	1	11	80	1488	432	53
151	1	11	160	1496	916	55
152	3	16	40	1504	5743	40
153	1	11	160	1512	366	52
154	0	18	120	1520	2197	64
155	1	11	80	1528	13149	52
156	0	18	120	1536	1348	67
157	3	16	80	1544	3902	64
158	3	16	160	1552	1341	54
159	4	7	40	1560	1251	48
160	3	16	160	1568	2736	45
161	1	11	160	1600	10078	66
162	3	16	40	1609	1620	54
163	0	18	160	1618	4220	55
164	1	11	40	1627	3146	56
165	1	11	160	1636	8544	66
166	4	7	40	1645	3892	66
167	0	18	160	1654	1351	68
168	1	11	120	1663	2898	58
169	1	11	160	1672	2100	63
170	3	16	80	1681	748	62
171	1	11	120	1690	73	41
172	3	16	80	1699	1717	47
173	0	18	160	1708	9505	39
174	3	16	40	1717	2501	57
175	0	18	120	1726	13398	43
176	4	7	40	1735	12103	55
177	0	18	80	1744	2084	44
178	3	16	120	1753	1023	59
179	0	18	160	1762	481	50
180	4	7	120	1771	74	61
181	1	11	40	1780	1579	63
182	1	11	40	1789	2234	55
183	1	11	80	1798	516	46
184	0	18	160	1807	2842	62
185	4	7	80	1816	8132	40
186	3	16	80	1825	8943	59
187	1	11	80	1834	826	43
188	3	16	40	1843	407	59
189	4	7	160	1852	1835	61
190	4	7	120	1861	6480	52
191	4	7	120	1870	1288	68
192	4	7	120	1879	6871	41
193	0	18	120	1888	4439	43
194	4	7	160	1897	324	53
195	3	16	120	1906	5506	58
196	3	16	160	1915	701	65
197	4	7	40	1924	738	59
198	3	16	80	1933	3945	48
199	4	7	80	1942	87	44
200	1	11	80	1951	11906	45
201	1	11	40	1960	7148	64
202	3	16	40	2000	70	63
203	1	11	40	2010	3385	60
204	0	18	40	2020	8781	45
205	4	7	120	2030	352	50
206	3	16	120	2040	7743	47
207	3	16	40	2050	7723	40
208	4	7	160	2060	3898	65
209	0	18	160	2070	2448	59
210	1	11	40	2080	44	67
211	0	18	40	2090	8484	62
212	0	18	160	2100	2024	43
213	1	11	160	2110	752	43
214	0	18	120	2120	1151	56
215	0	18	120	2130	741	51
216	4	7	160	2140	2705	50
217	0	18	160	2150	952	46
218	0	18	40	2160	618	63
219	3	16	160	2170	4503	55
220	4	7	80	2180	17962	45
221	1	11	160	2190	2286	61
222	1	11	120	2200	841	47
223	3	16	160	2210	638	66
224	1	11	40	2220	3729	49
225	3	16	160	2230	9019	64
226	3	16	40	2240	880	39
227	3	16	160	2250	4540	42
228	0	18	40	2260	7070	55
229	0	18	120	2270	5054	68
230	1	11	160	2280	6519	47
231	4	7	40	2290	6110	66
232	3	16	40	2300	6038	65
233	3	16	80	2310	913	54
234	3	16	120	2320	718	43
235	1	11	80	2330	823	66
236	4	7	40	2340	1477	39
237	4	7	160	2350	7777	65
238	1	11	40	2360	1058	40
239	1	11	40	2370	2208	50
240	0	18	120	2380	53	63
241	4	7	80	2400	155	58
242	3	16	120	2410	3321	48
243	3	16	40	2420	4076	39
244	1	11	120	2430	1764	64
245	4	7	120	2440	10204	60
246	4	7	120	2450	8423	63
247	3	16	120	2460	4189	67
248	4	7	160	2470	2181	56
249	3	16	40	2480	9569	40
250	3	16	120	2490	1182	47
251	3	16	40	2500	11906	58
252	4	7	40	2510	102	65
253	4	7	80	2520	12105	63
254	0	18	160	2530	133	68
255	0	18	120	2540	2883	54
256	0	18	80	2550	4118	56
257	0	18	40	2560	8157	66
258	4	7	160	2570	13369	49
259	1	11	80	2580	20198	50
260	1	11	120	2590	8716	49
261	0	18	120	2600	779	43
262	1	11	40	2610	104	54
263	3	16	80	2620	9428	66
264	3	16	40	2630	4242	50
265	3	16	40	2640	1036	39
266	3	16	160	2650	426	66
267	1	11	120	2660	858	59
268	3	16	40	2670	28	39
269	4	7	80	2680	265	60
270	1	11	120	2690	7879	51
271	0	18	160	2700	4027	54
272	4	7	120	2710	15511	45
273	4	7	160	2720	5077	51
274	3	16	80	2730	4341	62
275	4	7	40	2740	12036	57
276	4	7	80	2750	8200	51
277	4	7	120	2760	3199	47
278	1	11	80	2800	6257	41
279	3	16	120	2811	4612	59
280	4	7	40	2822	67	39
281	4	7	80	2833	3179	42
282	4	7	160	2844	1195	55
283	1	11	160	2855	10136	54
284	3	16	160	2866	2474	60
285	4	7	160	2877	7724	59
286	4	7	160	2888	5669	39
287	3	16	160	2899	7029	41
288	3	16	80	2910	751	55
289	3	16	40	2921	4207	59
290	0	18	160	2932	3133	49
291	4	7	160	2943	2311	42
292	0	18	40	2954	8913	54
293	0	18	160	2965	1092	59
294	4	7	80	2976	3083	39
295	0	18	40	2987	7238	58
296	1	11	80	2998	49	42
297	0	18	40	3009	4300	51
298	4	7	160	3020	16896	58
299	4	7	80	3031	550	63
300	0	18	120	3042	6879	64
301	1	11	160	3053	4623	42
302	4	7	80	3064	4110	67
303	4	7	120	3075	1761	66
304	1	11	120	3086	197	59
305	3	16	160	3097	3885	62
306	4	7	80	3108	13990	52
307	0	18	40	3119	1463	53
308	1	11	40	3130	1365	39
309	0	18	120	3141	343	50
310	1	11	80	3152	4113	41
311	0	18	160	3163	387	48
312	4	7	160	3174	329	64
313	0	18	40	3200	1315	60
314	3	16	40	3211	15045	50
315	1	11	80	3222	1652	46
316	0	18	120	3233	10040	57
317	0	18	40	3244	443	39
318	4	7	120	3255	2347	45
319	4	7	80	3266	6413	61
320	3	16	80	3277	2543	69
321	4	7	40	3288	1278	64
322	4	7	40	3299	88	43
323	4	7	40	3310	1761	49
324	3	16	120	3321	2944	49
325	1	11	160	3332	2190	47
326	4	7	120	3343	5424	69
327	3	16	160	3354	5393	55
328	4	7	80	3365	801	50
329	1	11	40	3376	6993	42
330	3	16	120	3387	11139	53
331	3	16	40	3398	955	39
332	0	18	160	3409	3331	59
333	3	16	160	3420	4341	47
334	1	11	40	3431	7964	65
335	1	11	40	3442	1611	66
336	4	7	160	3453	9467	45
337	0	18	80	3464	9295	58
338	0	18	80	3475	8241	64
339	0	18	160	3486	7328	68
340	0	18	80	3497	8660	46
341	4	7	120	3508	2401	56
342	0	18	160	3519	3090	40
343	3	16	120	3530	373	43
344	1	11	160	3541	33	56
345	4	7	40	3552	2397	40
346	0	18	160	3563	1783	48
347	4	7	40	3600	3787	64
348	3	16	120	3609	1216	48
349	1	11	40	3618	887	63
350	4	7	80	3627	9982	39
351	1	11	80	3636	9515	42
352	0	18	80	3645	967	45
353	4	7	80	3654	826	67
354	0	18	40	3663	4292	63
355	0	18	120	3672	3170	69
356	3	16	120	3681	4355	69
357	4	7	80	3690	1346	56
358	0	18	40	3699	7212	56
359	4	7	160	3708	3938	50
360	3	16	40	3717	8449	62
361	0	18	120	3726	1042	66
362	0	18	160	3735	532	41
363	0	18	160	3744	2489	66
364	3	16	40	3753	621	66
365	3	16	40	3762	2247	41
366	0	18	160	3771	2995	58
367	0	18	40	3780	2157	55
368	4	7	40	3789	2156	64
369	0	18	160	3798	4143	53
370	1	11	120	3807	2264	40
371	0	18	80	3816	67	69
372	0	18	160	3825	1058	44
373	4	7	160	3834	3705	46
374	4	7	40	3843	9790	53
375	3	16	120	3852	77	52
376	4	7	80	3861	5317	62
377	0	18	80	3870	10797	69
378	3	16	80	3879	1710	62
379	4	7	120	3888	291	48
380	1	11	160	3897	255	69
381	0	18	120	3906	558	44
382	0	18	40	3915	2601	46
383	1	11	80	3924	16239	57
384	1	11	160	3933	9560	42
385	0	18	80	3942	125	50
386	3	16	120	3951	24290	63
387	0	18	120	3960	1903	62
388	1	11	160	3969	16	53
389	0	18	120	3978	1520	65
390	3	16	120	3987	4413	67
391	0	18	80	4000	3873	58
392	4	7	80	4010	277	41
393	0	18	120	4020	1130	52
394	1	11	120	4030	12965	45
395	4	7	160	4040	4267	50
396	3	16	160	4050	1581	53
397	0	18	160	4060	311	43
398	0	18	120	4070	11608	47
399	4	7	120	4080	3454	54
400	4	7	40	4090	10292	51
401	4	7	160	4100	11446	63
402	0	18	40	4110	868	39
403	1	11	160	4120	3839	65
404	0	18	120	4130	5821	62
405	4	7	160	4140	9247	40
406	1	11	120	4150	4494	67
407	0	18	120	4160	3774	69
408	0	18	40	4170	1275	52
409	1	11	120	4180	4073	50
410	1	11	40	4190	6683	46
411	1	11	40	4200	5246	39
412	1	11	40	4210	11117	63
413	1	11	120	4220	5792	46
414	3	16	160	4230	3324	51
415	3	16	120	4240	5524	57
416	4	7	120	4250	5564	59
417	4	7	120	4260	612	54
418	3	16	40	4270	3238	63
419	1	11	120	4280	479	55
420	4	7	80	4290	2264	47
421	0	18	80	4300	642	66
422	4	7	40	4310	2129	40
423	3	16	80	4320	424	69
424	3	16	80	4330	15063	55
425	1	11	40	4340	6682	51
426	0	18	40	4350	11960	66
427	4	7	40	4360	17151	61
428	1	11	40	4400	4121	39
429	4	7	80	4410	1191	42
430	4	7	120	4420	4718	68
431	4	7	80	4430	4321	57
432	0	18	160	4440	17583	61
433	4	7	120	4450	5871	47
434	0	18	80	4460	633	66
435	1	11	160	4470	507	45
436	4	7	120	4480	10939	43
437	4	7	40	4490	7895	50
438	1	11	120	4500	973	64
439	3	16	160	4510	29	40
440	4	7	160	4520	1760	52
441	1	11	40	4530	1956	64
442	4	7	80	4540	446	48
443	4	7	80	4550	1818	42
444	4	7	80	4560	2806	58
445	0	18	80	4570	11097	67
446	3	16	80	4580	4588	64
447	3	16	160	4590	1437	64
448	3	16	120	4600	4579	40
449	4	7	40	4610	953	58
450	0	18	80	4620	9402	61
451	4	7	80	4630	816	69
452	1	11	160	4640	2935	50
453	3	16	40	4650	7136	61
454	4	7	80	4660	632	45
455	3	16	160	4670	5970	54
456	4	7	120	4680	3020	61
457	3	16	120	4690	397	39
458	3	16	80	4700	4089	48
459	3	16	80	4710	12386	49
460	3	16	160	4720	12080	43
461	1	11	80	4730	4666	44
462	4	7	120	4740	13724	68
463	1	11	160	4750	62	49
464	1	11	160	4760	11694	51
465	1	11	120	4800	656	58
466	0	18	80	4810	5434	48
467	3	16	120	4820	737	55
468	1	11	40	4830	3854	49
469	0	18	160	4840	2357	45
470	3	16	160	4850	6720	52
471	4	7	80	4860	8833	47
472	1	11	160	4870	10407	59
473	0	18	80	4880	3172	61
474	1	11	160	4890	5658	41
475	1	11	80	4900	185	53
476	0	18	160	4910	175	57
477	0	18	160	4920	194	67
478	3	16	40	4930	3629	50
479	1	11	40	4940	160	58
480	4	7	160	4950	554	56
481	3	16	80	4960	4174	40
482	1	11	120	4970	1452	60
483	1	11	160	4980	2255	51
484	4	7	40	4990	1741	51
485	0	18	80	5000	2836	69
486	1	11	120	5010	606	46
487	3	16	120	5020	676	69
488	4	7	40	5030	3906	41
489	1	11	80	5040	1856	51
490	3	16	80	5050	3556	53
491	1	11	40	5060	7342	43
492	0	18	120	5070	998	41
493	3	16	80	5080	1211	54
494	4	7	160	5090	231	67
495	3	16	80	5100	4403	47
496	3	16	80	5110	2173	65
497	3	16	80	5120	377	69
498	1	11	120	5130	2172	60
499	1	11	120	5140	1740	69
500	4	7	160	5150	865	57
501	0	18	120	5160	2886	48
502	1	11	120	5170	4601	54
503	3	16	120	5180	1078	64
504	1	11	40	5200	2033	45
505	0	18	160	5209	58	52
506	1	11	120	5218	1198	48
507	1	11	80	5227	14355	58
508	0	18	40	5236	312	58
509	3	16	160	5245	425	61
510	3	16	160	5254	5271	67
511	4	7	120	5263	2636	63
512	4	7	80	5272	2758	59
513	1	11	80	5281	3675	60
514	4	7	120	5290	6979	63
515	0	18	120	5299	1446	42
516	4	7	160	5308	1938	53
517	1	11	120	5317	3077	56
518	3	16	160	5326	4346	67
519	1	11	80	5335	2307	52
520	0	18	40	5344	43	51
521	3	16	120	5353	3540	48
522	4	7	80	5362	3149	52
523	0	18	120	5371	1135	68
524	3	16	120	5380	7762	62
525	0	18	160	5389	14467	47
526	3	16	120	5398	4426	45
527	3	16	120	5407	4369	44
528	0	18	80	5416	2703	64
529	4	7	80	5425	375	64
530	3	16	160	5434	3934	57
531	1	11	120	5443	12227	57
532	3	16	80	5452	3958	46
533	0	18	80	5461	1116	51
534	1	11	80	5470	7446	39
535	3	16	40	5479	3822	46
536	1	11	120	5488	13334	56
537	4	7	160	5497	282	65
538	0	18	120	5506	131	44
539	3	16	40	5515	1652	68
540	3	16	160	5524	1145	59
541	0	18	80	5533	736	57
542	1	11	80	5542	335	49
543	0	18	40	5551	2957	49
544	3	16	120	5560	4075	54
545	3	16	120	5569	449	59
546	1	11	120	5600	1676	53
547	4	7	80	5611	3868	51
548	4	7	120	5622	2290	60
549	3	16	40	5633	5590	63
550	3	16	120	5644	1332	63
551	1	11	120	5655	8568	48
552	0	18	80	5666	2230	40
553	4	7	40	5677	15790	46
554	1	11	120	5688	1673	56
555	1	11	40	5699	3738	48
556	0	18	40	5710	13911	65
557	0	18	160	5721	2292	55
558	4	7	40	5732	1911	41
559	0	18	80	5743	2216	67
560	1	11	80	5754	1694	46
561	4	7	160	5765	3608	43
562	0	18	40	5776	2623	63
563	1	11	160	5787	16938	64
564	4	7	40	5798	2576	42
565	1	11	80	5809	6043	48
566	1	11	40	5820	7707	56
567	3	16	160	5831	1175	47
568	4	7	40	5842	5649	59
569	0	18	120	5853	942	55
570	4	7	40	5864	1656	55
571	0	18	40	5875	1518	58
572	1	11	40	5886	2806	50
573	4	7	160	5897	1567	69
574	4	7	80	5908	839	63
575	0	18	120	5919	7396	64
576	1	11	40	5930	2827	68
577	3	16	80	5941	90	42
578	1	11	40	5952	3748	53
579	4	7	160	5963	5545	41
580	4	7	40	6000	3985	63
581	4	7	80	6007	203	63
582	4	7	160	6014	1038	53
583	3	16	40	6021	5365	39
584	1	11	120	6028	6563	40
585	1	11	80	6035	5441	47
586	0	18	40	6042	2982	56
587	3	16	80	6049	4171	69
588	4	7	160	6056	9276	65
589	0	18	40	6063	1083	61
590	1	11	160	6070	4156	51
591	0	18	120	6077	3003	39
592	4	7	120	6084	4662	63
593	4	7	80	6091	3736	47
594	1	11	160	6098	19895	60
595	4	7	160	6105	4254	54
596	4	7	80	6112	4648	63
597	4	7	120	6119	399	55
598	0	18	40	6126	195	45
599	1	11	40	6133	7855	44
600	1	11	80	6140	1161	42
601	3	16	160	6147	367	45
602	0	18	40	6154	7962	61
603	4	7	160	6161	1024	44
604	4	7	40	6168	2135	46
605	3	16	120	6175	13713	44
606	0	18	120	6182	1901	68
607	1	11	120	6189	435	41
608	0	18	120	6196	6268	53
609	1	11	160	6203	2767	61
610	4	7	160	6210	423	49
611	3	16	160	6217	11729	62
612	4	7	160	6224	7041	41
613	4	7	40	6231	3975	69
614	1	11	40	6238	6330	42
615	3	16	160	6245	1402	53
616	4	7	40	6252	1820	59
617	3	16	160	6259	5428	62
618	0	18	80	6266	790	63
619	3	16	120	6273	5257	64
620	0	18	40	6280	1170	61
621	3	16	160	6287	926	56
622	4	7	40	6294	1741	51
623	4	7	160	6301	2928	68
624	3	16	160	6308	3317	43
625	4	7	80	6315	6663	55
626	0	18	80	6322	3950	65
627	1	11	120	6329	9097	42
628	1	11	40	6336	1608	48
629	4	7	120	6343	3059	47
630	0	18	80	6350	675	39
631	3	16	120	6357	2122	52
632	3	16	40	6400	14704	66
633	0	18	160	6409	5521	47
634	3	16	120	6418	2757	69
635	0	18	80	6427	3133	56
636	3	16	40	6436	823	41
637	0	18	160	6445	10	48
638	4	7	40	6454	1570	63
639	3	16	40	6463	7296	66
640	0	18	160	6472	1816	49
641	3	16	120	6481	2195	54
642	1	11	120	6490	7758	54
643	3	16	160	6499	2058	42
644	1	11	80	6508	588	50
645	4	7	160	6517	4809	58
646	0	18	160	6526	4816	68
647	4	7	120	6535	240	63
648	3	16	40	6544	6696	43
649	4	7	160	6553	4780	46
650	4	7	160	6562	1365	65
651	1	11	80	6571	11569	39
652	4	7	80	6580	9893	62
653	1	11	80	6589	1521	50
654	0	18	40	6598	3725	53
655	3	16	80	6607	184	55
656	4	7	120	6616	5308	63
657	1	11	80	6625	1687	63
658	0	18	40	6634	4341	40
659	4	7	120	6643	3692	61
660	1	11	80	6652	1662	49
661	3	16	160	6661	2625	65
662	4	7	80	6670	5912	63
663	1	11	40	6679	1187	45
664	0	18	80	6688	1685	60
665	1	11	40	6697	4667	67
666	4	7	160	6706	14309	66
667	3	16	160	6715	331	64
668	1	11	120	6724	565	39
669	0	18	120	6733	1158	56
670	4	7	160	6742	464	51
671	4	7	40	6751	1803	50
672	4	7	120	6760	2164	69
673	1	11	80	6800	1666	67
674	3	16	160	6809	1824	54
675	1	11	120	6818	7118	46
676	0	18	80	6827	1726	41
677	1	11	40	6836	12038	48
678	1	11	120	6845	1927	56
679	3	16	160	6854	7986	54
680	3	16	120	6863	470	56
681	0	18	120	6872	3367	40
682	4	7	80	6881	353	69
683	3	16	40	6890	4019	40
684	0	18	120	6899	1126	52
685	4	7	160	6908	947	39
686	3	16	80	6917	2741	60
687	0	18	120	6926	4295	54
688	0	18	160	6935	615	64
689	0	18	40	6944	2413	53
690	1	11	120	6953	6608	62
691	1	11	160	6962	7376	47
692	4	7	160	6971	1664	46
693	4	7	80	6980	5120	40
694	1	11	120	6989	2761	56
695	3	16	160	6998	8610	53
696	4	7	40	7007	4205	61
697	0	18	80	7016	3659	48
698	1	11	120	7025	240	51
699	4	7	40	7034	2377	53
700	0	18	40	7043	5200	62
701	3	16	160	7052	3876	43
702	3	16	40	7061	10447	62
703	1	11	80	7070	3293	57
704	4	7	160	7079	3543	65
705	4	7	160	7088	10428	53
706	3	16	160	7097	2992	39
707	1	11	40	7106	3422	64
708	4	7	120	7115	11985	66
709	3	16	120	7124	5961	45
710	1	11	40	7133	4744	52
711	3	16	120	7142	6131	54
712	4	7	120	7151	13074	45
713	1	11	80	7160	6399	55
714	1	11	40	7169	2707	44
715	0	18	120	7200	5894	47
716	3	16	80	7210	2020	66
717	0	18	40	7220	594	61
718	1	11	120	7230	45	63
719	1	11	80	7240	570	60
720	3	16	160	7250	855	45
721	4	7	40	7260	1505	50
722	3	16	160	7270	11057	69
723	1	11	120	7280	4542	55
724	4	7	160	7290	2341	63
725	1	11	40	7300	1247	42
726	0	18	40	7310	91	42
727	0	18	40	7320	4760	68
728	0	18	120	7330	7384	50
729	4	7	40	7340	2635	39
730	3	16	80	7350	797	55
731	4	7	40	7360	5562	62
732	4	7	80	7370	8913	66
733	3	16	120	7380	10884	42
734	3	16	160	7390	588	62
735	4	7	120	7400	2696	52
736	3	16	120	7410	4114	47
737	3	16	160	7420	2965	50
738	4	7	80	7430	189	45
739	0	18	160	7440	1537	68
740	0	18	40	7450	4610	69
741	1	11	80	7460	10159	65
742	1	11	40	7470	4928	58
743	1	11	80	7480	1834	57
744	3	16	160	7490	5681	39
745	4	7	40	7500	98	47
746	3	16	80	7510	8477	40
747	1	11	80	7520	3126	61
748	1	11	80	7530	1046	65
749	0	18	160	7540	5202	47
750	4	7	80	7550	2671	57
751	3	16	160	7560	2873	69
752	4	7	160	7600	3547	55
753	0	18	40	7612	10382	61
754	1	11	40	7624	1180	46
755	1	11	40	7636	2136	50
756	0	18	160	7648	4602	43
757	1	11	120	7660	1139	46
758	1	11	120	7672	502	64
759	3	16	120	7684	1541	61
760	4	7	120	7696	9363	50
761	3	16	120	7708	7108	40
762	1	11	80	7720	5279	53
763	4	7	80	7732	2520	65
764	4	7	40	7744	3604	59
765	3	16	40	7756	11496	59
766	3	16	40	7768	8893	57
767	0	18	160	7780	112	42
768	4	7	120	7792	4331	63
769	1	11	80	7804	6	62
770	3	16	40	7816	549	69
771	0	18	80	7828	8255	54
772	1	11	160	7840	385	55
773	0	18	120	7852	4714	64
774	0	18	80	7864	2382	60
775	1	11	80	7876	1266	50
776	1	11	160	7888	3719	61
777	0	18	120	7900	3367	50
778	3	16	120	7912	10124	55
779	0	18	160	7924	2170	54
780	4	7	160	7936	1963	41
781	3	16	120	7948	2616	51
782	3	16	160	7960	2507	41
783	0	18	120	7972	486	41
784	0	18	120	8000	21455	52
785	4	7	120	8011	4414	56
786	0	18	40	8022	711	46
787	4	7	80	8033	13632	44
788	1	11	120	8044	4540	65
789	1	11	120	8055	5134	50
790	4	7	120	8066	6575	47
791	1	11	40	8077	2008	40
792	0	18	80	8088	2081	56
793	0	18	120	8099	5184	53
794	0	18	40	8110	2147	57
795	3	16	120	8121	7678	68
796	4	7	160	8132	834	50
797	1	11	120	8143	1101	63
798	1	11	80	8154	5947	68
799	0	18	160	8165	6746	49
800	0	18	160	8176	568	60
801	1	11	80	8187	7645	67
802	3	16	160	8198	8514	67
803	4	7	40	8209	1038	42
804	3	16	160	8220	3657	48
805	4	7	160	8231	3809	42
806	0	18	40	8242	2182	53
807	4	7	40	8253	9046	60
808	4	7	160	8264	2589	40
809	4	7	120	8275	16566	66
810	4	7	40	8286	6608	59
811	0	18	80	8297	486	62
812	3	16	160	8308	1586	61
813	1	11	120	8319	4804	48
814	4	7	160	8330	10743	59
815	0	18	160	8341	2203	68
816	4	7	160	8352	1817	69
817	1	11	160	8363	3853	51
818	4	7	120	8374	2556	51
819	0	18	120	8385	10391	42
820	1	11	160	8400	6066	52
821	4	7	160	8412	10353	51
822	4	7	80	8424	1717	46
823	1	11	160	8436	11147	52
824	3	16	120	8448	866	53
825	1	11	160	8460	5292	67
826	4	7	40	8472	2520	67
827	0	18	40	8484	1819	41
828	4	7	120	8496	1296	46
829	3	16	120	8508	3620	62
830	1	11	120	8520	347	69
831	0	18	80	8532	1814	68
832	3	16	40	8544	6342	52
833	3	16	120	8556	446	44
834	4	7	160	8568	1348	64
835	1	11	80	8580	3070	43
836	4	7	160	8592	3656	53
837	4	7	120	8604	1082	68
838	1	11	160	8616	2896	62
839	0	18	160	8628	1919	49
840	4	7	120	8640	1138	42
841	1	11	40	8652	1243	56
842	0	18	80	8664	2695	43
843	1	11	160	8676	4743	69
844	3	16	120	8688	9841	61
845	4	7	80	8700	4715	54
846	3	16	40	8712	278	49
847	3	16	160	8724	4903	47
848	1	11	160	8736	6331	63
849	0	18	80	8748	19182	58
850	4	7	160	8760	2679	68
851	3	16	40	8800	3375	69
852	1	11	160	8813	5854	50
853	1	11	160	8826	7545	64
854	3	16	40	8839	139	67
855	1	11	40	8852	931	47
856	1	11	40	8865	2796	60
857	1	11	40	8878	11431	54
858	1	11	120	8891	138	59
859	0	18	160	8904	8025	51
860	4	7	160	8917	634	44
861	4	7	160	8930	226	50
862	4	7	120	8943	3858	53
863	1	11	40	8956	8519	47
864	1	11	40	8969	9247	66
865	3	16	120	8982	2346	60
866	1	11	40	8995	1538	49
867	4	7	80	9008	1003	55
868	3	16	160	9021	2130	54
869	1	11	80	9034	2016	55
870	0	18	40	9047	6960	54
871	0	18	40	9060	548	39
872	4	7	40	9073	435	59
873	3	16	160	9086	381	41
874	0	18	40	9099	4530	39
875	0	18	160	9112	2881	65
876	4	7	80	9125	2280	47
877	3	16	80	9138	4251	47
878	4	7	40	9151	96	60
879	3	16	80	9164	2791	68
880	3	16	160	9177	4390	56
881	0	18	40	9200	5724	59
882	4	7	80	9207	3383	47
883	4	7	40	9214	1342	57
884	3	16	160	9221	454	63
885	4	7	80	9228	2879	39
886	4	7	80	9235	3625	57
887	0	18	80	9242	11735	57
888	0	18	120	9249	295	46
889	1	11	120	9256	327	55
890	4	7	80	9263	133	53
891	3	16	120	9270	4274	68
892	1	11	40	9277	908	48
893	1	11	160	9284	4196	49
894	1	11	160	9291	1068	43
895	4	7	160	9298	855	61
896	1	11	80	9305	4179	42
897	4	7	80	9312	3757	65
898	0	18	160	9319	6311	41
899	0	18	40	9326	2545	39
900	1	11	40	9333	1867	44
901	3	16	160	9340	7471	64
902	0	18	40	9347	1390	62
903	0	18	80	9354	2033	47
904	4	7	40	9361	732	43
905	4	7	160	9368	1785	68
906	4	7	40	9375	2515	48
907	3	16	160	9382	4527	47
908	0	18	120	9389	748	64
909	1	11	40	9396	2943	40
910	3	16	160	9403	5933	69
911	4	7	120	9410	7547	51
912	3	16	40	9417	10044	64
913	3	16	40	9424	3033	60
914	1	11	40	9431	888	64
915	4	7	120	9438	1949	55
916	0	18	80	9445	2649	42
917	4	7	80	9452	1624	65
918	3	16	80	9459	5946	54
919	3	16	120	9466	1962	66
920	4	7	80	9473	7528	42
921	1	11	120	9480	1863	61
922	4	7	160	9487	652	47
923	0	18	40	9494	1627	68
924	1	11	40	9501	1805	41
925	3	16	80	9508	735	55
926	3	16	160	9515	10356	60
927	1	11	40	9522	2415	48
928	1	11	160	9529	7767	68
929	1	11	80	9536	2655	48
930	4	7	80	9543	8013	62
931	4	7	40	9550	6981	52
932	1	11	120	9600	7892	45
933	4	7	40	9612	3220	59
934	0	18	80	9624	553	62
935	0	18	40	9636	6877	62
936	4	7	40	9648	2519	66
937	3	16	40	9660	756	39
938	0	18	160	9672	501	52
939	4	7	40	9684	5500	64
940	4	7	80	9696	189	60
941	0	18	80	9708	10027	48
942	4	7	160	9720	5988	62
943	4	7	80	9732	3197	45
944	4	7	160	9744	1458	56
945	0	18	160	9756	815	40
946	0	18	120	9768	5353	43
947	3	16	40	9780	4454	57
948	4	7	160	9792	2395	55
949	1	11	40	9804	7553	57
950	3	16	80	9816	4927	57
951	3	16	160	9828	1510	46
952	0	18	40	9840	7214	49
953	1	11	40	9852	2082	45
954	0	18	120	9864	3903	67
955	0	18	80	9876	2	52
956	4	7	40	9888	4750	55
957	4	7	160	9900	12808	64
958	3	16	80	9912	144	44
959	0	18	160	9924	28971	58
960	0	18	160	9936	2284	47
961	1	11	160	9948	54	39
962	0	18	40	9960	6881	48
963	4	7	80	9972	4625	55
964	3	16	120	9984	4266	48
965	3	16	160	10000	11800	56
966	1	11	160	10013	17526	45
967	4	7	160	10026	1821	43
968	1	11	160	10039	2058	68
969	1	11	40	10052	1901	41
970	4	7	120	10065	10027	59
971	3	16	40	10078	1496	42
972	4	7	80	10091	972	52
973	3	16	40	10104	107	60
974	3	16	80	10117	1669	44
975	3	16	160	10130	10593	63
976	1	11	160	10143	3627	69
977	0	18	80	10156	3666	41
978	1	11	80	10169	116	51
979	1	11	80	10182	788	40
980	1	11	120	10195	2250	50
981	4	7	160	10208	1168	42
982	3	16	80	10221	10	63
983	0	18	160	10234	31	49
984	4	7	160	10247	6000	60
985	0	18	80	10260	3199	54
986	4	7	40	10273	18472	41
987	0	18	120	10286	2428	69
988	3	16	80	10299	10626	62
989	0	18	160	10312	550	49
990	1	11	160	10325	537	46
991	0	18	40	10338	2837	40
992	4	7	160	10351	588	64
993	4	7	40	10364	505	64
994	3	16	40	10400	1496	56
995	3	16	80	10411	133	60
996	0	18	80	10422	410	69
997	0	18	80	10433	380	46
998	1	11	120	10444	8998	66
999	0	18	160	10455	1771	69
1000	3	16	160	10466	876	64
1001	1	11	160	10477	1859	39
1002	0	18	40	10488	1255	59
1003	1	11	120	10499	300	52
1004	3	16	120	10510	10648	67
1005	0	18	80	10521	2018	54
1006	4	7	80	10532	415	64
1007	1	11	160	10543	6615	59
1008	3	16	120	10554	267	39
1009	3	16	160	10565	4735	43
1010	4	7	80	10576	2073	53
1011	3	16	120	10587	398	52
1012	3	16	120	10598	10666	52
1013	1	11	40	10609	7767	43
1014	3	16	40	10620	3366	46
1015	1	11	40	10631	802	43
1016	3	16	120	10642	43	46
1017	0	18	80	10653	6708	69
1018	4	7	120	10664	9565	65
1019	1	11	40	10675	444	63
1020	4	7	160	10686	12637	53
1021	1	11	40	10697	3041	45
1022	0	18	120	10708	2291	50
1023	1	11	160	10719	1278	58
1024	0	18	40	10730	1164	65
1025	4	7	80	10741	2113	58
1026	3	16	80	10752	770	47
1027	4	7	80	10763	408	57
1028	0	18	160	10774	5014	42
1029	0	18	40	10800	1475	54
1030	3	16	120	10809	7129	63
1031	1	11	120	10818	2815	62
1032	4	7	120	10827	4891	44
1033	0	18	80	10836	4446	51
1034	3	16	80	10845	16066	45
1035	0	18	160	10854	240	50
1036	3	16	120	10863	16520	52
1037	1	11	120	10872	10663	49
1038	1	11	40	10881	323	51
1039	4	7	80	10890	1916	45
1040	1	11	160	10899	2405	59
1041	1	11	40	10908	800	52
1042	1	11	160	10917	1979	69
1043	4	7	120	10926	1076	58
1044	0	18	120	10935	5152	65
1045	3	16	80	10944	125	63
1046	1	11	120	10953	3446	58
1047	3	16	160	10962	1315	59
1048	0	18	160	10971	3190	56
1049	1	11	40	10980	557	51
1050	4	7	120	10989	89	52
1051	4	7	40	10998	1338	39
1052	0	18	120	11007	805	50
1053	4	7	80	11016	6230	41
1054	1	11	40	11025	2045	55
1055	1	11	120	11034	4367	58
1056	0	18	80	11043	10982	58
1057	3	16	80	11052	21849	40
1058	1	11	120	11061	6851	57
1059	4	7	80	11070	2933	48
1060	1	11	40	11079	998	45
1061	4	7	40	11088	6	45
1062	1	11	160	11097	395	55
1063	1	11	120	11106	5645	55
1064	4	7	40	11115	7926	49
1065	3	16	120	11124	9174	61
1066	4	7	40	11133	1972	47
1067	1	11	80	11142	1201	40
1068	3	16	120	11151	8303	68
1069	3	16	80	11160	2858	66
1070	3	16	120	11169	882	61
1071	1	11	160	11178	335	67
1072	3	16	40	11187	5317	56
1073	0	18	40	11200	3001	58
1074	4	7	80	11209	4236	43
1075	3	16	120	11218	5986	40
1076	4	7	40	11227	612	46
1077	1	11	160	11236	893	62
1078	1	11	80	11245	3189	62
1079	3	16	160	11254	1002	41
1080	1	11	160	11263	7158	69
1081	0	18	80	11272	9013	58
1082	3	16	120	11281	3172	40
1083	4	7	160	11290	3511	61
1084	1	11	80	11299	1349	40
1085	3	16	80	11308	3170	62
1086	0	18	160	11317	1560	50
1087	4	7	40	11326	9918	42
1088	4	7	40	11335	1262	66
1089	1	11	160	11344	1528	57
1090	0	18	120	11353	523	61
1091	4	7	80	11362	17745	51
1092	4	7	40	11371	469	61
1093	3	16	160	11380	3265	42
1094	1	11	80	11389	696	39
1095	1	11	160	11398	2394	52
1096	4	7	80	11407	365	66
1097	0	18	80	11416	4023	53
1098	4	7	80	11425	1872	48
1099	3	16	160	11434	6973	42
1100	3	16	40	11443	4104	55
1101	4	7	80	11452	1530	56
1102	4	7	40	11461	2081	61
1103	3	16	120	11470	159	59
1104	3	16	80	11479	10766	60
1105	1	11	160	11488	11366	55
1106	1	11	160	11497	3185	53
1107	4	7	120	11506	4251	61
1108	4	7	40	11515	585	68
1109	3	16	80	11524	3914	53
1110	1	11	80	11533	2955	50
1111	4	7	80	11542	5322	66
1112	1	11	160	11551	2364	47
1113	4	7	160	11560	3644	55
1114	1	11	120	11569	4642	48
1115	1	11	120	11600	1578	56
1116	1	11	80	11610	2419	44
1117	3	16	160	11620	2851	64
1118	0	18	40	11630	2537	53
1119	1	11	160	11640	1512	56
1120	1	11	160	11650	3432	50
1121	0	18	160	11660	2562	43
1122	3	16	40	11670	17960	44
1123	0	18	160	11680	3256	50
1124	3	16	120	11690	1964	44
1125	4	7	40	11700	941	48
1126	1	11	160	11710	13969	44
1127	4	7	80	11720	781	53
1128	4	7	120	11730	1836	58
1129	3	16	80	11740	906	60
1130	3	16	80	11750	4669	44
1131	4	7	160	11760	2835	63
1132	1	11	120	11770	7003	53
1133	3	16	80	11780	5154	58
1134	4	7	120	11790	3471	56
1135	3	16	80	11800	2894	52
1136	0	18	40	11810	2687	67
1137	0	18	160	11820	2841	50
1138	0	18	120	11830	4223	40
1139	4	7	120	11840	1690	55
1140	1	11	80	11850	25496	48
1141	1	11	80	11860	4415	58
1142	4	7	160	11870	6058	43
1143	0	18	120	11880	4160	51
1144	0	18	80	11890	6343	45
1145	1	11	80	11900	1957	64
1146	1	11	80	11910	3122	42
1147	0	18	80	11920	2876	45
1148	1	11	40	11930	8199	63
1149	4	7	160	11940	7175	52
1150	0	18	80	11950	22624	47
1151	1	11	80	11960	3446	41
1152	0	18	80	11970	718	69
1153	3	16	120	11980	243	61
1154	1	11	40	12000	1145	62
1155	1	11	40	12010	738	50
1156	1	11	80	12020	1597	51
1157	3	16	80	12030	7554	49
1158	0	18	160	12040	4210	54
1159	4	7	40	12050	5126	50
1160	4	7	40	12060	14316	49
1161	1	11	120	12070	1858	39
1162	4	7	160	12080	1350	42
1163	1	11	160	12090	10830	47
1164	0	18	40	12100	10956	48
1165	3	16	120	12110	58	57
1166	1	11	160	12120	9600	52
1167	4	7	120	12130	5120	58
1168	4	7	40	12140	71	69
1169	4	7	40	12150	753	66
1170	0	18	80	12160	7251	59
1171	1	11	120	12170	11626	63
1172	1	11	80	12180	7796	62
1173	0	18	120	12190	534	67
1174	4	7	80	12200	1522	46
1175	0	18	120	12210	9527	61
1176	0	18	40	12220	4723	39
1177	1	11	80	12230	1675	62
1178	0	18	80	12240	5738	43
1179	1	11	80	12250	4	49
1180	1	11	160	12260	4409	44
1181	1	11	80	12270	2440	69
1182	3	16	40	12280	1461	59
1183	4	7	160	12290	3057	45
1184	1	11	160	12300	924	51
1185	0	18	40	12310	471	41
1186	4	7	120	12320	1682	63
1187	3	16	160	12330	5833	61
1188	1	11	40	12340	2580	65
1189	1	11	80	12350	2121	44
1190	0	18	40	12360	822	39
1191	3	16	160	12370	4092	56
1192	4	7	40	12380	7796	65
1193	1	11	80	12390	10619	59
1194	0	18	120	12400	1864	45
1195	0	18	160	12411	3940	48
1196	1	11	80	12422	1925	55
1197	1	11	40	12433	7503	66
1198	0	18	120	12444	4968	42
1199	1	11	160	12455	6068	58
1200	4	7	80	12466	2597	51
1201	3	16	120	12477	6856	53
1202	1	11	40	12488	2733	45
1203	3	16	40	12499	4810	66
1204	4	7	80	12510	23078	62
1205	3	16	160	12521	210	53
1206	4	7	160	12532	5091	48
1207	4	7	120	12543	160	40
1208	4	7	40	12554	5426	53
1209	1	11	120	12565	1670	39
1210	1	11	40	12576	2581	50
1211	4	7	40	12587	17365	59
1212	1	11	160	12598	363	44
1213	3	16	120	12609	4198	44
1214	3	16	80	12620	224	45
1215	3	16	120	12631	2897	49
1216	4	7	80	12642	271	49
1217	0	18	40	12653	5577	66
1218	4	7	160	12664	5193	65
1219	4	7	40	12675	6952	45
1220	4	7	40	12686	4449	63
1221	3	16	160	12697	612	61
1222	3	16	120	12708	1132	63
1223	1	11	120	12719	3726	63
1224	3	16	160	12730	17029	66
1225	3	16	120	12741	874	41
1226	1	11	80	12752	367	68
1227	0	18	40	12763	10518	42
1228	0	18	40	12774	5583	61
1229	3	16	80	12785	4683	68
1230	3	16	40	12800	2983	45
1231	3	16	160	12812	7488	43
1232	1	11	120	12824	3987	58
1233	3	16	120	12836	15881	55
1234	1	11	40	12848	2963	68
1235	3	16	40	12860	7537	60
1236	4	7	80	12872	13043	63
1237	0	18	160	12884	3731	63
1238	0	18	120	12896	3084	53
1239	3	16	160	12908	674	67
1240	1	11	40	12920	1985	63
1241	4	7	160	12932	1448	62
1242	4	7	120	12944	101	46
1243	4	7	120	12956	575	65
1244	0	18	40	12968	11004	64
1245	0	18	40	12980	886	50
1246	0	18	160	12992	3225	51
1247	0	18	120	13004	930	60
1248	3	16	160	13016	8324	52
1249	1	11	160	13028	7787	65
1250	1	11	120	13040	3294	68
1251	1	11	80	13052	3976	59
1252	3	16	40	13064	510	39
1253	0	18	120	13076	8723	67
1254	3	16	160	13088	463	65
1255	0	18	80	13100	1636	59
1256	0	18	40	13112	3406	60
1257	4	7	80	13124	8792	52
1258	4	7	80	13136	5003	69
1259	1	11	120	13148	6449	59
1260	1	11	80	13160	13234	55
1261	3	16	160	13200	6282	44
1262	4	7	120	13208	1353	49
1263	0	18	160	13216	216	55
1264	3	16	80	13224	6765	64
1265	3	16	80	13232	3969	45
1266	3	16	80	13240	1760	39
1267	3	16	40	13248	447	59
1268	1	11	80	13256	541	46
1269	4	7	40	13264	924	54
1270	4	7	80	13272	3227	56
1271	4	7	80	13280	2457	55
1272	4	7	80	13288	965	52
1273	0	18	160	13296	3393	68
1274	3	16	40	13304	2268	51
1275	0	18	40	13312	1831	40
1276	4	7	40	13320	497	54
1277	3	16	160	13328	477	67
1278	0	18	120	13336	4434	68
1279	1	11	120	13344	6185	55
1280	1	11	160	13352	4117	60
1281	0	18	160	13360	8484	46
1282	1	11	40	13368	216	59
1283	4	7	40	13376	9020	65
1284	1	11	160	13384	551	39
1285	1	11	160	13392	9040	56
1286	0	18	160	13400	5184	42
1287	0	18	40	13408	5449	61
1288	0	18	160	13416	8215	60
1289	1	11	120	13424	830	47
1290	3	16	40	13432	1285	69
1291	4	7	160	13440	301	49
1292	0	18	120	13448	8933	63
1293	4	7	160	13456	5341	63
1294	1	11	120	13464	851	51
1295	3	16	40	13472	3657	57
1296	4	7	80	13480	67	51
1297	4	7	160	13488	14357	61
1298	0	18	40	13496	1532	39
1299	3	16	160	13504	1465	57
1300	3	16	160	13512	7403	49
1301	1	11	120	13520	2374	62
1302	4	7	40	13528	337	52
1303	4	7	160	13536	4419	68
1304	1	11	120	13544	1446	48
1305	3	16	80	13552	431	51
1306	1	11	160	13560	2147	45
1307	1	11	40	13600	3175	40
1308	3	16	80	13611	2421	54
1309	3	16	120	13622	5419	63
1310	1	11	40	13633	987	44
1311	3	16	80	13644	2469	63
1312	3	16	160	13655	988	53
1313	1	11	120	13666	10455	53
1314	4	7	160	13677	686	69
1315	1	11	120	13688	348	47
1316	1	11	160	13699	5378	54
1317	0	18	80	13710	1989	53
1318	3	16	40	13721	10298	54
1319	1	11	80	13732	10106	46
1320	1	11	80	13743	9330	41
1321	3	16	40	13754	3787	47
1322	3	16	80	13765	1066	68
1323	4	7	160	13776	11189	68
1324	1	11	40	13787	10732	55
1325	4	7	80	13798	2623	45
1326	3	16	120	13809	3340	62
1327	0	18	120	13820	2596	59
1328	4	7	80	13831	1913	56
1329	0	18	160	13842	7175	63
1330	0	18	120	13853	1726	58
1331	4	7	80	13864	624	62
1332	1	11	120	13875	6326	67
1333	3	16	120	13886	1804	50
1334	4	7	160	13897	11535	44
1335	4	7	40	13908	868	68
1336	0	18	160	13919	6419	63
1337	3	16	40	13930	1937	61
1338	1	11	120	13941	3582	56
1339	4	7	120	13952	107	57
1340	4	7	40	13963	2617	49
1341	4	7	120	13974	786	40
1342	1	11	120	13985	1368	45
1343	3	16	40	14000	555	66
1344	4	7	80	14011	13864	41
1345	0	18	160	14022	6730	45
1346	1	11	160	14033	7686	66
1347	3	16	40	14044	13534	49
1348	4	7	160	14055	3462	64
1349	4	7	160	14066	458	42
1350	1	11	80	14077	7859	41
1351	3	16	40	14088	3922	67
1352	1	11	160	14099	199	45
1353	4	7	120	14110	2031	62
1354	1	11	80	14121	2069	54
1355	0	18	120	14132	1049	40
1356	4	7	80	14143	961	63
1357	4	7	40	14154	612	54
1358	3	16	160	14165	5343	52
1359	3	16	40	14176	6914	41
1360	4	7	120	14187	3071	59
1361	1	11	40	14198	11117	56
1362	1	11	120	14209	734	54
1363	3	16	120	14220	3875	60
1364	1	11	160	14231	1986	44
1365	1	11	160	14242	308	51
1366	0	18	120	14253	4390	65
1367	0	18	80	14264	7748	41
1368	3	16	120	14275	16220	47
1369	0	18	160	14286	13156	39
1370	0	18	160	14297	1337	53
1371	3	16	120	14308	1756	63
1372	4	7	120	14319	6443	67
1373	3	16	120	14330	9100	67
1374	3	16	80	14341	2318	67
1375	1	11	160	14352	5156	40
1376	0	18	120	14363	1556	41
1377	0	18	40	14374	440	40
1378	0	18	120	14400	14060	65
1379	0	18	80	14410	500	48
1380	3	16	120	14420	3949	48
1381	4	7	120	14430	3665	51
1382	1	11	160	14440	9145	65
1383	4	7	80	14450	1268	52
1384	4	7	120	14460	14577	61
1385	1	11	120	14470	5172	60
1386	3	16	120	14480	403	56
1387	3	16	160	14490	2017	43
1388	1	11	40	14500	12802	65
1389	4	7	80	14510	4996	43
1390	0	18	160	14520	15949	44
1391	0	18	120	14530	4280	48
1392	4	7	80	14540	4163	48
1393	3	16	80	14550	5863	53
1394	4	7	160	14560	2697	68
1395	3	16	160	14570	3125	63
1396	3	16	160	14580	42	55
1397	4	7	40	14590	4425	55
1398	0	18	80	14600	5361	61
1399	1	11	80	14610	8996	60
1400	4	7	40	14620	639	49
1401	0	18	120	14630	24354	63
1402	0	18	80	14640	16395	41
1403	4	7	40	14650	3833	63
1404	4	7	40	14660	6951	58
1405	3	16	120	14670	2808	48
1406	4	7	80	14680	6963	39
1407	3	16	80	14690	656	47
1408	1	11	80	14700	12709	65
1409	4	7	120	14710	4549	53
1410	4	7	40	14720	9567	69
1411	4	7	40	14730	462	61
1412	4	7	120	14740	753	58
1413	1	11	80	14750	3865	42
1414	0	18	120	14760	867	62
1415	0	18	160	14800	10993	46
1416	4	7	80	14809	161	61
1417	1	11	40	14818	9055	41
1418	4	7	160	14827	4160	69
1419	0	18	40	14836	4385	53
1420	4	7	80	14845	15311	64
1421	3	16	120	14854	1259	61
1422	4	7	80	14863	9077	46
1423	4	7	40	14872	1255	43
1424	4	7	160	14881	15908	65
1425	0	18	40	14890	3946	44
1426	4	7	40	14899	4931	54
1427	0	18	80	14908	126	52
1428	4	7	120	14917	2087	69
1429	0	18	120	14926	9115	43
1430	4	7	160	14935	5005	54
1431	1	11	80	14944	4233	56
1432	4	7	160	14953	1823	49
1433	3	16	40	14962	315	44
1434	0	18	40	14971	13987	68
1435	1	11	40	14980	3973	54
1436	4	7	40	14989	3835	49
1437	3	16	120	14998	1324	40
1438	0	18	80	15007	2374	63
1439	1	11	160	15016	2535	51
1440	3	16	80	15025	9248	60
1441	0	18	40	15034	11577	47
1442	0	18	120	15043	2304	47
1443	1	11	80	15052	1313	50
1444	4	7	80	15061	6533	43
1445	1	11	120	15070	8227	52
1446	0	18	40	15079	2656	60
1447	1	11	160	15088	110	44
1448	3	16	160	15097	3414	60
1449	4	7	40	15106	3235	60
1450	3	16	120	15115	2794	40
1451	0	18	120	15124	486	53
1452	0	18	40	15133	91	55
1453	0	18	40	15142	300	47
1454	3	16	40	15151	9920	65
1455	1	11	120	15160	8405	57
1456	1	11	40	15169	426	56
1457	1	11	80	15178	5006	68
1458	4	7	40	15187	4033	68
1459	3	16	40	15200	877	53
1460	3	16	120	15209	6355	63
1461	3	16	40	15218	6309	56
1462	4	7	120	15227	5461	48
1463	0	18	160	15236	250	61
1464	0	18	160	15245	13461	69
1465	3	16	120	15254	1180	52
1466	4	7	40	15263	5438	51
1467	1	11	80	15272	403	52
1468	0	18	80	15281	4197	44
1469	3	16	120	15290	3332	47
1470	0	18	160	15299	1538	66
1471	1	11	120	15308	5669	60
1472	1	11	160	15317	2379	47
1473	3	16	40	15326	779	56
1474	1	11	120	15335	5791	63
1475	3	16	40	15344	136	55
1476	1	11	160	15353	7140	53
1477	3	16	160	15362	3835	65
1478	4	7	160	15371	2499	69
1479	3	16	80	15380	462	52
1480	4	7	160	15389	612	53
1481	1	11	40	15398	4574	49
1482	3	16	80	15407	2442	61
1483	4	7	120	15416	7643	47
1484	3	16	160	15425	2009	41
1485	4	7	40	15434	3658	39
1486	0	18	40	15443	3980	39
1487	4	7	160	15452	1390	40
1488	4	7	40	15461	694	49
1489	4	7	80	15470	386	49
1490	0	18	160	15479	3008	68
1491	3	16	160	15488	9317	51
1492	4	7	120	15497	4161	42
1493	1	11	40	15506	1154	49
1494	3	16	80	15515	4478	58
1495	4	7	80	15524	454	42
1496	1	11	80	15533	892	69
1497	0	18	160	15542	1894	55
1498	1	11	120	15551	1510	51
1499	0	18	120	15560	3186	61
1500	1	11	80	15569	552	39
1501	4	7	160	15600	1972	46
1502	0	18	120	15611	1895	69
1503	4	7	80	15622	35	52
1504	4	7	40	15633	1073	63
1505	0	18	160	15644	5466	50
1506	3	16	160	15655	4388	44
1507	3	16	40	15666	7470	68
1508	3	16	80	15677	1469	53
1509	4	7	160	15688	8571	48
1510	4	7	160	15699	186	43
1511	3	16	80	15710	2649	60
1512	1	11	80	15721	1146	68
1513	0	18	160	15732	2987	55
1514	4	7	40	15743	226	69
1515	1	11	80	15754	486	53
1516	4	7	120	15765	1640	65
1517	4	7	40	15776	8926	40
1518	3	16	160	15787	4384	59
1519	0	18	120	15798	1823	69
1520	1	11	120	15809	3925	51
1521	0	18	80	15820	2387	50
1522	1	11	40	15831	11028	42
1523	1	11	160	15842	3264	64
1524	1	11	160	15853	149	48
1525	3	16	160	15864	2155	54
1526	3	16	160	15875	470	56
1527	4	7	120	15886	880	68
1528	0	18	160	15897	2800	68
1529	1	11	80	15908	4285	60
1530	1	11	120	15919	7173	56
1531	1	11	40	15930	2428	67
1532	0	18	40	15941	1439	53
1533	3	16	40	15952	9884	47
1534	0	18	160	15963	15682	51
1535	4	7	40	16000	5586	46
1536	0	18	120	16008	1449	49
1537	3	16	40	16016	2377	48
1538	4	7	80	16024	3836	53
1539	1	11	40	16032	4197	61
1540	0	18	80	16040	10822	64
1541	3	16	160	16048	6145	40
1542	0	18	80	16056	17165	57
1543	0	18	80	16064	1296	39
1544	4	7	120	16072	190	45
1545	1	11	80	16080	180	46
1546	1	11	80	16088	4237	53
1547	3	16	160	16096	513	57
1548	1	11	40	16104	871	49
1549	0	18	160	16112	3275	43
1550	0	18	160	16120	5896	47
1551	1	11	80	16128	1468	67
1552	1	11	40	16136	4970	66
1553	0	18	40	16144	11854	51
1554	3	16	40	16152	10309	48
1555	1	11	40	16160	4550	59
1556	3	16	160	16168	2411	42
1557	4	7	160	16176	6849	44
1558	1	11	80	16184	14327	42
1559	0	18	80	16192	6828	48
1560	3	16	160	16200	4020	63
1561	4	7	40	16208	2528	46
1562	3	16	80	16216	1673	39
1563	0	18	40	16224	4198	63
1564	1	11	40	16232	201	61
1565	3	16	120	16240	3570	45
1566	3	16	40	16248	804	46
1567	3	16	80	16256	1624	60
1568	4	7	40	16264	3158	42
1569	0	18	40	16272	1440	62
1570	1	11	160	16280	6655	43
1571	0	18	120	16288	8768	55
1572	4	7	160	16296	1291	56
1573	1	11	160	16304	64	67
1574	0	18	40	16312	2269	43
1575	4	7	120	16320	7337	49
1576	4	7	160	16328	2488	62
1577	1	11	160	16336	4312	42
1578	1	11	40	16344	2864	58
1579	0	18	80	16352	19543	41
1580	1	11	120	16360	5763	40
1581	0	18	40	16368	18590	69
1582	1	11	120	16376	7	58
1583	4	7	160	16400	11559	64
1584	1	11	80	16412	8702	52
1585	0	18	80	16424	2988	58
1586	0	18	40	16436	5445	40
1587	0	18	40	16448	1747	40
1588	4	7	40	16460	19063	68
1589	4	7	120	16472	1430	62
1590	1	11	40	16484	1425	42
1591	0	18	120	16496	2649	43
1592	1	11	120	16508	2584	44
1593	4	7	160	16520	6400	44
1594	4	7	40	16532	63	68
1595	1	11	80	16544	2499	57
1596	0	18	80	16556	2340	40
1597	4	7	80	16568	1640	63
1598	3	16	40	16580	1033	47
1599	1	11	160	16592	2436	69
1600	4	7	80	16604	7924	39
1601	3	16	160	16616	1540	62
1602	3	16	160	16628	3419	54
1603	1	11	160	16640	8949	57
1604	4	7	40	16652	5521	69
1605	4	7	40	16664	8571	61
1606	1	11	80	16676	127	50
1607	4	7	40	16688	4755	68
1608	0	18	160	16700	2897	47
1609	4	7	80	16712	349	68
1610	1	11	40	16724	974	66
1611	1	11	160	16736	6301	39
1612	3	16	120	16748	1474	55
1613	1	11	40	16760	15593	40
1614	4	7	160	16772	227	47
1615	1	11	160	16784	4127	63
1616	1	11	80	16800	2514	58
1617	3	16	120	16807	2026	44
1618	4	7	120	16814	5766	50
1619	1	11	120	16821	2959	42
1620	3	16	120	16828	7501	44
1621	1	11	160	16835	7047	44
1622	3	16	80	16842	1676	61
1623	0	18	80	16849	1125	49
1624	4	7	160	16856	10	58
1625	0	18	40	16863	1579	69
1626	4	7	160	16870	2126	50
1627	0	18	160	16877	2598	51
1628	3	16	120	16884	0	69
1629	4	7	160	16891	13807	56
1630	3	16	40	16898	2025	47
1631	0	18	120	16905	542	69
1632	3	16	120	16912	2262	64
1633	4	7	40	16919	226	59
1634	0	18	40	16926	558	41
1635	3	16	120	16933	2345	47
1636	3	16	40	16940	2149	54
1637	4	7	160	16947	460	40
1638	4	7	120	16954	872	64
1639	3	16	40	16961	15	60
1640	3	16	40	16968	2731	47
1641	0	18	160	16975	197	41
1642	0	18	80	16982	7291	63
1643	0	18	120	16989	9533	39
1644	3	16	120	16996	353	66
1645	4	7	80	17003	2826	42
1646	3	16	40	17010	774	58
1647	4	7	80	17017	2742	43
1648	4	7	40	17024	5431	67
1649	1	11	40	17031	1862	43
1650	4	7	160	17038	24788	69
1651	1	11	160	17045	185	66
1652	0	18	160	17052	3402	52
1653	1	11	80	17059	4881	44
1654	4	7	80	17066	3760	63
1655	3	16	80	17073	137	64
1656	0	18	120	17080	15137	40
1657	3	16	120	17087	1598	43
1658	3	16	160	17094	8847	68
1659	4	7	40	17101	2194	69
1660	4	7	80	17108	2542	50
1661	0	18	80	17115	3226	68
1662	1	11	80	17122	4754	69
1663	1	11	160	17129	3168	60
1664	0	18	40	17136	4637	59
1665	0	18	120	17143	374	67
1666	3	16	80	17150	1791	45
1667	3	16	80	17200	1167	66
1668	0	18	160	17211	7571	68
1669	0	18	80	17222	3782	69
1670	4	7	120	17233	1034	47
1671	1	11	120	17244	1772	57
1672	3	16	40	17255	900	49
1673	0	18	80	17266	5703	59
1674	3	16	120	17277	113	64
1675	1	11	160	17288	6408	42
1676	1	11	120	17299	18343	50
1677	1	11	120	17310	2280	60
1678	1	11	120	17321	700	53
1679	4	7	120	17332	2741	54
1680	1	11	40	17343	650	50
1681	0	18	80	17354	9911	45
1682	1	11	160	17365	5311	54
1683	0	18	120	17376	3953	64
1684	4	7	160	17387	14073	57
1685	0	18	80	17398	1735	51
1686	0	18	120	17409	3228	56
1687	1	11	40	17420	5195	58
1688	0	18	160	17431	2360	66
1689	3	16	160	17442	406	46
1690	3	16	160	17453	2512	46
1691	0	18	120	17464	361	50
1692	1	11	160	17475	984	41
1693	0	18	120	17486	5942	64
1694	3	16	160	17497	3049	49
1695	3	16	120	17508	11328	48
1696	4	7	80	17519	1740	41
1697	3	16	80	17530	1377	41
1698	4	7	120	17541	1001	49
1699	1	11	160	17552	21207	69
1700	1	11	160	17563	629	67
1701	4	7	120	17574	10257	61
1702	3	16	80	17585	4163	44
1703	3	16	160	17600	562	67
1704	1	11	120	17610	623	66
1705	1	11	80	17620	4086	50
1706	4	7	160	17630	7425	55
1707	4	7	80	17640	6710	62
1708	3	16	160	17650	4518	49
1709	1	11	80	17660	6662	59
1710	0	18	160	17670	180	53
1711	3	16	160	17680	3129	49
1712	0	18	160	17690	739	60
1713	4	7	40	17700	2006	53
1714	1	11	160	17710	1270	58
1715	4	7	160	17720	3232	43
1716	4	7	120	17730	6830	53
1717	0	18	160	17740	279	43
1718	1	11	160	17750	3439	42
1719	4	7	120	17760	1627	46
1720	0	18	160	17770	3067	49
1721	1	11	40	17780	4018	56
1722	3	16	120	17790	6588	39
1723	3	16	40	17800	5590	61
1724	3	16	80	17810	627	62
1725	4	7	40	17820	610	67
1726	0	18	120	17830	602	54
1727	3	16	80	17840	2234	54
1728	1	11	80	17850	1026	49
1729	0	18	160	17860	363	54
1730	3	16	120	17870	2360	39
1731	3	16	40	17880	4795	47
1732	3	16	40	17890	958	50
1733	4	7	120	17900	724	53
1734	3	16	120	17910	1725	57
1735	3	16	80	17920	1030	58
1736	1	11	40	17930	1254	40
1737	3	16	160	17940	3703	56
1738	4	7	40	17950	2642	68
1739	1	11	120	17960	1604	45
1740	1	11	120	17970	2839	66
1741	0	18	40	17980	5399	63
1742	3	16	80	18000	206	48
1743	3	16	120	18010	4029	45
1744	3	16	40	18020	215	63
1745	0	18	40	18030	10292	66
1746	4	7	120	18040	9984	59
1747	1	11	160	18050	6941	58
1748	4	7	120	18060	2784	45
1749	4	7	40	18070	15473	44
1750	3	16	40	18080	522	65
1751	3	16	80	18090	1343	68
1752	0	18	80	18100	5015	69
1753	4	7	160	18110	8725	41
1754	1	11	40	18120	2460	58
1755	4	7	160	18130	2868	50
1756	1	11	40	18140	491	61
1757	0	18	80	18150	8979	52
1758	0	18	120	18160	17086	44
1759	1	11	80	18170	11	68
1760	0	18	160	18180	2773	66
1761	1	11	80	18190	2149	39
1762	1	11	40	18200	3536	51
1763	3	16	160	18210	3565	65
1764	4	7	120	18220	1818	58
1765	1	11	120	18230	1695	44
1766	4	7	160	18240	1599	69
1767	0	18	80	18250	12	45
1768	1	11	80	18260	180	65
1769	4	7	120	18270	184	69
1770	1	11	160	18280	1342	42
1771	1	11	120	18290	968	67
1772	1	11	160	18300	3508	44
1773	4	7	80	18310	1131	66
1774	3	16	40	18320	6995	50
1775	0	18	120	18330	6335	55
1776	3	16	120	18340	3503	47
1777	4	7	160	18350	757	63
1778	0	18	40	18360	4820	68
1779	3	16	80	18370	1001	65
1780	0	18	80	18400	1014	47
1781	4	7	120	18411	1520	66
1782	4	7	160	18422	10439	47
1783	3	16	40	18433	1135	44
1784	1	11	120	18444	13353	59
1785	0	18	40	18455	699	41
1786	1	11	160	18466	16508	48
1787	3	16	40	18477	1578	47
1788	3	16	120	18488	4899	65
1789	3	16	160	18499	7293	46
1790	0	18	80	18510	472	67
1791	1	11	120	18521	1880	57
1792	1	11	80	18532	3846	50
1793	1	11	120	18543	2620	39
1794	1	11	160	18554	7095	49
1795	0	18	40	18565	388	65
1796	3	16	40	18576	668	51
1797	0	18	80	18587	2467	52
1798	4	7	160	18598	1256	56
1799	0	18	80	18609	4909	57
1800	0	18	40	18620	3606	67
1801	3	16	80	18631	9840	52
1802	4	7	80	18642	6048	62
1803	4	7	40	18653	2438	46
1804	3	16	80	18664	4736	40
1805	1	11	120	18675	9520	67
1806	0	18	80	18686	4832	63
1807	1	11	40	18697	2526	41
1808	1	11	120	18708	252	60
1809	1	11	80	18719	4370	41
1810	0	18	40	18730	10544	42
1811	1	11	40	18741	11462	68
1812	4	7	40	18752	861	54
1813	3	16	40	18763	5785	48
1814	1	11	160	18800	6036	60
1815	1	11	40	18811	812	69
1816	3	16	80	18822	2688	61
1817	4	7	160	18833	1660	45
1818	0	18	40	18844	3927	44
1819	4	7	120	18855	917	56
1820	4	7	160	18866	1795	66
1821	1	11	120	18877	14	60
1822	3	16	120	18888	1408	50
1823	4	7	120	18899	920	58
1824	3	16	40	18910	10846	40
1825	4	7	40	18921	9631	55
1826	4	7	40	18932	3637	55
1827	0	18	80	18943	436	44
1828	3	16	80	18954	2151	56
1829	1	11	160	18965	5290	55
1830	1	11	80	18976	4097	43
1831	1	11	40	18987	525	64
1832	0	18	40	18998	9334	45
1833	4	7	160	19009	20065	49
1834	1	11	40	19020	3948	67
1835	1	11	40	19031	1480	64
1836	4	7	80	19042	3077	43
1837	4	7	160	19053	2539	40
1838	4	7	160	19064	3222	42
1839	0	18	40	19075	234	61
1840	4	7	160	19086	2458	48
1841	0	18	120	19097	2899	45
1842	0	18	120	19108	1231	56
1843	1	11	80	19119	169	63
1844	1	11	120	19130	9638	42
1845	3	16	80	19141	737	68
1846	1	11	120	19152	800	42
1847	4	7	80	19163	7672	40
1848	4	7	120	19174	4839	48
1849	4	7	160	19200	4159	49
1850	3	16	120	19210	3697	42
1851	4	7	80	19220	6730	45
1852	0	18	80	19230	7206	47
1853	0	18	80	19240	267	39
1854	1	11	120	19250	1694	61
1855	3	16	120	19260	3571	45
1856	4	7	120	19270	3847	41
1857	0	18	160	19280	3412	42
1858	0	18	40	19290	2960	44
1859	3	16	80	19300	6129	55
1860	1	11	80	19310	1485	51
1861	0	18	40	19320	3644	58
1862	3	16	120	19330	214	55
1863	0	18	160	19340	1587	44
1864	4	7	160	19350	95	67
1865	4	7	40	19360	6544	47
1866	1	11	160	19370	163	61
1867	0	18	40	19380	894	43
1868	0	18	40	19390	590	51
1869	0	18	160	19400	2535	66
1870	3	16	160	19410	4166	65
1871	3	16	120	19420	78	60
1872	4	7	160	19430	6176	41
1873	4	7	160	19440	3360	53
1874	0	18	120	19450	5478	47
1875	3	16	40	19460	7484	59
1876	0	18	40	19470	5367	43
1877	1	11	80	19480	1178	57
1878	1	11	160	19490	1400	54
1879	0	18	120	19500	5795	42
1880	1	11	80	19510	5216	51
1881	0	18	160	19520	5451	53
1882	0	18	160	19530	2054	65
1883	4	7	120	19540	5870	46
1884	3	16	40	19550	558	51
1885	1	11	40	19560	7014	68
1886	1	11	160	19570	1359	56
1887	4	7	160	19580	7290	45
1888	3	16	40	19590	4177	58
1889	4	7	120	19600	150	61
1890	1	11	80	19612	4705	62
1891	3	16	80	19624	13161	39
1892	3	16	160	19636	11751	65
1893	0	18	80	19648	5864	57
1894	3	16	160	19660	5494	49
1895	3	16	120	19672	7898	60
1896	3	16	40	19684	2490	60
1897	0	18	120	19696	11085	51
1898	1	11	80	19708	72	65
1899	3	16	120	19720	443	65
1900	0	18	120	19732	549	46
1901	1	11	80	19744	15856	68
1902	3	16	40	19756	5033	59
1903	4	7	160	19768	1057	52
1904	1	11	160	19780	29569	53
1905	4	7	40	19792	3506	51
1906	4	7	80	19804	112	42
1907	0	18	80	19816	1240	64
1908	0	18	120	19828	1535	61
1909	3	16	80	19840	2766	40
1910	3	16	120	19852	7638	41
1911	3	16	40	19864	1801	54
1912	4	7	160	19876	1305	58
1913	0	18	80	19888	5671	41
1914	0	18	40	19900	227	43
1915	0	18	80	19912	3340	67
1916	4	7	80	19924	873	62
1917	4	7	160	19936	1329	47
1918	1	11	120	19948	878	62
1919	3	16	160	19960	876	69
1920	1	11	40	19972	2912	61
1921	3	16	40	20000	900	55
1922	1	11	40	20008	3214	55
1923	1	11	80	20016	423	59
1924	3	16	80	20024	6019	42
1925	4	7	80	20032	4612	65
1926	0	18	160	20040	300	65
1927	3	16	120	20048	69	54
1928	0	18	40	20056	6893	42
1929	1	11	40	20064	8637	57
1930	0	18	40	20072	1929	69
1931	0	18	80	20080	6462	62
1932	0	18	40	20088	1083	61
1933	4	7	80	20096	845	59
1934	4	7	40	20104	4050	66
1935	4	7	160	20112	5506	52
1936	1	11	120	20120	114	63
1937	1	11	160	20128	742	51
1938	1	11	160	20136	5880	62
1939	3	16	40	20144	3163	69
1940	3	16	120	20152	6422	65
1941	0	18	120	20160	87	61
1942	4	7	80	20168	2931	53
1943	0	18	120	20176	644	56
1944	1	11	160	20184	818	58
1945	4	7	80	20192	1595	47
1946	4	7	120	20200	4611	50
1947	3	16	80	20208	839	62
1948	4	7	80	20216	5004	52
1949	1	11	120	20224	797	51
1950	3	16	80	20232	4373	67
1951	4	7	40	20240	797	51
1952	3	16	40	20248	5391	58
1953	4	7	80	20256	6884	65
1954	0	18	80	20264	3544	42
1955	3	16	120	20272	10457	60
1956	0	18	80	20280	2239	52
1957	1	11	160	20288	3822	69
1958	1	11	80	20296	2422	49
1959	1	11	120	20304	1513	58
1960	4	7	40	20312	2865	56
1961	0	18	160	20320	41	57
1962	4	7	40	20328	2355	60
1963	3	16	120	20336	2278	43
1964	3	16	80	20344	495	41
1965	1	11	40	20352	207	49
1966	3	16	40	20400	535	62
1967	0	18	120	20411	368	68
1968	0	18	80	20422	515	45
1969	0	18	80	20433	1471	60
1970	4	7	120	20444	3088	43
1971	3	16	80	20455	109	50
1972	1	11	40	20466	2874	55
1973	4	7	80	20477	4206	63
1974	4	7	80	20488	2027	43
1975	1	11	120	20499	2737	69
1976	3	16	160	20510	4583	40
1977	1	11	80	20521	2065	69
1978	0	18	120	20532	9881	40
1979	4	7	40	20543	2383	65
1980	0	18	160	20554	0	54
1981	1	11	120	20565	8584	42
1982	3	16	80	20576	1446	40
1983	3	16	80	20587	4096	61
1984	4	7	120	20598	992	60
1985	0	18	160	20609	902	56
1986	3	16	80	20620	251	42
1987	1	11	120	20631	2152	66
1988	3	16	160	20642	3693	56
1989	1	11	80	20653	4951	44
1990	4	7	80	20664	1535	39
1991	0	18	160	20675	2129	63
1992	0	18	120	20686	5022	41
1993	0	18	40	20697	2428	43
1994	3	16	160	20708	142	52
1995	1	11	120	20719	6220	46
1996	0	18	80	20730	3436	40
1997	0	18	120	20741	356	49
1998	3	16	80	20752	131	53
1999	4	7	120	20763	576	47
