0	4	7	120	0	11478	52
1	0	18	40	4	7030	52
2	3	16	160	8	5663	53
3	1	11	160	12	11670	69
4	4	7	120	16	5992	43
5	4	7	80	20	3692	50
6	3	16	160	24	2267	41
7	1	11	120	28	8513	58
8	3	16	160	32	2649	65
9	0	18	40	36	16275	59
10	1	11	120	40	1037	39
11	3	16	160	44	10959	57
12	4	7	120	48	17588	62
13	4	7	160	52	27792	45
14	0	18	120	56	12423	46
15	0	18	160	60	14673	45
16	1	11	120	64	970	64
17	3	16	80	68	16884	54
18	3	16	40	72	37032	58
19	4	7	80	76	1460	68
20	4	7	80	80	26420	67
21	3	16	80	84	743	44
22	4	7	80	88	9580	50
23	0	18	120	92	560	51
24	0	18	160	96	32814	43
25	0	18	40	100	5786	54
26	3	16	160	104	6887	62
27	3	16	40	108	8929	68
28	1	11	120	112	1948	52
29	1	11	120	116	17317	65
30	1	11	120	120	6317	50
31	0	18	40	124	16312	46
32	3	16	40	128	6217	63
33	1	11	40	132	7110	42
34	3	16	80	136	23643	39
35	3	16	120	140	13567	69
36	3	16	120	144	13441	47
37	1	11	120	148	2824	61
38	4	7	120	152	4739	62
39	0	18	40	156	17272	69
40	3	16	40	160	7393	54
41	1	11	80	164	25054	46
42	1	11	80	168	12226	68
43	1	11	120	172	692	67
44	4	7	80	176	15337	57
45	0	18	120	180	18926	65
46	3	16	80	184	27113	43
47	0	18	120	188	21580	60
48	3	16	160	192	23779	64
49	4	7	160	196	3425	57
50	3	16	80	200	2148	42
51	0	18	80	204	27381	61
52	3	16	40	208	15720	51
53	1	11	160	212	12800	44
54	4	7	80	216	9477	68
55	0	18	40	220	9735	46
56	1	11	160	224	26866	40
57	1	11	80	228	4817	40
58	0	18	160	232	13931	64
59	4	7	120	236	126	58
60	1	11	80	240	21134	57
61	0	18	160	244	12508	43
62	4	7	40	248	5321	44
63	0	18	40	252	6836	39
64	3	16	120	256	4860	47
65	0	18	120	260	4980	63
66	0	18	120	264	2594	64
67	3	16	120	268	4663	59
68	1	11	80	272	499	44
69	1	11	160	276	41190	46
70	3	16	40	280	388	68
71	0	18	40	284	24292	42
72	4	7	120	288	6721	62
73	3	16	40	292	2549	59
74	1	11	80	296	12756	52
75	3	16	40	300	161	60
76	1	11	160	304	6559	46
77	1	11	120	308	8171	52
78	1	11	40	312	4701	64
79	0	18	40	316	1832	47
80	1	11	120	320	8009	50
81	1	11	80	324	11064	41
82	0	18	40	328	13040	43
83	3	16	160	400	27819	64
84	4	7	80	405	10991	62
85	1	11	40	410	8594	58
86	1	11	160	415	156	65
87	0	18	80	420	16562	57
88	1	11	160	425	27753	44
89	1	11	40	430	4364	62
90	1	11	120	435	18375	68
91	0	18	80	440	5042	46
92	0	18	120	445	8881	66
93	4	7	40	450	4554	42
94	4	7	120	455	32756	50
95	3	16	80	460	20095	50
96	1	11	40	465	8754	40
97	1	11	80	470	2748	68
98	4	7	160	475	15404	59
99	3	16	160	480	5770	63
100	4	7	40	485	10965	40
101	0	18	160	490	10228	54
102	4	7	40	495	18940	55
103	0	18	160	500	26983	56
104	1	11	120	505	2927	59
105	3	16	80	510	4212	69
106	0	18	120	515	7597	69
107	0	18	40	520	9287	62
108	0	18	80	525	15	62
109	1	11	40	530	9130	46
110	4	7	40	535	1735	39
111	0	18	40	540	6120	57
112	0	18	40	545	77	45
113	0	18	120	550	9454	55
114	1	11	160	555	8894	47
115	4	7	40	560	3072	55
116	4	7	120	565	50146	69
117	0	18	80	570	7319	50
118	1	11	160	575	21581	47
119	1	11	80	580	20689	59
120	3	16	120	585	4746	67
121	4	7	80	590	7086	45
122	0	18	160	595	6557	53
123	4	7	80	600	15975	51
124	0	18	80	605	2439	48
125	1	11	160	610	14005	61
126	4	7	80	615	5077	45
127	0	18	120	620	1439	58
128	4	7	120	625	3558	47
129	4	7	160	630	22139	41
130	0	18	160	635	8209	58
131	4	7	120	640	2926	47
132	3	16	160	645	17682	63
133	3	16	80	650	34248	39
134	0	18	40	655	9386	46
135	1	11	160	660	29359	65
136	3	16	80	665	19840	55
137	0	18	80	670	17544	56
138	1	11	80	675	13864	43
139	0	18	160	680	4346	62
140	0	18	120	685	519	59
141	1	11	160	690	7713	42
142	0	18	160	695	16501	65
143	0	18	120	700	5511	68
144	3	16	160	705	2239	62
145	1	11	120	710	5818	49
146	0	18	80	715	4925	39
147	0	18	160	720	45666	49
148	1	11	80	725	18862	64
149	4	7	80	730	14808	65
150	3	16	160	735	21118	50
151	1	11	160	740	757	60
152	4	7	120	745	5548	60
153	1	11	80	750	27790	69
154	4	7	40	755	680	66
155	0	18	160	760	1993	64
156	4	7	40	765	1987	39
157	4	7	120	800	714	43
158	4	7	120	805	14875	46
159	4	7	160	810	9003	68
160	4	7	160	815	36199	63
161	0	18	40	820	5281	49
162	1	11	80	825	3978	53
163	1	11	80	830	2082	59
164	0	18	40	835	455	57
165	4	7	120	840	30044	62
166	3	16	80	845	11887	63
167	1	11	120	850	794	44
168	0	18	120	855	30	47
169	0	18	40	860	11301	52
170	0	18	160	865	6480	69
171	3	16	40	870	2927	52
172	3	16	40	875	17718	45
173	0	18	160	880	9075	54
174	0	18	160	885	18132	69
175	1	11	160	890	22966	64
176	4	7	80	895	14399	50
177	4	7	40	900	649	55
178	0	18	80	905	10006	59
179	4	7	120	910	19298	69
180	1	11	80	915	5207	60
181	4	7	120	920	5491	66
182	3	16	40	925	4640	63
183	4	7	80	930	9522	51
184	0	18	40	935	169	61
185	4	7	40	940	6835	68
186	0	18	40	945	22463	57
187	0	18	80	950	24442	64
188	3	16	80	955	26195	43
189	4	7	80	960	5923	52
190	3	16	160	965	17166	64
191	4	7	120	970	16673	51
192	0	18	160	975	713	49
193	3	16	80	980	2053	45
194	1	11	40	985	5221	69
195	4	7	120	990	13912	48
196	0	18	80	995	2558	58
197	3	16	120	1000	10637	44
198	0	18	80	1005	4824	49
199	4	7	80	1010	3484	39
200	4	7	40	1015	16904	55
201	3	16	160	1020	3818	65
202	4	7	80	1025	44357	40
203	1	11	40	1030	2414	51
204	3	16	80	1035	4136	65
205	0	18	120	1040	11344	68
206	3	16	160	1045	4103	54
207	4	7	120	1050	21963	44
208	1	11	120	1055	1561	69
209	3	16	80	1060	2716	40
210	0	18	120	1065	7266	52
211	4	7	160	1070	1262	54
212	3	16	80	1075	8131	53
213	0	18	160	1080	28997	47
214	1	11	80	1085	2318	47
215	4	7	40	1090	10518	66
216	3	16	160	1095	431	56
217	1	11	40	1100	15910	41
218	1	11	80	1105	1883	68
219	0	18	40	1110	11085	59
220	4	7	80	1115	897	43
221	1	11	160	1120	17079	69
222	3	16	80	1125	2334	39
223	0	18	40	1130	11391	65
224	3	16	80	1135	22705	57
225	1	11	80	1140	13177	56
226	1	11	80	1145	2074	42
227	0	18	120	1150	11431	69
228	3	16	120	1155	2349	55
229	0	18	80	1160	1171	60
230	0	18	120	1165	12963	44
231	0	18	120	1170	1410	45
232	4	7	120	1175	15348	45
233	1	11	40	1180	4515	59
234	4	7	120	1185	542	52
235	3	16	120	1190	994	64
236	4	7	80	1195	5971	64
237	1	11	40	1200	1787	51
238	0	18	160	1204	3551	55
239	0	18	80	1208	6181	63
240	1	11	40	1212	1874	52
241	0	18	80	1216	78	52
242	3	16	120	1220	16519	64
243	0	18	40	1224	13850	41
244	4	7	160	1228	32865	39
245	3	16	160	1232	12978	49
246	0	18	80	1236	3590	67
247	0	18	40	1240	1907	40
248	0	18	160	1244	47965	67
249	1	11	160	1248	17584	41
250	1	11	120	1252	12632	62
251	3	16	40	1256	7340	56
252	1	11	40	1260	7013	45
253	0	18	80	1264	15625	59
254	0	18	160	1268	2381	65
255	1	11	40	1272	67697	55
256	0	18	120	1276	1208	65
257	3	16	40	1280	5396	45
258	3	16	160	1284	4860	64
259	0	18	40	1288	11773	47
260	3	16	80	1292	7233	65
261	1	11	80	1296	13500	54
262	0	18	40	1300	13010	58
263	0	18	80	1304	353	48
264	1	11	120	1308	9373	66
265	4	7	160	1312	5046	45
266	0	18	40	1316	5701	48
267	1	11	80	1320	2361	64
268	0	18	80	1324	24169	64
269	4	7	160	1328	1213	53
270	0	18	160	1332	2554	40
271	0	18	160	1336	27267	44
272	1	11	80	1340	7807	55
273	1	11	160	1344	16290	44
274	3	16	40	1348	7357	45
275	3	16	160	1352	812	60
276	3	16	80	1356	138	44
277	3	16	40	1360	8129	67
278	1	11	80	1364	13584	64
279	4	7	80	1368	2503	46
280	1	11	40	1372	6289	59
281	1	11	80	1376	142	40
282	0	18	120	1380	12017	41
283	0	18	160	1384	6306	53
284	3	16	120	1388	7000	68
285	3	16	80	1392	2721	58
286	3	16	120	1396	13242	69
287	4	7	80	1400	60703	55
288	1	11	40	1404	1721	63
289	3	16	80	1408	587	66
290	3	16	160	1412	49420	68
291	1	11	40	1416	363	58
292	3	16	40	1420	19639	56
293	4	7	160	1424	11965	47
294	1	11	40	1428	35906	68
295	4	7	120	1432	7602	68
296	4	7	80	1436	5072	64
297	3	16	80	1440	15215	54
298	3	16	80	1444	1846	45
299	4	7	40	1448	10758	63
300	3	16	160	1452	3987	40
301	4	7	160	1456	1000	42
302	0	18	120	1460	3948	45
303	0	18	40	1464	26003	53
304	1	11	160	1468	10332	39
305	1	11	160	1472	16832	56
306	1	11	120	1476	46526	39
307	0	18	80	1480	14443	40
308	1	11	40	1484	3771	52
309	1	11	160	1488	1459	43
310	3	16	160	1492	50348	50
311	3	16	80	1496	11107	67
312	1	11	160	1500	13846	50
313	4	7	80	1504	1875	56
314	4	7	160	1508	2938	58
315	1	11	40	1512	6978	63
316	1	11	160	1516	523	52
317	0	18	80	1520	3501	44
318	1	11	160	1524	10611	49
319	4	7	80	1528	4971	46
320	1	11	80	1532	13487	46
321	0	18	120	1600	5825	62
322	4	7	40	1604	552	40
323	1	11	160	1608	20498	68
324	1	11	40	1612	1431	54
325	3	16	160	1616	2119	52
326	1	11	120	1620	1152	57
327	1	11	120	1624	22545	47
328	4	7	160	1628	18893	46
329	4	7	80	1632	54169	47
330	4	7	120	1636	15309	66
331	0	18	160	1640	4159	59
332	4	7	160	1644	5159	60
333	3	16	40	1648	1073	40
334	1	11	120	1652	28324	45
335	1	11	40	1656	4769	55
336	1	11	120	1660	15773	64
337	4	7	120	1664	16500	57
338	3	16	160	1668	21370	52
339	1	11	120	1672	13974	50
340	0	18	120	1676	3037	57
341	3	16	40	1680	41459	68
342	3	16	80	1684	15445	41
343	4	7	40	1688	231	58
344	4	7	80	1692	778	55
345	4	7	120	1696	5736	40
346	0	18	40	1700	5082	46
347	4	7	120	1704	12968	69
348	0	18	160	1708	6410	58
349	0	18	40	1712	8532	43
350	3	16	160	1716	6673	54
351	4	7	40	1720	1153	58
352	0	18	80	1724	1693	44
353	3	16	40	1728	19521	69
354	3	16	160	1732	29870	56
355	1	11	40	1736	27411	47
356	4	7	160	1740	427	40
357	3	16	160	1744	7429	47
358	4	7	160	1748	17796	68
359	3	16	40	1752	6441	57
360	4	7	40	1756	13035	69
361	0	18	40	1760	1699	62
362	1	11	80	1764	28504	63
363	3	16	160	1768	3952	44
364	3	16	80	1772	6004	46
365	3	16	160	1776	14132	60
366	3	16	80	1780	3519	46
367	3	16	160	1784	10965	49
368	3	16	120	1788	3279	50
369	1	11	160	1792	26403	41
370	0	18	80	1796	14836	68
371	3	16	80	1800	4203	64
372	1	11	120	1804	6568	61
373	0	18	40	1808	27520	68
374	4	7	120	1812	1473	58
375	3	16	40	1816	14714	47
376	3	16	80	1820	12967	59
377	0	18	40	1824	314	51
378	3	16	120	1828	16926	51
379	1	11	80	1832	15819	53
380	3	16	120	1836	20356	44
381	3	16	160	1840	6764	57
382	1	11	160	1844	6816	58
383	4	7	160	1848	4009	41
384	0	18	120	1852	9919	63
385	4	7	120	1856	11902	47
386	4	7	120	1860	2111	54
387	1	11	160	1864	9477	61
388	0	18	80	1868	2215	54
389	4	7	120	1872	89	67
390	3	16	80	1876	4160	54
391	3	16	160	1880	3773	56
392	4	7	120	1884	43853	58
393	4	7	120	1888	6457	65
394	1	11	80	1892	308	51
395	0	18	120	1896	1152	65
396	0	18	160	1900	760	43
397	4	7	120	1904	7028	67
398	0	18	160	1908	11783	50
399	1	11	80	1912	5559	65
400	1	11	40	1916	1613	63
401	1	11	80	1920	16456	67
402	1	11	40	1924	6568	58
403	3	16	160	1928	8924	55
404	0	18	120	1932	19270	44
405	4	7	120	1936	1685	59
406	1	11	80	1940	13308	66
407	0	18	40	1944	3175	45
408	4	7	80	1948	13973	49
409	4	7	160	1952	2835	47
410	3	16	120	1956	3254	57
411	4	7	160	1960	109	59
412	0	18	80	1964	14673	65
413	3	16	120	2000	497	54
414	0	18	80	2005	10956	51
415	1	11	80	2010	3161	50
416	3	16	40	2015	14396	43
417	3	16	120	2020	11706	61
418	1	11	80	2025	15198	51
419	3	16	120	2030	17356	69
420	3	16	80	2035	9077	44
421	0	18	120	2040	14779	54
422	3	16	80	2045	6754	64
423	3	16	40	2050	3161	52
424	4	7	120	2055	10883	57
425	1	11	120	2060	6953	51
426	3	16	120	2065	4652	44
427	1	11	160	2070	64	66
428	3	16	160	2075	24826	56
429	4	7	40	2080	290	63
430	1	11	40	2085	12434	42
431	3	16	160	2090	2940	62
432	4	7	40	2095	6139	39
433	0	18	40	2100	5837	56
434	4	7	80	2105	11194	59
435	1	11	40	2110	876	46
436	0	18	160	2115	112	69
437	4	7	160	2120	28725	41
438	3	16	40	2125	7956	66
439	1	11	160	2130	6775	42
440	1	11	40	2135	38330	50
441	3	16	80	2140	31710	48
442	3	16	80	2145	23435	50
443	0	18	120	2150	38080	45
444	0	18	160	2155	17632	49
445	4	7	120	2160	4006	64
446	3	16	120	2165	9966	60
447	0	18	160	2170	32523	43
448	4	7	40	2175	20408	53
449	0	18	40	2180	18944	39
450	1	11	80	2185	5988	61
451	3	16	40	2190	6923	52
452	3	16	40	2195	15496	55
453	3	16	40	2200	23665	51
454	3	16	40	2205	22000	59
455	0	18	80	2210	6487	48
456	4	7	40	2215	4554	41
457	3	16	160	2220	2527	45
458	4	7	80	2225	31636	67
459	4	7	160	2230	5346	63
460	0	18	160	2235	19905	53
461	0	18	120	2240	13113	39
462	3	16	80	2245	5333	58
463	0	18	80	2250	13085	56
464	1	11	120	2255	9995	44
465	4	7	160	2260	245	65
466	4	7	120	2265	11257	58
467	4	7	40	2270	4635	48
468	3	16	40	2275	6830	65
469	4	7	80	2280	9016	43
470	0	18	80	2285	3016	51
471	4	7	40	2290	18727	40
472	4	7	80	2295	1785	64
473	0	18	80	2300	4055	48
474	1	11	80	2305	19652	58
475	4	7	40	2310	11051	66
476	3	16	40	2315	22767	43
477	1	11	160	2320	7670	58
478	1	11	40	2325	7432	42
479	0	18	40	2330	4494	62
480	3	16	40	2335	25010	60
481	3	16	120	2400	5891	40
482	1	11	120	2404	2498	52
483	1	11	160	2408	999	56
484	1	11	120	2412	11966	41
485	4	7	40	2416	2780	59
486	0	18	120	2420	8132	46
487	1	11	40	2424	9308	58
488	1	11	40	2428	9450	67
489	3	16	160	2432	2513	50
490	1	11	40	2436	16857	44
491	3	16	160	2440	20538	62
492	4	7	120	2444	47146	44
493	4	7	80	2448	1605	42
494	0	18	160	2452	11667	58
495	1	11	120	2456	4182	49
496	0	18	160	2460	10126	59
497	3	16	40	2464	2590	63
498	4	7	160	2468	5989	40
499	0	18	40	2472	16622	53
500	4	7	160	2476	13496	45
501	4	7	80	2480	3352	51
502	3	16	160	2484	8304	48
503	0	18	160	2488	4095	48
504	4	7	120	2492	10168	57
505	1	11	40	2496	11081	60
506	3	16	120	2500	4281	58
507	3	16	160	2504	6922	46
508	1	11	120	2508	682	62
509	3	16	160	2512	3266	62
510	3	16	40	2516	10061	43
511	1	11	40	2520	22258	53
512	0	18	160	2524	15633	42
513	3	16	40	2528	11485	43
514	1	11	120	2532	7937	41
515	3	16	40	2536	6571	52
516	3	16	40	2540	7772	57
517	0	18	120	2544	3924	41
518	3	16	120	2548	400	54
519	3	16	80	2552	5325	54
520	4	7	40	2556	9009	57
521	3	16	80	2560	858	69
522	1	11	40	2564	17918	50
523	0	18	40	2568	3373	53
524	1	11	40	2572	17831	69
525	3	16	80	2576	6187	58
526	4	7	120	2580	19907	65
527	0	18	40	2584	157	60
528	0	18	80	2588	13122	59
529	4	7	160	2592	8592	47
530	4	7	40	2596	388	45
531	0	18	40	2600	12799	49
532	3	16	160	2604	992	56
533	1	11	40	2608	14936	58
534	0	18	40	2612	12164	56
535	3	16	160	2616	11990	48
536	4	7	160	2620	26325	62
537	0	18	120	2624	27488	42
538	1	11	40	2628	8522	68
539	0	18	120	2632	343	50
540	0	18	120	2636	28464	40
541	3	16	160	2640	664	39
542	0	18	80	2644	7948	66
543	3	16	40	2648	4396	43
544	0	18	160	2652	11653	45
545	0	18	40	2656	29037	60
546	1	11	40	2660	1147	59
547	1	11	120	2664	5436	39
548	3	16	120	2668	12303	40
549	1	11	160	2672	2679	44
550	3	16	80	2676	20411	62
551	4	7	80	2680	4127	57
552	4	7	80	2684	2111	48
553	1	11	120	2688	421	56
554	1	11	160	2692	3008	66
555	0	18	120	2696	11183	45
556	1	11	80	2700	7582	39
557	1	11	120	2704	3521	64
558	4	7	160	2708	8693	49
559	1	11	40	2712	2215	68
560	1	11	120	2716	18912	64
561	3	16	80	2720	4060	67
562	3	16	80	2724	17812	56
563	1	11	120	2728	9421	53
564	4	7	160	2732	2774	55
565	3	16	160	2736	29135	64
566	3	16	40	2740	17334	66
567	4	7	120	2744	196	53
568	1	11	40	2748	46283	57
569	3	16	160	2752	22933	63
570	3	16	80	2756	9141	60
571	1	11	80	2800	10352	53
572	3	16	120	2805	17661	42
573	1	11	40	2810	55	42
574	1	11	160	2815	7210	52
575	1	11	80	2820	7711	57
576	3	16	40	2825	10543	42
577	3	16	160	2830	7586	46
578	0	18	80	2835	11729	47
579	0	18	160	2840	23823	47
580	0	18	80	2845	4482	69
581	3	16	160	2850	7072	65
582	1	11	80	2855	5577	59
583	3	16	120	2860	7503	53
584	1	11	80	2865	14202	54
585	4	7	120	2870	16203	57
586	0	18	160	2875	8186	40
587	1	11	80	2880	550	39
588	4	7	80	2885	8086	61
589	0	18	120	2890	376	49
590	0	18	80	2895	2140	47
591	3	16	80	2900	12066	67
592	1	11	160	2905	5802	63
593	0	18	160	2910	4983	69
594	4	7	160	2915	3214	56
595	1	11	40	2920	11600	42
596	0	18	80	2925	3950	53
597	3	16	120	2930	33843	51
598	4	7	40	2935	1269	57
599	1	11	160	2940	14836	51
600	1	11	160	2945	1906	63
601	1	11	120	2950	935	44
602	4	7	120	2955	5842	51
603	0	18	120	2960	18683	46
604	3	16	120	2965	13192	54
605	0	18	40	2970	3285	48
606	0	18	160	2975	8821	54
607	1	11	40	2980	2045	44
608	4	7	160	2985	10491	42
609	0	18	80	2990	16521	48
610	1	11	80	2995	261	42
611	3	16	80	3000	104536	63
612	1	11	40	3005	11950	55
613	4	7	160	3010	12693	40
614	0	18	160	3015	23330	69
615	3	16	120	3020	5130	68
616	1	11	160	3025	29623	47
617	4	7	160	3030	4426	41
618	0	18	40	3035	22776	68
619	4	7	40	3040	7518	67
620	1	11	40	3045	6480	62
621	1	11	160	3050	15244	66
622	4	7	80	3055	8957	62
623	1	11	80	3060	35469	46
624	1	11	80	3065	14003	55
625	0	18	160	3070	27514	62
626	0	18	120	3075	2596	59
627	3	16	120	3080	6758	42
628	3	16	40	3085	17616	55
629	0	18	120	3090	21407	48
630	0	18	40	3095	2581	43
631	4	7	80	3100	12402	61
632	4	7	120	3105	5510	58
633	3	16	120	3110	29465	66
634	3	16	40	3115	15094	54
635	4	7	160	3120	3241	63
636	4	7	80	3125	740	53
637	1	11	120	3130	10482	51
638	4	7	160	3135	19191	68
639	0	18	80	3140	7267	45
640	3	16	160	3145	2985	42
641	3	16	160	3150	4946	65
642	1	11	120	3200	7439	66
643	4	7	160	3205	16287	52
644	3	16	40	3210	112	46
645	3	16	40	3215	2143	53
646	0	18	40	3220	42	50
647	3	16	160	3225	15739	62
648	4	7	40	3230	7915	39
649	0	18	80	3235	26179	58
650	0	18	40	3240	14623	65
651	0	18	80	3245	42928	50
652	3	16	80	3250	1135	52
653	4	7	40	3255	12087	59
654	0	18	120	3260	4148	58
655	0	18	160	3265	6695	67
656	1	11	40	3270	9555	52
657	1	11	40	3275	6904	44
658	3	16	80	3280	1271	61
659	3	16	120	3285	17526	62
660	0	18	120	3290	551	58
661	1	11	80	3295	1130	51
662	3	16	160	3300	5874	58
663	4	7	40	3305	16674	63
664	4	7	40	3310	9690	44
665	3	16	40	3315	5684	51
666	4	7	120	3320	11983	44
667	4	7	80	3325	15122	59
668	0	18	160	3330	33179	56
669	1	11	160	3335	11616	44
670	3	16	40	3340	4076	54
671	4	7	80	3345	4855	66
672	4	7	160	3350	8572	43
673	0	18	160	3355	6047	62
674	0	18	80	3360	3377	64
675	3	16	80	3365	993	66
676	4	7	80	3370	3568	69
677	0	18	80	3375	18351	48
678	3	16	80	3380	33490	69
679	4	7	80	3385	8936	40
680	0	18	120	3390	27097	50
681	1	11	120	3395	7482	67
682	4	7	80	3400	35398	41
683	3	16	160	3405	25694	67
684	4	7	120	3410	1638	53
685	0	18	160	3415	3005	62
686	1	11	160	3420	9688	47
687	4	7	120	3425	15865	68
688	1	11	160	3430	11671	47
689	3	16	40	3435	4078	56
690	1	11	120	3440	13966	50
691	1	11	80	3445	11685	47
692	3	16	80	3450	7892	59
693	1	11	80	3455	366	45
694	4	7	160	3460	6318	57
695	0	18	120	3465	1675	61
696	4	7	160	3470	36121	46
697	3	16	120	3475	14905	41
698	4	7	120	3480	2508	47
699	0	18	160	3485	11996	65
700	3	16	80	3490	9110	47
701	1	11	160	3495	4061	61
702	1	11	40	3500	18934	44
703	1	11	40	3505	23834	65
704	1	11	80	3510	10969	42
705	0	18	160	3515	5574	69
706	0	18	80	3520	7428	46
707	3	16	120	3525	14226	59
708	3	16	120	3530	5921	65
709	1	11	80	3535	2871	61
710	0	18	120	3540	2241	67
711	1	11	120	3545	17412	42
712	4	7	120	3600	8290	44
713	4	7	160	3606	10280	60
714	1	11	160	3612	24709	51
715	3	16	160	3618	10437	60
716	3	16	160	3624	1841	48
717	0	18	40	3630	8428	60
718	4	7	80	3636	11710	49
719	4	7	80	3642	4850	51
720	0	18	80	3648	20803	42
721	4	7	40	3654	27416	46
722	1	11	80	3660	1191	51
723	3	16	120	3666	12560	69
724	0	18	80	3672	32339	64
725	0	18	120	3678	13146	45
726	1	11	160	3684	22829	45
727	1	11	120	3690	7856	67
728	0	18	160	3696	51683	44
729	4	7	160	3702	1465	42
730	3	16	120	3708	1654	59
731	1	11	160	3714	9476	67
732	0	18	120	3720	10837	39
733	3	16	80	3726	4394	43
734	0	18	160	3732	59822	62
735	3	16	160	3738	11247	59
736	0	18	120	3744	13317	62
737	1	11	80	3750	1064	46
738	0	18	120	3756	3998	63
739	4	7	160	3762	16930	54
740	4	7	80	3768	17124	55
741	3	16	40	3774	23555	57
742	1	11	160	3780	5058	42
743	0	18	120	3786	6313	55
744	1	11	120	3792	1503	59
745	0	18	160	3798	30619	46
746	3	16	120	3804	1581	42
747	3	16	80	3810	28443	69
748	4	7	80	3816	2058	64
749	1	11	40	3822	21148	66
750	3	16	120	3828	53116	51
751	4	7	120	3834	7089	55
752	3	16	40	3840	1106	62
753	0	18	80	3846	23265	66
754	4	7	120	3852	19843	62
755	4	7	80	3858	12053	40
756	4	7	80	3864	2567	48
757	4	7	80	3870	1875	44
758	1	11	160	3876	31968	39
759	0	18	120	3882	32521	67
760	3	16	160	3888	8827	62
761	4	7	120	3894	47632	48
762	1	11	120	3900	14767	54
763	4	7	160	3906	3850	62
764	3	16	160	3912	1053	40
765	3	16	160	3918	11749	39
766	0	18	160	3924	2250	42
767	0	18	80	3930	2561	40
768	3	16	40	3936	10475	67
769	4	7	40	3942	3680	61
770	3	16	40	3948	28975	68
771	0	18	120	3954	709	40
772	4	7	120	3960	3000	66
773	0	18	120	3966	24214	64
774	0	18	160	3972	10197	65
775	1	11	40	3978	39825	54
776	3	16	40	3984	9695	42
777	1	11	160	3990	13877	65
778	0	18	40	4000	9090	49
779	4	7	80	4004	125	56
780	3	16	160	4008	9374	42
781	3	16	80	4012	34643	45
782	3	16	80	4016	4677	42
783	4	7	160	4020	2066	47
784	1	11	40	4024	1628	60
785	4	7	40	4028	13773	43
786	3	16	120	4032	7348	43
787	0	18	80	4036	16099	43
788	3	16	160	4040	8269	51
789	1	11	120	4044	5344	61
790	3	16	120	4048	6447	49
791	0	18	80	4052	8950	56
792	0	18	120	4056	2014	46
793	0	18	160	4060	5167	66
794	0	18	160	4064	3219	62
795	0	18	160	4068	18108	46
796	0	18	80	4072	1973	42
797	1	11	40	4076	863	50
798	1	11	120	4080	4718	54
799	3	16	120	4084	8159	58
800	0	18	40	4088	16686	43
801	3	16	80	4092	32129	41
802	4	7	80	4096	4703	41
803	0	18	80	4100	26876	41
804	3	16	160	4104	29978	67
805	1	11	40	4108	32017	50
806	4	7	160	4112	3056	58
807	3	16	120	4116	2997	68
808	4	7	120	4120	4002	40
809	1	11	120	4124	22359	46
810	0	18	80	4128	994	67
811	3	16	80	4132	8492	52
812	4	7	40	4136	11407	64
813	1	11	80	4140	30297	52
814	3	16	120	4144	5957	63
815	0	18	120	4148	10311	56
816	0	18	80	4152	12887	44
817	3	16	160	4156	9574	45
818	1	11	120	4160	1915	40
819	4	7	160	4164	6157	67
820	4	7	40	4168	2184	65
821	4	7	120	4172	6796	68
822	3	16	120	4176	14219	59
823	1	11	80	4180	3025	44
824	0	18	80	4184	22643	51
825	3	16	160	4188	5831	51
826	4	7	40	4192	27983	64
827	4	7	160	4196	24607	69
828	4	7	120	4200	11988	40
829	0	18	40	4204	18937	58
830	0	18	120	4208	20063	51
831	0	18	160	4212	7958	62
832	0	18	80	4216	5361	50
833	1	11	80	4220	462	61
834	4	7	80	4224	3602	52
835	0	18	80	4228	11326	40
836	3	16	40	4232	11610	43
837	1	11	40	4236	6730	40
838	0	18	160	4240	3299	50
839	4	7	40	4244	2622	48
840	4	7	40	4248	7344	54
841	0	18	40	4252	3244	45
842	0	18	120	4256	7282	42
843	0	18	40	4260	12706	43
844	1	11	80	4264	3940	63
845	0	18	40	4268	28687	66
846	0	18	40	4272	29188	61
847	4	7	40	4276	3208	63
848	1	11	80	4280	38205	42
849	0	18	80	4284	12901	45
850	4	7	80	4288	1541	40
851	3	16	120	4292	11054	66
852	0	18	120	4296	30595	48
853	1	11	160	4300	30884	57
854	4	7	120	4304	4750	63
855	0	18	80	4308	4604	44
856	4	7	160	4312	3246	51
857	3	16	160	4316	1283	66
858	0	18	160	4320	553	60
859	0	18	40	4324	9133	54
860	3	16	160	4328	337	55
861	4	7	40	4332	5234	58
862	3	16	160	4336	10677	66
863	4	7	120	4340	8079	51
864	0	18	160	4344	399	65
865	4	7	80	4348	10837	44
866	3	16	40	4352	1906	41
867	3	16	120	4356	10288	42
868	1	11	40	4400	12966	69
869	3	16	40	4405	18192	61
870	1	11	80	4410	37635	51
871	4	7	80	4415	3121	43
872	3	16	160	4420	4440	65
873	3	16	80	4425	36250	61
874	4	7	120	4430	34498	51
875	4	7	160	4435	31835	59
876	4	7	160	4440	45499	65
877	1	11	80	4445	503	55
878	4	7	40	4450	34367	51
879	4	7	80	4455	33769	54
880	1	11	120	4460	7680	60
881	0	18	40	4465	13242	40
882	1	11	80	4470	29271	66
883	4	7	80	4475	43355	65
884	0	18	120	4480	13416	56
885	3	16	160	4485	2831	54
886	0	18	80	4490	9931	52
887	3	16	80	4495	6884	63
888	3	16	160	4500	14891	67
889	4	7	160	4505	33898	47
890	0	18	120	4510	5618	58
891	4	7	40	4515	8771	46
892	0	18	40	4520	5818	50
893	4	7	120	4525	14753	65
894	1	11	40	4530	2215	63
895	4	7	40	4535	1321	66
896	1	11	40	4540	12517	48
897	0	18	40	4545	40222	60
898	4	7	80	4550	11625	47
899	1	11	40	4555	13869	57
900	1	11	40	4560	17200	64
901	3	16	80	4565	4921	57
902	1	11	160	4570	10240	63
903	4	7	40	4575	2354	50
904	3	16	160	4580	14535	63
905	4	7	40	4585	26649	67
906	4	7	120	4590	4154	40
907	1	11	40	4595	42340	56
908	3	16	40	4600	47046	44
909	4	7	120	4605	6077	43
910	1	11	80	4610	5008	48
911	1	11	120	4615	2617	66
912	3	16	120	4620	2070	53
913	0	18	120	4625	1331	44
914	4	7	120	4630	744	64
915	1	11	160	4635	5344	54
916	3	16	120	4640	6973	62
917	4	7	120	4645	11492	39
918	3	16	40	4650	20372	65
919	3	16	160	4655	20747	49
920	4	7	160	4660	387	61
921	0	18	120	4665	14869	48
922	0	18	160	4670	24014	44
923	1	11	80	4675	15271	61
924	1	11	120	4680	6261	42
925	3	16	80	4685	6914	44
926	3	16	40	4690	22359	63
927	4	7	80	4695	11048	69
928	1	11	40	4700	18314	68
929	4	7	80	4705	21940	55
930	1	11	120	4710	3974	49
931	3	16	160	4715	150	44
932	3	16	160	4720	6549	46
933	3	16	40	4725	3576	63
934	3	16	40	4730	2360	60
935	3	16	40	4735	1757	41
936	3	16	40	4740	1188	46
937	3	16	80	4745	15919	54
938	1	11	80	4750	3790	41
939	1	11	120	4755	18258	59
940	4	7	80	4800	29944	53
941	3	16	80	4805	10765	66
942	0	18	40	4810	7314	57
943	3	16	40	4815	4514	63
944	3	16	120	4820	10979	69
945	3	16	160	4825	2351	61
946	0	18	120	4830	5357	62
947	0	18	120	4835	3929	44
948	4	7	40	4840	12509	40
949	4	7	80	4845	19875	47
950	1	11	120	4850	13069	42
951	3	16	120	4855	383	48
952	1	11	40	4860	1923	64
953	1	11	80	4865	19189	67
954	3	16	40	4870	12715	66
955	1	11	80	4875	629	54
956	3	16	80	4880	7655	51
957	0	18	120	4885	23100	40
958	1	11	120	4890	17720	47
959	4	7	120	4895	3681	57
960	1	11	160	4900	573	43
961	0	18	80	4905	14087	40
962	0	18	160	4910	2499	57
963	3	16	160	4915	1821	58
964	1	11	40	4920	1472	63
965	3	16	120	4925	4783	42
966	4	7	120	4930	17916	58
967	0	18	80	4935	27715	60
968	3	16	80	4940	31318	54
969	0	18	80	4945	30902	62
970	3	16	120	4950	3697	46
971	4	7	80	4955	14695	46
972	3	16	40	4960	5084	67
973	1	11	80	4965	430	45
974	3	16	120	4970	28246	66
975	0	18	80	4975	6947	65
976	0	18	80	4980	3515	60
977	1	11	160	4985	9617	50
978	4	7	120	4990	1539	62
979	4	7	160	4995	3114	50
980	1	11	160	5000	972	51
981	3	16	120	5005	10005	58
982	4	7	40	5010	37045	68
983	1	11	160	5015	43560	60
984	1	11	120	5020	2320	51
985	4	7	40	5025	3460	39
986	0	18	160	5030	23973	49
987	0	18	80	5035	11696	49
988	0	18	160	5040	11126	67
989	0	18	160	5045	1635	44
990	0	18	160	5050	13110	59
991	3	16	120	5055	3295	44
992	0	18	120	5060	39571	46
993	1	11	160	5065	79	54
994	0	18	120	5070	15935	55
995	4	7	160	5075	3084	51
996	3	16	120	5080	6215	47
997	1	11	80	5085	4549	69
998	0	18	160	5090	2648	39
999	4	7	40	5095	3788	65
1000	4	7	40	5100	6182	41
1001	0	18	40	5105	7381	41
1002	1	11	80	5110	5220	59
1003	4	7	160	5115	15428	48
1004	0	18	120	5120	9423	40
1005	3	16	80	5125	37863	66
1006	4	7	80	5130	13901	50
1007	0	18	120	5135	1436	58
1008	3	16	160	5140	26810	39
1009	1	11	160	5145	2887	39
1010	1	11	160	5150	19144	64
1011	1	11	120	5155	30356	39
1012	0	18	160	5200	15877	48
1013	3	16	160	5204	9396	66
1014	3	16	160	5208	2474	44
1015	3	16	40	5212	7870	55
1016	0	18	80	5216	16003	42
1017	3	16	160	5220	2897	67
1018	0	18	40	5224	40230	46
1019	3	16	40	5228	24024	62
1020	3	16	160	5232	7492	63
1021	3	16	80	5236	1987	48
1022	4	7	120	5240	4217	62
1023	3	16	80	5244	19256	49
1024	0	18	120	5248	3600	41
1025	0	18	40	5252	304	40
1026	3	16	120	5256	16308	69
1027	1	11	80	5260	4963	52
1028	1	11	160	5264	4285	60
1029	4	7	120	5268	13610	53
1030	1	11	160	5272	430	56
1031	3	16	40	5276	33449	61
1032	0	18	160	5280	5229	50
1033	4	7	120	5284	22743	67
1034	0	18	120	5288	20984	47
1035	0	18	160	5292	11562	49
1036	1	11	80	5296	2871	68
1037	0	18	80	5300	3149	59
1038	1	11	80	5304	6734	59
1039	4	7	80	5308	2957	55
1040	0	18	120	5312	9974	58
1041	0	18	40	5316	16710	61
1042	3	16	120	5320	15702	48
1043	3	16	40	5324	5940	66
1044	4	7	40	5328	4809	49
1045	4	7	40	5332	16366	59
1046	1	11	160	5336	8473	66
1047	3	16	160	5340	6537	50
1048	3	16	160	5344	20596	48
1049	1	11	80	5348	3515	39
1050	3	16	120	5352	8084	48
1051	0	18	120	5356	2524	50
1052	0	18	80	5360	5179	62
1053	3	16	160	5364	4862	46
1054	1	11	80	5368	19698	41
1055	0	18	160	5372	3452	63
1056	1	11	120	5376	2136	48
1057	4	7	160	5380	9681	49
1058	4	7	40	5384	7490	45
1059	0	18	80	5388	8782	69
1060	4	7	160	5392	2893	67
1061	3	16	40	5396	5118	68
1062	4	7	160	5400	20089	68
1063	3	16	40	5404	2898	56
1064	4	7	160	5408	2361	52
1065	3	16	160	5412	23486	42
1066	0	18	120	5416	10046	58
1067	1	11	40	5420	25846	51
1068	3	16	40	5424	15146	57
1069	3	16	40	5428	10069	65
1070	1	11	160	5432	3746	56
1071	0	18	160	5436	8454	53
1072	1	11	120	5440	18447	47
1073	1	11	160	5444	16470	60
1074	3	16	120	5448	4288	42
1075	3	16	120	5452	14972	40
1076	0	18	120	5456	6595	69
1077	0	18	80	5460	28363	65
1078	3	16	80	5464	7591	69
1079	0	18	80	5468	8680	52
1080	3	16	40	5472	8771	44
1081	0	18	120	5476	4681	58
1082	3	16	120	5480	8769	42
1083	4	7	80	5484	569	60
1084	1	11	40	5488	2501	43
1085	1	11	80	5492	22411	45
1086	3	16	120	5496	10637	69
1087	3	16	160	5500	243	43
1088	1	11	80	5504	532	65
1089	4	7	160	5508	10296	53
1090	4	7	40	5512	7292	39
1091	1	11	120	5516	12915	58
1092	1	11	80	5520	17454	52
1093	0	18	160	5524	28962	59
1094	4	7	80	5528	50	58
1095	1	11	80	5532	2938	60
1096	0	18	80	5536	33566	62
1097	4	7	120	5600	8687	62
1098	4	7	80	5606	2856	52
1099	1	11	40	5612	7652	46
1100	4	7	80	5618	2341	39
1101	0	18	120	5624	11689	53
1102	0	18	120	5630	14570	62
1103	0	18	160	5636	3490	53
1104	0	18	120	5642	51039	52
1105	3	16	160	5648	50016	65
1106	3	16	40	5654	6224	41
1107	3	16	120	5660	11116	40
1108	0	18	80	5666	398	42
1109	4	7	120	5672	1177	39
1110	4	7	40	5678	21064	64
1111	0	18	40	5684	3566	53
1112	0	18	80	5690	1064	49
1113	3	16	120	5696	35815	63
1114	1	11	40	5702	5	64
1115	4	7	40	5708	26622	47
1116	4	7	120	5714	21177	64
1117	4	7	80	5720	17439	47
1118	1	11	160	5726	321	51
1119	3	16	120	5732	4861	46
1120	4	7	40	5738	3790	43
1121	3	16	120	5744	9502	54
1122	0	18	120	5750	22032	56
1123	3	16	80	5756	1823	43
1124	3	16	160	5762	1432	64
1125	4	7	80	5768	11270	67
1126	4	7	120	5774	16127	39
1127	0	18	120	5780	24908	57
1128	1	11	80	5786	16274	41
1129	0	18	40	5792	1043	52
1130	1	11	80	5798	17837	47
1131	1	11	40	5804	28586	46
1132	1	11	40	5810	14214	51
1133	1	11	80	5816	71122	62
1134	1	11	160	5822	4943	52
1135	3	16	120	5828	27169	60
1136	4	7	40	5834	11610	65
1137	3	16	120	5840	3712	59
1138	4	7	160	5846	749	46
1139	3	16	80	5852	2732	48
1140	3	16	80	5858	6974	42
1141	4	7	40	5864	49530	67
1142	1	11	120	5870	52515	40
1143	1	11	120	5876	35935	64
1144	0	18	120	5882	16580	59
1145	3	16	40	5888	2651	56
1146	1	11	40	5894	10246	47
1147	3	16	120	5900	20382	58
1148	4	7	120	5906	28906	65
1149	0	18	80	5912	1438	49
1150	3	16	160	5918	5900	65
1151	1	11	160	5924	2276	54
1152	1	11	120	5930	8049	49
1153	0	18	120	5936	25311	45
1154	1	11	160	5942	2687	41
1155	0	18	160	5948	11939	54
1156	0	18	160	5954	18275	67
1157	1	11	40	5960	9909	58
1158	1	11	160	5966	1808	58
1159	0	18	40	6000	5673	55
1160	4	7	40	6005	3377	64
1161	3	16	80	6010	9064	54
1162	0	18	40	6015	23733	68
1163	0	18	80	6020	35806	59
1164	3	16	80	6025	4621	61
1165	3	16	40	6030	30234	56
1166	3	16	40	6035	9934	40
1167	4	7	40	6040	1099	57
1168	0	18	120	6045	11354	50
1169	3	16	120	6050	1322	43
1170	4	7	40	6055	3797	51
1171	1	11	160	6060	9924	44
1172	0	18	120	6065	14676	40
1173	3	16	120	6070	20769	41
1174	4	7	40	6075	26744	42
1175	0	18	40	6080	4059	45
1176	0	18	40	6085	9839	52
1177	3	16	160	6090	26553	61
1178	3	16	160	6095	5973	53
1179	4	7	160	6100	29476	47
1180	3	16	40	6105	425	58
1181	0	18	40	6110	30633	51
1182	0	18	160	6115	40041	62
1183	1	11	40	6120	11912	62
1184	3	16	40	6125	14242	57
1185	4	7	80	6130	11025	63
1186	4	7	120	6135	6514	66
1187	0	18	80	6140	20277	45
1188	4	7	80	6145	19117	59
1189	0	18	40	6150	14747	67
1190	3	16	120	6155	1454	62
1191	1	11	160	6160	715	46
1192	0	18	160	6165	1619	39
1193	3	16	120	6170	13816	61
1194	4	7	40	6175	38122	54
1195	0	18	160	6180	28977	58
1196	3	16	160	6185	1564	69
1197	1	11	80	6190	465	50
1198	4	7	80	6195	11940	42
1199	1	11	80	6200	21218	41
1200	0	18	160	6205	12101	54
1201	1	11	40	6210	8002	60
1202	1	11	160	6215	2756	46
1203	0	18	160	6220	19662	61
1204	0	18	40	6225	22118	67
1205	0	18	40	6230	20968	59
1206	0	18	80	6235	7554	53
1207	4	7	160	6240	13154	46
1208	1	11	80	6245	51522	41
1209	1	11	160	6250	29389	66
1210	4	7	120	6255	879	41
1211	1	11	160	6260	26633	45
1212	4	7	80	6265	2235	44
1213	1	11	40	6270	3068	49
1214	3	16	40	6275	5021	66
1215	3	16	40	6280	4684	51
1216	1	11	120	6285	10009	62
1217	4	7	40	6290	3170	44
1218	1	11	40	6295	3525	41
1219	3	16	40	6300	15217	68
1220	4	7	120	6305	8331	60
1221	3	16	120	6310	16519	65
1222	4	7	120	6315	4124	68
1223	0	18	120	6320	28168	53
1224	0	18	40	6325	55505	50
1225	1	11	80	6330	2879	44
1226	0	18	40	6335	6881	43
1227	3	16	160	6340	265	48
1228	3	16	80	6345	23991	57
1229	4	7	80	6350	48021	54
1230	1	11	40	6355	2160	46
1231	4	7	120	6360	8846	40
1232	3	16	120	6365	3618	57
1233	0	18	80	6370	9927	50
1234	4	7	160	6400	3925	63
1235	0	18	160	6404	9532	68
1236	3	16	40	6408	15142	43
1237	4	7	160	6412	2073	39
1238	1	11	160	6416	18599	65
1239	1	11	40	6420	24396	67
1240	4	7	160	6424	1724	48
1241	0	18	120	6428	16784	58
1242	4	7	160	6432	21200	42
1243	3	16	80	6436	25755	62
1244	0	18	80	6440	12151	65
1245	0	18	120	6444	3024	56
1246	3	16	80	6448	26260	41
1247	3	16	120	6452	27703	59
1248	4	7	80	6456	5020	64
1249	1	11	40	6460	12097	41
1250	3	16	80	6464	5075	65
1251	4	7	160	6468	26494	63
1252	4	7	80	6472	18358	48
1253	0	18	40	6476	29117	44
1254	3	16	160	6480	4784	51
1255	1	11	80	6484	26234	58
1256	3	16	80	6488	2615	62
1257	1	11	40	6492	4295	63
1258	0	18	160	6496	20283	49
1259	3	16	160	6500	11877	62
1260	0	18	160	6504	5918	55
1261	3	16	80	6508	7072	43
1262	0	18	120	6512	19391	59
1263	1	11	40	6516	55	57
1264	4	7	120	6520	16582	58
1265	0	18	40	6524	9559	39
1266	3	16	80	6528	11964	57
1267	4	7	160	6532	11214	63
1268	3	16	80	6536	35158	56
1269	3	16	40	6540	18947	68
1270	4	7	160	6544	11186	47
1271	1	11	120	6548	6271	61
1272	1	11	40	6552	7053	49
1273	0	18	160	6556	5843	44
1274	4	7	40	6560	10548	58
1275	4	7	160	6564	16515	40
1276	4	7	120	6568	30081	62
1277	1	11	40	6572	6286	44
1278	4	7	40	6576	3738	57
1279	4	7	120	6580	17500	64
1280	4	7	160	6584	4724	41
1281	1	11	80	6588	9210	53
1282	3	16	80	6592	13672	54
1283	1	11	80	6596	3128	54
1284	1	11	160	6600	12154	59
1285	1	11	80	6604	3853	52
1286	0	18	80	6608	16077	62
1287	1	11	80	6612	5144	52
1288	1	11	120	6616	3198	68
1289	3	16	120	6620	5958	43
1290	1	11	120	6624	5211	45
1291	1	11	40	6628	6454	49
1292	4	7	40	6632	5044	59
1293	4	7	40	6636	2083	42
1294	0	18	40	6640	7841	50
1295	0	18	80	6644	13997	44
1296	4	7	40	6648	36385	69
1297	1	11	160	6652	20879	55
1298	3	16	160	6656	1729	43
1299	0	18	80	6660	1099	65
1300	3	16	80	6664	10751	68
1301	3	16	120	6668	3953	47
1302	0	18	80	6672	36951	42
1303	1	11	80	6676	9530	66
1304	1	11	40	6680	350	64
1305	0	18	160	6684	33339	43
1306	3	16	120	6688	7078	52
1307	3	16	120	6692	6088	42
1308	1	11	40	6696	4749	56
1309	4	7	160	6700	10447	50
1310	3	16	120	6704	41758	65
1311	1	11	40	6708	18618	56
1312	1	11	40	6712	405	44
1313	1	11	80	6716	592	55
1314	3	16	40	6720	4329	59
1315	4	7	80	6800	23046	40
1316	0	18	160	6804	17395	59
1317	3	16	80	6808	10178	44
1318	0	18	40	6812	5502	68
1319	1	11	80	6816	7714	45
1320	0	18	160	6820	19994	46
1321	0	18	160	6824	3981	44
1322	3	16	80	6828	5606	65
1323	0	18	160	6832	9722	51
1324	0	18	120	6836	6990	61
1325	3	16	160	6840	2533	67
1326	3	16	80	6844	791	40
1327	3	16	40	6848	4026	46
1328	4	7	120	6852	28345	63
1329	4	7	120	6856	27192	52
1330	4	7	160	6860	19057	41
1331	1	11	160	6864	1184	46
1332	3	16	80	6868	3835	40
1333	4	7	120	6872	2382	62
1334	1	11	80	6876	2317	65
1335	1	11	80	6880	549	63
1336	0	18	40	6884	10462	50
1337	1	11	40	6888	1697	57
1338	4	7	40	6892	2688	59
1339	0	18	40	6896	14407	55
1340	4	7	120	6900	21197	39
1341	1	11	160	6904	4989	58
1342	0	18	80	6908	264	66
1343	3	16	120	6912	12689	56
1344	4	7	160	6916	6581	47
1345	0	18	80	6920	9966	58
1346	4	7	160	6924	5790	43
1347	1	11	160	6928	4195	43
1348	0	18	160	6932	23296	52
1349	1	11	120	6936	11810	49
1350	4	7	120	6940	30797	55
1351	1	11	160	6944	5735	63
1352	0	18	160	6948	7320	56
1353	0	18	120	6952	12945	68
1354	0	18	120	6956	3884	57
1355	1	11	80	6960	4442	63
1356	0	18	40	6964	28552	52
1357	0	18	80	6968	6105	60
1358	0	18	120	6972	1351	43
1359	4	7	80	6976	21876	67
1360	3	16	80	6980	24858	41
1361	4	7	120	6984	2100	45
1362	4	7	160	6988	8130	49
1363	3	16	80	6992	6757	42
1364	4	7	40	6996	18479	48
1365	0	18	120	7000	24972	58
1366	3	16	160	7004	8671	55
1367	3	16	80	7008	23019	52
1368	0	18	160	7012	24718	60
1369	1	11	160	7016	3582	66
1370	3	16	80	7020	3803	59
1371	4	7	160	7024	12043	40
1372	4	7	40	7028	5565	54
1373	0	18	160	7032	13260	52
1374	3	16	120	7036	12432	44
1375	3	16	160	7040	7638	58
1376	0	18	80	7044	3622	48
1377	0	18	160	7048	15302	47
1378	0	18	160	7052	1713	42
1379	0	18	80	7056	25180	42
1380	3	16	40	7060	19774	62
1381	1	11	120	7064	17574	67
1382	1	11	40	7068	6715	64
1383	1	11	160	7072	3933	53
1384	4	7	40	7076	43380	67
1385	3	16	40	7080	6448	47
1386	0	18	40	7084	12170	59
1387	3	16	160	7088	11409	42
1388	4	7	40	7092	28063	44
1389	4	7	160	7096	24136	40
1390	1	11	40	7100	1773	50
1391	4	7	120	7104	2426	59
1392	0	18	120	7108	308	52
1393	4	7	160	7112	5397	62
1394	3	16	160	7116	20913	52
1395	4	7	40	7120	13250	64
1396	3	16	160	7124	22609	48
1397	3	16	40	7128	10735	62
1398	3	16	80	7132	24213	47
1399	3	16	40	7136	9501	59
1400	1	11	80	7140	611	42
1401	0	18	80	7144	9050	61
1402	0	18	160	7148	6588	52
1403	3	16	40	7152	10946	56
1404	4	7	80	7200	5255	60
1405	0	18	120	7205	4105	53
1406	3	16	120	7210	106	48
1407	0	18	160	7215	18607	43
1408	3	16	160	7220	179	62
1409	1	11	120	7225	19658	68
1410	0	18	160	7230	601	54
1411	4	7	80	7235	2480	43
1412	0	18	120	7240	3706	56
1413	0	18	40	7245	3123	40
1414	1	11	80	7250	376	43
1415	0	18	120	7255	1333	43
1416	3	16	80	7260	15800	50
1417	1	11	40	7265	2868	66
1418	3	16	40	7270	7338	44
1419	1	11	40	7275	5542	40
1420	4	7	120	7280	3260	69
1421	0	18	40	7285	27746	51
1422	4	7	80	7290	35855	46
1423	0	18	40	7295	76	58
1424	0	18	120	7300	1543	54
1425	3	16	120	7305	1112	69
1426	4	7	80	7310	11240	58
1427	4	7	80	7315	106	61
1428	3	16	160	7320	22281	69
1429	3	16	120	7325	45070	50
1430	0	18	40	7330	11700	48
1431	1	11	80	7335	13278	55
1432	3	16	80	7340	23054	39
1433	1	11	120	7345	10584	53
1434	3	16	160	7350	21101	39
1435	1	11	120	7355	3907	40
1436	0	18	160	7360	5101	53
1437	3	16	40	7365	21276	47
1438	3	16	80	7370	31059	62
1439	4	7	80	7375	13799	53
1440	0	18	120	7380	6268	68
1441	0	18	40	7385	22719	54
1442	4	7	160	7390	10957	50
1443	1	11	120	7395	1235	45
1444	4	7	160	7400	20401	56
1445	1	11	120	7405	36095	45
1446	4	7	40	7410	29915	42
1447	4	7	80	7415	19085	51
1448	3	16	80	7420	4829	58
1449	1	11	80	7425	15266	48
1450	1	11	160	7430	33088	52
1451	1	11	160	7435	12107	52
1452	0	18	160	7440	1723	57
1453	0	18	80	7445	8250	46
1454	3	16	120	7450	4436	60
1455	1	11	80	7455	1931	60
1456	1	11	40	7460	10410	54
1457	4	7	120	7465	6457	64
1458	3	16	80	7470	7792	40
1459	0	18	160	7475	3712	60
1460	0	18	80	7480	13735	65
1461	3	16	40	7485	133754	56
1462	3	16	40	7490	34600	44
1463	0	18	80	7495	467	50
1464	0	18	120	7500	2423	59
1465	3	16	120	7505	5728	69
1466	1	11	40	7510	4863	43
1467	3	16	160	7515	13660	42
1468	3	16	40	7520	6160	40
1469	4	7	120	7525	16781	42
1470	0	18	160	7530	17068	59
1471	4	7	80	7535	27847	42
1472	3	16	120	7540	4072	42
1473	3	16	160	7545	17854	60
1474	1	11	120	7550	39565	41
1475	4	7	120	7555	5901	53
1476	0	18	40	7560	4318	40
1477	1	11	160	7565	22905	39
1478	1	11	80	7570	2513	40
1479	4	7	160	7575	2237	48
1480	3	16	80	7580	2253	66
1481	4	7	160	7585	20051	45
1482	0	18	160	7590	13582	42
1483	0	18	120	7600	1589	60
1484	0	18	120	7605	490	68
1485	4	7	40	7610	52523	66
1486	1	11	120	7615	9202	67
1487	1	11	40	7620	5288	62
1488	4	7	40	7625	3891	63
1489	1	11	120	7630	13635	48
1490	0	18	80	7635	14363	56
1491	0	18	40	7640	31939	59
1492	0	18	120	7645	5216	45
1493	3	16	120	7650	12902	41
1494	3	16	160	7655	20	58
1495	1	11	80	7660	6268	51
1496	3	16	40	7665	28292	49
1497	4	7	120	7670	9865	69
1498	1	11	160	7675	29584	56
1499	0	18	80	7680	6909	57
1500	4	7	120	7685	11529	40
1501	1	11	80	7690	3256	69
1502	1	11	40	7695	6023	49
1503	3	16	160	7700	10361	54
1504	0	18	80	7705	38911	58
1505	3	16	120	7710	424	48
1506	3	16	80	7715	5125	49
1507	1	11	40	7720	5348	66
1508	3	16	160	7725	9166	43
1509	4	7	160	7730	30401	45
1510	0	18	80	7735	22486	58
1511	4	7	80	7740	15635	53
1512	3	16	80	7745	3092	62
1513	4	7	80	7750	4409	61
1514	3	16	80	7755	1195	63
1515	1	11	80	7760	24458	58
1516	1	11	40	7765	4670	52
1517	1	11	120	7770	20578	54
1518	4	7	120	7775	75497	52
1519	1	11	80	7780	2609	62
1520	0	18	160	7785	22298	40
1521	4	7	40	7790	45167	50
1522	4	7	120	7795	6183	49
1523	0	18	120	7800	15384	61
1524	4	7	80	7805	680	56
1525	4	7	160	7810	21171	39
1526	4	7	120	7815	9562	66
1527	0	18	160	7820	11898	39
1528	0	18	160	7825	17765	41
1529	0	18	40	7830	9746	60
1530	0	18	120	7835	7919	43
1531	0	18	80	7840	16244	40
1532	0	18	160	7845	33122	52
1533	0	18	160	7850	16694	53
1534	4	7	80	7855	9654	47
1535	1	11	40	7860	32538	66
1536	1	11	160	7865	6480	65
1537	3	16	40	7870	1254	57
1538	4	7	40	7875	2136	41
1539	3	16	40	7880	64	58
1540	0	18	160	7885	12254	55
1541	0	18	120	7890	2321	40
1542	3	16	40	7895	20727	58
1543	4	7	80	7900	5287	56
1544	0	18	80	7905	21441	59
1545	0	18	160	7910	41925	41
1546	3	16	120	7915	14568	66
1547	0	18	40	7920	552	54
1548	0	18	80	7925	9959	47
1549	1	11	80	7930	1698	69
1550	4	7	80	7935	1058	68
1551	1	11	80	7940	1070	64
1552	4	7	160	7945	9916	56
1553	0	18	120	8000	15259	63
1554	4	7	80	8005	10808	56
1555	4	7	120	8010	12279	59
1556	3	16	120	8015	21621	59
1557	0	18	80	8020	13381	58
1558	4	7	80	8025	8887	68
1559	1	11	120	8030	1702	57
1560	3	16	160	8035	7974	51
1561	3	16	80	8040	15215	48
1562	1	11	40	8045	10616	64
1563	3	16	120	8050	45815	53
1564	3	16	80	8055	6904	41
1565	0	18	160	8060	1327	56
1566	4	7	120	8065	18816	39
1567	1	11	80	8070	7753	48
1568	4	7	40	8075	16868	52
1569	0	18	40	8080	2110	66
1570	4	7	120	8085	7227	62
1571	4	7	160	8090	3030	65
1572	1	11	120	8095	12837	52
1573	1	11	120	8100	59242	63
1574	0	18	80	8105	9731	45
1575	0	18	80	8110	13237	39
1576	0	18	160	8115	2014	62
1577	4	7	80	8120	569	63
1578	0	18	80	8125	26489	41
1579	3	16	80	8130	1072	53
1580	1	11	40	8135	1611	43
1581	3	16	120	8140	8419	51
1582	0	18	120	8145	807	61
1583	3	16	80	8150	12277	41
1584	0	18	120	8155	7656	62
1585	4	7	40	8160	6085	48
1586	1	11	120	8165	2372	54
1587	0	18	80	8170	2937	59
1588	1	11	80	8175	2056	67
1589	4	7	160	8180	29181	58
1590	3	16	80	8185	1245	46
1591	0	18	80	8190	16404	46
1592	4	7	120	8195	10299	59
1593	3	16	80	8200	376	53
1594	4	7	80	8205	8803	46
1595	3	16	120	8210	30495	45
1596	4	7	80	8215	10661	45
1597	0	18	80	8220	22311	43
1598	1	11	160	8225	30138	53
1599	4	7	80	8230	15612	41
1600	1	11	80	8235	2353	41
1601	0	18	40	8240	3090	56
1602	0	18	160	8245	4113	40
1603	4	7	40	8250	6183	50
1604	1	11	160	8255	13653	45
1605	0	18	80	8260	23705	41
1606	4	7	160	8265	6712	51
1607	1	11	80	8270	10114	63
1608	4	7	40	8275	2150	57
1609	4	7	40	8280	31171	55
1610	3	16	160	8285	7987	66
1611	4	7	80	8290	18652	65
1612	4	7	40	8295	18284	55
1613	0	18	40	8300	6907	54
1614	4	7	80	8305	78	53
1615	4	7	80	8310	47735	69
1616	3	16	120	8315	12719	57
1617	3	16	160	8320	35170	61
1618	3	16	40	8325	8471	61
1619	3	16	80	8330	486	63
1620	4	7	80	8335	31145	41
1621	3	16	80	8340	10252	50
1622	0	18	160	8345	4599	51
1623	0	18	80	8350	22193	64
1624	1	11	160	8355	777	59
1625	3	16	40	8360	14743	55
1626	0	18	40	8365	12497	44
1627	3	16	40	8400	11804	68
1628	3	16	80	8406	7686	55
1629	3	16	160	8412	12072	39
1630	0	18	160	8418	993	63
1631	0	18	80	8424	4458	58
1632	3	16	80	8430	1636	48
1633	1	11	160	8436	2124	69
1634	0	18	160	8442	28560	51
1635	1	11	40	8448	27466	56
1636	3	16	120	8454	2889	50
1637	0	18	120	8460	13031	50
1638	1	11	80	8466	38940	65
1639	0	18	40	8472	11310	59
1640	0	18	40	8478	41810	66
1641	4	7	40	8484	11294	60
1642	0	18	40	8490	654	41
1643	1	11	80	8496	3167	50
1644	1	11	40	8502	6663	61
1645	4	7	40	8508	4450	51
1646	1	11	80	8514	39578	60
1647	3	16	120	8520	1788	44
1648	4	7	160	8526	295	39
1649	4	7	160	8532	9280	46
1650	4	7	160	8538	3738	58
1651	0	18	80	8544	12329	54
1652	3	16	80	8550	4947	52
1653	3	16	120	8556	25354	60
1654	0	18	40	8562	19456	69
1655	4	7	40	8568	11104	61
1656	0	18	40	8574	28717	44
1657	0	18	120	8580	7120	45
1658	1	11	80	8586	4985	61
1659	3	16	160	8592	42982	60
1660	4	7	80	8598	2893	66
1661	0	18	120	8604	19456	53
1662	4	7	40	8610	1218	46
1663	1	11	40	8616	9052	56
1664	3	16	80	8622	22458	62
1665	3	16	80	8628	2318	47
1666	0	18	160	8634	12989	56
1667	3	16	40	8640	11605	56
1668	0	18	40	8646	9065	41
1669	3	16	80	8652	1370	66
1670	1	11	120	8658	17494	58
1671	1	11	40	8664	56662	45
1672	1	11	120	8670	50899	66
1673	1	11	160	8676	27159	41
1674	3	16	40	8682	876	66
1675	0	18	40	8688	4549	51
1676	1	11	40	8694	8842	48
1677	3	16	120	8700	1084	40
1678	4	7	80	8706	6466	42
1679	3	16	120	8712	16772	47
1680	1	11	160	8718	16363	64
1681	3	16	120	8724	8526	39
1682	4	7	40	8730	11048	68
1683	4	7	80	8736	32700	48
1684	3	16	40	8742	5480	50
1685	0	18	80	8748	6901	48
1686	3	16	160	8754	43121	44
1687	4	7	160	8800	3425	58
1688	0	18	160	8804	5353	69
1689	1	11	160	8808	4346	59
1690	0	18	160	8812	55219	50
1691	1	11	40	8816	17453	43
1692	4	7	40	8820	4671	58
1693	3	16	120	8824	53962	43
1694	0	18	160	8828	6052	62
1695	4	7	80	8832	2191	52
1696	4	7	160	8836	8641	52
1697	4	7	40	8840	8892	54
1698	4	7	160	8844	5850	57
1699	3	16	120	8848	3458	53
1700	3	16	40	8852	12551	64
1701	3	16	40	8856	5045	43
1702	1	11	80	8860	11245	41
1703	0	18	120	8864	29774	42
1704	1	11	40	8868	17702	57
1705	3	16	120	8872	3885	52
1706	4	7	160	8876	12821	57
1707	0	18	80	8880	6997	50
1708	4	7	80	8884	19845	63
1709	0	18	160	8888	8005	57
1710	1	11	160	8892	1029	51
1711	1	11	120	8896	20726	43
1712	1	11	80	8900	377	42
1713	4	7	120	8904	10615	53
1714	0	18	40	8908	3103	66
1715	1	11	120	8912	14675	66
1716	0	18	120	8916	2686	54
1717	0	18	160	8920	2121	68
1718	4	7	160	8924	2136	45
1719	3	16	160	8928	6306	53
1720	0	18	80	8932	2725	41
1721	1	11	160	8936	6390	67
1722	3	16	80	8940	3611	56
1723	4	7	80	8944	3079	51
1724	1	11	120	8948	1506	54
1725	4	7	120	8952	9	54
1726	1	11	160	8956	13254	56
1727	3	16	160	8960	68785	61
1728	0	18	40	8964	8314	49
1729	4	7	120	8968	28056	53
1730	0	18	40	8972	19448	68
1731	3	16	40	8976	74763	64
1732	4	7	120	8980	14471	52
1733	0	18	120	8984	2180	58
1734	4	7	80	8988	1320	52
1735	4	7	120	8992	6150	60
1736	0	18	40	8996	27675	68
1737	4	7	120	9000	13877	64
1738	1	11	40	9004	2137	60
1739	4	7	120	9008	1132	68
1740	0	18	80	9012	18218	60
1741	1	11	80	9016	9076	64
1742	0	18	120	9020	6950	64
1743	4	7	160	9024	24771	50
1744	4	7	160	9028	3006	47
1745	3	16	80	9032	2203	46
1746	0	18	120	9036	15959	39
1747	0	18	120	9040	15952	44
1748	1	11	120	9044	17172	47
1749	4	7	40	9048	14072	65
1750	3	16	160	9052	40698	67
1751	4	7	40	9056	5192	54
1752	0	18	40	9060	5361	47
1753	0	18	40	9064	45321	43
1754	3	16	40	9068	580	51
1755	1	11	80	9072	3226	67
1756	4	7	160	9076	1043	56
1757	3	16	40	9080	5772	59
1758	3	16	160	9084	19216	57
1759	1	11	120	9088	17661	42
1760	1	11	120	9092	11237	65
1761	1	11	40	9096	12935	66
1762	0	18	80	9100	34165	40
1763	0	18	120	9104	28271	49
1764	0	18	120	9108	13845	58
1765	4	7	160	9112	1055	57
1766	3	16	160	9116	1556	60
1767	1	11	120	9120	24011	54
1768	4	7	40	9124	7915	40
1769	1	11	80	9128	21045	45
1770	0	18	120	9132	19634	67
1771	1	11	160	9136	8688	59
1772	3	16	120	9140	81642	46
1773	4	7	40	9144	910	47
1774	3	16	80	9148	11861	62
1775	3	16	160	9152	13396	46
1776	1	11	80	9156	43445	41
1777	3	16	80	9160	5869	45
1778	4	7	120	9164	56	43
1779	4	7	80	9168	36002	47
1780	4	7	160	9172	3699	53
1781	0	18	80	9200	32485	51
1782	0	18	40	9204	3227	52
1783	1	11	160	9208	19891	53
1784	1	11	160	9212	33201	55
1785	0	18	40	9216	7196	53
1786	1	11	160	9220	12184	55
1787	3	16	120	9224	15425	47
1788	1	11	120	9228	1519	46
1789	1	11	40	9232	24338	54
1790	0	18	160	9236	4587	42
1791	3	16	40	9240	8769	48
1792	0	18	120	9244	26166	46
1793	0	18	120	9248	5984	57
1794	3	16	40	9252	7894	42
1795	3	16	80	9256	1550	63
1796	1	11	40	9260	10659	63
1797	0	18	160	9264	9174	54
1798	4	7	80	9268	2506	61
1799	0	18	160	9272	1774	59
1800	0	18	80	9276	566	56
1801	4	7	40	9280	24549	55
1802	0	18	120	9284	3491	42
1803	0	18	40	9288	32625	41
1804	4	7	80	9292	25973	68
1805	0	18	160	9296	7199	46
1806	1	11	80	9300	5212	46
1807	1	11	160	9304	4063	39
1808	3	16	120	9308	5155	51
1809	0	18	40	9312	5634	44
1810	0	18	40	9316	3654	64
1811	1	11	80	9320	14308	50
1812	3	16	120	9324	5681	54
1813	4	7	120	9328	22619	49
1814	3	16	120	9332	8443	59
1815	0	18	80	9336	13476	52
1816	0	18	160	9340	6617	52
1817	4	7	80	9344	1706	56
1818	3	16	160	9348	41326	63
1819	0	18	120	9352	3191	44
1820	1	11	40	9356	7096	41
1821	4	7	80	9360	6092	51
1822	4	7	40	9364	16439	47
1823	1	11	160	9368	11438	55
1824	1	11	120	9372	8539	41
1825	1	11	120	9376	4055	58
1826	1	11	40	9380	11871	52
1827	3	16	40	9384	11182	59
1828	1	11	40	9388	10728	44
1829	4	7	40	9392	8478	68
1830	1	11	160	9396	1051	52
1831	0	18	80	9400	6931	57
1832	4	7	40	9404	2652	53
1833	4	7	120	9408	24234	54
1834	3	16	160	9412	28134	60
1835	0	18	160	9416	6021	67
1836	4	7	120	9420	13705	47
1837	4	7	40	9424	4310	50
1838	3	16	80	9428	30960	54
1839	0	18	160	9432	7986	48
1840	3	16	120	9436	1246	46
1841	0	18	160	9440	5178	55
1842	0	18	160	9444	5625	66
1843	1	11	80	9448	16361	41
1844	1	11	40	9452	11173	59
1845	3	16	80	9456	11649	62
1846	4	7	120	9460	1828	63
1847	0	18	160	9464	475	67
1848	1	11	40	9468	26218	67
1849	3	16	160	9472	19761	59
1850	1	11	120	9476	14341	49
1851	3	16	120	9480	7307	45
1852	1	11	160	9484	10027	60
1853	4	7	120	9488	37207	56
1854	3	16	160	9492	14093	57
1855	0	18	40	9496	12528	43
1856	4	7	40	9500	1600	47
1857	4	7	120	9504	12190	57
1858	4	7	120	9508	6638	69
1859	1	11	160	9512	10947	48
1860	3	16	120	9516	20777	64
1861	4	7	80	9520	16452	56
1862	4	7	160	9524	14298	64
1863	3	16	120	9528	22188	52
1864	3	16	40	9532	4123	61
1865	4	7	120	9536	20831	46
1866	1	11	80	9540	8274	67
1867	4	7	160	9544	8556	69
1868	0	18	160	9548	34600	58
1869	3	16	120	9552	1406	61
1870	0	18	120	9600	61122	43
1871	1	11	160	9605	1562	41
1872	0	18	160	9610	2803	41
1873	3	16	40	9615	7894	54
1874	1	11	40	9620	1738	68
1875	0	18	40	9625	1210	55
1876	4	7	80	9630	290	54
1877	3	16	120	9635	19	45
1878	0	18	160	9640	103	66
1879	3	16	80	9645	26264	49
1880	3	16	40	9650	1886	64
1881	1	11	80	9655	10678	55
1882	0	18	40	9660	15218	62
1883	3	16	80	9665	18371	54
1884	1	11	80	9670	19885	58
1885	4	7	80	9675	11861	45
1886	4	7	80	9680	24702	66
1887	4	7	80	9685	3345	66
1888	0	18	120	9690	2327	67
1889	3	16	160	9695	3550	55
1890	0	18	120	9700	3771	59
1891	0	18	40	9705	526	60
1892	4	7	80	9710	25136	51
1893	1	11	120	9715	4731	45
1894	1	11	40	9720	13052	53
1895	4	7	80	9725	5215	59
1896	0	18	40	9730	12743	60
1897	1	11	40	9735	9101	53
1898	3	16	40	9740	7249	49
1899	1	11	120	9745	18286	51
1900	1	11	160	9750	1575	65
1901	0	18	120	9755	11979	64
1902	4	7	40	9760	1195	47
1903	4	7	80	9765	18000	44
1904	1	11	40	9770	20149	55
1905	0	18	120	9775	10274	47
1906	1	11	120	9780	3415	43
1907	4	7	160	9785	1057	44
1908	3	16	120	9790	20584	58
1909	3	16	160	9795	10847	40
1910	1	11	120	9800	11739	59
1911	1	11	120	9805	1577	41
1912	3	16	160	9810	11908	60
1913	1	11	80	9815	9238	59
1914	3	16	160	9820	7238	54
1915	1	11	80	9825	3193	47
1916	3	16	40	9830	334	64
1917	1	11	80	9835	29245	49
1918	1	11	40	9840	406	64
1919	4	7	160	9845	13050	54
1920	4	7	40	9850	36291	50
1921	3	16	40	9855	3530	39
1922	4	7	80	9860	4870	41
1923	3	16	160	9865	13973	42
1924	1	11	40	9870	22059	41
1925	4	7	80	9875	36174	53
1926	1	11	80	9880	3375	59
1927	4	7	80	9885	25696	66
1928	0	18	160	9890	20515	39
1929	1	11	120	9895	18298	47
1930	0	18	40	9900	6995	64
1931	1	11	40	9905	8134	40
1932	4	7	80	9910	9534	65
1933	3	16	40	9915	3081	53
1934	1	11	80	9920	17373	53
1935	3	16	80	9925	8657	39
1936	1	11	40	9930	8186	46
1937	0	18	160	9935	34123	56
1938	0	18	40	9940	42159	69
1939	0	18	160	9945	3200	49
1940	1	11	120	9950	5738	40
1941	0	18	120	9955	18615	60
1942	1	11	120	9960	6603	47
1943	1	11	160	9965	10445	65
1944	0	18	80	9970	11999	66
1945	3	16	40	9975	1901	56
1946	1	11	80	9980	6405	69
1947	3	16	40	10000	4985	62
1948	3	16	120	10007	24751	60
1949	0	18	120	10014	6731	44
1950	1	11	40	10021	4717	65
1951	4	7	120	10028	16239	50
1952	4	7	40	10035	8277	59
1953	3	16	40	10042	18755	64
1954	3	16	120	10049	21315	40
1955	4	7	160	10056	24313	65
1956	0	18	80	10063	4243	61
1957	0	18	80	10070	6268	44
1958	3	16	80	10077	32982	42
1959	3	16	160	10084	23812	40
1960	4	7	80	10091	4806	57
1961	1	11	40	10098	5453	47
1962	3	16	40	10105	3699	44
1963	1	11	40	10112	461	49
1964	3	16	160	10119	1996	46
1965	4	7	80	10126	1695	58
1966	3	16	40	10133	10266	45
1967	0	18	120	10140	6186	46
1968	0	18	160	10147	17742	44
1969	0	18	80	10154	33561	53
1970	0	18	80	10161	16126	40
1971	1	11	80	10168	1075	46
1972	0	18	80	10175	34248	49
1973	0	18	80	10182	19264	53
1974	3	16	80	10189	3989	53
1975	4	7	120	10196	2140	59
1976	0	18	80	10203	21381	61
1977	1	11	80	10210	16748	45
1978	1	11	120	10217	689	45
1979	4	7	160	10224	14224	54
1980	1	11	40	10231	9248	53
1981	3	16	80	10238	28277	67
1982	1	11	160	10245	116	44
1983	0	18	80	10252	5926	64
1984	4	7	80	10259	7334	52
1985	0	18	80	10266	14453	52
1986	1	11	40	10273	61354	50
1987	0	18	40	10280	17013	40
1988	0	18	120	10287	6044	52
1989	1	11	120	10294	27247	58
1990	1	11	40	10301	2921	47
1991	0	18	160	10308	1100	41
1992	3	16	120	10315	69	53
1993	3	16	80	10322	1366	67
1994	1	11	80	10329	28130	61
1995	0	18	80	10336	180	62
1996	3	16	80	10343	8876	55
1997	0	18	120	10350	5842	68
1998	4	7	40	10357	6703	58
1999	1	11	160	10364	8326	47
