0	1	11	80	0	2052	71
1	0	18	120	4	13453	83
2	1	11	160	8	6016	46
3	4	7	160	12	5697	70
4	1	11	40	16	6272	66
5	0	18	80	20	17961	93
6	0	18	80	24	4668	55
7	0	18	120	28	3501	43
8	4	7	160	32	5738	90
9	1	11	160	36	23698	92
10	4	7	40	40	16614	87
11	0	18	120	44	40741	94
12	1	11	80	48	8119	96
13	1	11	80	52	8605	45
14	0	18	120	56	3602	64
15	1	11	160	60	765	80
16	1	11	120	64	8724	83
17	1	11	80	68	4147	76
18	0	18	120	72	20412	53
19	3	16	80	76	5743	55
20	3	16	160	80	337	48
21	1	11	160	84	15602	90
22	4	7	160	88	23803	84
23	0	18	120	92	15989	40
24	1	11	40	96	48277	46
25	3	16	80	100	24641	84
26	3	16	160	104	15103	93
27	3	16	40	108	12977	93
28	0	18	40	112	3257	72
29	1	11	80	116	2994	49
30	0	18	160	120	2792	47
31	1	11	120	124	21975	40
32	0	18	40	128	4800	92
33	1	11	160	132	10351	40
34	3	16	80	136	752	72
35	1	11	160	140	2859	91
36	3	16	80	144	31898	61
37	3	16	160	148	1730	54
38	1	11	120	152	28114	96
39	0	18	80	156	4692	94
40	4	7	120	160	45636	64
41	3	16	120	164	6570	90
42	3	16	120	168	2721	95
43	0	18	80	172	1931	71
44	4	7	80	176	9365	89
45	1	11	160	180	11994	83
46	1	11	80	184	13481	52
47	4	7	40	188	16354	41
48	0	18	80	192	13581	80
49	3	16	40	196	24192	85
50	4	7	160	200	19815	46
51	3	16	160	204	10707	53
52	3	16	160	208	6113	82
53	1	11	80	212	30966	64
54	1	11	120	216	15631	98
55	4	7	80	220	6738	79
56	1	11	160	224	20034	97
57	1	11	80	228	12879	45
58	3	16	120	232	6047	62
59	3	16	160	236	9199	80
60	1	11	80	240	744	39
61	3	16	80	244	12994	60
62	0	18	120	248	185	69
63	3	16	80	252	2081	80
64	0	18	160	256	12721	84
65	1	11	120	260	28865	85
66	0	18	80	264	12152	40
67	0	18	120	268	29401	94
68	3	16	160	272	7196	71
69	3	16	160	276	581	71
70	4	7	120	280	1696	58
71	3	16	120	284	5783	68
72	4	7	120	288	5897	79
73	0	18	80	292	8170	57
74	3	16	120	296	6183	89
75	0	18	40	300	11180	56
76	4	7	40	304	8924	93
77	4	7	80	308	15009	52
78	1	11	40	312	2593	49
79	4	7	80	316	5172	62
80	1	11	40	320	2630	71
81	3	16	160	324	42863	90
82	1	11	120	328	49133	52
83	3	16	160	332	5562	85
84	1	11	120	336	6385	41
85	1	11	40	340	11527	92
86	4	7	120	344	6970	57
87	3	16	120	348	6239	67
88	4	7	80	352	22744	41
89	3	16	160	356	11967	92
90	0	18	160	360	6137	93
91	1	11	160	364	3806	55
92	0	18	80	368	16090	90
93	4	7	160	372	5516	54
94	3	16	40	376	3669	94
95	1	11	80	400	4562	43
96	1	11	40	405	6256	59
97	4	7	40	410	535	54
98	4	7	80	415	8201	86
99	1	11	160	420	11997	42
100	1	11	120	425	64054	81
101	1	11	120	430	17181	56
102	1	11	40	435	4161	69
103	1	11	80	440	11938	47
104	3	16	120	445	15934	66
105	0	18	40	450	6657	76
106	3	16	40	455	2708	73
107	3	16	120	460	28289	63
108	4	7	160	465	8847	73
109	1	11	80	470	1562	80
110	0	18	40	475	28250	84
111	3	16	80	480	1236	84
112	0	18	80	485	7478	94
113	3	16	80	490	561	39
114	0	18	160	495	4959	48
115	4	7	80	500	1109	48
116	1	11	120	505	13600	47
117	1	11	120	510	12407	83
118	0	18	160	515	16473	77
119	4	7	160	520	442	90
120	3	16	40	525	7599	67
121	3	16	120	530	3157	72
122	0	18	80	535	793	91
123	0	18	160	540	20570	78
124	3	16	40	545	12493	76
125	3	16	160	550	23598	42
126	3	16	80	555	12394	76
127	0	18	160	560	238	64
128	3	16	40	565	3142	62
129	1	11	80	570	1084	85
130	3	16	40	575	2675	96
131	4	7	160	580	7870	78
132	0	18	160	585	2959	64
133	4	7	40	590	9915	46
134	1	11	160	595	5261	79
135	0	18	80	600	6866	53
136	1	11	120	605	13630	59
137	4	7	40	610	5226	43
138	4	7	80	615	12126	58
139	0	18	80	620	51991	63
140	3	16	160	625	6440	58
141	1	11	40	630	9195	92
142	3	16	160	635	25834	93
143	3	16	160	640	15609	59
144	1	11	160	645	15539	46
145	1	11	120	650	4321	48
146	1	11	80	655	19805	59
147	1	11	160	660	14157	90
148	3	16	40	665	365	44
149	3	16	120	670	2311	84
150	4	7	160	675	12201	94
151	4	7	80	680	17221	75
152	4	7	80	685	4229	76
153	4	7	120	690	7369	95
154	4	7	120	695	2133	74
155	4	7	160	700	17320	48
156	0	18	80	705	14334	63
157	1	11	80	710	7689	90
158	3	16	80	715	49098	70
159	0	18	160	720	24942	62
160	3	16	160	725	18266	39
161	3	16	80	730	2415	48
162	4	7	80	735	13486	40
163	1	11	120	740	6855	86
164	3	16	80	745	30646	83
165	1	11	40	800	6620	45
166	3	16	80	805	25377	58
167	0	18	40	810	27803	87
168	1	11	120	815	14084	58
169	0	18	120	820	27972	94
170	1	11	160	825	6319	87
171	1	11	80	830	4715	43
172	3	16	80	835	101	63
173	4	7	80	840	17111	52
174	0	18	160	845	11639	70
175	0	18	40	850	32597	74
176	4	7	160	855	5122	77
177	3	16	80	860	4918	71
178	3	16	40	865	1181	70
179	1	11	120	870	5068	66
180	0	18	80	875	641	81
181	0	18	120	880	36283	85
182	3	16	160	885	54924	58
183	4	7	120	890	680	76
184	1	11	80	895	7133	90
185	3	16	120	900	6913	59
186	4	7	120	905	2439	40
187	0	18	80	910	17110	67
188	4	7	80	915	6119	70
189	3	16	40	920	10730	70
190	4	7	160	925	16099	88
191	0	18	80	930	2763	68
192	1	11	160	935	5540	72
193	4	7	120	940	17180	94
194	3	16	120	945	2754	63
195	0	18	120	950	3183	49
196	1	11	120	955	23618	90
197	1	11	80	960	7144	46
198	4	7	120	965	19645	75
199	4	7	120	970	4315	40
200	4	7	40	975	6600	89
201	0	18	80	980	28452	71
202	0	18	80	985	22	70
203	1	11	120	990	1632	49
204	1	11	160	995	17417	96
205	3	16	80	1000	4510	89
206	1	11	40	1005	16804	50
207	4	7	160	1010	9248	63
208	4	7	120	1015	21842	63
209	3	16	120	1020	3120	98
210	0	18	40	1025	6462	69
211	3	16	160	1030	5371	91
212	3	16	40	1035	5723	59
213	1	11	160	1040	12218	42
214	4	7	80	1045	20770	80
215	3	16	80	1050	21290	53
216	0	18	80	1055	2567	88
217	0	18	120	1060	11605	63
218	0	18	40	1065	52197	94
219	0	18	160	1070	7946	62
220	1	11	120	1075	3293	43
221	1	11	40	1080	1529	89
222	1	11	120	1085	8365	55
223	3	16	120	1090	1260	87
224	1	11	120	1095	2152	44
225	1	11	80	1100	2733	57
226	4	7	120	1105	37250	70
227	4	7	120	1110	3409	68
228	1	11	160	1115	9706	87
229	4	7	80	1120	5889	60
230	4	7	80	1125	917	82
231	1	11	120	1130	27491	70
232	3	16	160	1135	9081	94
233	3	16	120	1140	18826	68
234	1	11	80	1145	30526	76
235	0	18	40	1150	1885	48
236	0	18	40	1200	35830	53
237	0	18	80	1204	23811	47
238	3	16	120	1208	4099	79
239	3	16	40	1212	1737	39
240	0	18	80	1216	13840	48
241	0	18	120	1220	12484	76
242	0	18	120	1224	30564	43
243	0	18	160	1228	2242	71
244	3	16	160	1232	2303	39
245	0	18	160	1236	5692	95
246	1	11	40	1240	21010	48
247	4	7	160	1244	15758	68
248	4	7	40	1248	33412	53
249	0	18	40	1252	5634	49
250	0	18	40	1256	495	59
251	1	11	160	1260	3300	65
252	1	11	40	1264	7428	50
253	4	7	160	1268	4648	51
254	3	16	40	1272	768	95
255	1	11	160	1276	4339	98
256	4	7	120	1280	6223	55
257	1	11	160	1284	27895	82
258	0	18	160	1288	39553	43
259	4	7	80	1292	9908	77
260	3	16	120	1296	5321	58
261	3	16	80	1300	8467	81
262	1	11	160	1304	48678	74
263	4	7	80	1308	7176	42
264	4	7	80	1312	2026	55
265	3	16	120	1316	8746	98
266	4	7	40	1320	21265	96
267	0	18	120	1324	10629	89
268	4	7	80	1328	15161	64
269	4	7	80	1332	13578	70
270	1	11	40	1336	25531	98
271	0	18	40	1340	4807	80
272	3	16	160	1344	4813	83
273	1	11	160	1348	22948	93
274	4	7	80	1352	19304	53
275	1	11	160	1356	10798	66
276	1	11	80	1360	2647	85
277	0	18	160	1364	4832	83
278	0	18	120	1368	31083	86
279	0	18	120	1372	18528	48
280	4	7	40	1376	5684	48
281	4	7	160	1380	3044	40
282	4	7	120	1384	4436	53
283	1	11	160	1388	2380	77
284	4	7	40	1392	5122	39
285	1	11	80	1396	21485	55
286	0	18	80	1400	6899	59
287	4	7	160	1404	2823	81
288	0	18	120	1408	15697	72
289	0	18	120	1412	11548	77
290	1	11	80	1416	16200	92
291	3	16	80	1420	581	70
292	4	7	80	1424	27576	42
293	3	16	80	1428	15593	40
294	0	18	80	1432	17988	80
295	3	16	160	1436	2355	65
296	4	7	160	1440	13086	40
297	1	11	80	1444	7653	40
298	0	18	80	1448	182	54
299	4	7	80	1452	12844	40
300	1	11	160	1456	9521	97
301	1	11	120	1460	3273	58
302	0	18	80	1464	165	43
303	0	18	120	1468	3625	82
304	3	16	40	1472	8170	49
305	0	18	40	1476	14868	78
306	4	7	160	1480	28902	81
307	4	7	80	1484	11277	55
308	4	7	80	1488	8840	97
309	1	11	40	1492	7588	67
310	0	18	120	1496	1337	51
311	3	16	120	1500	911	70
312	1	11	40	1504	45358	95
313	4	7	40	1508	2330	94
314	4	7	40	1512	2450	68
315	3	16	160	1516	1727	57
316	3	16	160	1520	2634	66
317	4	7	40	1600	19481	96
318	4	7	40	1605	1300	41
319	1	11	40	1610	4667	98
320	1	11	40	1615	1004	77
321	0	18	40	1620	11622	53
322	4	7	40	1625	23420	55
323	4	7	160	1630	1255	86
324	1	11	40	1635	33117	76
325	4	7	160	1640	21517	67
326	0	18	120	1645	6756	76
327	4	7	120	1650	11089	81
328	1	11	80	1655	943	52
329	1	11	80	1660	11662	87
330	1	11	40	1665	31808	65
331	4	7	40	1670	15553	84
332	4	7	120	1675	4564	67
333	0	18	40	1680	3741	84
334	4	7	160	1685	3274	49
335	3	16	120	1690	1790	88
336	4	7	80	1695	2834	95
337	4	7	160	1700	594	70
338	4	7	120	1705	13903	66
339	4	7	160	1710	12163	59
340	3	16	80	1715	30777	73
341	1	11	160	1720	21122	42
342	4	7	120	1725	13990	83
343	4	7	80	1730	3629	43
344	4	7	160	1735	8622	64
345	3	16	160	1740	13216	60
346	0	18	40	1745	872	73
347	4	7	80	1750	15407	47
348	3	16	40	1755	9385	71
349	1	11	80	1760	12346	62
350	4	7	40	1765	47633	97
351	4	7	120	1770	23695	43
352	1	11	40	1775	5523	97
353	3	16	80	1780	14164	55
354	3	16	80	1785	10319	61
355	0	18	120	1790	31464	83
356	3	16	80	1795	5751	41
357	0	18	80	1800	29499	56
358	3	16	120	1805	4700	44
359	3	16	80	1810	12955	81
360	0	18	120	1815	3939	41
361	4	7	80	1820	4399	98
362	3	16	160	1825	9154	42
363	1	11	160	1830	27595	48
364	4	7	160	1835	9299	41
365	1	11	120	1840	5718	66
366	3	16	40	1845	16965	42
367	0	18	40	1850	14825	49
368	0	18	80	1855	33309	84
369	1	11	120	1860	567	78
370	4	7	120	1865	30876	60
371	3	16	160	1870	1933	95
372	0	18	80	1875	1489	68
373	0	18	80	1880	7518	80
374	4	7	120	1885	6113	63
375	0	18	40	1890	3488	74
376	0	18	120	1895	32263	69
377	0	18	160	1900	10905	51
378	4	7	40	1905	10604	60
379	4	7	40	1910	3761	54
380	4	7	120	1915	17296	92
381	0	18	80	1920	14749	68
382	0	18	120	1925	749	48
383	4	7	160	1930	6809	88
384	1	11	80	2000	12276	88
385	3	16	120	2005	847	60
386	1	11	160	2010	5309	86
387	0	18	80	2015	11723	50
388	3	16	160	2020	14094	61
389	3	16	40	2025	4477	65
390	0	18	80	2030	17015	86
391	3	16	160	2035	4210	78
392	1	11	40	2040	15457	65
393	1	11	80	2045	313	83
394	4	7	80	2050	5304	57
395	4	7	40	2055	11489	73
396	3	16	40	2060	4183	39
397	1	11	120	2065	18650	73
398	0	18	80	2070	15348	40
399	3	16	80	2075	1719	97
400	4	7	120	2080	29004	57
401	0	18	160	2085	5371	63
402	4	7	160	2090	18465	61
403	1	11	80	2095	8232	92
404	3	16	160	2100	15228	41
405	1	11	40	2105	21426	41
406	4	7	40	2110	16373	74
407	1	11	160	2115	28035	55
408	4	7	120	2120	4171	90
409	3	16	40	2125	4708	86
410	4	7	40	2130	64376	53
411	1	11	120	2135	18378	88
412	1	11	80	2140	4763	95
413	4	7	80	2145	678	88
414	3	16	120	2150	27261	88
415	0	18	40	2155	10193	71
416	3	16	120	2160	3394	88
417	3	16	160	2165	1272	52
418	0	18	120	2170	3600	59
419	0	18	80	2175	7642	80
420	4	7	120	2180	261	78
421	3	16	160	2185	1716	91
422	3	16	80	2190	220	87
423	1	11	40	2195	11810	58
424	1	11	40	2200	4082	90
425	0	18	120	2205	11858	80
426	0	18	120	2210	6632	69
427	3	16	40	2215	1143	83
428	0	18	160	2220	1375	62
429	0	18	120	2225	18338	89
430	1	11	40	2230	38027	73
431	3	16	160	2235	1857	94
432	4	7	80	2240	24980	49
433	0	18	120	2245	7245	61
434	4	7	120	2250	5323	96
435	4	7	120	2255	6180	68
436	0	18	80	2260	30627	45
437	4	7	40	2265	9964	55
438	1	11	40	2270	15027	86
439	0	18	80	2275	19816	86
440	4	7	80	2280	4693	85
441	4	7	160	2285	7266	69
442	1	11	160	2290	4803	58
443	4	7	120	2295	5478	73
444	3	16	160	2300	4559	51
445	3	16	120	2305	43790	96
446	1	11	80	2310	41416	82
447	3	16	160	2315	13275	75
448	3	16	120	2320	1656	94
449	4	7	40	2325	18440	84
450	0	18	80	2330	5538	83
451	4	7	80	2335	2583	86
452	1	11	40	2340	9045	53
453	4	7	40	2345	3462	59
454	4	7	120	2350	1424	58
455	1	11	160	2355	18036	65
456	1	11	120	2360	5033	74
457	1	11	160	2365	2079	42
458	0	18	80	2370	2799	40
459	3	16	40	2375	1146	59
460	0	18	80	2380	6284	71
461	0	18	40	2385	12721	89
462	0	18	160	2390	19018	92
463	4	7	160	2400	8574	40
464	0	18	160	2405	5479	52
465	0	18	80	2410	22921	57
466	3	16	80	2415	28700	78
467	0	18	160	2420	24894	72
468	4	7	160	2425	14316	90
469	4	7	40	2430	8182	58
470	4	7	160	2435	12606	64
471	4	7	80	2440	13760	72
472	1	11	160	2445	5862	64
473	4	7	80	2450	7195	72
474	1	11	160	2455	1912	94
475	4	7	120	2460	10053	47
476	1	11	160	2465	19517	71
477	3	16	120	2470	12657	52
478	4	7	80	2475	4455	46
479	3	16	120	2480	4529	93
480	3	16	40	2485	12926	96
481	3	16	160	2490	16897	92
482	0	18	80	2495	39234	87
483	1	11	120	2500	4687	76
484	4	7	80	2505	6400	44
485	3	16	160	2510	17339	86
486	0	18	160	2515	11421	79
487	4	7	40	2520	11759	89
488	1	11	160	2525	5009	42
489	1	11	120	2530	10430	70
490	1	11	40	2535	741	92
491	4	7	120	2540	17276	42
492	4	7	160	2545	5281	53
493	4	7	160	2550	11706	66
494	0	18	160	2555	6140	53
495	3	16	80	2560	13309	94
496	4	7	40	2565	12916	76
497	1	11	160	2570	20532	57
498	4	7	120	2575	114370	60
499	1	11	120	2580	7487	92
500	0	18	80	2585	812	57
501	1	11	120	2590	1183	48
502	3	16	160	2595	43131	83
503	3	16	120	2600	12081	74
504	4	7	40	2605	1735	58
505	0	18	160	2610	13954	50
506	3	16	120	2615	19755	60
507	3	16	160	2620	980	80
508	3	16	40	2625	1308	64
509	4	7	40	2630	9440	49
510	0	18	160	2635	43879	92
511	3	16	160	2640	14088	61
512	3	16	80	2645	22682	94
513	1	11	120	2650	26897	46
514	4	7	40	2655	6781	61
515	1	11	120	2660	12676	77
516	0	18	120	2665	14116	40
517	4	7	80	2670	7656	54
518	4	7	80	2675	1227	94
519	3	16	40	2680	11066	64
520	0	18	120	2685	3261	77
521	3	16	40	2690	4006	87
522	3	16	160	2695	9139	69
523	3	16	40	2700	1479	59
524	3	16	160	2705	6838	65
525	4	7	80	2710	26193	61
526	4	7	120	2715	4739	57
527	1	11	160	2720	17300	97
528	3	16	80	2725	621	57
529	3	16	120	2730	7782	98
530	0	18	120	2735	28648	69
531	4	7	40	2740	49662	53
532	4	7	160	2745	12659	90
533	1	11	120	2750	22447	53
534	3	16	40	2800	3434	74
535	0	18	120	2804	10003	87
536	4	7	160	2808	18327	47
537	1	11	120	2812	4758	51
538	1	11	80	2816	2509	56
539	3	16	80	2820	15534	93
540	4	7	80	2824	37758	64
541	3	16	160	2828	9201	98
542	1	11	40	2832	8842	64
543	1	11	160	2836	19114	91
544	1	11	160	2840	11193	77
545	3	16	80	2844	5526	69
546	1	11	40	2848	29446	46
547	3	16	40	2852	7446	45
548	4	7	160	2856	2548	43
549	3	16	40	2860	16551	74
550	3	16	120	2864	46099	93
551	4	7	160	2868	2492	61
552	1	11	80	2872	15366	61
553	0	18	120	2876	6081	94
554	1	11	40	2880	3077	54
555	3	16	40	2884	18256	68
556	4	7	120	2888	9874	78
557	0	18	160	2892	23300	63
558	0	18	160	2896	2681	48
559	4	7	160	2900	3410	96
560	1	11	80	2904	5376	91
561	0	18	120	2908	537	62
562	0	18	80	2912	340	61
563	0	18	80	2916	11803	65
564	4	7	80	2920	12144	78
565	0	18	160	2924	55416	78
566	4	7	160	2928	478	69
567	0	18	160	2932	35	80
568	3	16	120	2936	12420	71
569	4	7	120	2940	24132	73
570	3	16	120	2944	24429	68
571	4	7	40	2948	5435	87
572	1	11	160	2952	3991	97
573	0	18	40	2956	5567	39
574	3	16	160	2960	12439	39
575	1	11	120	2964	14548	77
576	1	11	160	2968	17250	62
577	0	18	40	2972	16001	76
578	1	11	80	2976	8546	80
579	4	7	120	2980	810	94
580	3	16	80	2984	43444	53
581	1	11	80	2988	23935	51
582	1	11	160	2992	10187	92
583	4	7	80	2996	4317	81
584	4	7	160	3000	8285	43
585	0	18	160	3004	15301	47
586	3	16	120	3008	3644	90
587	3	16	80	3012	3519	95
588	4	7	120	3016	11604	97
589	0	18	160	3020	7557	45
590	1	11	160	3024	56	47
591	3	16	40	3028	31296	83
592	1	11	160	3032	1631	42
593	1	11	120	3036	34028	58
594	1	11	40	3040	5446	41
595	4	7	120	3044	29334	40
596	1	11	120	3048	8499	75
597	0	18	120	3052	27082	98
598	3	16	120	3056	2094	51
599	0	18	160	3060	11498	97
600	4	7	80	3064	4805	39
601	0	18	40	3068	29036	64
602	4	7	120	3072	20415	73
603	0	18	80	3076	4719	69
604	0	18	80	3080	25326	44
605	4	7	120	3084	11432	45
606	3	16	160	3088	28193	63
607	0	18	80	3092	5185	61
608	1	11	120	3096	16742	94
609	0	18	120	3100	8900	75
610	0	18	80	3104	231	44
611	3	16	120	3108	20874	40
612	4	7	80	3112	5116	81
613	0	18	40	3116	1738	52
614	1	11	80	3120	3845	82
615	4	7	160	3200	8250	79
616	3	16	120	3205	7655	69
617	1	11	160	3210	15526	78
618	1	11	120	3215	1635	60
619	3	16	80	3220	29710	70
620	3	16	80	3225	15632	87
621	0	18	120	3230	18437	73
622	1	11	80	3235	5798	81
623	3	16	120	3240	2344	64
624	1	11	120	3245	23717	64
625	4	7	120	3250	34396	84
626	1	11	40	3255	3247	83
627	4	7	40	3260	5015	77
628	4	7	160	3265	76	96
629	4	7	80	3270	15806	97
630	0	18	160	3275	2602	41
631	0	18	80	3280	24222	63
632	1	11	120	3285	10304	64
633	0	18	120	3290	26819	82
634	0	18	80	3295	15953	94
635	3	16	40	3300	770	87
636	3	16	120	3305	570	76
637	1	11	120	3310	3404	61
638	3	16	160	3315	6606	76
639	0	18	80	3320	25887	97
640	3	16	160	3325	20315	83
641	1	11	40	3330	29035	67
642	0	18	160	3335	8365	39
643	4	7	160	3340	1212	61
644	4	7	120	3345	7134	39
645	3	16	40	3350	2386	46
646	3	16	160	3355	10387	40
647	0	18	120	3360	58349	88
648	0	18	40	3365	13201	75
649	3	16	40	3370	24268	61
650	0	18	160	3375	6992	70
651	0	18	120	3380	18262	95
652	4	7	40	3385	17528	76
653	4	7	40	3390	3360	80
654	1	11	80	3395	26295	49
655	3	16	120	3400	9452	64
656	3	16	160	3405	9005	82
657	0	18	40	3410	12262	47
658	4	7	120	3415	7477	43
659	0	18	160	3420	32937	59
660	1	11	80	3425	5682	60
661	3	16	160	3430	9932	85
662	1	11	80	3435	5068	63
663	3	16	80	3440	243	96
664	4	7	120	3445	4782	73
665	0	18	160	3450	1977	80
666	0	18	40	3455	3421	75
667	3	16	160	3460	7264	98
668	0	18	160	3465	6120	57
669	3	16	80	3470	2858	93
670	1	11	40	3475	7191	41
671	1	11	40	3480	3052	46
672	3	16	40	3485	4321	41
673	0	18	40	3490	3341	61
674	0	18	120	3495	1262	86
675	1	11	80	3500	20389	58
676	4	7	160	3505	3989	73
677	3	16	80	3510	4061	59
678	4	7	160	3515	15680	64
679	3	16	120	3520	13715	56
680	0	18	160	3525	5428	82
681	1	11	80	3530	3369	94
682	4	7	160	3535	13467	40
683	0	18	120	3540	1792	74
684	4	7	80	3545	4118	65
685	4	7	80	3550	6398	44
686	1	11	40	3555	1253	85
687	3	16	120	3560	4842	82
688	4	7	40	3565	57	72
689	3	16	120	3570	2532	68
690	4	7	80	3575	9171	44
691	1	11	120	3580	6257	67
692	1	11	160	3585	18348	57
693	1	11	40	3590	8024	55
694	3	16	160	3600	8490	76
695	4	7	40	3604	3501	97
696	4	7	120	3608	10031	43
697	3	16	80	3612	7890	41
698	4	7	80	3616	17501	87
699	4	7	160	3620	4215	58
700	3	16	40	3624	32296	70
701	0	18	160	3628	1603	41
702	0	18	160	3632	10780	70
703	1	11	160	3636	7287	81
704	1	11	40	3640	6472	58
705	3	16	160	3644	2935	63
706	3	16	120	3648	7830	93
707	3	16	40	3652	8930	53
708	4	7	120	3656	1870	93
709	0	18	40	3660	884	89
710	3	16	160	3664	3649	90
711	0	18	120	3668	3304	61
712	1	11	80	3672	29000	82
713	0	18	40	3676	18313	85
714	0	18	160	3680	10179	75
715	0	18	40	3684	1704	65
716	4	7	160	3688	26324	83
717	0	18	160	3692	2764	87
718	3	16	160	3696	15694	70
719	0	18	80	3700	29635	67
720	3	16	120	3704	650	93
721	3	16	120	3708	29728	91
722	4	7	160	3712	7159	64
723	1	11	80	3716	2817	87
724	3	16	160	3720	13585	87
725	4	7	120	3724	545	73
726	4	7	40	3728	6987	88
727	0	18	160	3732	20235	85
728	1	11	40	3736	15976	84
729	0	18	80	3740	22512	87
730	1	11	120	3744	3461	54
731	1	11	80	3748	19371	70
732	3	16	160	3752	8800	70
733	0	18	40	3756	6809	45
734	0	18	80	3760	16583	85
735	0	18	160	3764	3274	80
736	1	11	120	3768	12668	62
737	1	11	40	3772	2970	57
738	4	7	120	3776	15356	55
739	1	11	80	3780	916	41
740	1	11	120	3784	32620	50
741	3	16	40	3788	10248	70
742	3	16	160	3792	2494	87
743	4	7	160	3796	32564	82
744	0	18	120	3800	31573	77
745	4	7	160	3804	4170	81
746	0	18	40	3808	8211	84
747	1	11	160	3812	7	70
748	1	11	40	3816	29693	78
749	3	16	160	3820	5635	49
750	0	18	40	3824	5441	52
751	3	16	160	3828	5370	54
752	0	18	80	3832	16745	70
753	4	7	40	3836	22928	58
754	0	18	40	3840	3348	63
755	4	7	120	3844	195	77
756	0	18	40	3848	13514	75
757	3	16	120	3852	5804	82
758	3	16	160	3856	18034	92
759	1	11	80	3860	5590	84
760	3	16	160	3864	17932	74
761	1	11	120	3868	13105	46
762	0	18	160	3872	18671	68
763	3	16	40	3876	4237	44
764	3	16	120	3880	20608	73
765	0	18	120	3884	7422	58
766	1	11	120	3888	15320	90
767	1	11	80	3892	7794	75
768	0	18	120	3896	411	39
769	4	7	40	3900	4860	94
770	4	7	80	3904	7854	41
771	1	11	160	3908	13275	64
772	1	11	40	3912	7937	71
773	1	11	120	3916	12808	68
774	3	16	120	3920	47793	56
775	4	7	120	3924	7810	61
776	4	7	120	3928	15637	43
777	0	18	160	3932	8698	81
778	1	11	120	3936	3962	48
779	4	7	40	3940	5815	45
780	4	7	80	3944	9553	87
781	3	16	40	3948	6973	56
782	4	7	120	4000	27511	45
783	4	7	80	4004	5376	73
784	0	18	80	4008	7898	74
785	4	7	160	4012	26468	39
786	1	11	160	4016	599	39
787	4	7	160	4020	13219	50
788	4	7	160	4024	2522	80
789	1	11	160	4028	15833	47
790	4	7	120	4032	9935	43
791	3	16	160	4036	3752	78
792	3	16	40	4040	6995	64
793	1	11	80	4044	5159	70
794	3	16	120	4048	4244	66
795	0	18	160	4052	3768	42
796	3	16	80	4056	18462	41
797	0	18	160	4060	26507	81
798	1	11	80	4064	1442	47
799	4	7	40	4068	7544	58
800	3	16	40	4072	10198	90
801	4	7	160	4076	215	47
802	1	11	40	4080	40906	70
803	1	11	40	4084	10488	83
804	4	7	80	4088	26979	47
805	3	16	80	4092	14262	86
806	1	11	160	4096	25135	82
807	3	16	160	4100	1213	41
808	0	18	120	4104	24543	41
809	0	18	120	4108	17381	41
810	4	7	40	4112	4073	73
811	0	18	80	4116	2094	93
812	0	18	40	4120	1294	73
813	4	7	120	4124	5999	86
814	3	16	160	4128	20812	95
815	0	18	120	4132	4893	56
816	3	16	40	4136	17403	40
817	1	11	120	4140	6700	93
818	3	16	160	4144	20267	69
819	4	7	120	4148	32020	73
820	4	7	120	4152	6384	57
821	1	11	120	4156	658	78
822	1	11	80	4160	4079	94
823	3	16	160	4164	4296	91
824	4	7	120	4168	17635	90
825	0	18	120	4172	2855	62
826	4	7	120	4176	3097	39
827	4	7	120	4180	1732	39
828	4	7	160	4184	5321	41
829	3	16	120	4188	14930	52
830	1	11	40	4192	14175	59
831	4	7	160	4196	21851	60
832	4	7	120	4200	6177	72
833	3	16	120	4204	20218	88
834	1	11	40	4208	20026	53
835	4	7	80	4212	9088	78
836	1	11	40	4216	7705	85
837	1	11	120	4220	4561	60
838	4	7	160	4224	7544	65
839	1	11	160	4228	18551	86
840	1	11	40	4232	156	55
841	3	16	160	4236	36567	97
842	4	7	40	4240	19136	48
843	4	7	80	4244	6629	78
844	1	11	160	4248	7062	73
845	4	7	80	4252	6188	48
846	1	11	160	4256	2182	44
847	3	16	120	4260	594	77
848	4	7	80	4264	8958	73
849	1	11	40	4268	39574	48
850	3	16	160	4272	8415	40
851	0	18	160	4276	5307	46
852	1	11	160	4280	934	50
853	1	11	120	4284	2419	73
854	4	7	80	4288	667	40
855	0	18	80	4292	8787	51
856	1	11	120	4296	15695	52
857	3	16	80	4300	13157	78
858	1	11	80	4304	20105	91
859	4	7	160	4308	13772	84
860	4	7	120	4312	7570	86
861	3	16	40	4316	16278	81
862	4	7	40	4320	16072	39
863	1	11	40	4324	2075	87
864	3	16	80	4328	896	80
865	4	7	80	4332	7167	51
866	1	11	160	4336	17012	60
867	3	16	80	4340	4071	83
868	3	16	120	4344	10464	71
869	3	16	80	4348	4150	56
870	4	7	120	4352	23683	69
871	0	18	80	4356	7157	78
872	3	16	120	4360	38982	67
873	1	11	160	4364	345	82
874	1	11	120	4368	29967	56
875	1	11	160	4372	7395	59
876	1	11	120	4376	3553	68
877	3	16	160	4380	23914	55
878	1	11	40	4384	23264	57
879	0	18	40	4400	5488	80
880	4	7	120	4405	558	56
881	0	18	40	4410	2369	61
882	0	18	80	4415	11251	65
883	1	11	160	4420	6033	91
884	0	18	120	4425	2795	51
885	1	11	40	4430	4907	51
886	3	16	160	4435	17288	48
887	1	11	160	4440	2978	98
888	4	7	40	4445	17145	87
889	0	18	120	4450	4149	41
890	3	16	160	4455	19401	65
891	3	16	160	4460	19795	46
892	4	7	40	4465	8401	67
893	0	18	40	4470	18393	80
894	1	11	40	4475	4610	39
895	4	7	40	4480	3784	73
896	4	7	160	4485	2897	97
897	3	16	40	4490	12200	59
898	0	18	160	4495	5215	96
899	1	11	80	4500	63950	60
900	3	16	80	4505	12434	87
901	4	7	80	4510	25300	60
902	0	18	160	4515	7537	44
903	0	18	160	4520	3192	56
904	3	16	120	4525	1290	77
905	1	11	120	4530	676	60
906	1	11	80	4535	6055	78
907	0	18	40	4540	571	67
908	0	18	40	4545	3693	55
909	3	16	120	4550	10818	80
910	3	16	160	4555	3659	81
911	4	7	120	4560	24113	96
912	1	11	40	4565	19917	60
913	1	11	40	4570	7081	49
914	4	7	40	4575	12165	66
915	4	7	120	4580	4088	64
916	3	16	120	4585	1726	54
917	1	11	40	4590	5037	46
918	1	11	120	4595	36195	75
919	1	11	40	4600	15995	68
920	1	11	80	4605	13918	41
921	4	7	160	4610	9265	60
922	3	16	80	4615	8992	95
923	3	16	160	4620	4102	69
924	0	18	120	4625	8101	89
925	0	18	120	4630	655	62
926	0	18	40	4635	34977	49
927	3	16	120	4640	2338	85
928	4	7	160	4645	14828	81
929	3	16	120	4650	12502	81
930	1	11	160	4655	3381	60
931	4	7	80	4660	11551	48
932	3	16	40	4665	8589	57
933	4	7	120	4670	23675	95
934	3	16	160	4675	15355	92
935	0	18	80	4680	2191	94
936	0	18	40	4685	14968	55
937	4	7	80	4690	5637	48
938	4	7	80	4695	4163	52
939	3	16	40	4700	1992	89
940	4	7	160	4705	33645	72
941	1	11	160	4710	15137	79
942	1	11	160	4715	37176	81
943	1	11	120	4720	2183	46
944	1	11	120	4725	359	58
945	4	7	80	4730	32899	68
946	1	11	120	4735	74918	85
947	1	11	160	4740	713	56
948	0	18	160	4745	1906	52
949	3	16	80	4750	369	74
950	0	18	80	4755	1760	57
951	1	11	120	4760	24638	89
952	0	18	120	4765	13945	82
953	3	16	120	4770	11491	67
954	0	18	40	4775	4429	58
955	3	16	120	4780	1361	65
956	0	18	40	4785	5192	64
957	1	11	160	4790	2335	74
958	4	7	80	4795	16289	65
959	1	11	160	4800	600	54
960	0	18	80	4805	1384	49
961	4	7	120	4810	2968	91
962	0	18	80	4815	4934	84
963	1	11	80	4820	11538	73
964	0	18	120	4825	5141	58
965	4	7	120	4830	12418	72
966	0	18	80	4835	5257	77
967	3	16	120	4840	35679	63
968	4	7	80	4845	15442	56
969	4	7	160	4850	7623	70
970	3	16	120	4855	10295	47
971	3	16	40	4860	17084	45
972	3	16	160	4865	611	93
973	3	16	80	4870	19194	85
974	1	11	40	4875	19127	94
975	0	18	120	4880	41969	60
976	3	16	40	4885	10498	78
977	1	11	160	4890	5373	87
978	0	18	80	4895	3613	50
979	1	11	80	4900	9726	60
980	4	7	40	4905	680	75
981	4	7	80	4910	26275	92
982	1	11	120	4915	367	72
983	1	11	80	4920	13637	46
984	1	11	40	4925	8578	62
985	4	7	80	4930	5618	70
986	3	16	160	4935	32072	64
987	4	7	80	4940	27043	88
988	3	16	120	4945	9643	76
989	4	7	80	4950	11442	65
990	4	7	40	4955	20293	69
991	3	16	40	4960	9210	80
992	4	7	40	4965	12000	81
993	1	11	80	4970	3361	96
994	1	11	120	4975	540	78
995	0	18	80	4980	15286	79
996	0	18	80	4985	5728	94
997	4	7	80	4990	4934	47
998	0	18	160	4995	20434	87
999	1	11	40	5000	5829	84
1000	3	16	160	5005	10432	89
1001	4	7	40	5010	605	60
1002	3	16	80	5015	4875	39
1003	0	18	160	5020	13550	80
1004	4	7	160	5025	7269	65
1005	3	16	40	5030	5684	51
1006	4	7	120	5035	20711	94
1007	3	16	40	5040	26398	96
1008	1	11	80	5045	20533	71
1009	0	18	80	5050	4967	96
1010	4	7	80	5055	8911	86
1011	3	16	80	5060	55565	75
1012	0	18	120	5065	29842	62
1013	3	16	160	5070	2488	44
1014	1	11	120	5075	60852	78
1015	1	11	40	5080	2996	56
1016	1	11	40	5085	2513	58
1017	4	7	40	5090	12878	77
1018	0	18	40	5095	1357	49
1019	0	18	80	5100	44083	86
1020	0	18	160	5105	15012	47
1021	1	11	160	5110	7389	87
1022	4	7	160	5115	6061	86
1023	0	18	40	5120	1388	89
1024	4	7	120	5125	12754	40
1025	0	18	80	5130	491	65
1026	3	16	160	5135	1630	62
1027	0	18	80	5140	19638	95
1028	0	18	160	5145	16828	46
1029	1	11	160	5150	956	54
1030	4	7	80	5155	10702	65
1031	3	16	160	5160	3387	70
1032	0	18	40	5165	9400	39
1033	4	7	40	5170	24978	64
1034	3	16	120	5175	44070	69
1035	0	18	40	5180	71	53
1036	0	18	160	5185	9693	91
1037	1	11	120	5190	5233	90
1038	3	16	80	5200	3053	79
1039	4	7	40	5205	1718	50
1040	4	7	120	5210	9632	74
1041	0	18	120	5215	511	66
1042	3	16	40	5220	943	56
1043	3	16	80	5225	2879	78
1044	4	7	160	5230	1138	78
1045	1	11	160	5235	20945	93
1046	1	11	80	5240	11580	56
1047	1	11	40	5245	7061	76
1048	0	18	160	5250	3461	57
1049	0	18	120	5255	20782	60
1050	3	16	80	5260	9092	59
1051	1	11	80	5265	15340	56
1052	4	7	40	5270	3139	97
1053	0	18	80	5275	22235	39
1054	1	11	80	5280	13339	75
1055	1	11	160	5285	1547	40
1056	0	18	40	5290	12687	73
1057	3	16	40	5295	3052	48
1058	1	11	80	5300	269	79
1059	4	7	80	5305	6418	39
1060	4	7	40	5310	3456	88
1061	4	7	80	5315	201	98
1062	1	11	80	5320	1742	89
1063	0	18	80	5325	16290	56
1064	0	18	40	5330	16579	69
1065	1	11	120	5335	3912	55
1066	3	16	80	5340	7111	75
1067	1	11	80	5345	509	96
1068	4	7	80	5350	2870	74
1069	1	11	120	5355	52884	63
1070	0	18	40	5360	13188	64
1071	0	18	80	5365	21661	66
1072	0	18	120	5370	6817	96
1073	0	18	40	5375	43581	97
1074	0	18	160	5380	6593	50
1075	0	18	40	5385	13378	80
1076	4	7	160	5390	5816	70
1077	0	18	120	5395	2429	46
1078	0	18	80	5400	227	50
1079	3	16	160	5405	21199	45
1080	3	16	40	5410	6559	47
1081	1	11	160	5415	13755	85
1082	4	7	120	5420	9709	77
1083	0	18	40	5425	32074	84
1084	3	16	120	5430	9459	93
1085	1	11	160	5435	24354	48
1086	3	16	120	5440	190	71
1087	0	18	120	5445	14443	98
1088	1	11	160	5450	2742	87
1089	1	11	120	5455	23054	67
1090	0	18	40	5460	5230	79
1091	3	16	120	5465	4797	81
1092	0	18	80	5470	4828	50
1093	4	7	160	5475	19957	79
1094	4	7	160	5480	25763	61
1095	0	18	80	5485	9194	75
1096	3	16	80	5490	28445	76
1097	1	11	120	5495	4858	39
1098	1	11	80	5500	7494	48
1099	3	16	80	5505	20074	62
1100	3	16	120	5510	5704	56
1101	0	18	40	5515	10337	58
1102	3	16	160	5520	3169	41
1103	3	16	40	5525	3658	93
1104	4	7	80	5530	2038	95
1105	3	16	160	5535	14277	92
1106	0	18	160	5540	4078	58
1107	4	7	160	5545	3559	98
1108	4	7	80	5550	6547	88
1109	1	11	80	5555	82208	94
1110	3	16	160	5560	16022	68
1111	4	7	80	5565	7603	65
1112	1	11	160	5570	2766	97
1113	3	16	80	5575	2574	72
1114	0	18	80	5580	59814	90
1115	3	16	80	5600	10074	41
1116	4	7	120	5604	7436	60
1117	1	11	40	5608	2741	43
1118	1	11	160	5612	2637	61
1119	4	7	80	5616	25466	60
1120	3	16	160	5620	3653	82
1121	3	16	120	5624	16501	76
1122	4	7	120	5628	21789	47
1123	1	11	120	5632	5339	45
1124	0	18	120	5636	12077	83
1125	3	16	120	5640	4936	81
1126	0	18	160	5644	8420	55
1127	1	11	120	5648	11704	55
1128	0	18	80	5652	1136	75
1129	0	18	120	5656	26216	74
1130	1	11	120	5660	17402	43
1131	1	11	80	5664	630	70
1132	3	16	80	5668	15222	97
1133	1	11	160	5672	2775	86
1134	4	7	80	5676	7190	88
1135	1	11	160	5680	22264	87
1136	3	16	40	5684	7175	83
1137	1	11	80	5688	4142	83
1138	0	18	120	5692	17883	88
1139	0	18	120	5696	22737	40
1140	0	18	160	5700	10423	88
1141	4	7	120	5704	17080	72
1142	0	18	40	5708	3932	48
1143	0	18	120	5712	2758	92
1144	4	7	160	5716	1488	97
1145	0	18	160	5720	25845	52
1146	0	18	120	5724	1584	82
1147	1	11	40	5728	1784	76
1148	3	16	120	5732	20399	88
1149	1	11	80	5736	4541	58
1150	0	18	120	5740	913	54
1151	1	11	40	5744	14540	71
1152	0	18	160	5748	1748	76
1153	3	16	160	5752	10532	86
1154	0	18	80	5756	9577	78
1155	0	18	160	5760	11967	79
1156	0	18	80	5764	16173	49
1157	0	18	40	5768	24758	94
1158	1	11	120	5772	11875	48
1159	1	11	160	5776	20510	52
1160	1	11	40	5780	2550	75
1161	3	16	40	5784	13129	42
1162	3	16	120	5788	2182	61
1163	4	7	160	5792	9137	53
1164	4	7	120	5796	3190	90
1165	1	11	120	5800	13888	97
1166	0	18	160	5804	16664	67
1167	4	7	160	5808	89075	49
1168	3	16	40	5812	16273	83
1169	3	16	80	5816	1943	41
1170	4	7	80	5820	1506	57
1171	3	16	40	5824	2235	75
1172	0	18	120	5828	6735	54
1173	1	11	40	5832	5126	60
1174	3	16	80	5836	4275	70
1175	3	16	40	5840	8398	48
1176	1	11	80	5844	7568	66
1177	4	7	40	5848	11994	54
1178	3	16	160	5852	3332	46
1179	0	18	160	5856	16661	69
1180	1	11	160	5860	2883	97
1181	4	7	160	5864	5469	78
1182	4	7	40	5868	19656	66
1183	4	7	40	5872	17915	56
1184	4	7	40	5876	20194	58
1185	4	7	120	5880	783	70
1186	0	18	80	5884	29668	93
1187	0	18	80	5888	1733	49
1188	1	11	80	5892	12827	47
1189	3	16	80	5896	20552	47
1190	1	11	120	5900	1310	76
1191	3	16	160	5904	10328	87
1192	4	7	160	5908	13075	73
1193	4	7	120	5912	37402	75
1194	4	7	120	5916	12882	64
1195	1	11	120	5920	29626	85
1196	1	11	40	5924	10781	50
1197	0	18	80	6000	16464	94
1198	0	18	160	6005	42856	40
1199	3	16	40	6010	6766	39
1200	0	18	160	6015	1717	83
1201	0	18	120	6020	1592	72
1202	3	16	40	6025	6047	92
1203	4	7	40	6030	13222	85
1204	1	11	160	6035	2633	40
1205	3	16	80	6040	28043	77
1206	1	11	120	6045	3822	55
1207	3	16	160	6050	18607	55
1208	4	7	120	6055	4017	55
1209	1	11	80	6060	571	68
1210	3	16	120	6065	2139	52
1211	0	18	80	6070	1374	94
1212	3	16	40	6075	11946	87
1213	1	11	160	6080	25219	78
1214	0	18	40	6085	11158	53
1215	3	16	80	6090	20941	95
1216	4	7	40	6095	23553	74
1217	3	16	80	6100	5950	44
1218	4	7	160	6105	15226	93
1219	0	18	40	6110	2240	58
1220	0	18	80	6115	17640	42
1221	4	7	80	6120	11488	57
1222	1	11	80	6125	5036	41
1223	4	7	120	6130	30722	75
1224	1	11	160	6135	566	63
1225	1	11	80	6140	9341	68
1226	4	7	80	6145	8469	41
1227	0	18	160	6150	7705	78
1228	3	16	80	6155	14034	94
1229	0	18	120	6160	5822	83
1230	0	18	40	6165	28967	97
1231	0	18	160	6170	15335	70
1232	3	16	40	6175	12947	52
1233	0	18	120	6180	20023	45
1234	4	7	160	6185	11522	85
1235	0	18	40	6190	1122	64
1236	0	18	160	6195	42169	85
1237	0	18	160	6200	1780	80
1238	1	11	40	6205	10359	54
1239	1	11	120	6210	28999	79
1240	3	16	160	6215	18750	54
1241	3	16	80	6220	1639	76
1242	0	18	160	6225	22764	93
1243	0	18	40	6230	11303	77
1244	4	7	160	6235	12815	93
1245	0	18	40	6240	64052	81
1246	4	7	160	6245	35173	39
1247	1	11	40	6250	18496	94
1248	4	7	120	6255	5175	60
1249	0	18	80	6260	21464	67
1250	3	16	120	6265	688	50
1251	4	7	120	6270	2705	44
1252	0	18	120	6275	335	39
1253	0	18	160	6280	19409	81
1254	1	11	160	6285	12977	95
1255	0	18	120	6290	8739	65
1256	3	16	40	6295	18250	69
1257	4	7	80	6300	7689	55
1258	3	16	80	6305	11662	60
1259	0	18	80	6310	12811	70
1260	3	16	40	6315	6071	75
1261	0	18	160	6320	19249	76
1262	0	18	80	6325	1242	59
1263	4	7	40	6330	27641	70
1264	1	11	80	6335	1753	70
1265	3	16	120	6340	6999	81
1266	3	16	80	6345	7134	80
1267	3	16	80	6350	20509	80
1268	1	11	160	6355	3622	92
1269	4	7	160	6360	8709	88
1270	3	16	120	6365	23184	49
1271	4	7	80	6370	15346	93
1272	0	18	80	6375	20102	88
1273	3	16	40	6380	19807	53
1274	3	16	40	6385	5734	43
1275	3	16	160	6400	12338	64
1276	4	7	120	6404	17434	63
1277	1	11	80	6408	15829	63
1278	4	7	160	6412	3717	80
1279	0	18	120	6416	627	81
1280	1	11	120	6420	10823	68
1281	1	11	80	6424	15292	46
1282	1	11	40	6428	1582	56
1283	1	11	40	6432	23312	65
1284	3	16	160	6436	4781	72
1285	1	11	80	6440	14801	91
1286	0	18	40	6444	14203	70
1287	1	11	40	6448	23462	70
1288	3	16	160	6452	1958	48
1289	4	7	80	6456	1263	58
1290	1	11	160	6460	4415	93
1291	0	18	80	6464	8248	68
1292	3	16	120	6468	8713	58
1293	1	11	160	6472	30622	82
1294	3	16	80	6476	8651	43
1295	1	11	40	6480	57168	76
1296	1	11	40	6484	357	56
1297	1	11	120	6488	35925	61
1298	3	16	160	6492	7713	45
1299	1	11	40	6496	2894	51
1300	3	16	160	6500	9502	39
1301	1	11	80	6504	1639	58
1302	4	7	40	6508	8942	41
1303	4	7	160	6512	21567	71
1304	3	16	120	6516	45619	57
1305	4	7	80	6520	4880	56
1306	3	16	80	6524	5913	55
1307	3	16	80	6528	2973	85
1308	3	16	120	6532	6571	76
1309	4	7	40	6536	224	70
1310	1	11	160	6540	16690	41
1311	1	11	160	6544	601	45
1312	4	7	80	6548	2779	74
1313	1	11	160	6552	10147	78
1314	3	16	160	6556	767	41
1315	1	11	160	6560	13549	67
1316	4	7	120	6564	13501	58
1317	3	16	80	6568	3320	93
1318	1	11	40	6572	10167	97
1319	0	18	160	6576	6687	77
1320	1	11	80	6580	16544	49
1321	0	18	40	6584	10690	48
1322	4	7	120	6588	13244	70
1323	3	16	120	6592	2100	72
1324	3	16	160	6596	2801	93
1325	1	11	40	6600	5319	79
1326	1	11	120	6604	2759	73
1327	3	16	80	6608	26561	44
1328	4	7	120	6612	4183	48
1329	0	18	40	6616	5900	65
1330	0	18	120	6620	11392	47
1331	1	11	160	6624	20327	40
1332	4	7	80	6628	3587	56
1333	1	11	160	6632	641	68
1334	3	16	120	6636	8411	80
1335	0	18	40	6640	7540	49
1336	3	16	40	6644	2603	44
1337	1	11	80	6648	4097	84
1338	4	7	80	6652	25345	47
1339	3	16	120	6656	62450	55
1340	3	16	160	6660	4621	75
1341	1	11	120	6664	7717	83
1342	4	7	80	6668	6888	92
1343	3	16	160	6672	1699	77
1344	3	16	80	6676	5147	55
1345	0	18	160	6680	3596	87
1346	1	11	40	6684	4115	93
1347	0	18	160	6688	34919	79
1348	4	7	40	6692	23601	80
1349	1	11	120	6696	21769	74
1350	1	11	120	6700	4558	56
1351	3	16	160	6704	18593	62
1352	0	18	120	6708	5706	63
1353	3	16	160	6712	577	67
1354	4	7	120	6716	7533	40
1355	1	11	120	6720	37846	89
1356	1	11	160	6724	7379	86
1357	0	18	80	6728	5444	67
1358	1	11	160	6732	11803	77
1359	0	18	120	6736	11598	77
1360	3	16	120	6740	1653	81
1361	4	7	160	6744	8279	49
1362	3	16	160	6800	31101	75
1363	1	11	120	6804	406	49
1364	3	16	80	6808	6240	61
1365	4	7	160	6812	32788	39
1366	1	11	120	6816	18751	88
1367	1	11	80	6820	2016	45
1368	4	7	40	6824	829	96
1369	1	11	120	6828	10859	91
1370	3	16	120	6832	7885	62
1371	1	11	40	6836	5855	73
1372	4	7	160	6840	5405	84
1373	3	16	80	6844	10322	80
1374	1	11	40	6848	1366	40
1375	0	18	120	6852	3838	65
1376	1	11	160	6856	1991	55
1377	1	11	120	6860	9222	91
1378	0	18	40	6864	20043	55
1379	3	16	40	6868	35763	44
1380	0	18	160	6872	841	85
1381	0	18	160	6876	3611	92
1382	3	16	80	6880	372	63
1383	3	16	40	6884	7335	72
1384	4	7	120	6888	901	48
1385	3	16	160	6892	20941	84
1386	0	18	80	6896	6909	76
1387	0	18	80	6900	2851	87
1388	1	11	80	6904	10577	66
1389	1	11	160	6908	9491	89
1390	3	16	40	6912	86	61
1391	1	11	160	6916	21284	75
1392	0	18	120	6920	13060	45
1393	3	16	120	6924	3603	69
1394	0	18	40	6928	24099	72
1395	3	16	160	6932	20657	65
1396	3	16	160	6936	9561	47
1397	1	11	120	6940	6199	81
1398	4	7	80	6944	15559	55
1399	3	16	80	6948	6410	55
1400	3	16	40	6952	7586	98
1401	4	7	120	6956	1750	87
1402	1	11	120	6960	25314	81
1403	3	16	80	6964	3689	87
1404	3	16	160	6968	5269	51
1405	0	18	80	6972	31901	82
1406	3	16	160	6976	6639	76
1407	3	16	40	6980	19405	81
1408	1	11	160	6984	33626	65
1409	4	7	160	6988	2565	74
1410	4	7	160	6992	19578	73
1411	0	18	40	6996	30768	94
1412	0	18	80	7000	9660	50
1413	4	7	120	7004	13554	72
1414	0	18	160	7008	9632	91
1415	1	11	120	7012	24375	87
1416	1	11	120	7016	7569	84
1417	0	18	120	7020	7567	41
1418	3	16	40	7024	38906	40
1419	0	18	80	7028	10414	75
1420	3	16	120	7032	8250	62
1421	1	11	80	7036	10379	39
1422	0	18	40	7040	10095	77
1423	3	16	40	7044	8813	46
1424	3	16	80	7048	10647	69
1425	1	11	160	7052	12643	85
1426	1	11	80	7056	15400	66
1427	1	11	40	7060	1307	54
1428	1	11	80	7064	14902	47
1429	3	16	40	7068	4049	73
1430	1	11	120	7072	15470	56
1431	0	18	40	7076	16608	72
1432	1	11	80	7080	19914	74
1433	3	16	120	7084	6088	39
1434	4	7	160	7088	7862	44
1435	0	18	40	7092	32258	96
1436	4	7	40	7096	5759	50
1437	0	18	40	7100	17424	75
1438	4	7	40	7104	1290	59
1439	3	16	40	7108	1843	64
1440	4	7	160	7112	6138	47
1441	3	16	40	7116	12134	94
1442	4	7	80	7120	3812	60
1443	3	16	80	7124	5997	90
1444	1	11	40	7128	16267	54
1445	3	16	40	7132	1055	66
1446	1	11	80	7136	3898	64
1447	1	11	160	7140	51579	72
1448	1	11	160	7144	14752	77
1449	3	16	80	7148	69496	83
1450	1	11	80	7200	5231	80
1451	3	16	80	7204	1019	44
1452	3	16	120	7208	7013	80
1453	4	7	40	7212	1899	79
1454	4	7	160	7216	29820	92
1455	0	18	160	7220	26447	98
1456	4	7	120	7224	10040	48
1457	4	7	120	7228	5326	74
1458	4	7	40	7232	13540	57
1459	1	11	40	7236	14610	65
1460	4	7	160	7240	2783	54
1461	1	11	160	7244	4657	60
1462	0	18	120	7248	1136	72
1463	3	16	120	7252	12697	91
1464	3	16	40	7256	7573	56
1465	4	7	160	7260	678	40
1466	4	7	160	7264	1442	58
1467	1	11	120	7268	2020	50
1468	4	7	160	7272	2620	66
1469	0	18	120	7276	11607	93
1470	3	16	120	7280	8024	76
1471	0	18	80	7284	14525	48
1472	0	18	80	7288	5464	80
1473	4	7	160	7292	20478	74
1474	0	18	80	7296	2377	66
1475	0	18	80	7300	23676	66
1476	3	16	160	7304	4396	77
1477	3	16	160	7308	2315	85
1478	0	18	160	7312	18061	90
1479	0	18	80	7316	8414	42
1480	0	18	80	7320	5620	60
1481	4	7	120	7324	16003	92
1482	4	7	40	7328	6045	76
1483	4	7	40	7332	15029	62
1484	1	11	160	7336	32451	92
1485	3	16	80	7340	12361	51
1486	1	11	80	7344	4398	90
1487	1	11	40	7348	13065	94
1488	4	7	160	7352	7876	46
1489	3	16	40	7356	10728	45
1490	1	11	120	7360	5451	86
1491	4	7	120	7364	275	75
1492	1	11	40	7368	1124	56
1493	3	16	40	7372	6088	93
1494	4	7	80	7376	32866	49
1495	3	16	40	7380	983	86
1496	3	16	120	7384	9471	60
1497	0	18	120	7388	11588	68
1498	4	7	40	7392	31137	73
1499	3	16	80	7396	13949	53
1500	4	7	40	7400	42469	46
1501	4	7	160	7404	1566	52
1502	1	11	40	7408	18741	45
1503	1	11	40	7412	1100	82
1504	4	7	120	7416	8542	46
1505	0	18	160	7420	12646	71
1506	1	11	160	7424	15093	62
1507	4	7	160	7428	11739	44
1508	3	16	120	7432	40808	51
1509	4	7	80	7436	687	64
1510	3	16	160	7440	10492	60
1511	1	11	120	7444	5958	62
1512	3	16	120	7448	10423	82
1513	4	7	120	7452	2270	54
1514	1	11	120	7456	4807	44
1515	4	7	80	7460	7631	60
1516	1	11	120	7464	31237	82
1517	1	11	80	7468	5662	49
1518	0	18	160	7472	15267	97
1519	4	7	160	7476	20913	44
1520	1	11	80	7480	16543	48
1521	1	11	120	7484	7170	63
1522	3	16	120	7488	13439	43
1523	0	18	160	7492	11151	59
1524	3	16	40	7496	3528	45
1525	3	16	40	7500	7504	40
1526	4	7	80	7504	11375	90
1527	3	16	40	7508	41242	86
1528	0	18	120	7512	25762	64
1529	3	16	80	7516	1277	79
1530	1	11	160	7520	4542	45
1531	1	11	80	7524	13957	47
1532	3	16	120	7528	3454	51
1533	3	16	120	7532	1141	76
1534	0	18	80	7536	9138	94
1535	0	18	120	7540	3477	46
1536	1	11	80	7544	35080	86
1537	3	16	160	7548	4420	93
1538	4	7	80	7552	2751	55
1539	0	18	160	7556	3969	59
1540	1	11	80	7560	31459	87
1541	3	16	120	7564	13779	85
1542	3	16	120	7600	14317	82
1543	0	18	120	7605	6652	80
1544	0	18	40	7610	98	84
1545	0	18	160	7615	43686	63
1546	1	11	160	7620	7006	91
1547	3	16	80	7625	29876	41
1548	1	11	120	7630	843	87
1549	0	18	160	7635	7501	87
1550	1	11	80	7640	1989	42
1551	1	11	40	7645	2231	50
1552	0	18	120	7650	27567	69
1553	0	18	80	7655	1269	67
1554	0	18	40	7660	33602	43
1555	3	16	80	7665	8835	82
1556	0	18	80	7670	7145	48
1557	1	11	40	7675	2456	84
1558	3	16	40	7680	21466	76
1559	1	11	120	7685	544	44
1560	1	11	120	7690	476	80
1561	3	16	160	7695	16533	74
1562	4	7	40	7700	16206	79
1563	0	18	40	7705	24085	70
1564	1	11	120	7710	16191	57
1565	1	11	120	7715	27088	51
1566	4	7	40	7720	1826	49
1567	0	18	40	7725	8073	44
1568	3	16	80	7730	12237	58
1569	0	18	40	7735	981	97
1570	1	11	160	7740	8916	73
1571	3	16	120	7745	11542	88
1572	1	11	40	7750	2254	92
1573	0	18	40	7755	6917	77
1574	1	11	120	7760	27352	56
1575	4	7	120	7765	809	62
1576	3	16	40	7770	16786	79
1577	3	16	40	7775	3422	61
1578	4	7	120	7780	10905	74
1579	3	16	40	7785	3958	80
1580	1	11	40	7790	275	48
1581	1	11	40	7795	14264	88
1582	1	11	120	7800	27627	97
1583	4	7	160	7805	6502	75
1584	1	11	40	7810	35539	76
1585	0	18	120	7815	1886	93
1586	1	11	120	7820	18615	76
1587	1	11	80	7825	1947	83
1588	1	11	120	7830	1971	72
1589	3	16	160	7835	144	51
1590	4	7	80	7840	19486	96
1591	0	18	40	7845	17183	40
1592	4	7	160	7850	7738	55
1593	3	16	120	7855	2100	50
1594	3	16	80	7860	3336	78
1595	3	16	120	7865	2373	51
1596	4	7	120	7870	34148	45
1597	3	16	120	7875	21341	51
1598	3	16	160	7880	13861	61
1599	4	7	120	7885	1435	72
1600	0	18	160	7890	21445	53
1601	0	18	120	7895	36571	85
1602	4	7	40	7900	3904	81
1603	0	18	80	7905	54510	89
1604	4	7	160	7910	33856	53
1605	3	16	120	7915	9186	52
1606	4	7	40	7920	77344	57
1607	4	7	120	7925	7424	91
1608	3	16	160	7930	2718	50
1609	0	18	80	7935	24852	80
1610	4	7	80	7940	17531	41
1611	3	16	40	7945	2686	86
1612	1	11	120	7950	10643	49
1613	0	18	160	7955	9631	94
1614	4	7	80	7960	262	95
1615	0	18	80	7965	5050	90
1616	1	11	40	7970	22599	76
1617	4	7	80	8000	4672	42
1618	4	7	40	8004	29919	92
1619	1	11	160	8008	10849	62
1620	0	18	160	8012	1362	73
1621	1	11	120	8016	57076	65
1622	3	16	120	8020	4953	71
1623	4	7	120	8024	11846	46
1624	0	18	160	8028	3869	39
1625	0	18	160	8032	17283	72
1626	4	7	160	8036	1845	71
1627	4	7	80	8040	129	81
1628	1	11	160	8044	2609	97
1629	4	7	160	8048	15198	43
1630	0	18	40	8052	1579	55
1631	0	18	80	8056	30614	67
1632	4	7	40	8060	9937	98
1633	0	18	40	8064	7945	41
1634	1	11	80	8068	7140	66
1635	1	11	120	8072	873	61
1636	1	11	40	8076	6488	46
1637	0	18	40	8080	28977	47
1638	0	18	160	8084	7798	61
1639	3	16	80	8088	6399	63
1640	0	18	120	8092	1908	75
1641	1	11	160	8096	4746	83
1642	3	16	120	8100	35264	72
1643	0	18	40	8104	3901	91
1644	4	7	80	8108	3356	48
1645	1	11	40	8112	11064	49
1646	3	16	120	8116	2280	89
1647	4	7	160	8120	30835	60
1648	3	16	40	8124	1794	53
1649	3	16	160	8128	27531	87
1650	1	11	80	8132	4833	74
1651	4	7	40	8136	11590	41
1652	3	16	120	8140	29405	57
1653	1	11	160	8144	1130	97
1654	4	7	160	8148	65	97
1655	4	7	80	8152	22078	86
1656	1	11	40	8156	11433	53
1657	0	18	120	8160	12609	73
1658	0	18	120	8164	15008	88
1659	3	16	40	8168	2342	80
1660	4	7	160	8172	5978	79
1661	4	7	160	8176	52786	75
1662	3	16	160	8180	3709	93
1663	4	7	160	8184	7951	45
1664	0	18	40	8188	16664	63
1665	4	7	160	8192	22447	72
1666	3	16	160	8196	12173	86
1667	0	18	80	8200	1315	47
1668	3	16	120	8204	1309	66
1669	1	11	160	8208	36311	73
1670	4	7	80	8212	31225	83
1671	0	18	160	8216	33231	67
1672	3	16	80	8220	22345	80
1673	0	18	160	8224	8414	68
1674	0	18	80	8228	7132	86
1675	3	16	160	8232	18206	88
1676	4	7	160	8236	544	91
1677	3	16	80	8240	749	79
1678	0	18	40	8244	5802	96
1679	4	7	120	8248	13426	89
1680	1	11	40	8252	10700	81
1681	4	7	160	8256	2968	50
1682	1	11	40	8260	24650	66
1683	4	7	160	8264	4215	49
1684	1	11	120	8268	5866	68
1685	0	18	40	8272	8413	53
1686	1	11	160	8276	99	49
1687	3	16	40	8280	7692	39
1688	1	11	80	8284	7819	42
1689	3	16	40	8288	11215	78
1690	4	7	120	8292	7301	46
1691	0	18	120	8296	17497	71
1692	0	18	80	8300	2631	57
1693	3	16	160	8304	4289	79
1694	4	7	80	8308	254	82
1695	1	11	120	8312	2082	39
1696	3	16	40	8316	752	89
1697	3	16	160	8320	7450	65
1698	0	18	160	8324	8983	66
1699	4	7	80	8328	6089	74
1700	3	16	40	8332	40191	61
1701	3	16	40	8336	860	80
1702	0	18	80	8340	20580	92
1703	0	18	80	8344	2490	79
1704	3	16	80	8348	43470	42
1705	1	11	80	8352	6015	45
1706	1	11	120	8400	17883	60
1707	1	11	120	8405	6325	88
1708	1	11	120	8410	12319	50
1709	0	18	160	8415	3054	47
1710	4	7	80	8420	19124	94
1711	4	7	120	8425	9682	73
1712	0	18	80	8430	3726	75
1713	1	11	40	8435	494	98
1714	0	18	160	8440	10619	97
1715	4	7	40	8445	2282	68
1716	3	16	120	8450	1478	47
1717	3	16	160	8455	41951	82
1718	3	16	80	8460	1235	76
1719	0	18	40	8465	3397	49
1720	1	11	40	8470	21820	62
1721	0	18	120	8475	2151	86
1722	4	7	40	8480	11771	43
1723	4	7	120	8485	8224	87
1724	3	16	80	8490	8214	65
1725	3	16	160	8495	2071	50
1726	0	18	80	8500	16182	49
1727	0	18	120	8505	9425	40
1728	1	11	80	8510	7917	84
1729	3	16	120	8515	4088	85
1730	4	7	160	8520	15272	98
1731	0	18	40	8525	10461	65
1732	3	16	80	8530	9152	51
1733	0	18	120	8535	50739	60
1734	0	18	80	8540	14790	66
1735	4	7	160	8545	8828	39
1736	3	16	120	8550	6111	56
1737	0	18	160	8555	13839	85
1738	0	18	120	8560	4680	45
1739	0	18	40	8565	58593	61
1740	4	7	80	8570	15680	91
1741	4	7	40	8575	10951	59
1742	1	11	120	8580	21368	87
1743	0	18	80	8585	3517	94
1744	4	7	120	8590	19957	83
1745	0	18	160	8595	27879	72
1746	0	18	40	8600	8326	94
1747	3	16	80	8605	2042	58
1748	3	16	160	8610	14991	80
1749	0	18	40	8615	22587	53
1750	4	7	40	8620	532	90
1751	0	18	40	8625	1145	45
1752	0	18	120	8630	5443	88
1753	4	7	160	8635	3948	56
1754	1	11	80	8640	9859	51
1755	3	16	80	8645	19358	74
1756	3	16	160	8650	7047	76
1757	1	11	120	8655	4697	44
1758	3	16	160	8660	14121	53
1759	4	7	80	8665	20230	91
1760	1	11	160	8670	12731	95
1761	1	11	160	8675	3145	59
1762	0	18	80	8680	31357	42
1763	3	16	160	8685	5225	64
1764	0	18	40	8690	8434	47
1765	3	16	40	8695	2905	68
1766	1	11	40	8700	244	61
1767	4	7	160	8705	3967	54
1768	0	18	120	8710	4839	70
1769	0	18	40	8715	825	97
1770	0	18	120	8720	17854	51
1771	3	16	160	8725	6777	61
1772	1	11	80	8730	12485	76
1773	1	11	80	8735	1336	54
1774	1	11	120	8740	8740	56
1775	3	16	160	8745	3280	41
1776	3	16	40	8750	4853	97
1777	3	16	160	8755	5563	48
1778	0	18	160	8760	13887	42
1779	3	16	120	8765	10805	91
1780	3	16	160	8770	12881	54
1781	1	11	40	8800	10520	90
1782	3	16	160	8804	21321	58
1783	0	18	40	8808	12103	70
1784	4	7	120	8812	3377	93
1785	4	7	120	8816	11893	91
1786	0	18	120	8820	2937	75
1787	3	16	120	8824	3503	93
1788	3	16	40	8828	6643	48
1789	3	16	40	8832	28592	91
1790	1	11	160	8836	956	62
1791	1	11	160	8840	937	50
1792	1	11	160	8844	58969	70
1793	1	11	40	8848	8517	53
1794	4	7	40	8852	4960	64
1795	3	16	80	8856	8286	71
1796	3	16	160	8860	13371	56
1797	4	7	120	8864	7810	62
1798	0	18	40	8868	16598	85
1799	0	18	80	8872	10859	54
1800	3	16	120	8876	25632	50
1801	0	18	40	8880	2964	79
1802	3	16	160	8884	20890	86
1803	1	11	160	8888	12490	82
1804	4	7	120	8892	917	41
1805	0	18	40	8896	11358	68
1806	3	16	160	8900	7051	68
1807	3	16	40	8904	3601	73
1808	3	16	40	8908	17280	39
1809	4	7	120	8912	4647	48
1810	4	7	80	8916	7575	76
1811	4	7	40	8920	911	67
1812	0	18	160	8924	12202	40
1813	0	18	80	8928	1239	61
1814	1	11	80	8932	2042	75
1815	4	7	160	8936	871	44
1816	3	16	40	8940	6125	39
1817	4	7	40	8944	4133	71
1818	3	16	80	8948	1368	70
1819	0	18	120	8952	25048	55
1820	3	16	120	8956	74152	91
1821	4	7	80	8960	17479	66
1822	1	11	120	8964	23286	44
1823	1	11	120	8968	6624	78
1824	4	7	40	8972	55029	73
1825	4	7	120	8976	14407	39
1826	0	18	160	8980	6933	89
1827	0	18	80	8984	1788	61
1828	3	16	40	8988	17473	88
1829	4	7	80	8992	225	83
1830	4	7	40	8996	10052	84
1831	4	7	120	9000	23108	73
1832	3	16	120	9004	11667	61
1833	0	18	120	9008	1134	87
1834	4	7	160	9012	14926	79
1835	1	11	120	9016	6943	74
1836	3	16	40	9020	17085	42
1837	0	18	40	9024	2439	75
1838	1	11	80	9028	9897	68
1839	3	16	80	9032	12041	64
1840	1	11	160	9036	2447	61
1841	1	11	80	9040	37995	41
1842	4	7	120	9044	8082	92
1843	4	7	120	9048	1318	98
1844	4	7	120	9052	6949	53
1845	1	11	160	9056	41	94
1846	1	11	40	9060	6891	48
1847	1	11	120	9064	26992	48
1848	4	7	120	9068	5200	77
1849	4	7	40	9072	3752	59
1850	4	7	80	9076	1249	71
1851	3	16	160	9080	5744	83
1852	0	18	40	9084	5557	91
1853	4	7	120	9088	24785	69
1854	3	16	160	9092	10920	62
1855	4	7	80	9096	1464	83
1856	4	7	80	9100	5402	73
1857	0	18	80	9104	6138	47
1858	3	16	120	9108	12841	47
1859	4	7	40	9112	5632	40
1860	0	18	40	9116	2280	77
1861	1	11	120	9120	4381	45
1862	0	18	160	9124	8136	84
1863	4	7	120	9128	16372	55
1864	4	7	120	9132	16819	62
1865	4	7	160	9136	11418	41
1866	1	11	80	9140	7204	44
1867	4	7	40	9144	9530	52
1868	0	18	80	9148	5860	80
1869	4	7	120	9152	15156	39
1870	1	11	160	9200	4467	41
1871	3	16	40	9204	2917	63
1872	3	16	120	9208	15701	41
1873	4	7	160	9212	7718	45
1874	4	7	120	9216	14112	92
1875	0	18	40	9220	490	89
1876	0	18	160	9224	3889	73
1877	1	11	40	9228	16748	44
1878	3	16	160	9232	50083	63
1879	1	11	40	9236	51520	78
1880	1	11	120	9240	3647	89
1881	3	16	80	9244	9431	80
1882	1	11	120	9248	18544	83
1883	4	7	40	9252	8277	67
1884	4	7	160	9256	30263	51
1885	1	11	40	9260	2482	39
1886	3	16	80	9264	7929	81
1887	4	7	160	9268	16566	90
1888	1	11	160	9272	8144	64
1889	0	18	120	9276	10901	95
1890	3	16	80	9280	959	39
1891	3	16	120	9284	5332	93
1892	3	16	80	9288	8982	66
1893	3	16	80	9292	2484	66
1894	3	16	80	9296	7400	85
1895	0	18	80	9300	25305	54
1896	1	11	80	9304	7515	55
1897	4	7	160	9308	16428	76
1898	4	7	40	9312	5173	75
1899	4	7	160	9316	20966	51
1900	0	18	80	9320	9637	88
1901	1	11	160	9324	26360	95
1902	0	18	40	9328	8515	66
1903	4	7	160	9332	12077	76
1904	3	16	40	9336	37960	57
1905	0	18	40	9340	25757	46
1906	0	18	80	9344	12621	80
1907	1	11	80	9348	27194	84
1908	0	18	40	9352	2406	75
1909	1	11	120	9356	9781	71
1910	4	7	80	9360	21844	48
1911	1	11	80	9364	11303	67
1912	1	11	120	9368	6450	83
1913	0	18	120	9372	13329	68
1914	1	11	120	9376	1432	50
1915	1	11	160	9380	11891	95
1916	0	18	160	9384	8785	61
1917	1	11	160	9388	61525	55
1918	4	7	160	9392	20899	43
1919	3	16	80	9396	10042	62
1920	1	11	80	9400	1675	59
1921	3	16	120	9404	14561	52
1922	3	16	80	9408	682	87
1923	0	18	160	9412	18700	84
1924	1	11	80	9416	12272	39
1925	3	16	40	9420	36450	46
1926	4	7	120	9424	14011	96
1927	0	18	40	9428	9389	74
1928	1	11	120	9432	170	58
1929	4	7	80	9436	20112	76
1930	4	7	160	9440	10257	72
1931	0	18	160	9444	9090	96
1932	1	11	160	9448	6172	68
1933	3	16	160	9452	2076	50
1934	1	11	120	9456	6835	88
1935	0	18	120	9460	5607	93
1936	1	11	40	9464	441	53
1937	1	11	120	9468	1982	45
1938	1	11	160	9472	9334	49
1939	4	7	160	9476	447	43
1940	0	18	160	9480	9219	57
1941	1	11	160	9484	10619	95
1942	3	16	160	9488	10038	54
1943	0	18	40	9492	32859	91
1944	1	11	40	9496	17066	85
1945	0	18	160	9500	7544	70
1946	0	18	40	9504	34366	49
1947	3	16	160	9508	23274	97
1948	0	18	160	9512	929	55
1949	0	18	120	9516	21372	89
1950	4	7	80	9520	5346	92
1951	4	7	120	9524	7649	39
1952	4	7	40	9528	30443	71
1953	1	11	160	9532	18350	51
1954	3	16	120	9536	14266	91
1955	3	16	160	9540	22703	74
1956	4	7	80	9544	21513	46
1957	0	18	40	9548	15217	80
1958	3	16	120	9552	61651	76
1959	4	7	40	9556	68	49
1960	1	11	80	9600	2591	49
1961	0	18	40	9610	1370	45
1962	4	7	160	9620	25667	65
1963	0	18	120	9630	5522	98
1964	3	16	120	9640	48733	98
1965	3	16	80	9650	4397	51
1966	4	7	80	9660	2798	98
1967	4	7	160	9670	3564	71
1968	4	7	160	9680	3236	78
1969	1	11	160	9690	16129	56
1970	0	18	120	9700	10776	80
1971	3	16	80	9710	5484	54
1972	0	18	160	9720	7249	45
1973	0	18	160	9730	18623	98
1974	1	11	80	9740	374	43
1975	4	7	80	9750	9398	62
1976	4	7	120	9760	1754	97
1977	1	11	40	9770	1534	95
1978	4	7	160	9780	374	97
1979	1	11	80	9790	2289	67
1980	3	16	40	9800	109	96
1981	1	11	160	9810	21452	98
1982	4	7	40	9820	7578	58
1983	1	11	160	9830	2418	68
1984	4	7	160	9840	7248	83
1985	4	7	40	9850	1307	72
1986	1	11	160	9860	11308	63
1987	0	18	40	9870	11574	55
1988	0	18	80	9880	7470	58
1989	4	7	160	9890	10554	52
1990	1	11	40	9900	9312	85
1991	1	11	160	9910	4584	71
1992	3	16	40	9920	2065	68
1993	1	11	160	9930	9187	98
1994	1	11	80	9940	22170	93
1995	0	18	160	9950	6708	51
1996	1	11	40	9960	14650	69
1997	1	11	40	9970	2647	54
1998	3	16	120	9980	36576	92
1999	4	7	120	9990	7217	72
