0	4	7	40	0	6683	82
1	0	18	120	5	15467	78
2	3	16	120	10	1444	74
3	1	11	160	15	12121	83
4	4	7	160	20	3453	70
5	3	16	40	25	1919	74
6	3	16	80	30	13200	70
7	0	18	160	35	3200	82
8	0	18	160	40	14058	80
9	4	7	160	45	23412	71
10	0	18	80	50	4748	81
11	1	11	120	55	11025	77
12	3	16	40	60	96	79
13	0	18	160	65	24964	69
14	3	16	40	70	3537	81
15	1	11	80	75	13779	69
16	1	11	80	80	6543	79
17	3	16	120	85	45923	76
18	3	16	120	90	2818	75
19	3	16	160	95	195	69
20	3	16	160	100	346	83
21	4	7	120	105	1909	80
22	1	11	120	110	6106	74
23	0	18	40	115	26	72
24	0	18	80	120	4276	71
25	4	7	160	125	10101	71
26	3	16	160	130	1165	81
27	0	18	160	135	305	81
28	4	7	120	140	1832	71
29	4	7	120	145	4701	81
30	0	18	40	150	8767	72
31	1	11	120	155	6797	75
32	1	11	40	160	542	78
33	3	16	80	165	6519	76
34	3	16	120	170	21219	79
35	4	7	160	175	3422	71
36	3	16	120	180	13860	69
37	0	18	40	185	2841	75
38	0	18	160	190	28057	74
39	3	16	120	195	8814	82
40	3	16	120	200	1586	73
41	4	7	160	205	1910	82
42	0	18	120	210	6059	81
43	4	7	40	215	5892	79
44	3	16	120	220	3042	70
45	1	11	160	225	4742	82
46	3	16	160	230	3487	80
47	1	11	80	235	4026	83
48	0	18	120	240	1799	72
49	0	18	40	245	9284	70
50	1	11	160	250	12573	73
51	1	11	160	255	8428	75
52	1	11	120	260	9248	71
53	4	7	40	265	1779	76
54	0	18	160	270	854	77
55	4	7	120	275	3941	71
56	4	7	160	280	4727	73
57	3	16	120	285	1413	70
58	1	11	80	290	4914	81
59	0	18	160	295	13711	83
60	0	18	40	300	681	77
61	3	16	80	305	12325	73
62	0	18	80	310	1164	79
63	0	18	80	315	5468	82
64	3	16	120	320	4977	83
65	3	16	120	325	26969	74
66	0	18	80	330	9764	83
67	4	7	120	335	10666	72
68	3	16	40	340	561	74
69	4	7	40	345	86	79
70	4	7	160	350	73812	83
71	1	11	40	355	2820	72
72	1	11	160	360	932	71
73	4	7	160	365	14017	76
74	0	18	80	370	26744	79
75	3	16	40	375	25577	69
76	4	7	40	380	16666	83
77	1	11	120	385	130	79
78	3	16	120	400	18077	71
79	3	16	120	404	43497	72
80	0	18	40	408	4572	74
81	0	18	120	412	19774	82
82	0	18	80	416	26053	77
83	4	7	80	420	11084	69
84	3	16	120	424	13481	76
85	3	16	80	428	166	81
86	4	7	40	432	27060	73
87	3	16	160	436	28420	71
88	3	16	120	440	5177	83
89	3	16	40	444	9567	77
90	4	7	40	448	30693	82
91	4	7	160	452	10234	82
92	4	7	120	456	24936	78
93	0	18	160	460	3019	75
94	3	16	120	464	7507	73
95	0	18	40	468	7890	69
96	3	16	80	472	674	72
97	0	18	80	476	371	82
98	0	18	80	480	596	79
99	4	7	160	484	4798	79
100	1	11	80	488	17618	83
101	4	7	80	492	13063	77
102	4	7	40	496	3282	77
103	1	11	80	500	1699	77
104	0	18	40	504	9339	71
105	0	18	120	508	6953	70
106	0	18	40	512	6742	72
107	3	16	120	516	22628	78
108	4	7	160	520	3380	80
109	1	11	120	524	2489	76
110	0	18	80	528	9042	71
111	1	11	40	532	4536	77
112	0	18	160	536	4856	83
113	3	16	160	540	5405	78
114	4	7	160	544	5434	77
115	4	7	80	548	3414	79
116	1	11	40	552	16928	79
117	1	11	160	556	8068	78
118	3	16	120	560	14098	75
119	4	7	80	564	4729	71
120	4	7	120	568	85588	70
121	3	16	80	572	12612	80
122	0	18	40	576	3268	73
123	4	7	40	580	8229	80
124	4	7	40	584	1061	80
125	4	7	40	588	6620	69
126	3	16	80	592	4889	78
127	1	11	160	596	22947	80
128	0	18	80	600	3042	71
129	4	7	40	604	6341	79
130	0	18	120	608	21028	81
131	4	7	160	612	15283	69
132	1	11	40	616	39330	83
133	3	16	160	620	7145	75
134	1	11	80	624	2732	72
135	1	11	120	628	12718	80
136	0	18	120	632	10078	73
137	4	7	40	636	16824	69
138	3	16	40	640	769	82
139	1	11	40	644	3214	75
140	3	16	40	648	10521	77
141	1	11	80	652	575	78
142	4	7	40	656	12976	74
143	1	11	160	660	2136	75
144	3	16	160	664	244	74
145	3	16	40	668	11228	73
146	4	7	40	672	3308	83
147	1	11	160	676	8612	83
148	0	18	40	680	23447	81
149	4	7	40	684	2941	78
150	4	7	40	688	15528	73
151	0	18	80	692	9993	77
152	1	11	160	696	4973	76
153	0	18	40	700	15395	76
154	4	7	40	704	4812	77
155	4	7	160	708	1523	72
156	3	16	80	712	6638	73
157	4	7	40	716	16304	81
158	1	11	80	720	582	80
159	1	11	40	724	1489	70
160	3	16	40	728	1333	76
161	4	7	80	732	10342	76
162	1	11	80	736	11747	76
163	4	7	160	800	21624	70
164	0	18	160	804	5368	78
165	0	18	120	808	19872	71
166	0	18	160	812	5216	77
167	1	11	40	816	25862	77
168	1	11	80	820	2078	74
169	3	16	40	824	14882	80
170	3	16	160	828	13651	75
171	3	16	40	832	25	78
172	3	16	120	836	6690	79
173	0	18	80	840	7308	83
174	1	11	80	844	16249	78
175	3	16	40	848	36527	76
176	4	7	80	852	54744	74
177	3	16	40	856	940	81
178	0	18	80	860	7758	75
179	0	18	40	864	7777	76
180	0	18	160	868	2426	70
181	1	11	120	872	20746	78
182	1	11	120	876	61343	82
183	1	11	40	880	79	77
184	0	18	160	884	13848	74
185	4	7	40	888	3637	73
186	1	11	40	892	5753	77
187	0	18	40	896	3285	76
188	4	7	120	900	1511	82
189	1	11	80	904	1058	69
190	3	16	80	908	3115	76
191	1	11	80	912	20931	76
192	1	11	160	916	14711	73
193	1	11	40	920	34884	81
194	4	7	160	924	1669	82
195	4	7	160	928	75	69
196	4	7	160	932	6589	71
197	4	7	40	936	20972	73
198	1	11	160	940	19456	80
199	1	11	40	944	2844	72
200	1	11	40	948	3534	79
201	1	11	160	952	5296	75
202	4	7	120	956	5227	78
203	1	11	40	960	1916	69
204	0	18	40	964	9265	72
205	0	18	40	968	15435	79
206	3	16	160	972	1779	81
207	1	11	80	976	25768	76
208	4	7	160	980	47532	82
209	1	11	160	984	5698	70
210	0	18	80	988	1666	81
211	0	18	40	992	5160	75
212	3	16	160	996	3725	74
213	0	18	40	1000	10139	73
214	0	18	40	1004	32560	83
215	1	11	120	1008	3986	81
216	1	11	120	1012	10514	77
217	0	18	80	1016	11539	82
218	4	7	160	1020	1955	79
219	1	11	160	1024	1254	74
220	4	7	120	1028	6708	78
221	4	7	160	1032	1439	70
222	3	16	80	1036	17419	78
223	4	7	160	1040	930	74
224	4	7	120	1044	7894	73
225	1	11	80	1048	23106	83
226	0	18	80	1052	4205	73
227	1	11	120	1056	7893	82
228	0	18	120	1060	4738	69
229	3	16	80	1064	15962	77
230	3	16	80	1068	9055	73
231	4	7	80	1072	2145	70
232	1	11	40	1076	3825	70
233	4	7	40	1080	3696	72
234	4	7	160	1084	3009	80
235	3	16	160	1088	20999	79
236	1	11	160	1092	7604	69
237	4	7	120	1096	22478	82
238	0	18	40	1100	7586	73
239	4	7	120	1104	38909	79
240	1	11	80	1108	1584	75
241	0	18	120	1112	8261	69
242	1	11	80	1116	3589	77
243	1	11	120	1120	16177	80
244	0	18	40	1124	37140	72
245	3	16	80	1128	25354	69
246	3	16	120	1132	9807	70
247	0	18	120	1136	1755	69
248	0	18	160	1140	140	81
249	3	16	40	1144	22544	70
250	1	11	80	1200	6591	76
251	4	7	120	1205	19605	72
252	0	18	40	1210	13503	77
253	4	7	40	1215	14573	74
254	3	16	120	1220	18322	77
255	3	16	80	1225	1839	78
256	4	7	120	1230	10729	80
257	4	7	120	1235	3917	73
258	3	16	80	1240	13143	80
259	4	7	120	1245	13815	73
260	0	18	160	1250	6705	74
261	0	18	40	1255	12797	83
262	0	18	120	1260	9769	75
263	0	18	80	1265	3378	74
264	4	7	120	1270	22624	80
265	0	18	40	1275	40562	80
266	4	7	40	1280	955	74
267	4	7	120	1285	20	71
268	1	11	80	1290	5144	77
269	3	16	40	1295	1364	72
270	4	7	120	1300	20136	81
271	3	16	160	1305	16040	79
272	4	7	80	1310	1937	78
273	4	7	80	1315	2520	69
274	4	7	80	1320	44539	83
275	3	16	160	1325	32014	77
276	3	16	80	1330	23133	77
277	1	11	120	1335	310	82
278	3	16	160	1340	1532	70
279	1	11	80	1345	11083	72
280	4	7	160	1350	4208	81
281	4	7	120	1355	2085	73
282	0	18	160	1360	7626	69
283	3	16	120	1365	7824	83
284	1	11	40	1370	4504	70
285	3	16	160	1375	15492	70
286	4	7	40	1380	8040	76
287	1	11	160	1385	10123	79
288	0	18	80	1390	7901	78
289	0	18	120	1395	996	70
290	3	16	80	1400	3217	83
291	1	11	80	1405	2541	80
292	1	11	80	1410	2393	71
293	1	11	80	1415	18436	69
294	4	7	160	1420	9132	73
295	0	18	80	1425	7571	75
296	0	18	40	1430	33900	78
297	0	18	160	1435	158	72
298	1	11	40	1440	26712	69
299	0	18	160	1445	53868	76
300	3	16	40	1450	19468	79
301	3	16	40	1455	9760	82
302	3	16	40	1460	18583	76
303	3	16	120	1465	28147	78
304	3	16	80	1470	414	72
305	3	16	120	1475	13875	81
306	0	18	80	1480	12794	78
307	0	18	160	1485	7985	77
308	0	18	160	1490	15604	75
309	0	18	160	1495	22941	69
310	0	18	160	1500	4068	70
311	3	16	40	1505	10002	81
312	0	18	120	1510	2073	71
313	0	18	40	1515	776	76
314	4	7	160	1520	5890	75
315	0	18	40	1525	3753	70
316	0	18	80	1530	2460	83
317	1	11	40	1535	973	75
318	4	7	80	1540	32337	72
319	1	11	160	1545	1578	79
320	1	11	40	1550	7793	72
321	1	11	40	1555	8479	78
322	4	7	80	1560	8792	76
323	1	11	120	1565	3758	75
324	4	7	160	1570	24695	73
325	3	16	80	1575	11687	70
326	1	11	120	1580	9756	76
327	1	11	160	1585	5436	77
328	0	18	120	1600	12827	79
329	3	16	40	1604	8502	77
330	3	16	160	1608	55149	83
331	1	11	120	1612	22095	73
332	4	7	120	1616	1719	82
333	3	16	160	1620	1686	78
334	3	16	40	1624	19335	76
335	0	18	120	1628	16128	82
336	1	11	80	1632	5583	80
337	1	11	40	1636	10020	75
338	4	7	40	1640	7067	80
339	3	16	120	1644	11853	73
340	3	16	80	1648	862	76
341	3	16	40	1652	28	82
342	1	11	40	1656	22162	73
343	0	18	120	1660	11936	78
344	0	18	120	1664	18849	69
345	0	18	80	1668	13291	70
346	0	18	120	1672	392	78
347	0	18	40	1676	1508	78
348	1	11	80	1680	6068	78
349	3	16	120	1684	3682	72
350	0	18	40	1688	3983	75
351	3	16	40	1692	23833	71
352	0	18	80	1696	1009	83
353	0	18	40	1700	17574	73
354	3	16	160	1704	8587	72
355	1	11	40	1708	4209	69
356	3	16	120	1712	455	75
357	1	11	120	1716	8770	70
358	4	7	160	1720	389	73
359	0	18	40	1724	6363	71
360	1	11	160	1728	1655	73
361	3	16	80	1732	4133	69
362	0	18	80	1736	21216	82
363	1	11	120	1740	2980	82
364	1	11	40	1744	23789	69
365	3	16	80	1748	7091	80
366	4	7	80	1752	6787	83
367	3	16	160	1756	335	76
368	3	16	160	1760	3650	83
369	4	7	40	1764	12553	76
370	4	7	120	1768	27220	73
371	3	16	40	1772	11588	77
372	1	11	160	1776	12023	79
373	1	11	160	1780	4363	83
374	3	16	80	1784	664	71
375	4	7	160	1788	7739	74
376	0	18	160	1792	13103	74
377	4	7	120	1796	26405	82
378	0	18	40	1800	7773	74
379	4	7	120	1804	2717	71
380	1	11	120	1808	10706	76
381	0	18	80	1812	6922	82
382	4	7	80	1816	41077	83
383	1	11	160	1820	5978	75
384	3	16	40	1824	3060	70
385	4	7	120	1828	1631	81
386	0	18	40	1832	17159	74
387	3	16	80	1836	5443	77
388	0	18	40	1840	11610	75
389	1	11	40	1844	8426	75
390	1	11	40	1848	14527	76
391	4	7	160	1852	23051	79
392	3	16	80	1856	9168	70
393	4	7	40	1860	409	78
394	0	18	120	1864	8287	83
395	4	7	40	1868	18058	75
396	1	11	120	1872	2279	69
397	0	18	80	1876	11685	75
398	3	16	120	1880	17526	77
399	3	16	80	1884	5094	73
400	1	11	160	1888	3256	70
401	3	16	160	1892	55	70
402	1	11	80	1896	23245	78
403	3	16	80	1900	16549	70
404	4	7	160	1904	5501	83
405	1	11	160	1908	13060	82
406	0	18	40	1912	3135	76
407	4	7	120	1916	17945	83
408	1	11	160	1920	15060	70
409	3	16	160	1924	437	82
410	1	11	40	1928	11977	79
411	4	7	40	1932	1921	76
412	1	11	80	1936	511	79
413	0	18	80	1940	21214	71
414	3	16	80	1944	20664	79
415	0	18	120	1948	14074	75
416	4	7	160	1952	4698	69
417	3	16	80	1956	6892	75
418	3	16	120	2000	63103	80
419	3	16	80	2005	15942	72
420	1	11	40	2010	13881	75
421	0	18	40	2015	836	75
422	1	11	120	2020	6283	70
423	1	11	120	2025	17014	77
424	1	11	40	2030	35184	83
425	4	7	120	2035	527	77
426	4	7	160	2040	1066	75
427	3	16	160	2045	10974	70
428	0	18	80	2050	19684	83
429	4	7	80	2055	3874	80
430	1	11	80	2060	4319	73
431	4	7	80	2065	516	82
432	0	18	40	2070	1552	74
433	1	11	120	2075	1683	70
434	1	11	120	2080	40216	69
435	4	7	160	2085	10573	75
436	4	7	40	2090	10480	72
437	0	18	40	2095	2969	82
438	3	16	40	2100	299	76
439	0	18	40	2105	9903	71
440	3	16	120	2110	27299	73
441	1	11	120	2115	50264	74
442	0	18	80	2120	12589	75
443	1	11	80	2125	10529	76
444	0	18	160	2130	24769	79
445	1	11	160	2135	9690	69
446	3	16	120	2140	20044	69
447	3	16	160	2145	14645	83
448	0	18	120	2150	2862	82
449	4	7	40	2155	19817	77
450	4	7	40	2160	7260	74
451	4	7	40	2165	15984	78
452	1	11	120	2170	11851	78
453	4	7	80	2175	399	73
454	0	18	40	2180	12961	81
455	1	11	120	2185	2240	79
456	0	18	80	2190	10904	83
457	0	18	120	2195	1239	70
458	1	11	40	2200	19402	70
459	0	18	40	2205	4711	75
460	3	16	160	2210	10357	75
461	3	16	80	2215	11951	75
462	3	16	80	2220	41984	83
463	1	11	120	2225	6936	74
464	1	11	80	2230	15868	77
465	1	11	120	2235	10679	81
466	4	7	160	2240	323	71
467	4	7	120	2245	29008	77
468	3	16	120	2250	23971	70
469	4	7	120	2255	3224	73
470	1	11	120	2260	1372	71
471	3	16	160	2265	1328	71
472	0	18	80	2270	6378	83
473	3	16	120	2275	6806	78
474	0	18	120	2280	21837	83
475	4	7	120	2285	14474	70
476	4	7	120	2290	6487	69
477	0	18	40	2295	20808	78
478	1	11	120	2300	25922	81
479	4	7	40	2305	5984	83
480	0	18	40	2310	3154	77
481	0	18	160	2315	5739	76
482	1	11	40	2320	5873	71
483	1	11	40	2325	73798	75
484	0	18	40	2330	20710	74
485	3	16	40	2335	10023	79
486	1	11	120	2340	6424	72
487	0	18	160	2345	1113	69
488	0	18	120	2350	7628	73
489	0	18	40	2355	18996	74
490	3	16	80	2360	53798	75
491	3	16	80	2365	7947	71
492	4	7	160	2370	6489	80
493	1	11	40	2375	14444	69
494	3	16	80	2380	49437	79
495	4	7	40	2385	3720	82
496	4	7	80	2400	182	74
497	4	7	160	2404	2840	69
498	0	18	160	2408	22820	83
499	3	16	80	2412	4004	82
500	3	16	40	2416	8995	81
501	4	7	160	2420	27748	75
502	0	18	80	2424	22033	81
503	1	11	40	2428	45067	78
504	3	16	120	2432	14453	75
505	1	11	80	2436	5154	72
506	3	16	160	2440	4694	79
507	4	7	40	2444	2597	83
508	4	7	120	2448	2599	74
509	1	11	80	2452	38558	80
510	1	11	160	2456	16766	78
511	0	18	40	2460	17821	74
512	3	16	160	2464	2880	73
513	1	11	40	2468	6307	71
514	0	18	160	2472	1179	81
515	1	11	160	2476	2647	83
516	0	18	80	2480	3349	73
517	1	11	40	2484	42862	77
518	1	11	80	2488	11516	69
519	4	7	80	2492	2196	82
520	4	7	40	2496	2305	77
521	3	16	40	2500	33359	71
522	3	16	40	2504	6966	73
523	3	16	120	2508	866	79
524	0	18	40	2512	3403	81
525	3	16	40	2516	11730	69
526	3	16	160	2520	13941	75
527	4	7	40	2524	14953	82
528	4	7	80	2528	7155	83
529	0	18	120	2532	10165	69
530	0	18	80	2536	13884	79
531	0	18	120	2540	2780	69
532	0	18	80	2544	43232	78
533	3	16	80	2548	11024	82
534	1	11	40	2552	24051	70
535	0	18	80	2556	4809	70
536	0	18	120	2560	9307	78
537	0	18	40	2564	6340	76
538	3	16	120	2568	4241	83
539	3	16	120	2572	7682	71
540	4	7	40	2576	3332	69
541	3	16	80	2580	2979	72
542	1	11	40	2584	26913	78
543	4	7	80	2588	8576	76
544	3	16	40	2592	513	79
545	3	16	80	2596	2907	70
546	0	18	80	2600	3791	82
547	3	16	160	2604	107	78
548	1	11	40	2608	11186	71
549	0	18	80	2612	18487	79
550	4	7	160	2616	279	78
551	1	11	40	2620	529	80
552	1	11	120	2624	10809	69
553	0	18	80	2628	13802	69
554	3	16	40	2632	1384	73
555	4	7	160	2636	10683	79
556	1	11	120	2640	7406	70
557	3	16	160	2644	17681	70
558	0	18	160	2648	15698	81
559	4	7	80	2652	953	75
560	3	16	120	2656	13019	81
561	4	7	120	2660	11342	80
562	4	7	160	2664	16422	69
563	3	16	40	2668	11719	73
564	0	18	160	2672	3845	69
565	1	11	80	2676	9472	78
566	0	18	120	2680	19360	79
567	4	7	80	2684	11375	74
568	4	7	160	2688	9411	69
569	4	7	80	2692	17296	80
570	0	18	80	2696	12888	73
571	4	7	80	2700	21484	80
572	3	16	80	2704	13456	78
573	4	7	120	2708	1868	82
574	4	7	40	2712	31048	82
575	1	11	120	2716	37185	73
576	1	11	160	2720	541	76
577	3	16	160	2724	31867	81
578	4	7	80	2728	337	69
579	3	16	160	2732	387	79
580	3	16	160	2800	5222	71
581	4	7	160	2805	13604	80
582	1	11	160	2810	1345	79
583	4	7	160	2815	13065	72
584	0	18	120	2820	9537	75
585	4	7	40	2825	12340	83
586	4	7	40	2830	11394	83
587	4	7	160	2835	4098	77
588	4	7	80	2840	8128	78
589	1	11	40	2845	3871	74
590	4	7	120	2850	24448	69
591	3	16	120	2855	17570	76
592	0	18	40	2860	13701	79
593	4	7	80	2865	3001	77
594	4	7	40	2870	19974	73
595	0	18	80	2875	11965	72
596	3	16	120	2880	7718	72
597	3	16	40	2885	3783	73
598	4	7	80	2890	3237	76
599	0	18	160	2895	8223	70
600	1	11	120	2900	6421	75
601	0	18	160	2905	12890	76
602	3	16	160	2910	7513	77
603	3	16	160	2915	22213	75
604	0	18	160	2920	1634	75
605	4	7	120	2925	2527	81
606	4	7	160	2930	5525	71
607	1	11	160	2935	7164	71
608	0	18	40	2940	17057	71
609	1	11	120	2945	2007	69
610	3	16	40	2950	9458	71
611	4	7	160	2955	9081	73
612	3	16	80	2960	16308	70
613	1	11	160	2965	14365	70
614	0	18	120	2970	15428	73
615	4	7	120	2975	49564	69
616	1	11	120	2980	8446	70
617	0	18	160	2985	1028	81
618	3	16	80	2990	936	82
619	1	11	120	2995	11988	70
620	3	16	40	3000	32399	78
621	1	11	120	3005	8596	70
622	0	18	40	3010	1539	80
623	3	16	160	3015	3740	78
624	0	18	160	3020	26905	79
625	3	16	160	3025	26450	80
626	4	7	40	3030	1983	70
627	4	7	40	3035	7236	69
628	4	7	120	3040	4868	77
629	4	7	160	3045	4172	78
630	3	16	160	3050	7858	70
631	3	16	160	3055	17831	72
632	3	16	120	3060	14180	74
633	3	16	120	3065	9104	82
634	1	11	40	3070	11527	73
635	3	16	160	3075	14226	78
636	0	18	160	3080	2871	72
637	4	7	40	3085	3663	72
638	3	16	40	3090	9214	81
639	0	18	40	3095	5325	78
640	4	7	80	3100	3832	80
641	1	11	80	3105	2143	81
642	3	16	120	3110	9077	75
643	3	16	120	3115	4949	77
644	3	16	160	3120	15730	72
645	4	7	160	3125	4964	79
646	4	7	80	3130	311	75
647	3	16	80	3135	48774	78
648	3	16	120	3140	8264	73
649	0	18	120	3145	21039	73
650	3	16	120	3150	1612	70
651	3	16	120	3155	5975	75
652	0	18	120	3160	2607	75
653	3	16	120	3165	11138	74
654	3	16	120	3170	9940	76
655	0	18	160	3175	27988	73
656	4	7	120	3200	9266	80
657	0	18	40	3205	2641	82
658	3	16	160	3210	35752	80
659	3	16	40	3215	3257	78
660	0	18	120	3220	459	80
661	0	18	120	3225	29743	70
662	3	16	80	3230	1480	77
663	1	11	80	3235	7504	77
664	4	7	120	3240	13432	83
665	0	18	80	3245	17721	83
666	0	18	80	3250	21809	83
667	4	7	120	3255	2849	72
668	0	18	120	3260	1008	80
669	3	16	160	3265	354	79
670	3	16	120	3270	17694	81
671	3	16	120	3275	3328	81
672	1	11	160	3280	9479	83
673	1	11	80	3285	15133	73
674	1	11	80	3290	5324	73
675	1	11	160	3295	17596	80
676	3	16	40	3300	47425	79
677	1	11	120	3305	18302	71
678	4	7	160	3310	9249	75
679	0	18	40	3315	9715	83
680	3	16	120	3320	23943	74
681	0	18	120	3325	2228	76
682	0	18	120	3330	37230	80
683	3	16	40	3335	8479	72
684	1	11	40	3340	2206	76
685	0	18	80	3345	1108	79
686	3	16	40	3350	10364	81
687	0	18	160	3355	1112	83
688	0	18	40	3360	41484	75
689	0	18	80	3365	15039	83
690	3	16	40	3370	2040	81
691	0	18	160	3375	184	73
692	1	11	40	3380	4521	76
693	0	18	40	3385	4250	72
694	0	18	120	3390	4643	81
695	4	7	120	3395	5304	79
696	3	16	40	3400	583	73
697	0	18	40	3405	815	81
698	4	7	160	3410	13104	78
699	3	16	120	3415	38268	72
700	4	7	80	3420	8347	80
701	0	18	120	3425	20200	71
702	1	11	120	3430	27904	81
703	4	7	160	3435	7588	78
704	3	16	160	3440	687	76
705	4	7	40	3445	25798	72
706	0	18	160	3450	22458	75
707	4	7	80	3455	7815	71
708	0	18	40	3460	3394	70
709	0	18	160	3465	18959	79
710	1	11	160	3470	30634	78
711	1	11	40	3475	16907	78
712	1	11	40	3480	12953	76
713	1	11	160	3485	6014	80
714	0	18	80	3490	5614	72
715	4	7	160	3495	24304	73
716	4	7	40	3500	38953	74
717	4	7	80	3505	11280	73
718	4	7	80	3510	4227	69
719	3	16	80	3515	10561	73
720	1	11	80	3520	2576	71
721	0	18	80	3525	16589	69
722	4	7	120	3530	3339	80
723	0	18	80	3535	5471	80
724	4	7	120	3540	24736	81
725	1	11	120	3545	16921	76
726	1	11	80	3550	31622	74
727	0	18	120	3555	3417	80
728	0	18	160	3560	6046	75
729	1	11	120	3565	12	77
730	3	16	160	3570	15350	76
731	1	11	160	3575	29587	81
732	3	16	120	3580	1506	76
733	0	18	40	3585	10369	71
734	0	18	120	3600	662	72
735	1	11	160	3605	612	71
736	4	7	40	3610	3731	78
737	0	18	120	3615	7995	71
738	0	18	40	3620	7195	80
739	1	11	160	3625	4016	72
740	4	7	80	3630	3327	72
741	4	7	120	3635	1261	79
742	4	7	120	3640	22152	81
743	4	7	80	3645	2300	79
744	4	7	80	3650	18859	74
745	0	18	40	3655	6145	72
746	4	7	160	3660	5262	81
747	4	7	40	3665	30267	80
748	0	18	120	3670	31020	83
749	0	18	120	3675	7235	77
750	0	18	120	3680	6054	74
751	3	16	120	3685	6917	83
752	0	18	160	3690	17572	81
753	0	18	80	3695	990	74
754	0	18	80	3700	17407	70
755	4	7	160	3705	16741	80
756	0	18	40	3710	10165	75
757	1	11	80	3715	9217	69
758	0	18	40	3720	10874	80
759	0	18	40	3725	4276	83
760	3	16	160	3730	37267	82
761	0	18	40	3735	10943	78
762	3	16	80	3740	1037	79
763	3	16	120	3745	3377	76
764	1	11	160	3750	900	72
765	4	7	40	3755	85	80
766	4	7	80	3760	12181	70
767	0	18	160	3765	1021	73
768	0	18	80	3770	4995	76
769	3	16	120	3775	4697	69
770	0	18	160	3780	11019	78
771	3	16	80	3785	7725	71
772	4	7	40	3790	2069	76
773	3	16	120	3795	150	80
774	4	7	160	3800	5042	69
775	3	16	120	3805	1177	75
776	0	18	120	3810	28488	71
777	4	7	80	3815	850	69
778	1	11	160	3820	10235	75
779	4	7	120	3825	7662	78
780	3	16	160	3830	6147	79
781	1	11	40	3835	103	78
782	4	7	40	3840	4685	81
783	0	18	40	3845	34379	81
784	1	11	40	3850	11141	72
785	0	18	40	3855	4003	76
786	0	18	40	3860	1897	69
787	3	16	80	3865	474	71
788	4	7	160	3870	20119	69
789	1	11	120	3875	4306	75
790	1	11	160	3880	7810	80
791	1	11	120	3885	15763	78
792	0	18	120	3890	26535	74
793	4	7	160	3895	1967	81
794	4	7	160	3900	4792	74
795	4	7	80	3905	12390	77
796	0	18	40	3910	205	83
797	0	18	40	3915	10899	73
798	1	11	80	3920	1293	76
799	4	7	80	3925	18455	77
800	1	11	120	3930	17284	70
801	4	7	160	3935	3832	77
802	3	16	160	3940	10388	72
803	3	16	40	3945	11016	82
804	4	7	160	3950	22926	83
805	1	11	40	3955	30539	71
806	3	16	120	4000	3937	75
807	3	16	40	4005	16942	69
808	1	11	120	4010	15986	74
809	3	16	160	4015	13381	78
810	3	16	40	4020	22395	77
811	1	11	160	4025	8388	74
812	0	18	80	4030	39322	77
813	0	18	80	4035	1589	70
814	3	16	80	4040	27500	73
815	0	18	160	4045	35166	72
816	0	18	40	4050	3859	81
817	3	16	80	4055	1807	82
818	0	18	80	4060	12276	72
819	1	11	160	4065	18648	79
820	3	16	40	4070	23665	80
821	0	18	40	4075	10962	83
822	0	18	40	4080	3754	72
823	3	16	120	4085	476	69
824	0	18	120	4090	22410	73
825	4	7	40	4095	24450	69
826	3	16	160	4100	10531	80
827	0	18	40	4105	86	79
828	3	16	160	4110	13793	75
829	4	7	120	4115	14416	75
830	1	11	80	4120	955	76
831	0	18	120	4125	4454	81
832	1	11	160	4130	40656	77
833	1	11	80	4135	18652	81
834	1	11	160	4140	14803	77
835	4	7	160	4145	1636	71
836	4	7	40	4150	6731	74
837	1	11	40	4155	15384	82
838	0	18	80	4160	1145	82
839	0	18	40	4165	13798	70
840	1	11	80	4170	47	70
841	3	16	160	4175	5930	83
842	1	11	120	4180	4325	81
843	1	11	160	4185	1822	74
844	4	7	80	4190	7310	81
845	0	18	40	4195	44503	75
846	0	18	40	4200	17578	69
847	0	18	40	4205	17450	72
848	0	18	120	4210	3489	76
849	4	7	40	4215	5787	70
850	4	7	80	4220	5522	80
851	3	16	160	4225	25159	70
852	4	7	120	4230	37559	69
853	0	18	80	4235	4515	80
854	0	18	80	4240	30980	81
855	1	11	120	4245	2153	70
856	3	16	160	4250	57	73
857	4	7	40	4255	9325	71
858	1	11	80	4260	16887	78
859	0	18	160	4265	48437	83
860	4	7	40	4270	4936	74
861	3	16	120	4275	3818	79
862	0	18	80	4280	911	78
863	1	11	40	4285	450	82
864	0	18	120	4290	10865	71
865	1	11	120	4295	9193	80
866	4	7	160	4300	9232	80
867	4	7	160	4305	2287	80
868	3	16	80	4310	6439	77
869	4	7	80	4315	17709	71
870	1	11	120	4320	8740	82
871	4	7	160	4325	9648	83
872	1	11	40	4330	600	83
873	0	18	80	4335	37814	71
874	0	18	80	4340	18427	78
875	0	18	40	4345	7638	81
876	3	16	80	4350	4216	71
877	3	16	40	4355	1640	81
878	4	7	40	4360	10488	71
879	0	18	80	4365	24483	82
880	3	16	160	4370	1274	83
881	1	11	160	4375	20433	77
882	4	7	80	4380	16871	72
883	3	16	160	4385	4289	73
884	0	18	40	4390	4812	79
885	4	7	80	4395	2668	75
886	0	18	160	4400	5240	80
887	1	11	80	4404	12688	80
888	1	11	40	4408	23969	69
889	0	18	80	4412	9436	75
890	0	18	40	4416	1571	81
891	4	7	40	4420	26385	72
892	4	7	120	4424	41058	73
893	0	18	120	4428	1380	83
894	1	11	40	4432	5096	79
895	3	16	160	4436	15774	74
896	1	11	120	4440	4572	74
897	4	7	120	4444	3707	82
898	1	11	80	4448	9455	72
899	3	16	160	4452	30462	70
900	0	18	80	4456	6931	78
901	1	11	40	4460	10855	73
902	1	11	120	4464	5190	79
903	1	11	80	4468	7867	74
904	3	16	80	4472	24060	72
905	4	7	80	4476	20337	81
906	1	11	160	4480	21146	70
907	4	7	80	4484	83934	82
908	4	7	40	4488	9032	71
909	4	7	40	4492	7249	69
910	3	16	40	4496	24300	83
911	0	18	120	4500	25144	75
912	0	18	160	4504	37908	83
913	1	11	40	4508	25974	79
914	1	11	160	4512	25601	83
915	1	11	80	4516	8793	81
916	3	16	40	4520	8749	76
917	1	11	120	4524	17770	73
918	1	11	160	4528	14711	72
919	1	11	40	4532	6055	80
920	0	18	120	4536	2401	83
921	1	11	80	4540	25857	69
922	1	11	160	4544	4440	80
923	3	16	40	4548	24555	71
924	3	16	80	4552	12551	73
925	1	11	120	4556	11874	78
926	0	18	80	4560	10558	78
927	0	18	120	4564	33782	69
928	3	16	80	4568	11335	75
929	1	11	120	4572	657	73
930	4	7	120	4576	2007	76
931	4	7	160	4580	371	72
932	1	11	120	4584	10482	78
933	1	11	80	4588	13006	70
934	4	7	40	4592	6771	73
935	0	18	120	4596	8449	79
936	0	18	40	4600	7544	82
937	1	11	40	4604	3841	81
938	0	18	80	4608	6855	70
939	0	18	160	4612	8658	81
940	1	11	120	4616	5564	74
941	1	11	120	4620	5257	82
942	1	11	80	4624	1584	78
943	1	11	40	4628	6348	69
944	3	16	80	4632	13542	75
945	0	18	80	4636	3384	74
946	3	16	40	4640	32175	72
947	1	11	80	4644	1028	77
948	3	16	120	4648	3091	83
949	0	18	120	4652	21023	82
950	4	7	160	4656	2885	81
951	4	7	160	4660	9430	69
952	3	16	160	4664	9831	78
953	0	18	80	4668	1935	76
954	1	11	40	4672	16148	71
955	4	7	160	4676	9708	77
956	4	7	80	4680	4043	77
957	3	16	120	4684	7855	76
958	3	16	160	4688	21424	69
959	0	18	120	4692	3247	77
960	4	7	160	4696	3155	71
961	0	18	80	4700	26295	69
962	0	18	160	4704	5890	75
963	3	16	120	4708	7747	81
964	0	18	80	4712	4270	77
965	4	7	80	4716	21805	79
966	3	16	160	4720	4185	81
967	4	7	120	4724	4208	82
968	1	11	160	4728	7261	75
969	0	18	80	4800	5661	73
970	0	18	40	4804	650	83
971	0	18	160	4808	3351	78
972	1	11	40	4812	4938	71
973	0	18	40	4816	2565	74
974	4	7	120	4820	306	74
975	4	7	40	4824	21028	70
976	0	18	160	4828	17144	75
977	0	18	160	4832	27442	79
978	4	7	160	4836	2592	79
979	3	16	160	4840	6187	83
980	4	7	120	4844	14316	74
981	3	16	160	4848	8390	70
982	1	11	160	4852	14979	70
983	3	16	120	4856	18423	77
984	1	11	120	4860	21957	76
985	4	7	160	4864	11292	75
986	0	18	40	4868	7646	77
987	1	11	80	4872	6820	70
988	4	7	40	4876	30626	83
989	0	18	40	4880	25098	79
990	1	11	80	4884	2972	71
991	1	11	120	4888	51530	74
992	3	16	40	4892	6994	81
993	0	18	120	4896	2649	76
994	0	18	160	4900	3988	79
995	1	11	80	4904	7912	74
996	1	11	120	4908	40873	75
997	4	7	160	4912	12531	80
998	0	18	120	4916	1417	76
999	4	7	160	4920	21914	79
1000	1	11	80	4924	36275	76
1001	4	7	80	4928	12118	74
1002	0	18	80	4932	11871	70
1003	3	16	80	4936	22844	79
1004	4	7	120	4940	17837	83
1005	3	16	160	4944	42084	71
1006	3	16	160	4948	2781	81
1007	1	11	120	4952	5482	73
1008	1	11	120	4956	1585	70
1009	1	11	40	4960	29301	69
1010	3	16	40	4964	18977	71
1011	4	7	120	4968	5884	81
1012	3	16	160	4972	4043	80
1013	0	18	40	4976	6732	69
1014	1	11	40	4980	9328	71
1015	1	11	160	4984	15632	70
1016	4	7	80	4988	2311	82
1017	1	11	80	4992	11095	82
1018	0	18	160	4996	12130	74
1019	0	18	120	5000	14040	70
1020	3	16	80	5004	5473	71
1021	1	11	120	5008	23670	79
1022	4	7	80	5012	5615	82
1023	0	18	160	5016	10338	80
1024	4	7	40	5020	2045	70
1025	3	16	120	5024	824	77
1026	3	16	120	5028	19433	81
1027	0	18	80	5032	1799	79
1028	4	7	40	5036	28858	79
1029	1	11	40	5040	9381	69
1030	3	16	120	5044	23576	78
1031	0	18	40	5048	1429	78
1032	4	7	80	5052	18556	72
1033	0	18	160	5056	5267	69
1034	1	11	120	5060	7207	75
1035	0	18	40	5064	755	69
1036	1	11	80	5068	24939	69
1037	4	7	120	5072	23767	75
1038	4	7	40	5076	130	77
1039	3	16	120	5080	24440	73
1040	0	18	160	5084	6187	77
1041	4	7	80	5088	1324	73
1042	0	18	120	5092	4449	69
1043	3	16	40	5096	109	82
1044	1	11	40	5100	1028	76
1045	1	11	120	5104	21390	74
1046	3	16	120	5108	14459	77
1047	3	16	40	5112	148	80
1048	4	7	120	5116	12864	73
1049	4	7	160	5120	9705	77
1050	1	11	160	5124	4410	75
1051	4	7	40	5128	5421	77
1052	3	16	40	5132	144	75
1053	4	7	160	5200	6574	74
1054	0	18	120	5205	7680	77
1055	0	18	160	5210	1137	80
1056	4	7	40	5215	3645	75
1057	0	18	120	5220	624	73
1058	3	16	80	5225	14220	77
1059	0	18	160	5230	14748	75
1060	0	18	40	5235	2207	73
1061	3	16	80	5240	840	71
1062	1	11	80	5245	7327	77
1063	4	7	80	5250	10448	69
1064	4	7	80	5255	655	75
1065	3	16	40	5260	13748	77
1066	4	7	80	5265	11014	77
1067	3	16	40	5270	32037	80
1068	3	16	80	5275	45745	77
1069	1	11	160	5280	7833	71
1070	4	7	80	5285	23036	70
1071	4	7	120	5290	4508	76
1072	1	11	80	5295	10773	73
1073	1	11	40	5300	17457	69
1074	4	7	120	5305	4055	76
1075	4	7	40	5310	3641	81
1076	0	18	160	5315	9611	79
1077	1	11	40	5320	5442	69
1078	3	16	160	5325	8205	72
1079	1	11	80	5330	4715	80
1080	4	7	40	5335	5470	83
1081	4	7	120	5340	18710	69
1082	1	11	120	5345	7883	74
1083	0	18	80	5350	5264	70
1084	4	7	80	5355	3211	78
1085	3	16	80	5360	8228	69
1086	3	16	160	5365	1269	72
1087	0	18	80	5370	5452	82
1088	0	18	80	5375	25705	75
1089	1	11	160	5380	5375	78
1090	0	18	40	5385	19252	77
1091	1	11	160	5390	20858	79
1092	0	18	80	5395	2203	81
1093	3	16	40	5400	4337	71
1094	1	11	80	5405	14508	83
1095	3	16	120	5410	4899	75
1096	1	11	160	5415	12513	80
1097	1	11	80	5420	15642	69
1098	3	16	160	5425	37457	75
1099	4	7	160	5430	6133	83
1100	3	16	80	5435	3154	80
1101	0	18	120	5440	17613	81
1102	0	18	120	5445	420	71
1103	3	16	160	5450	2356	71
1104	4	7	80	5455	14497	76
1105	3	16	80	5460	62196	82
1106	3	16	160	5465	17688	72
1107	1	11	160	5470	3379	74
1108	0	18	40	5475	1740	81
1109	1	11	120	5480	2843	79
1110	4	7	40	5485	9301	70
1111	1	11	160	5490	27322	74
1112	1	11	160	5495	9726	70
1113	1	11	160	5500	5531	80
1114	1	11	160	5505	5010	75
1115	1	11	120	5510	5703	73
1116	0	18	120	5515	10585	81
1117	1	11	40	5520	1289	75
1118	4	7	40	5525	5105	74
1119	1	11	40	5530	9767	74
1120	0	18	40	5535	10456	73
1121	4	7	160	5540	3221	79
1122	1	11	120	5545	591	73
1123	1	11	120	5550	11511	83
1124	0	18	120	5555	13689	77
1125	3	16	120	5560	355	74
1126	4	7	80	5565	1886	79
1127	4	7	40	5600	4095	71
1128	4	7	120	5604	806	69
1129	0	18	40	5608	36324	70
1130	3	16	40	5612	11429	70
1131	4	7	120	5616	20756	78
1132	4	7	80	5620	6305	77
1133	3	16	160	5624	1199	73
1134	3	16	160	5628	1181	69
1135	3	16	80	5632	10891	71
1136	4	7	160	5636	16892	81
1137	4	7	160	5640	4336	72
1138	0	18	160	5644	12732	77
1139	1	11	160	5648	3299	80
1140	0	18	80	5652	15504	80
1141	0	18	40	5656	23168	81
1142	4	7	40	5660	3138	69
1143	4	7	160	5664	13362	80
1144	3	16	120	5668	20692	77
1145	3	16	80	5672	27822	71
1146	4	7	40	5676	3756	77
1147	4	7	80	5680	19217	69
1148	1	11	80	5684	39254	79
1149	0	18	160	5688	4684	79
1150	3	16	160	5692	16593	77
1151	4	7	120	5696	9466	74
1152	3	16	40	5700	5773	78
1153	0	18	120	5704	6109	69
1154	4	7	160	5708	20479	78
1155	4	7	80	5712	65339	69
1156	4	7	160	5716	15336	76
1157	3	16	40	5720	6486	72
1158	1	11	40	5724	8266	77
1159	1	11	160	5728	13379	70
1160	4	7	160	5732	22680	72
1161	3	16	120	5736	7889	70
1162	1	11	40	5740	2387	73
1163	4	7	40	5744	2432	79
1164	3	16	80	5748	10898	78
1165	4	7	120	5752	15133	75
1166	3	16	80	5756	8049	81
1167	3	16	160	5760	7399	80
1168	3	16	40	5764	3868	80
1169	3	16	80	5768	16387	73
1170	3	16	160	5772	11706	75
1171	1	11	120	5776	3989	78
1172	1	11	40	5780	7129	81
1173	1	11	80	5784	1346	78
1174	1	11	120	5788	21378	78
1175	4	7	160	5792	15565	76
1176	4	7	120	5796	64	79
1177	3	16	160	5800	5669	77
1178	3	16	160	5804	19023	74
1179	1	11	80	5808	18106	75
1180	3	16	80	5812	17145	81
1181	4	7	160	5816	5115	78
1182	1	11	160	5820	4754	75
1183	4	7	160	5824	16248	74
1184	3	16	40	5828	2713	77
1185	3	16	120	5832	852	80
1186	1	11	80	5836	6974	69
1187	3	16	160	5840	117	76
1188	4	7	40	5844	3885	79
1189	3	16	80	5848	1239	83
1190	4	7	120	5852	24963	78
1191	0	18	160	5856	4945	77
1192	1	11	160	5860	19641	78
1193	3	16	40	5864	48100	75
1194	3	16	160	5868	5960	76
1195	1	11	160	5872	3347	79
1196	4	7	160	5876	13470	77
1197	0	18	40	5880	573	73
1198	0	18	80	5884	933	70
1199	4	7	40	5888	1331	70
1200	0	18	160	5892	6390	74
1201	1	11	40	5896	19836	81
1202	1	11	80	5900	8878	73
1203	4	7	160	5904	2939	75
1204	3	16	160	5908	14455	72
1205	1	11	40	5912	7534	83
1206	3	16	80	5916	1233	76
1207	0	18	120	5920	3872	83
1208	4	7	40	5924	10054	75
1209	0	18	160	5928	1156	71
1210	0	18	120	5932	55705	74
1211	0	18	160	5936	5075	83
1212	0	18	40	5940	11688	81
1213	0	18	160	5944	15233	70
1214	4	7	80	5948	29119	73
1215	4	7	40	5952	8363	78
1216	0	18	120	6000	2016	79
1217	1	11	80	6004	6927	83
1218	0	18	160	6008	47615	71
1219	0	18	160	6012	9014	82
1220	1	11	40	6016	3874	75
1221	0	18	120	6020	7823	73
1222	4	7	160	6024	2435	70
1223	4	7	120	6028	2344	81
1224	3	16	160	6032	24453	78
1225	3	16	40	6036	4030	82
1226	4	7	160	6040	7788	83
1227	3	16	40	6044	7531	74
1228	3	16	80	6048	15047	70
1229	0	18	160	6052	10645	82
1230	4	7	40	6056	642	83
1231	3	16	120	6060	38235	74
1232	3	16	80	6064	4308	75
1233	4	7	120	6068	14056	73
1234	1	11	80	6072	5467	69
1235	0	18	40	6076	36405	83
1236	3	16	120	6080	20861	73
1237	3	16	40	6084	1396	83
1238	1	11	160	6088	510	70
1239	1	11	160	6092	15986	77
1240	4	7	40	6096	42437	72
1241	0	18	120	6100	2163	69
1242	4	7	120	6104	7007	69
1243	3	16	40	6108	2451	76
1244	3	16	120	6112	1367	77
1245	3	16	120	6116	9065	79
1246	0	18	120	6120	15075	80
1247	1	11	160	6124	1083	76
1248	4	7	120	6128	873	71
1249	4	7	160	6132	26443	82
1250	0	18	40	6136	1115	83
1251	3	16	120	6140	3229	77
1252	4	7	80	6144	813	70
1253	4	7	120	6148	9493	72
1254	1	11	40	6152	21202	79
1255	4	7	80	6156	32604	69
1256	1	11	80	6160	11765	79
1257	1	11	120	6164	5084	76
1258	0	18	160	6168	5124	80
1259	4	7	160	6172	6432	74
1260	1	11	80	6176	53965	83
1261	0	18	40	6180	11981	71
1262	3	16	80	6184	9883	81
1263	3	16	40	6188	46489	77
1264	1	11	160	6192	486	72
1265	3	16	40	6196	386	83
1266	3	16	80	6200	530	76
1267	0	18	80	6204	32326	77
1268	4	7	120	6208	5226	70
1269	3	16	40	6212	38567	73
1270	1	11	80	6216	13586	73
1271	3	16	120	6220	550	79
1272	0	18	80	6224	6069	81
1273	4	7	160	6228	3372	78
1274	0	18	120	6232	9778	78
1275	0	18	80	6236	1411	74
1276	1	11	160	6240	448	72
1277	1	11	160	6244	81726	77
1278	1	11	160	6248	867	72
1279	4	7	80	6252	4976	83
1280	3	16	80	6256	10127	71
1281	3	16	160	6260	5952	75
1282	4	7	120	6264	6049	72
1283	4	7	80	6268	20916	72
1284	4	7	160	6272	8303	82
1285	1	11	80	6276	20323	74
1286	3	16	80	6280	26832	72
1287	3	16	160	6284	16877	72
1288	3	16	120	6288	23673	78
1289	1	11	160	6292	6787	69
1290	4	7	160	6296	4752	73
1291	0	18	160	6300	7820	81
1292	3	16	80	6304	17241	71
1293	1	11	160	6308	11824	80
1294	4	7	120	6312	16504	77
1295	4	7	160	6316	4974	69
1296	3	16	80	6320	11109	71
1297	0	18	120	6324	7463	76
1298	0	18	40	6328	1880	73
1299	0	18	120	6332	949	78
1300	0	18	40	6336	8008	71
1301	4	7	40	6340	18329	71
1302	1	11	80	6344	15859	75
1303	0	18	80	6400	1403	81
1304	3	16	120	6405	2857	77
1305	3	16	80	6410	538	73
1306	1	11	40	6415	21916	80
1307	4	7	80	6420	20616	76
1308	4	7	160	6425	54512	77
1309	0	18	160	6430	15198	73
1310	3	16	80	6435	27309	80
1311	0	18	120	6440	11801	70
1312	0	18	160	6445	3869	72
1313	0	18	80	6450	97	80
1314	1	11	120	6455	22366	72
1315	4	7	80	6460	10929	77
1316	1	11	120	6465	3223	83
1317	4	7	40	6470	15988	78
1318	3	16	80	6475	7842	78
1319	0	18	120	6480	3036	81
1320	4	7	160	6485	1789	79
1321	0	18	120	6490	4080	73
1322	3	16	160	6495	889	83
1323	1	11	120	6500	30470	70
1324	3	16	80	6505	12022	69
1325	0	18	80	6510	2660	75
1326	0	18	40	6515	3984	76
1327	3	16	80	6520	17650	70
1328	0	18	80	6525	8263	69
1329	1	11	160	6530	2950	77
1330	3	16	160	6535	8490	71
1331	0	18	80	6540	10227	80
1332	0	18	120	6545	23077	73
1333	1	11	80	6550	60767	78
1334	4	7	40	6555	22971	81
1335	3	16	40	6560	18562	83
1336	0	18	120	6565	12867	83
1337	3	16	40	6570	4035	75
1338	0	18	120	6575	11394	78
1339	1	11	80	6580	7294	78
1340	4	7	40	6585	45342	78
1341	3	16	160	6590	903	80
1342	4	7	160	6595	17410	78
1343	1	11	120	6600	1847	73
1344	3	16	120	6605	9181	72
1345	4	7	80	6610	14488	71
1346	0	18	40	6615	2725	77
1347	1	11	160	6620	16840	74
1348	4	7	80	6625	18266	77
1349	4	7	80	6630	1942	69
1350	3	16	40	6635	1314	70
1351	4	7	80	6640	24266	77
1352	1	11	40	6645	49097	82
1353	0	18	120	6650	30535	76
1354	0	18	120	6655	33268	82
1355	4	7	120	6660	2658	81
1356	1	11	80	6665	14914	72
1357	4	7	160	6670	20069	74
1358	1	11	40	6675	7790	80
1359	1	11	40	6680	158	71
1360	3	16	80	6685	17194	80
1361	4	7	160	6690	854	78
1362	4	7	160	6695	4678	76
1363	1	11	40	6700	17708	83
1364	1	11	160	6705	2844	71
1365	1	11	40	6710	4693	69
1366	4	7	160	6715	17747	81
1367	4	7	80	6720	3974	78
1368	0	18	40	6725	2028	83
1369	4	7	80	6730	714	73
1370	3	16	120	6735	33764	77
1371	3	16	120	6740	35947	76
1372	3	16	80	6745	1575	83
1373	1	11	40	6750	295	83
1374	1	11	80	6755	3394	72
1375	0	18	160	6760	819	83
1376	1	11	120	6765	8873	78
1377	0	18	40	6770	31695	78
1378	4	7	40	6775	5859	81
1379	4	7	160	6780	32221	81
1380	0	18	40	6800	65202	82
1381	3	16	80	6804	9016	70
1382	4	7	40	6808	53581	77
1383	0	18	40	6812	5137	83
1384	4	7	120	6816	1455	76
1385	4	7	120	6820	12243	78
1386	4	7	40	6824	10707	81
1387	0	18	160	6828	32321	80
1388	0	18	120	6832	694	80
1389	4	7	120	6836	12730	83
1390	1	11	160	6840	943	79
1391	0	18	120	6844	22415	78
1392	0	18	40	6848	19805	78
1393	3	16	120	6852	10995	76
1394	4	7	40	6856	14214	82
1395	4	7	80	6860	28684	83
1396	4	7	40	6864	16619	72
1397	1	11	160	6868	61927	79
1398	4	7	160	6872	32200	71
1399	1	11	80	6876	2843	71
1400	4	7	80	6880	31723	74
1401	0	18	120	6884	30496	83
1402	1	11	160	6888	10956	75
1403	0	18	40	6892	15445	72
1404	0	18	120	6896	2820	75
1405	4	7	120	6900	2003	77
1406	0	18	160	6904	16377	77
1407	0	18	160	6908	38325	82
1408	4	7	40	6912	13490	73
1409	4	7	160	6916	24618	82
1410	3	16	160	6920	13526	71
1411	0	18	40	6924	18318	77
1412	0	18	160	6928	6658	76
1413	3	16	40	6932	9469	82
1414	1	11	160	6936	211	72
1415	4	7	160	6940	3184	78
1416	0	18	120	6944	1003	70
1417	3	16	160	6948	44082	76
1418	3	16	80	6952	12845	76
1419	3	16	40	6956	10170	76
1420	3	16	160	6960	15866	71
1421	4	7	40	6964	21973	69
1422	3	16	160	6968	3070	82
1423	0	18	120	6972	8357	83
1424	3	16	80	6976	48346	77
1425	3	16	40	6980	1190	83
1426	3	16	80	6984	1837	82
1427	4	7	160	6988	8884	76
1428	1	11	40	6992	4808	69
1429	1	11	40	6996	4949	72
1430	1	11	160	7000	4563	79
1431	4	7	160	7004	9018	83
1432	0	18	80	7008	69956	76
1433	1	11	120	7012	2313	79
1434	0	18	120	7016	34	76
1435	4	7	120	7020	927	83
1436	0	18	120	7024	31842	79
1437	4	7	160	7028	3687	73
1438	0	18	80	7032	1793	77
1439	4	7	40	7036	38772	82
1440	3	16	120	7040	27039	70
1441	4	7	80	7044	11972	82
1442	0	18	120	7048	3569	76
1443	1	11	160	7052	2450	81
1444	1	11	160	7056	45685	81
1445	0	18	120	7060	4159	71
1446	4	7	160	7064	6530	70
1447	3	16	160	7068	3650	79
1448	1	11	120	7072	10482	72
1449	4	7	40	7076	7417	73
1450	4	7	120	7080	21134	81
1451	1	11	40	7084	17902	79
1452	4	7	120	7088	4933	71
1453	1	11	120	7092	5357	78
1454	4	7	120	7096	7790	69
1455	0	18	80	7100	1120	73
1456	1	11	160	7104	14267	69
1457	0	18	40	7108	1224	76
1458	1	11	120	7112	16244	79
1459	3	16	120	7116	1465	75
1460	0	18	40	7120	142	79
1461	1	11	40	7124	3004	70
1462	4	7	160	7128	11892	82
1463	3	16	40	7132	4933	69
1464	3	16	40	7136	9719	71
1465	4	7	40	7140	1918	72
1466	4	7	160	7144	18482	69
1467	4	7	40	7200	3460	81
1468	1	11	120	7206	9393	75
1469	1	11	80	7212	34390	73
1470	3	16	80	7218	4340	83
1471	1	11	160	7224	20292	81
1472	3	16	80	7230	21680	83
1473	3	16	40	7236	14314	78
1474	0	18	80	7242	13546	75
1475	4	7	120	7248	1293	72
1476	3	16	80	7254	10481	76
1477	1	11	40	7260	502	70
1478	4	7	160	7266	8905	71
1479	1	11	160	7272	14026	74
1480	3	16	40	7278	13478	82
1481	0	18	120	7284	25412	71
1482	3	16	80	7290	33868	72
1483	1	11	40	7296	24403	80
1484	1	11	80	7302	8556	74
1485	0	18	120	7308	9352	83
1486	0	18	80	7314	2546	80
1487	4	7	120	7320	12158	82
1488	3	16	40	7326	14359	79
1489	0	18	40	7332	29408	71
1490	1	11	160	7338	5715	82
1491	0	18	80	7344	21445	71
1492	1	11	40	7350	8878	77
1493	1	11	160	7356	289	70
1494	4	7	160	7362	35638	71
1495	0	18	120	7368	13430	69
1496	0	18	80	7374	29	69
1497	3	16	80	7380	30336	76
1498	3	16	160	7386	11918	78
1499	1	11	160	7392	21268	78
1500	0	18	160	7398	8493	70
1501	0	18	120	7404	2223	72
1502	0	18	40	7410	15249	73
1503	4	7	40	7416	12242	82
1504	0	18	120	7422	2057	73
1505	3	16	160	7428	150	69
1506	4	7	120	7434	33611	80
1507	0	18	80	7440	12274	77
1508	0	18	40	7446	13805	71
1509	0	18	160	7452	5647	80
1510	1	11	160	7458	8477	81
1511	0	18	120	7464	12751	83
1512	1	11	80	7470	10215	74
1513	0	18	160	7476	646	74
1514	4	7	80	7482	6962	77
1515	0	18	80	7488	1700	76
1516	4	7	160	7494	3958	81
1517	1	11	160	7500	17108	70
1518	0	18	120	7506	21069	79
1519	3	16	80	7512	166	71
1520	4	7	160	7518	37615	75
1521	4	7	40	7524	1932	70
1522	0	18	40	7530	9655	71
1523	1	11	80	7536	11902	73
1524	4	7	120	7542	9965	75
1525	3	16	40	7548	7639	80
1526	4	7	120	7554	4157	73
1527	0	18	120	7560	20055	82
1528	4	7	80	7566	16538	75
1529	4	7	160	7572	37	75
1530	3	16	40	7578	1260	71
1531	0	18	160	7600	13027	69
1532	3	16	80	7604	6360	75
1533	1	11	40	7608	14202	77
1534	0	18	160	7612	2411	72
1535	3	16	80	7616	8452	78
1536	0	18	120	7620	2096	82
1537	3	16	40	7624	4298	74
1538	0	18	80	7628	14920	76
1539	3	16	120	7632	8254	74
1540	0	18	40	7636	11057	72
1541	4	7	160	7640	9602	72
1542	3	16	120	7644	36798	79
1543	3	16	40	7648	4670	82
1544	3	16	40	7652	6273	74
1545	1	11	40	7656	15469	83
1546	4	7	160	7660	3603	81
1547	0	18	40	7664	7627	72
1548	3	16	80	7668	10512	76
1549	4	7	80	7672	20352	78
1550	1	11	120	7676	5980	71
1551	3	16	120	7680	3337	83
1552	1	11	160	7684	1170	80
1553	0	18	80	7688	11479	76
1554	3	16	160	7692	24817	71
1555	1	11	120	7696	5328	69
1556	0	18	120	7700	11499	69
1557	3	16	120	7704	1135	69
1558	4	7	120	7708	939	76
1559	3	16	80	7712	13924	76
1560	3	16	40	7716	15260	79
1561	3	16	40	7720	1633	81
1562	1	11	40	7724	26761	70
1563	1	11	80	7728	13687	80
1564	1	11	160	7732	3870	77
1565	1	11	40	7736	22317	80
1566	1	11	80	7740	3341	77
1567	4	7	80	7744	25377	81
1568	4	7	40	7748	24519	70
1569	1	11	160	7752	32732	82
1570	0	18	160	7756	42815	78
1571	0	18	120	7760	46882	76
1572	0	18	80	7764	591	77
1573	3	16	160	7768	4803	73
1574	1	11	80	7772	6367	83
1575	4	7	160	7776	6244	71
1576	0	18	120	7780	2607	75
1577	3	16	160	7784	3141	73
1578	4	7	80	7788	3011	82
1579	3	16	80	7792	21966	76
1580	4	7	80	7796	2851	83
1581	4	7	120	7800	20740	70
1582	1	11	40	7804	3111	74
1583	0	18	160	7808	32149	81
1584	3	16	40	7812	11319	72
1585	0	18	80	7816	23327	71
1586	3	16	40	7820	10110	72
1587	1	11	160	7824	19051	83
1588	3	16	40	7828	20593	74
1589	4	7	80	7832	20813	72
1590	3	16	160	7836	26395	77
1591	1	11	160	7840	871	82
1592	4	7	120	7844	3070	81
1593	3	16	160	7848	303	83
1594	4	7	120	7852	18045	78
1595	1	11	160	7856	7727	74
1596	1	11	160	7860	12885	70
1597	1	11	40	7864	3826	83
1598	1	11	80	7868	573	73
1599	1	11	40	7872	9929	77
1600	0	18	160	7876	7880	74
1601	4	7	80	7880	5737	83
1602	0	18	40	7884	10996	70
1603	0	18	80	7888	12562	78
1604	4	7	120	7892	22356	69
1605	0	18	40	7896	6384	79
1606	3	16	80	7900	2599	74
1607	4	7	160	7904	17280	75
1608	4	7	40	7908	2738	76
1609	4	7	40	7912	7570	83
1610	0	18	40	7916	2138	78
1611	3	16	120	7920	5855	80
1612	4	7	80	7924	24325	70
1613	1	11	40	7928	3224	83
1614	3	16	40	7932	7734	77
1615	4	7	120	7936	27303	78
1616	0	18	160	7940	27493	76
1617	1	11	40	7944	38963	73
1618	3	16	40	7948	867	76
1619	0	18	80	7952	6512	75
1620	3	16	40	7956	3857	76
1621	4	7	120	7960	7118	77
1622	0	18	80	8000	731	76
1623	0	18	120	8004	576	81
1624	4	7	160	8008	558	73
1625	3	16	160	8012	27840	79
1626	1	11	40	8016	16836	78
1627	1	11	80	8020	280	78
1628	3	16	80	8024	9639	79
1629	4	7	80	8028	33169	77
1630	1	11	40	8032	16511	70
1631	4	7	80	8036	30652	75
1632	0	18	120	8040	2434	83
1633	1	11	40	8044	12914	74
1634	1	11	120	8048	5322	70
1635	4	7	160	8052	21365	69
1636	3	16	80	8056	3018	83
1637	1	11	160	8060	10394	80
1638	1	11	40	8064	1086	80
1639	3	16	40	8068	2648	77
1640	3	16	40	8072	13020	81
1641	3	16	80	8076	19696	80
1642	3	16	120	8080	10744	75
1643	4	7	160	8084	5212	74
1644	4	7	80	8088	12955	78
1645	4	7	80	8092	8391	81
1646	3	16	120	8096	2704	81
1647	1	11	120	8100	55359	82
1648	4	7	160	8104	9578	74
1649	0	18	40	8108	25491	83
1650	0	18	40	8112	10294	82
1651	0	18	120	8116	14335	81
1652	3	16	160	8120	2727	76
1653	0	18	40	8124	11861	82
1654	3	16	40	8128	4074	69
1655	0	18	40	8132	415	80
1656	4	7	160	8136	4645	76
1657	0	18	80	8140	9665	72
1658	1	11	80	8144	11100	73
1659	0	18	160	8148	34391	73
1660	3	16	160	8152	12890	70
1661	0	18	40	8156	2259	80
1662	1	11	80	8160	2842	80
1663	0	18	160	8164	3728	82
1664	1	11	160	8168	15295	82
1665	0	18	120	8172	3308	71
1666	1	11	160	8176	2714	81
1667	1	11	40	8180	2816	80
1668	4	7	80	8184	25189	82
1669	4	7	80	8188	12382	77
1670	0	18	40	8192	13480	78
1671	4	7	160	8196	4617	80
1672	0	18	160	8200	24908	77
1673	0	18	40	8204	24639	83
1674	3	16	40	8208	16962	78
1675	0	18	120	8212	7587	80
1676	1	11	160	8216	23246	71
1677	0	18	80	8220	14720	70
1678	0	18	80	8224	5865	72
1679	4	7	120	8228	9381	76
1680	4	7	40	8232	14446	82
1681	0	18	120	8236	17331	80
1682	1	11	120	8240	7692	72
1683	3	16	40	8244	13364	80
1684	3	16	40	8248	5374	79
1685	1	11	120	8252	618	73
1686	0	18	80	8256	15230	83
1687	0	18	120	8260	9737	70
1688	3	16	40	8264	5567	73
1689	0	18	80	8268	4702	73
1690	0	18	160	8272	8571	76
1691	3	16	160	8276	13277	80
1692	4	7	80	8280	44743	75
1693	0	18	80	8284	1858	76
1694	4	7	40	8288	9307	75
1695	1	11	40	8292	8092	69
1696	1	11	160	8296	10857	69
1697	1	11	160	8300	4706	76
1698	3	16	160	8304	11992	75
1699	3	16	120	8308	6522	75
1700	3	16	80	8312	4290	83
1701	0	18	120	8316	58858	69
1702	3	16	40	8320	1434	83
1703	0	18	80	8324	28397	81
1704	4	7	160	8328	2762	73
1705	1	11	80	8400	3557	70
1706	0	18	120	8404	20755	72
1707	1	11	160	8408	4834	76
1708	1	11	160	8412	24585	73
1709	3	16	80	8416	20530	73
1710	4	7	80	8420	2354	78
1711	3	16	120	8424	11429	74
1712	4	7	40	8428	2185	83
1713	1	11	160	8432	755	81
1714	1	11	120	8436	3342	74
1715	1	11	80	8440	26973	74
1716	3	16	80	8444	14382	76
1717	4	7	80	8448	9298	69
1718	3	16	120	8452	28380	72
1719	0	18	80	8456	13313	78
1720	0	18	40	8460	8858	72
1721	1	11	80	8464	12484	80
1722	3	16	160	8468	21840	75
1723	3	16	160	8472	9668	78
1724	3	16	80	8476	1715	69
1725	3	16	80	8480	66	82
1726	4	7	120	8484	5048	73
1727	0	18	120	8488	15758	69
1728	1	11	40	8492	4843	76
1729	1	11	40	8496	3714	77
1730	3	16	160	8500	24789	79
1731	4	7	160	8504	9096	78
1732	3	16	80	8508	933	78
1733	3	16	120	8512	41057	80
1734	0	18	40	8516	3322	76
1735	3	16	120	8520	14746	81
1736	3	16	80	8524	12647	80
1737	1	11	40	8528	10046	75
1738	3	16	40	8532	7528	75
1739	1	11	160	8536	1324	77
1740	1	11	160	8540	3098	69
1741	3	16	120	8544	5878	75
1742	3	16	160	8548	13850	80
1743	0	18	160	8552	9632	83
1744	1	11	40	8556	1894	78
1745	3	16	80	8560	27191	71
1746	3	16	120	8564	8384	80
1747	3	16	120	8568	29569	77
1748	3	16	160	8572	27679	70
1749	1	11	120	8576	12435	70
1750	3	16	120	8580	18850	77
1751	3	16	120	8584	692	69
1752	4	7	40	8588	6503	73
1753	3	16	120	8592	39120	81
1754	3	16	120	8596	27306	72
1755	1	11	40	8600	12732	72
1756	1	11	120	8604	2015	78
1757	4	7	40	8608	9835	74
1758	1	11	40	8612	17793	81
1759	0	18	120	8616	2679	75
1760	1	11	160	8620	29319	81
1761	4	7	40	8624	1153	72
1762	0	18	160	8628	92302	83
1763	0	18	120	8632	11143	80
1764	4	7	80	8636	35027	78
1765	0	18	120	8640	12485	83
1766	4	7	40	8644	9300	79
1767	1	11	80	8648	2665	72
1768	0	18	120	8652	20525	73
1769	3	16	160	8656	9207	76
1770	4	7	160	8660	3339	77
1771	1	11	80	8664	1688	70
1772	0	18	40	8668	912	78
1773	1	11	160	8672	19408	78
1774	4	7	120	8676	7015	78
1775	1	11	80	8680	1736	80
1776	3	16	120	8684	39234	83
1777	3	16	40	8688	4043	76
1778	1	11	160	8692	6274	83
1779	0	18	40	8696	3244	82
1780	0	18	120	8700	8384	71
1781	1	11	160	8704	6713	79
1782	1	11	120	8708	21308	83
1783	4	7	80	8712	13932	75
1784	3	16	120	8716	7711	83
1785	0	18	80	8720	20390	79
1786	4	7	160	8724	1439	74
1787	0	18	160	8728	1442	81
1788	4	7	40	8732	871	77
1789	4	7	40	8736	10638	72
1790	0	18	40	8740	9656	72
1791	4	7	80	8744	1158	75
1792	4	7	160	8748	18962	77
1793	1	11	120	8752	3709	83
1794	4	7	40	8800	2548	80
1795	1	11	160	8804	1753	81
1796	1	11	160	8808	5887	75
1797	3	16	40	8812	998	69
1798	0	18	80	8816	11173	74
1799	0	18	120	8820	8302	79
1800	3	16	80	8824	5298	75
1801	1	11	40	8828	4342	77
1802	1	11	160	8832	1207	73
1803	4	7	160	8836	5443	77
1804	3	16	160	8840	6176	76
1805	1	11	40	8844	12975	76
1806	1	11	80	8848	48798	75
1807	3	16	40	8852	11511	78
1808	4	7	40	8856	8780	72
1809	0	18	40	8860	17252	75
1810	3	16	80	8864	14129	73
1811	4	7	80	8868	24347	71
1812	1	11	40	8872	1981	74
1813	1	11	160	8876	9216	82
1814	0	18	40	8880	14341	73
1815	4	7	160	8884	7954	70
1816	3	16	80	8888	3629	72
1817	1	11	80	8892	4499	77
1818	1	11	40	8896	1682	80
1819	4	7	40	8900	1655	83
1820	1	11	120	8904	9154	77
1821	3	16	40	8908	6662	82
1822	1	11	80	8912	1658	78
1823	1	11	120	8916	3156	70
1824	3	16	160	8920	48852	72
1825	0	18	120	8924	1962	71
1826	1	11	120	8928	4935	76
1827	3	16	80	8932	19762	78
1828	1	11	160	8936	11306	81
1829	1	11	120	8940	4396	80
1830	4	7	120	8944	16489	73
1831	0	18	120	8948	25662	83
1832	3	16	160	8952	13680	70
1833	1	11	80	8956	28604	73
1834	1	11	160	8960	25442	76
1835	3	16	80	8964	2665	78
1836	0	18	40	8968	4855	75
1837	1	11	120	8972	7527	74
1838	1	11	120	8976	4017	82
1839	1	11	80	8980	20134	76
1840	4	7	160	8984	21571	72
1841	0	18	120	8988	8226	80
1842	1	11	160	8992	10827	77
1843	4	7	160	8996	4410	70
1844	0	18	120	9000	27159	83
1845	1	11	120	9004	13833	70
1846	1	11	80	9008	33722	69
1847	3	16	40	9012	3580	79
1848	1	11	80	9016	10087	79
1849	0	18	40	9020	14719	79
1850	3	16	80	9024	24948	77
1851	0	18	80	9028	936	82
1852	0	18	160	9032	35709	72
1853	0	18	80	9036	7779	75
1854	4	7	160	9040	40468	70
1855	4	7	40	9044	32060	76
1856	0	18	120	9048	2301	82
1857	0	18	40	9052	23978	71
1858	1	11	160	9056	5770	73
1859	1	11	40	9060	3475	74
1860	4	7	120	9064	4692	69
1861	3	16	40	9068	2316	81
1862	1	11	80	9072	79	80
1863	1	11	80	9076	2861	75
1864	1	11	120	9080	188	70
1865	3	16	160	9084	19913	73
1866	0	18	120	9088	2504	69
1867	0	18	120	9092	3363	70
1868	4	7	40	9096	12808	75
1869	3	16	160	9100	8274	79
1870	4	7	120	9104	1976	78
1871	0	18	120	9108	19019	81
1872	0	18	160	9112	342	78
1873	0	18	160	9116	4585	73
1874	0	18	40	9120	4186	79
1875	0	18	40	9124	458	81
1876	1	11	40	9128	21385	73
1877	3	16	120	9132	20680	77
1878	0	18	40	9136	4900	70
1879	1	11	80	9140	4257	70
1880	4	7	80	9144	2845	70
1881	4	7	80	9148	990	81
1882	1	11	160	9200	3274	82
1883	0	18	120	9205	28059	71
1884	3	16	40	9210	6783	72
1885	4	7	40	9215	13372	75
1886	4	7	120	9220	32469	79
1887	1	11	80	9225	2724	78
1888	1	11	120	9230	34188	71
1889	1	11	120	9235	35739	83
1890	3	16	120	9240	299	79
1891	0	18	160	9245	7581	72
1892	0	18	160	9250	1055	69
1893	4	7	80	9255	403	77
1894	1	11	160	9260	8070	75
1895	0	18	160	9265	12902	75
1896	4	7	40	9270	8070	83
1897	0	18	120	9275	5779	71
1898	1	11	40	9280	4142	69
1899	1	11	160	9285	1082	78
1900	0	18	160	9290	8220	70
1901	1	11	120	9295	14264	82
1902	3	16	160	9300	11052	72
1903	4	7	120	9305	875	69
1904	1	11	80	9310	9713	70
1905	3	16	120	9315	999	80
1906	0	18	80	9320	576	73
1907	4	7	40	9325	11976	82
1908	0	18	40	9330	2418	80
1909	3	16	120	9335	31604	72
1910	3	16	40	9340	1253	72
1911	3	16	40	9345	5224	73
1912	4	7	40	9350	9038	70
1913	0	18	120	9355	1040	72
1914	3	16	160	9360	494	73
1915	0	18	40	9365	3362	71
1916	1	11	40	9370	33126	82
1917	0	18	160	9375	1305	78
1918	3	16	40	9380	18188	72
1919	1	11	80	9385	5054	79
1920	4	7	40	9390	25106	78
1921	3	16	40	9395	50562	75
1922	3	16	160	9400	4320	83
1923	3	16	120	9405	14729	76
1924	4	7	40	9410	7699	83
1925	3	16	160	9415	13803	74
1926	4	7	160	9420	14889	80
1927	0	18	120	9425	63732	69
1928	3	16	160	9430	21122	81
1929	4	7	80	9435	12118	72
1930	0	18	160	9440	9527	82
1931	1	11	120	9445	7163	71
1932	0	18	80	9450	9049	76
1933	3	16	80	9455	3437	76
1934	0	18	80	9460	19480	69
1935	3	16	120	9465	8700	71
1936	0	18	120	9470	7785	78
1937	1	11	80	9475	2212	82
1938	4	7	40	9480	5143	69
1939	0	18	80	9485	5204	76
1940	3	16	160	9490	11768	70
1941	4	7	80	9495	4310	81
1942	0	18	80	9500	249	82
1943	3	16	40	9505	168	82
1944	4	7	80	9510	22762	80
1945	0	18	80	9515	13363	75
1946	0	18	160	9520	33609	71
1947	0	18	80	9525	13	81
1948	1	11	80	9530	59127	72
1949	1	11	120	9535	3375	73
1950	3	16	160	9540	15363	77
1951	4	7	80	9545	5862	73
1952	1	11	80	9550	11051	83
1953	4	7	160	9555	35530	73
1954	3	16	120	9560	2823	69
1955	3	16	160	9600	8577	79
1956	3	16	120	9608	5991	83
1957	0	18	80	9616	27037	79
1958	4	7	120	9624	10900	70
1959	3	16	120	9632	24615	80
1960	4	7	160	9640	5526	83
1961	4	7	120	9648	638	72
1962	0	18	40	9656	19519	69
1963	1	11	160	9664	9496	76
1964	3	16	120	9672	5741	74
1965	0	18	80	9680	12585	69
1966	1	11	120	9688	20806	81
1967	0	18	160	9696	3943	78
1968	0	18	40	9704	3946	71
1969	0	18	80	9712	8924	70
1970	4	7	120	9720	17483	77
1971	4	7	160	9728	17549	69
1972	0	18	120	9736	16853	77
1973	3	16	120	9744	6712	80
1974	4	7	120	9752	15222	77
1975	4	7	120	9760	10262	80
1976	1	11	160	9768	40095	76
1977	4	7	160	9776	4083	69
1978	3	16	40	9784	23339	80
1979	4	7	120	9792	19428	77
1980	3	16	160	9800	16361	71
1981	3	16	120	9808	14842	82
1982	4	7	80	9816	27	81
1983	1	11	80	9824	10490	77
1984	0	18	80	9832	29398	79
1985	1	11	120	9840	2113	77
1986	0	18	80	9848	22579	72
1987	0	18	120	9856	10449	71
1988	4	7	120	9864	482	75
1989	1	11	120	9872	4144	74
1990	4	7	160	9880	1570	71
1991	0	18	40	9888	10479	82
1992	3	16	120	9896	10171	80
1993	1	11	80	9904	7782	73
1994	1	11	120	9912	48774	76
1995	4	7	40	9920	10214	82
1996	3	16	80	9928	8278	80
1997	4	7	80	9936	7705	75
1998	0	18	80	9944	12050	77
1999	3	16	40	9952	2682	79
