0	4	7	60	0	1256	69
1	0	18	80	10	906	55
2	4	7	60	20	3479	62
3	3	16	80	30	275	64
4	0	18	40	40	366	55
5	3	16	20	50	3786	57
6	3	16	20	60	31	68
7	1	11	20	70	11005	59
8	3	16	60	80	1691	65
9	1	11	80	90	138	58
10	3	16	80	100	1660	69
11	0	18	40	110	7723	60
12	3	16	60	120	2646	66
13	1	11	60	130	14776	55
14	3	16	60	140	4408	61
15	0	18	20	150	4093	66
16	0	18	80	160	5001	64
17	4	7	40	170	336	56
18	3	16	20	180	3135	62
19	3	16	60	190	3106	54
20	4	7	80	200	23626	67
21	1	11	80	210	2774	56
22	1	11	20	220	3562	57
23	0	18	20	230	1630	63
24	0	18	60	240	1006	64
25	0	18	40	250	490	58
26	3	16	40	260	10064	68
27	0	18	60	270	2214	62
28	0	18	80	280	6371	57
29	0	18	20	290	591	67
30	4	7	20	300	1933	64
31	0	18	20	310	9910	66
32	3	16	20	320	2064	65
33	3	16	60	330	4903	54
34	0	18	80	340	1356	67
35	4	7	20	350	8564	54
36	0	18	60	360	2769	55
37	3	16	20	370	7418	64
38	1	11	40	380	90	65
39	0	18	40	390	2858	62
40	3	16	40	400	4086	63
41	3	16	60	411	1375	54
42	3	16	60	422	5441	64
43	0	18	20	433	2039	56
44	1	11	20	444	10075	60
45	1	11	40	455	2368	59
46	1	11	20	466	5790	69
47	4	7	80	477	3467	63
48	1	11	20	488	1065	65
49	1	11	20	499	1884	67
50	1	11	60	510	321	68
51	3	16	80	521	9831	59
52	0	18	60	532	1259	62
53	0	18	40	543	18068	55
54	4	7	40	554	450	57
55	3	16	80	565	5866	67
56	4	7	80	576	3799	68
57	3	16	40	587	1130	69
58	1	11	20	598	7437	54
59	0	18	80	609	14354	67
60	0	18	60	620	4719	59
61	3	16	60	631	3496	59
62	1	11	20	642	600	56
63	3	16	40	653	929	68
64	3	16	80	664	4207	63
65	1	11	80	675	2203	57
66	1	11	40	686	2404	65
67	4	7	20	697	6011	66
68	0	18	60	708	4651	58
69	3	16	60	719	6155	61
70	4	7	60	730	608	65
71	1	11	60	741	8165	69
72	1	11	20	752	240	61
73	1	11	80	763	132	54
74	4	7	20	774	9212	60
75	0	18	20	785	4901	66
76	3	16	40	800	5655	61
77	1	11	20	809	844	54
78	3	16	20	818	2146	56
79	3	16	40	827	5974	58
80	4	7	20	836	1725	58
81	4	7	60	845	1659	58
82	3	16	40	854	849	67
83	4	7	60	863	2185	59
84	3	16	40	872	248	68
85	1	11	20	881	2531	58
86	4	7	40	890	4153	58
87	3	16	60	899	2138	63
88	4	7	20	908	3665	66
89	3	16	20	917	2922	54
90	0	18	20	926	1254	56
91	3	16	40	935	1168	55
92	1	11	80	944	28919	63
93	1	11	60	953	205	68
94	0	18	80	962	6814	57
95	0	18	80	971	235	57
96	1	11	40	980	656	68
97	0	18	20	989	3072	66
98	1	11	40	998	5523	63
99	0	18	20	1007	2739	57
100	0	18	80	1016	21282	64
101	3	16	20	1025	17490	57
102	3	16	40	1034	8912	59
103	4	7	40	1043	2379	58
104	1	11	60	1052	1069	56
105	0	18	20	1061	928	69
106	0	18	60	1070	7753	68
107	4	7	80	1079	1084	61
108	0	18	20	1088	372	64
109	3	16	40	1097	2043	61
110	0	18	60	1106	50	59
111	3	16	60	1115	2199	67
112	0	18	20	1124	7107	67
113	3	16	60	1133	284	66
114	0	18	60	1142	3890	63
115	0	18	20	1151	1742	54
116	4	7	20	1160	1985	62
117	1	11	60	1169	5070	67
118	4	7	20	1178	636	69
119	1	11	60	1187	802	58
120	3	16	40	1200	6013	68
121	3	16	60	1212	153	56
122	4	7	20	1224	781	69
123	1	11	40	1236	740	58
124	1	11	40	1248	2903	58
125	1	11	20	1260	8745	64
126	0	18	60	1272	8187	59
127	0	18	60	1284	33	63
128	0	18	80	1296	966	66
129	4	7	40	1308	7400	57
130	3	16	80	1320	3237	68
131	1	11	20	1332	997	65
132	4	7	60	1344	2330	61
133	3	16	80	1356	10077	68
134	3	16	60	1368	6062	63
135	0	18	20	1380	1804	55
136	0	18	20	1392	2371	69
137	4	7	20	1404	5434	63
138	3	16	20	1416	825	56
139	3	16	40	1428	7668	69
140	0	18	60	1440	3796	60
141	0	18	60	1452	2100	66
142	3	16	60	1464	1572	68
143	1	11	80	1476	892	59
144	3	16	60	1488	2819	64
145	3	16	40	1500	7492	58
146	1	11	20	1512	2196	58
147	3	16	20	1524	10667	67
148	0	18	80	1536	2235	59
149	0	18	60	1548	2500	57
150	1	11	60	1560	4385	65
151	0	18	80	1600	2269	54
152	0	18	20	1609	1970	66
153	0	18	80	1618	3347	58
154	1	11	60	1627	5066	59
155	1	11	40	1636	12624	62
156	3	16	80	1645	6641	57
157	0	18	80	1654	5138	55
158	1	11	80	1663	10773	69
159	4	7	40	1672	1704	62
160	4	7	40	1681	1639	63
161	0	18	20	1690	7529	59
162	3	16	80	1699	91	65
163	0	18	80	1708	1130	61
164	4	7	40	1717	7461	62
165	3	16	40	1726	6277	63
166	3	16	20	1735	15927	60
167	1	11	20	1744	9691	68
168	0	18	20	1753	1360	56
169	4	7	40	1762	1198	61
170	0	18	80	1771	9456	54
171	4	7	20	1780	4180	68
172	4	7	40	1789	3037	64
173	1	11	60	1798	1393	54
174	0	18	20	1807	3365	68
175	1	11	80	1816	1842	56
176	0	18	20	1825	4987	57
177	1	11	20	1834	15165	64
178	4	7	80	1843	4352	63
179	4	7	80	1852	4431	54
180	0	18	80	1861	2502	59
181	1	11	60	1870	11276	62
182	4	7	60	1879	3471	58
183	0	18	40	1888	5544	63
184	3	16	60	1897	778	61
185	3	16	80	1906	520	67
186	1	11	20	1915	7129	69
187	3	16	80	1924	8307	56
188	0	18	40	1933	898	63
189	0	18	40	1942	6925	55
190	1	11	20	1951	3221	68
191	4	7	40	1960	5149	68
192	3	16	20	1969	6656	64
193	3	16	60	1978	7316	64
194	3	16	20	2000	2908	60
195	0	18	40	2010	5794	55
196	3	16	60	2020	1950	55
197	1	11	60	2030	328	60
198	1	11	40	2040	1752	67
199	4	7	40	2050	5007	55
200	4	7	40	2060	8010	68
201	0	18	80	2070	2863	60
202	3	16	20	2080	4110	64
203	1	11	40	2090	741	67
204	4	7	80	2100	3272	56
205	1	11	60	2110	71	66
206	1	11	40	2120	9245	59
207	3	16	40	2130	398	66
208	0	18	60	2140	25004	60
209	4	7	80	2150	1718	56
210	1	11	20	2160	1123	58
211	1	11	80	2170	7147	62
212	0	18	20	2180	247	61
213	1	11	80	2190	1218	69
214	4	7	60	2200	8541	56
215	3	16	80	2210	2016	54
216	1	11	60	2220	1245	54
217	1	11	60	2230	1274	55
218	3	16	40	2240	287	69
219	1	11	60	2250	5138	64
220	0	18	20	2260	12883	64
221	0	18	20	2270	451	58
222	0	18	80	2280	4952	58
223	4	7	80	2290	2505	55
224	3	16	40	2300	4894	63
225	0	18	60	2310	803	56
226	0	18	80	2320	7272	58
227	0	18	80	2330	4718	54
228	4	7	60	2340	6012	63
229	4	7	60	2350	6513	66
230	4	7	20	2360	16346	55
231	3	16	60	2400	4018	66
232	0	18	60	2407	3897	67
233	0	18	40	2414	11912	62
234	0	18	40	2421	6533	55
235	0	18	80	2428	12307	69
236	4	7	40	2435	1416	68
237	3	16	20	2442	2117	61
238	1	11	40	2449	848	61
239	0	18	20	2456	693	65
240	1	11	60	2463	999	61
241	3	16	80	2470	5342	56
242	3	16	20	2477	8369	65
243	0	18	60	2484	7644	60
244	4	7	20	2491	3452	67
245	0	18	40	2498	5100	59
246	3	16	20	2505	4362	60
247	1	11	20	2512	3176	64
248	4	7	20	2519	12647	61
249	4	7	40	2526	514	60
250	4	7	60	2533	2752	54
251	1	11	20	2540	479	69
252	4	7	40	2547	37	61
253	0	18	80	2554	3994	56
254	3	16	20	2561	5609	61
255	3	16	40	2568	5680	64
256	4	7	20	2575	6460	55
257	3	16	40	2582	777	63
258	4	7	20	2589	2489	57
259	3	16	20	2596	1891	69
260	1	11	60	2603	793	61
261	0	18	60	2610	933	59
262	4	7	60	2617	1526	57
263	0	18	20	2624	864	63
264	0	18	60	2631	1822	55
265	3	16	60	2638	3776	61
266	0	18	20	2645	942	65
267	0	18	60	2652	470	69
268	1	11	40	2659	2449	67
269	4	7	60	2666	10519	57
270	4	7	40	2673	411	55
271	3	16	40	2680	7768	63
272	4	7	20	2687	340	63
273	1	11	40	2694	9639	58
274	4	7	80	2701	2789	56
275	3	16	20	2708	1009	61
276	1	11	80	2715	1045	62
277	4	7	40	2722	7807	67
278	0	18	60	2729	8731	57
279	1	11	80	2736	16872	58
280	3	16	40	2743	2919	66
281	4	7	60	2750	1368	63
282	0	18	80	2757	5311	62
283	4	7	40	2764	4278	57
284	0	18	80	2800	1462	66
285	3	16	20	2812	8165	55
286	4	7	40	2824	3916	59
287	0	18	80	2836	18840	64
288	1	11	20	2848	868	55
289	1	11	20	2860	190	61
290	0	18	80	2872	663	68
291	0	18	20	2884	518	59
292	4	7	20	2896	11802	57
293	3	16	40	2908	6735	62
294	4	7	40	2920	15508	58
295	0	18	20	2932	51	55
296	4	7	20	2944	2177	69
297	3	16	20	2956	4586	55
298	0	18	80	2968	2663	59
299	1	11	60	2980	13664	59
300	0	18	40	2992	2858	63
301	3	16	40	3004	3220	60
302	0	18	80	3016	377	67
303	4	7	40	3028	120	58
304	0	18	80	3040	92	58
305	0	18	40	3052	4096	60
306	1	11	80	3064	127	60
307	1	11	20	3076	418	57
308	0	18	80	3088	554	69
309	0	18	20	3100	3027	69
310	1	11	60	3112	3005	55
311	4	7	60	3124	11470	57
312	3	16	60	3136	1366	59
313	1	11	40	3148	2600	69
314	0	18	80	3160	7829	57
315	1	11	80	3172	8838	67
316	4	7	60	3200	2564	67
317	4	7	40	3212	4318	69
318	0	18	20	3224	8760	67
319	3	16	60	3236	2739	54
320	3	16	40	3248	17262	56
321	0	18	20	3260	988	55
322	4	7	60	3272	9899	68
323	4	7	40	3284	2120	59
324	3	16	60	3296	5969	58
325	4	7	40	3308	14959	66
326	4	7	40	3320	9583	60
327	1	11	80	3332	1243	55
328	3	16	80	3344	10687	69
329	4	7	80	3356	2687	54
330	4	7	20	3368	6502	61
331	4	7	60	3380	3174	60
332	4	7	40	3392	1860	62
333	4	7	80	3404	10109	67
334	0	18	60	3416	2574	64
335	4	7	20	3428	13410	59
336	4	7	80	3440	890	66
337	0	18	40	3452	4886	57
338	4	7	40	3464	4020	69
339	4	7	60	3476	4378	60
340	0	18	20	3488	7297	65
341	3	16	40	3500	2978	56
342	0	18	80	3512	7908	64
343	1	11	20	3524	4364	55
344	0	18	40	3536	2920	59
345	1	11	40	3548	940	65
346	1	11	40	3560	7138	69
347	1	11	80	3600	2536	58
348	3	16	60	3620	12455	59
349	1	11	40	3640	372	60
350	0	18	40	3660	3102	58
351	4	7	80	3680	5701	54
352	3	16	20	3700	6322	58
353	3	16	40	3720	18535	58
354	3	16	40	3740	15752	57
355	0	18	20	3760	1379	62
356	3	16	80	3780	4055	61
357	0	18	40	3800	4540	61
358	1	11	80	3820	1175	54
359	0	18	60	3840	191	61
360	0	18	20	3860	5266	54
361	0	18	20	3880	5778	58
362	3	16	20	3900	737	57
363	1	11	20	3920	4088	69
364	0	18	20	3940	5203	61
365	3	16	80	3960	15730	64
366	4	7	20	3980	3387	64
367	4	7	60	4000	1843	61
368	1	11	60	4012	13	58
369	0	18	60	4024	8969	67
370	3	16	80	4036	4693	55
371	3	16	40	4048	5844	64
372	4	7	20	4060	106	54
373	0	18	40	4072	1007	61
374	1	11	40	4084	4281	59
375	0	18	20	4096	2476	69
376	0	18	40	4108	1768	60
377	3	16	40	4120	1159	67
378	4	7	80	4132	8953	54
379	0	18	40	4144	3335	63
380	1	11	80	4156	622	66
381	3	16	60	4168	2314	55
382	4	7	40	4180	1494	66
383	1	11	40	4192	7377	63
384	3	16	60	4204	11961	66
385	4	7	40	4216	178	61
386	1	11	40	4228	5604	56
387	1	11	20	4240	1922	57
388	0	18	60	4252	11228	64
389	0	18	60	4264	807	56
390	1	11	20	4276	1588	67
391	4	7	60	4288	2944	58
392	4	7	40	4300	2396	56
393	3	16	60	4312	3540	61
394	3	16	60	4324	10835	59
395	0	18	20	4336	309	60
396	4	7	20	4348	1764	69
397	3	16	80	4360	1000	65
398	0	18	20	4372	11026	63
399	3	16	60	4400	3086	64
400	1	11	20	4409	4067	54
401	3	16	80	4418	2486	61
402	4	7	20	4427	2510	54
403	1	11	80	4436	255	61
404	3	16	60	4445	2032	59
405	3	16	20	4454	5905	63
406	0	18	60	4463	5286	69
407	1	11	60	4472	3389	67
408	0	18	80	4481	1620	69
409	3	16	40	4490	2927	58
410	0	18	60	4499	10896	56
411	0	18	60	4508	1948	64
412	0	18	40	4517	6152	61
413	0	18	60	4526	4671	60
414	4	7	80	4535	9314	64
415	3	16	40	4544	1385	68
416	1	11	60	4553	2409	62
417	1	11	60	4562	1581	63
418	4	7	40	4571	4690	56
419	1	11	80	4580	4608	54
420	1	11	40	4589	1028	62
421	3	16	20	4598	841	60
422	4	7	20	4607	2245	67
423	0	18	20	4616	6872	56
424	4	7	60	4625	3338	69
425	4	7	40	4634	743	66
426	4	7	80	4643	1527	62
427	0	18	40	4652	2311	62
428	3	16	80	4661	1366	55
429	1	11	40	4670	3495	68
430	0	18	80	4679	442	54
431	1	11	40	4688	584	64
432	3	16	20	4697	1514	57
433	1	11	40	4706	1757	59
434	4	7	40	4715	10486	63
435	4	7	20	4724	4572	58
436	3	16	40	4733	14457	55
437	1	11	60	4742	1150	58
438	3	16	80	4751	2344	58
439	0	18	60	4760	785	57
440	4	7	60	4769	1486	61
441	4	7	80	4800	804	59
442	0	18	20	4810	198	58
443	3	16	40	4820	2183	59
444	0	18	80	4830	1142	69
445	0	18	60	4840	11404	56
446	3	16	20	4850	5323	67
447	4	7	80	4860	5736	65
448	4	7	80	4870	4617	66
449	0	18	20	4880	4094	61
450	3	16	40	4890	3891	68
451	3	16	60	4900	122	59
452	4	7	40	4910	3028	63
453	3	16	40	4920	1163	63
454	0	18	20	4930	1490	56
455	3	16	20	4940	2380	63
456	4	7	80	4950	135	64
457	3	16	20	4960	4149	67
458	1	11	20	4970	2739	62
459	4	7	40	4980	1038	62
460	3	16	20	4990	2421	55
461	4	7	20	5000	1394	60
462	4	7	80	5010	1325	65
463	3	16	60	5020	5552	54
464	3	16	40	5030	2138	58
465	3	16	40	5040	6406	61
466	3	16	40	5050	292	61
467	4	7	20	5060	2245	55
468	1	11	40	5070	5736	67
469	4	7	80	5080	1000	59
470	4	7	20	5090	1540	67
471	4	7	20	5100	905	57
472	4	7	80	5110	8581	59
473	4	7	80	5120	2871	68
474	1	11	20	5130	1871	62
475	1	11	60	5140	182	56
476	1	11	80	5150	609	56
477	0	18	60	5160	36	61
478	0	18	20	5170	3395	56
479	4	7	80	5180	3909	66
480	0	18	20	5200	2276	69
481	0	18	80	5209	3245	66
482	1	11	60	5218	5612	66
483	3	16	60	5227	4184	64
484	3	16	20	5236	12941	54
485	3	16	40	5245	310	64
486	1	11	80	5254	3715	55
487	4	7	80	5263	258	64
488	0	18	20	5272	182	56
489	0	18	20	5281	2606	69
490	0	18	20	5290	4175	64
491	4	7	20	5299	1586	57
492	4	7	40	5308	5611	66
493	3	16	40	5317	967	65
494	1	11	40	5326	5150	56
495	0	18	40	5335	64	55
496	0	18	80	5344	9217	63
497	3	16	60	5353	1415	57
498	4	7	80	5362	25	55
499	1	11	60	5371	2391	62
500	1	11	20	5380	8215	65
501	4	7	20	5389	1462	65
502	3	16	60	5398	40833	68
503	4	7	80	5407	2490	60
504	1	11	20	5416	1548	63
505	4	7	20	5425	2174	64
506	4	7	60	5434	637	69
507	0	18	60	5443	75	64
508	0	18	40	5452	8438	55
509	4	7	40	5461	1239	69
510	0	18	20	5470	1468	60
511	3	16	20	5479	98	56
512	3	16	20	5488	305	65
513	3	16	40	5497	8224	65
514	3	16	20	5506	6332	63
515	3	16	40	5515	9146	58
516	1	11	60	5524	3108	64
517	1	11	20	5533	4013	55
518	4	7	60	5542	6239	69
519	0	18	20	5551	1659	63
520	1	11	40	5560	859	60
521	3	16	60	5600	31	67
522	3	16	80	5610	1944	69
523	0	18	20	5620	1330	68
524	4	7	60	5630	3408	65
525	4	7	80	5640	19404	63
526	0	18	80	5650	2380	61
527	0	18	40	5660	4411	64
528	1	11	60	5670	6207	66
529	1	11	80	5680	1771	61
530	1	11	80	5690	623	62
531	4	7	40	5700	7413	68
532	1	11	60	5710	10	60
533	3	16	40	5720	520	64
534	1	11	60	5730	5576	54
535	1	11	20	5740	546	57
536	3	16	40	5750	3245	68
537	1	11	80	5760	1374	59
538	0	18	60	5770	1587	54
539	4	7	80	5780	3117	60
540	3	16	60	5790	10487	64
541	0	18	40	5800	3529	60
542	3	16	40	5810	813	62
543	1	11	80	5820	6022	57
544	4	7	20	5830	752	62
545	3	16	20	5840	3908	61
546	1	11	20	5850	1171	62
547	0	18	20	5860	8549	54
548	0	18	40	5870	2180	55
549	3	16	20	5880	6987	67
550	4	7	80	5890	2583	60
551	4	7	60	5900	1241	62
552	3	16	20	5910	2838	58
553	4	7	80	5920	4397	62
554	0	18	40	5930	1186	55
555	4	7	60	5940	7980	68
556	0	18	20	5950	10161	66
557	1	11	60	5960	5049	69
558	0	18	20	5970	8828	65
559	1	11	20	6000	1595	54
560	4	7	40	6009	14148	57
561	3	16	40	6018	2609	59
562	3	16	80	6027	1048	67
563	4	7	40	6036	2943	63
564	3	16	60	6045	521	60
565	0	18	60	6054	2494	62
566	0	18	60	6063	88	66
567	4	7	60	6072	12097	55
568	1	11	60	6081	511	64
569	0	18	20	6090	4396	59
570	0	18	20	6099	1677	60
571	4	7	80	6108	1148	59
572	0	18	60	6117	1459	54
573	0	18	60	6126	1143	63
574	1	11	40	6135	2125	69
575	0	18	80	6144	3737	69
576	0	18	20	6153	6944	58
577	1	11	20	6162	3734	65
578	0	18	80	6171	472	59
579	0	18	60	6180	11967	57
580	1	11	80	6189	5361	55
581	4	7	80	6198	3343	61
582	4	7	20	6207	1138	62
583	4	7	60	6216	13132	69
584	1	11	80	6225	8549	54
585	1	11	40	6234	8399	54
586	1	11	40	6243	1632	64
587	1	11	60	6252	1635	68
588	3	16	20	6261	8023	62
589	1	11	20	6270	8756	56
590	0	18	80	6279	925	61
591	0	18	60	6288	7299	68
592	1	11	60	6297	2048	63
593	4	7	40	6306	26758	54
594	0	18	60	6315	3379	57
595	4	7	40	6324	2377	59
596	1	11	60	6333	1758	62
597	3	16	20	6342	4350	69
598	3	16	40	6351	4267	66
599	4	7	40	6360	4915	54
600	1	11	60	6369	3683	65
601	1	11	60	6378	1441	60
602	4	7	60	6387	5740	59
603	4	7	20	6400	5600	66
604	3	16	20	6410	2639	60
605	4	7	80	6420	1025	55
606	4	7	80	6430	12981	62
607	1	11	40	6440	1202	64
608	3	16	60	6450	1175	62
609	4	7	40	6460	4193	55
610	3	16	40	6470	164	64
611	4	7	20	6480	1509	54
612	1	11	60	6490	3720	64
613	0	18	60	6500	11265	62
614	4	7	40	6510	3572	68
615	4	7	60	6520	2072	65
616	4	7	40	6530	1052	66
617	4	7	40	6540	1248	68
618	1	11	40	6550	4074	62
619	0	18	40	6560	1122	60
620	4	7	40	6570	551	67
621	4	7	80	6580	4635	68
622	0	18	40	6590	359	63
623	4	7	40	6600	1056	62
624	0	18	20	6610	2466	68
625	0	18	40	6620	2803	62
626	3	16	40	6630	7554	65
627	0	18	20	6640	1466	69
628	4	7	80	6650	4535	60
629	1	11	20	6660	13308	63
630	4	7	40	6670	1158	60
631	1	11	20	6680	701	58
632	3	16	80	6690	12057	69
633	1	11	60	6700	2070	59
634	3	16	80	6710	1710	61
635	0	18	20	6720	2288	64
636	0	18	40	6730	6529	55
637	0	18	80	6740	2727	66
638	1	11	60	6750	2611	63
639	3	16	80	6760	4266	69
640	3	16	40	6770	9930	61
641	4	7	80	6800	314	54
642	3	16	20	6810	337	59
643	4	7	80	6820	973	60
644	4	7	60	6830	7530	62
645	1	11	80	6840	8915	61
646	4	7	80	6850	1062	58
647	1	11	80	6860	2469	55
648	4	7	20	6870	2097	55
649	0	18	20	6880	725	61
650	0	18	20	6890	977	62
651	3	16	20	6900	366	64
652	0	18	60	6910	97	60
653	3	16	20	6920	2119	59
654	4	7	20	6930	3455	56
655	3	16	60	6940	9893	66
656	0	18	20	6950	976	67
657	4	7	20	6960	3018	66
658	4	7	80	6970	1387	68
659	3	16	60	6980	15502	68
660	1	11	60	6990	1896	59
661	3	16	80	7000	4245	62
662	3	16	60	7010	3483	57
663	1	11	60	7020	1372	69
664	0	18	80	7030	2029	64
665	1	11	40	7040	8460	59
666	1	11	40	7050	1806	54
667	4	7	20	7060	899	58
668	1	11	60	7070	3588	54
669	4	7	20	7080	673	57
670	4	7	20	7090	3664	64
671	3	16	40	7100	5343	69
672	3	16	60	7110	6217	59
673	4	7	60	7120	16326	62
674	1	11	20	7130	1590	69
675	4	7	60	7140	219	67
676	0	18	80	7150	3717	63
677	1	11	60	7160	8160	56
678	0	18	60	7170	1939	54
679	4	7	20	7180	3356	60
680	0	18	40	7190	1261	58
681	1	11	40	7200	1965	63
682	1	11	20	7211	9166	68
683	4	7	60	7222	2872	69
684	0	18	80	7233	5503	54
685	1	11	20	7244	716	66
686	0	18	60	7255	587	68
687	4	7	80	7266	3102	64
688	1	11	60	7277	6985	56
689	0	18	20	7288	2264	65
690	4	7	20	7299	989	67
691	0	18	20	7310	1284	58
692	1	11	80	7321	898	68
693	4	7	80	7332	2773	64
694	0	18	40	7343	1304	63
695	0	18	40	7354	1217	69
696	1	11	20	7365	2726	66
697	1	11	40	7376	6251	59
698	3	16	80	7387	6815	65
699	1	11	40	7398	13819	56
700	4	7	60	7409	3011	60
701	4	7	80	7420	129	69
702	4	7	20	7431	8110	55
703	4	7	80	7442	1167	67
704	0	18	80	7453	3339	66
705	3	16	60	7464	2613	63
706	4	7	60	7475	1420	59
707	1	11	20	7486	167	67
708	0	18	20	7497	347	60
709	0	18	40	7508	2979	59
710	1	11	80	7519	1487	57
711	4	7	60	7530	1702	65
712	3	16	40	7541	629	66
713	0	18	80	7552	5168	61
714	1	11	40	7563	4933	64
715	0	18	40	7574	18167	66
716	1	11	80	7600	5628	64
717	3	16	80	7608	286	58
718	0	18	60	7616	3133	68
719	4	7	80	7624	1066	68
720	0	18	60	7632	5430	61
721	1	11	60	7640	6944	60
722	3	16	60	7648	1885	56
723	0	18	40	7656	697	59
724	0	18	20	7664	10985	60
725	4	7	20	7672	1573	59
726	1	11	40	7680	3070	54
727	3	16	80	7688	1361	64
728	3	16	20	7696	4880	69
729	1	11	60	7704	271	54
730	1	11	40	7712	3276	55
731	3	16	40	7720	6744	57
732	3	16	80	7728	213	60
733	3	16	40	7736	2150	67
734	4	7	60	7744	158	54
735	1	11	60	7752	1090	58
736	1	11	20	7760	2934	62
737	1	11	20	7768	4150	54
738	3	16	80	7776	11694	56
739	3	16	40	7784	1246	61
740	1	11	60	7792	8012	60
741	4	7	60	7800	402	54
742	4	7	80	7808	2438	58
743	0	18	20	7816	1428	67
744	4	7	40	7824	519	61
745	4	7	60	7832	8240	56
746	1	11	60	7840	553	62
747	0	18	20	7848	2584	61
748	3	16	60	7856	6270	54
749	0	18	80	7864	1364	67
750	4	7	60	7872	2831	58
751	4	7	40	7880	2214	62
752	0	18	60	7888	1136	61
753	4	7	20	7896	3508	66
754	1	11	60	7904	1023	65
755	3	16	20	7912	4885	54
756	1	11	20	7920	4268	67
757	4	7	80	7928	4929	66
758	4	7	80	7936	1526	60
759	1	11	80	7944	1102	61
760	0	18	40	7952	11514	62
761	0	18	80	7960	41	65
762	3	16	80	7968	1638	68
763	4	7	40	8000	70	59
764	4	7	20	8008	13528	57
765	3	16	40	8016	2738	69
766	0	18	60	8024	1395	58
767	0	18	20	8032	5232	68
768	0	18	40	8040	4638	60
769	0	18	60	8048	2539	59
770	4	7	20	8056	2536	57
771	4	7	60	8064	463	63
772	0	18	20	8072	524	55
773	3	16	40	8080	1288	60
774	1	11	20	8088	1841	61
775	1	11	20	8096	4165	60
776	3	16	80	8104	1831	56
777	1	11	60	8112	313	58
778	1	11	20	8120	155	67
779	0	18	40	8128	261	58
780	1	11	40	8136	872	67
781	0	18	20	8144	247	63
782	0	18	20	8152	2749	63
783	3	16	20	8160	2150	55
784	1	11	80	8168	3269	65
785	3	16	80	8176	575	63
786	1	11	60	8184	3352	66
787	4	7	60	8192	2524	63
788	1	11	60	8200	843	56
789	1	11	40	8208	1624	54
790	4	7	40	8216	3495	60
791	1	11	40	8224	6672	66
792	1	11	20	8232	1592	63
793	0	18	80	8240	4889	65
794	1	11	80	8248	1565	69
795	0	18	80	8256	7717	65
796	1	11	80	8264	5700	55
797	4	7	40	8272	2311	68
798	1	11	80	8280	1628	63
799	0	18	80	8288	3933	62
800	4	7	80	8296	3450	67
801	1	11	60	8304	2040	63
802	4	7	80	8312	6233	54
803	1	11	80	8320	1551	65
804	0	18	80	8328	6845	64
805	4	7	20	8336	2028	65
806	3	16	40	8344	1439	60
807	3	16	40	8352	14282	54
808	1	11	80	8360	968	59
809	4	7	60	8368	3457	58
810	4	7	40	8400	1648	68
811	4	7	60	8409	3475	63
812	1	11	60	8418	4436	68
813	3	16	60	8427	1172	56
814	0	18	60	8436	183	63
815	0	18	20	8445	8610	68
816	0	18	60	8454	2879	55
817	4	7	60	8463	10117	67
818	1	11	60	8472	2457	64
819	1	11	20	8481	7134	64
820	0	18	60	8490	10541	57
821	1	11	20	8499	7010	64
822	3	16	60	8508	3101	65
823	4	7	80	8517	1739	60
824	0	18	40	8526	8731	68
825	1	11	60	8535	4293	61
826	3	16	40	8544	6074	69
827	4	7	20	8553	2160	59
828	1	11	40	8562	12104	61
829	1	11	40	8571	2887	65
830	4	7	40	8580	8738	58
831	3	16	40	8589	10550	57
832	0	18	60	8598	5404	64
833	1	11	20	8607	2125	59
834	1	11	40	8616	2657	60
835	4	7	80	8625	6368	57
836	0	18	40	8634	1261	62
837	4	7	40	8643	772	68
838	1	11	40	8652	3630	61
839	3	16	80	8661	700	69
840	4	7	60	8670	7130	56
841	4	7	40	8679	3621	65
842	1	11	80	8688	1165	58
843	1	11	20	8697	3781	67
844	1	11	20	8706	21998	55
845	4	7	80	8715	8	67
846	0	18	80	8724	609	67
847	4	7	60	8733	309	61
848	0	18	40	8742	4322	55
849	1	11	80	8751	2320	54
850	0	18	20	8760	1671	64
851	1	11	20	8769	7311	58
852	1	11	60	8778	15621	57
853	4	7	60	8787	2791	69
854	4	7	20	8800	4784	58
855	3	16	80	8810	5565	57
856	4	7	80	8820	7866	67
857	0	18	80	8830	2297	64
858	1	11	60	8840	2277	66
859	4	7	40	8850	703	56
860	1	11	60	8860	3837	66
861	4	7	20	8870	8647	55
862	0	18	80	8880	82	63
863	4	7	40	8890	4828	63
864	0	18	40	8900	4700	54
865	0	18	80	8910	2106	64
866	4	7	80	8920	7317	68
867	0	18	60	8930	1193	63
868	0	18	20	8940	5855	65
869	1	11	80	8950	1141	60
870	4	7	60	8960	3801	60
871	1	11	40	8970	1647	57
872	1	11	20	8980	1565	60
873	4	7	80	8990	1417	65
874	1	11	60	9000	0	61
875	0	18	40	9010	1618	61
876	4	7	20	9020	3411	59
877	1	11	60	9030	10521	68
878	3	16	80	9040	1764	58
879	0	18	60	9050	8657	54
880	1	11	80	9060	2910	63
881	3	16	60	9070	4904	61
882	4	7	80	9080	5654	57
883	0	18	60	9090	2864	60
884	1	11	20	9100	757	55
885	3	16	20	9110	197	54
886	1	11	80	9120	11872	54
887	1	11	80	9130	1090	64
888	1	11	80	9140	5015	54
889	4	7	60	9150	5298	56
890	4	7	80	9160	11024	59
891	0	18	40	9170	7172	68
892	1	11	60	9200	5410	55
893	3	16	20	9208	2285	58
894	1	11	20	9216	3138	57
895	0	18	60	9224	11740	55
896	4	7	60	9232	3424	56
897	1	11	60	9240	3210	65
898	1	11	60	9248	10116	67
899	0	18	40	9256	3533	61
900	0	18	80	9264	709	69
901	4	7	40	9272	8593	58
902	3	16	60	9280	1459	66
903	4	7	60	9288	2126	65
904	3	16	20	9296	7012	64
905	4	7	80	9304	15	61
906	0	18	20	9312	2897	68
907	3	16	80	9320	4575	62
908	1	11	20	9328	2790	61
909	3	16	80	9336	1816	66
910	4	7	80	9344	781	68
911	3	16	40	9352	10759	69
912	3	16	20	9360	334	59
913	0	18	80	9368	3185	65
914	1	11	60	9376	4134	62
915	3	16	20	9384	9643	58
916	4	7	40	9392	548	67
917	0	18	40	9400	2845	56
918	3	16	20	9408	3006	62
919	1	11	20	9416	4120	69
920	4	7	20	9424	2470	63
921	3	16	20	9432	3673	57
922	4	7	60	9440	3135	63
923	1	11	40	9448	140	62
924	1	11	80	9456	1494	55
925	3	16	40	9464	6053	61
926	4	7	60	9472	3627	55
927	3	16	20	9480	8777	55
928	3	16	80	9488	5620	61
929	1	11	80	9496	219	60
930	1	11	80	9504	5667	59
931	1	11	40	9512	88	64
932	4	7	80	9520	30	54
933	1	11	60	9528	5881	67
934	4	7	60	9536	5128	55
935	1	11	60	9544	4016	59
936	0	18	20	9552	2048	65
937	4	7	20	9560	1688	62
938	3	16	60	9600	4615	66
939	1	11	40	9610	739	63
940	1	11	20	9620	3044	55
941	4	7	80	9630	1243	62
942	4	7	80	9640	5334	57
943	3	16	20	9650	1721	57
944	0	18	80	9660	3253	58
945	1	11	40	9670	17	59
946	3	16	20	9680	5599	63
947	0	18	80	9690	854	59
948	0	18	60	9700	6260	65
949	3	16	20	9710	4014	68
950	0	18	40	9720	6830	58
951	3	16	20	9730	274	54
952	4	7	40	9740	95	56
953	4	7	60	9750	1298	67
954	1	11	20	9760	537	67
955	3	16	80	9770	3300	65
956	0	18	60	9780	1662	64
957	0	18	20	9790	1265	58
958	3	16	60	9800	424	64
959	4	7	80	9810	192	56
960	4	7	40	9820	2094	59
961	1	11	80	9830	3942	67
962	4	7	20	9840	10454	54
963	0	18	20	9850	2383	55
964	0	18	20	9860	3740	61
965	1	11	40	9870	675	57
966	3	16	60	9880	10330	68
967	0	18	60	9890	1484	61
968	1	11	40	9900	7004	64
969	0	18	80	9910	42	57
970	3	16	20	9920	2848	63
971	0	18	20	9930	6127	58
972	3	16	80	9940	6957	59
973	0	18	80	9950	1783	68
974	4	7	20	9960	466	68
975	0	18	20	10000	860	55
976	3	16	40	10010	7990	54
977	0	18	60	10020	860	59
978	1	11	60	10030	2599	57
979	4	7	40	10040	1469	65
980	0	18	20	10050	107	68
981	3	16	80	10060	2068	65
982	3	16	60	10070	410	59
983	4	7	60	10080	516	63
984	0	18	60	10090	1069	56
985	4	7	60	10100	4701	59
986	3	16	20	10110	25976	61
987	4	7	40	10120	5243	57
988	0	18	40	10130	4135	69
989	1	11	80	10140	701	59
990	1	11	80	10150	1390	64
991	4	7	80	10160	555	61
992	1	11	60	10170	1117	68
993	3	16	60	10180	4060	64
994	3	16	80	10190	5725	57
995	0	18	20	10200	9457	58
996	4	7	60	10210	1664	62
997	3	16	60	10220	1356	56
998	1	11	80	10230	5423	66
999	3	16	40	10240	2051	54
1000	3	16	80	10250	333	61
1001	1	11	40	10260	2343	55
1002	4	7	40	10270	1822	65
1003	0	18	60	10280	6061	62
1004	0	18	80	10290	529	59
1005	0	18	20	10300	141	69
1006	4	7	40	10310	1107	64
1007	3	16	40	10320	4360	58
1008	4	7	40	10330	731	69
1009	0	18	80	10340	10767	66
1010	4	7	60	10350	4781	65
1011	4	7	20	10360	632	59
1012	4	7	60	10370	6305	54
1013	4	7	20	10380	6302	68
1014	3	16	60	10400	82	57
1015	0	18	40	10412	15	64
1016	4	7	20	10424	3013	61
1017	4	7	40	10436	6549	61
1018	0	18	40	10448	964	69
1019	1	11	60	10460	9914	55
1020	4	7	40	10472	683	66
1021	4	7	20	10484	862	65
1022	0	18	40	10496	4382	62
1023	0	18	40	10508	4381	59
1024	3	16	20	10520	5049	62
1025	3	16	40	10532	1911	56
1026	4	7	40	10544	3107	60
1027	4	7	20	10556	826	64
1028	3	16	80	10568	3651	64
1029	4	7	80	10580	913	63
1030	1	11	60	10592	7672	63
1031	0	18	60	10604	3439	68
1032	3	16	60	10616	2401	62
1033	4	7	20	10628	319	56
1034	0	18	60	10640	1032	58
1035	4	7	60	10652	3498	66
1036	4	7	40	10664	154	54
1037	1	11	20	10676	1526	67
1038	4	7	60	10688	23449	57
1039	0	18	60	10700	891	56
1040	4	7	20	10712	2387	64
1041	4	7	60	10724	1629	57
1042	0	18	80	10736	3314	58
1043	4	7	40	10748	4980	57
1044	1	11	40	10760	2489	63
1045	3	16	60	10772	637	59
1046	0	18	20	10784	1640	60
1047	3	16	40	10800	2395	69
1048	0	18	20	10808	3840	60
1049	1	11	60	10816	5661	63
1050	0	18	20	10824	1891	67
1051	4	7	40	10832	3062	54
1052	3	16	20	10840	304	56
1053	0	18	40	10848	6997	64
1054	3	16	20	10856	1119	58
1055	4	7	80	10864	8683	66
1056	1	11	20	10872	6016	63
1057	4	7	20	10880	4820	60
1058	3	16	40	10888	261	69
1059	1	11	60	10896	5453	56
1060	1	11	80	10904	2730	63
1061	4	7	40	10912	227	54
1062	0	18	60	10920	269	63
1063	0	18	40	10928	13176	60
1064	4	7	40	10936	329	56
1065	4	7	80	10944	514	67
1066	0	18	60	10952	4748	66
1067	4	7	40	10960	5042	67
1068	3	16	60	10968	3335	64
1069	4	7	80	10976	2301	61
1070	1	11	20	10984	13531	64
1071	3	16	80	10992	952	63
1072	0	18	60	11000	6608	57
1073	4	7	80	11008	58	66
1074	1	11	40	11016	2514	60
1075	0	18	60	11024	6911	62
1076	4	7	20	11032	3984	60
1077	0	18	80	11040	12277	58
1078	3	16	20	11048	903	65
1079	0	18	60	11056	3373	57
1080	3	16	20	11064	177	65
1081	1	11	20	11072	375	61
1082	4	7	80	11080	3371	57
1083	1	11	40	11088	7367	54
1084	4	7	80	11096	7027	65
1085	1	11	20	11104	1532	62
1086	1	11	60	11112	2801	65
1087	3	16	20	11120	3926	67
1088	0	18	20	11128	7148	67
1089	0	18	80	11136	1671	61
1090	1	11	60	11144	6543	56
1091	0	18	40	11152	1646	64
1092	3	16	80	11200	1172	67
1093	3	16	20	11212	1166	55
1094	4	7	80	11224	4882	63
1095	4	7	60	11236	2005	64
1096	4	7	20	11248	1255	63
1097	0	18	60	11260	3669	68
1098	0	18	80	11272	4009	54
1099	1	11	40	11284	1678	66
1100	1	11	80	11296	2408	62
1101	0	18	80	11308	3868	63
1102	4	7	80	11320	8651	58
1103	0	18	40	11332	791	69
1104	4	7	40	11344	6263	69
1105	3	16	20	11356	720	57
1106	4	7	60	11368	5186	67
1107	3	16	20	11380	241	60
1108	4	7	80	11392	1781	58
1109	3	16	40	11404	2191	66
1110	0	18	60	11416	1178	59
1111	1	11	20	11428	6954	59
1112	0	18	20	11440	2757	64
1113	3	16	60	11452	2721	66
1114	3	16	60	11464	4826	61
1115	4	7	60	11476	2078	55
1116	0	18	60	11488	2659	66
1117	3	16	20	11500	1012	62
1118	0	18	60	11512	582	64
1119	1	11	20	11524	5724	64
1120	3	16	20	11536	3839	56
1121	3	16	40	11548	288	68
1122	3	16	40	11560	8615	69
1123	1	11	80	11572	1014	57
1124	1	11	20	11584	4001	58
1125	0	18	80	11600	3961	69
1126	4	7	20	11610	12665	65
1127	1	11	60	11620	3242	55
1128	0	18	20	11630	1481	57
1129	1	11	60	11640	300	65
1130	0	18	60	11650	3219	69
1131	4	7	60	11660	122	62
1132	4	7	20	11670	1546	57
1133	0	18	60	11680	7850	68
1134	3	16	60	11690	499	64
1135	3	16	40	11700	2203	56
1136	1	11	20	11710	915	56
1137	3	16	60	11720	1976	58
1138	1	11	80	11730	206	55
1139	0	18	60	11740	4345	61
1140	3	16	60	11750	3582	64
1141	3	16	60	11760	2354	58
1142	3	16	20	11770	1236	63
1143	3	16	60	11780	2114	55
1144	0	18	20	11790	361	56
1145	0	18	60	11800	15856	67
1146	0	18	20	11810	7314	69
1147	0	18	20	11820	5717	55
1148	0	18	40	11830	3213	64
1149	4	7	20	11840	1425	61
1150	4	7	20	11850	9570	68
1151	0	18	80	11860	187	54
1152	4	7	80	11870	2501	57
1153	4	7	60	11880	8223	60
1154	4	7	20	11890	5173	64
1155	3	16	40	11900	1929	64
1156	1	11	60	11910	5325	63
1157	3	16	80	11920	4327	55
1158	4	7	20	11930	3170	65
1159	3	16	60	11940	709	69
1160	4	7	20	11950	927	62
1161	3	16	80	11960	750	65
1162	3	16	80	11970	5530	57
1163	1	11	40	11980	1352	62
1164	1	11	80	12000	8130	66
1165	1	11	80	12010	1019	66
1166	1	11	20	12020	2801	55
1167	4	7	40	12030	4071	66
1168	4	7	80	12040	1887	55
1169	0	18	40	12050	1298	58
1170	3	16	60	12060	896	69
1171	1	11	20	12070	402	62
1172	1	11	20	12080	761	61
1173	0	18	20	12090	2561	56
1174	4	7	60	12100	741	69
1175	4	7	60	12110	755	67
1176	0	18	40	12120	6513	59
1177	0	18	60	12130	2564	67
1178	1	11	60	12140	592	54
1179	0	18	60	12150	4214	60
1180	0	18	60	12160	6227	54
1181	3	16	80	12170	879	64
1182	1	11	20	12180	13	61
1183	1	11	20	12190	39	65
1184	1	11	60	12200	715	66
1185	0	18	80	12210	2829	68
1186	4	7	60	12220	3332	59
1187	0	18	40	12230	2380	67
1188	1	11	40	12240	574	58
1189	0	18	20	12250	5307	54
1190	0	18	80	12260	4654	63
1191	4	7	40	12270	3136	55
1192	4	7	40	12280	7396	63
1193	3	16	40	12290	8753	55
1194	1	11	40	12300	2431	69
1195	0	18	60	12310	2182	69
1196	0	18	60	12320	4760	55
1197	1	11	80	12330	15442	54
1198	1	11	80	12340	3120	59
1199	3	16	40	12350	7905	60
1200	4	7	40	12360	2595	66
1201	0	18	80	12370	896	56
1202	1	11	20	12400	1940	54
1203	4	7	20	12412	1286	59
1204	1	11	60	12424	417	62
1205	3	16	20	12436	6704	60
1206	4	7	60	12448	8237	63
1207	3	16	80	12460	19307	55
1208	4	7	20	12472	4852	61
1209	0	18	60	12484	3225	66
1210	3	16	20	12496	3460	59
1211	1	11	80	12508	1218	65
1212	0	18	20	12520	2964	54
1213	3	16	60	12532	9054	58
1214	3	16	80	12544	1869	68
1215	0	18	40	12556	39	68
1216	0	18	60	12568	734	57
1217	1	11	80	12580	5376	61
1218	4	7	60	12592	525	65
1219	1	11	20	12604	1797	68
1220	1	11	20	12616	4311	61
1221	0	18	80	12628	226	58
1222	3	16	20	12640	2811	62
1223	3	16	60	12652	4102	54
1224	4	7	40	12664	3561	65
1225	3	16	20	12676	4282	67
1226	1	11	60	12688	1167	68
1227	3	16	60	12700	1344	59
1228	3	16	80	12712	70	56
1229	4	7	80	12724	5524	69
1230	4	7	20	12736	2588	65
1231	3	16	40	12748	6967	58
1232	4	7	60	12760	10733	62
1233	3	16	40	12800	1292	64
1234	1	11	20	12808	764	64
1235	4	7	80	12816	3551	67
1236	1	11	60	12824	6704	63
1237	1	11	20	12832	5211	56
1238	4	7	60	12840	9668	57
1239	4	7	60	12848	1728	60
1240	0	18	20	12856	4027	59
1241	1	11	80	12864	3407	57
1242	0	18	20	12872	5478	59
1243	0	18	80	12880	3473	61
1244	3	16	20	12888	677	65
1245	4	7	80	12896	2213	67
1246	3	16	20	12904	81	54
1247	1	11	80	12912	11720	58
1248	0	18	60	12920	2891	56
1249	1	11	20	12928	2360	55
1250	4	7	20	12936	1165	65
1251	4	7	80	12944	12543	64
1252	1	11	40	12952	7747	58
1253	4	7	80	12960	792	60
1254	1	11	20	12968	901	68
1255	3	16	60	12976	2194	61
1256	3	16	80	12984	4762	64
1257	3	16	40	12992	5434	69
1258	0	18	60	13000	4626	64
1259	3	16	40	13008	2331	64
1260	0	18	40	13016	3282	61
1261	0	18	80	13024	3538	57
1262	0	18	20	13032	14684	68
1263	0	18	40	13040	12317	61
1264	1	11	60	13048	320	55
1265	4	7	80	13056	5612	54
1266	3	16	20	13064	1607	56
1267	3	16	80	13072	1136	60
1268	1	11	40	13080	5122	64
1269	3	16	20	13088	6145	55
1270	4	7	60	13096	876	58
1271	4	7	60	13104	2316	55
1272	1	11	20	13112	7051	57
1273	4	7	80	13120	5916	59
1274	0	18	80	13128	5197	62
1275	0	18	20	13136	361	57
1276	0	18	80	13144	1480	68
1277	1	11	20	13152	10330	54
1278	0	18	60	13160	2659	58
1279	0	18	60	13168	718	67
1280	0	18	20	13176	4055	67
1281	0	18	80	13184	1463	64
1282	3	16	20	13200	5892	56
1283	1	11	60	13210	3391	55
1284	4	7	80	13220	2740	58
1285	0	18	20	13230	2934	55
1286	1	11	20	13240	13891	69
1287	4	7	80	13250	5576	55
1288	0	18	20	13260	309	65
1289	3	16	60	13270	5571	56
1290	0	18	80	13280	8919	57
1291	3	16	40	13290	289	63
1292	0	18	40	13300	175	62
1293	1	11	40	13310	2532	63
1294	4	7	40	13320	6263	68
1295	0	18	20	13330	194	56
1296	0	18	80	13340	3653	59
1297	0	18	60	13350	6276	67
1298	4	7	40	13360	2798	59
1299	3	16	20	13370	2053	65
1300	1	11	60	13380	395	64
1301	4	7	20	13390	5927	63
1302	4	7	40	13400	1017	64
1303	1	11	40	13410	5233	55
1304	1	11	60	13420	1145	66
1305	4	7	40	13430	6710	63
1306	1	11	80	13440	548	60
1307	1	11	40	13450	349	68
1308	4	7	80	13460	2409	68
1309	1	11	20	13470	490	65
1310	3	16	80	13480	479	63
1311	1	11	60	13490	5905	63
1312	1	11	80	13500	1189	65
1313	0	18	20	13510	2944	66
1314	3	16	40	13520	6530	66
1315	4	7	40	13530	1168	67
1316	3	16	60	13540	6778	54
1317	3	16	40	13550	2062	66
1318	0	18	60	13560	2449	57
1319	1	11	40	13570	3258	69
1320	1	11	60	13580	6151	54
1321	4	7	40	13590	3460	54
1322	1	11	80	13600	759	65
1323	3	16	80	13609	14089	61
1324	1	11	40	13618	8917	67
1325	0	18	20	13627	542	64
1326	3	16	20	13636	2021	63
1327	4	7	80	13645	1781	64
1328	0	18	60	13654	15877	61
1329	0	18	60	13663	4554	60
1330	4	7	20	13672	2673	68
1331	0	18	20	13681	2915	54
1332	1	11	80	13690	2186	64
1333	1	11	40	13699	351	63
1334	4	7	80	13708	291	57
1335	0	18	80	13717	7992	57
1336	0	18	60	13726	342	54
1337	0	18	80	13735	167	54
1338	4	7	20	13744	1558	58
1339	0	18	40	13753	4593	64
1340	3	16	40	13762	1988	64
1341	4	7	80	13771	8662	54
1342	0	18	80	13780	1423	57
1343	4	7	20	13789	12766	69
1344	0	18	60	13798	4071	63
1345	4	7	20	13807	515	63
1346	0	18	60	13816	6698	68
1347	0	18	20	13825	2951	65
1348	3	16	20	13834	4367	66
1349	4	7	20	13843	3086	55
1350	1	11	40	13852	1051	55
1351	3	16	60	13861	872	62
1352	4	7	20	13870	1624	64
1353	3	16	80	13879	11680	60
1354	0	18	60	13888	3832	64
1355	3	16	40	13897	2895	63
1356	1	11	40	13906	3663	68
1357	1	11	60	13915	1172	56
1358	0	18	20	13924	7264	57
1359	1	11	40	13933	520	55
1360	1	11	40	13942	2154	54
1361	3	16	80	13951	5856	66
1362	0	18	60	13960	432	61
1363	3	16	40	13969	5926	62
1364	1	11	80	14000	3955	67
1365	3	16	80	14011	3620	62
1366	4	7	80	14022	1725	69
1367	0	18	40	14033	760	55
1368	1	11	40	14044	2395	62
1369	3	16	40	14055	11264	63
1370	3	16	80	14066	752	66
1371	1	11	80	14077	5971	69
1372	3	16	40	14088	334	61
1373	0	18	40	14099	5968	62
1374	3	16	80	14110	723	59
1375	3	16	80	14121	9204	69
1376	4	7	40	14132	1311	67
1377	3	16	60	14143	963	65
1378	1	11	20	14154	1612	68
1379	3	16	20	14165	5905	58
1380	4	7	60	14176	1509	66
1381	1	11	80	14187	8314	67
1382	1	11	80	14198	4749	67
1383	1	11	60	14209	2343	60
1384	3	16	20	14220	2380	58
1385	1	11	60	14231	1379	59
1386	0	18	80	14242	811	60
1387	4	7	80	14253	2577	58
1388	0	18	80	14264	2522	69
1389	1	11	40	14275	3241	63
1390	3	16	40	14286	1229	59
1391	4	7	80	14297	7039	67
1392	0	18	60	14308	911	66
1393	3	16	60	14319	895	56
1394	3	16	80	14330	1239	64
1395	0	18	40	14341	3902	68
1396	3	16	20	14352	6107	63
1397	1	11	60	14363	2992	65
1398	1	11	40	14374	1607	56
1399	3	16	80	14385	176	55
1400	4	7	40	14400	5886	64
1401	0	18	40	14407	4080	67
1402	4	7	80	14414	295	57
1403	0	18	60	14421	5153	57
1404	0	18	20	14428	1824	58
1405	4	7	60	14435	2434	56
1406	4	7	40	14442	491	54
1407	3	16	80	14449	3271	56
1408	4	7	20	14456	6067	54
1409	3	16	60	14463	5042	64
1410	3	16	80	14470	1074	66
1411	4	7	60	14477	1950	56
1412	4	7	40	14484	10214	57
1413	3	16	20	14491	272	69
1414	1	11	60	14498	6595	59
1415	4	7	40	14505	3119	56
1416	1	11	20	14512	306	68
1417	4	7	20	14519	4304	55
1418	4	7	20	14526	1567	57
1419	0	18	20	14533	1639	61
1420	1	11	80	14540	2122	56
1421	0	18	80	14547	8329	64
1422	4	7	40	14554	4888	56
1423	0	18	80	14561	9025	69
1424	0	18	80	14568	4503	57
1425	4	7	80	14575	1683	69
1426	1	11	20	14582	3390	56
1427	0	18	60	14589	8465	58
1428	1	11	40	14596	2842	67
1429	3	16	60	14603	3126	61
1430	4	7	80	14610	498	60
1431	1	11	80	14617	5589	56
1432	0	18	40	14624	8584	62
1433	4	7	40	14631	1362	67
1434	3	16	60	14638	4	64
1435	4	7	40	14645	4493	69
1436	3	16	20	14652	6511	64
1437	0	18	20	14659	14115	64
1438	0	18	40	14666	321	55
1439	4	7	60	14673	19583	56
1440	1	11	40	14680	774	58
1441	1	11	20	14687	3923	57
1442	4	7	80	14694	4742	57
1443	3	16	40	14701	5564	58
1444	3	16	40	14708	1541	67
1445	3	16	80	14715	8437	56
1446	0	18	60	14722	9446	64
1447	1	11	60	14729	593	67
1448	0	18	80	14736	1996	67
1449	4	7	60	14743	5162	61
1450	3	16	20	14750	3188	69
1451	4	7	20	14757	528	61
1452	3	16	60	14800	905	62
1453	1	11	20	14810	20888	64
1454	1	11	80	14820	3992	69
1455	4	7	60	14830	9019	69
1456	1	11	80	14840	10874	64
1457	4	7	20	14850	774	58
1458	0	18	80	14860	199	69
1459	1	11	40	14870	92	59
1460	1	11	40	14880	8629	69
1461	3	16	60	14890	1077	65
1462	1	11	40	14900	204	58
1463	0	18	40	14910	1088	63
1464	4	7	80	14920	3659	58
1465	1	11	20	14930	2637	64
1466	4	7	40	14940	2795	63
1467	4	7	20	14950	4015	60
1468	4	7	60	14960	267	59
1469	3	16	40	14970	570	60
1470	0	18	40	14980	5356	62
1471	0	18	20	14990	435	58
1472	3	16	60	15000	3488	69
1473	0	18	40	15010	1612	54
1474	3	16	60	15020	699	56
1475	4	7	60	15030	6180	68
1476	0	18	80	15040	798	60
1477	1	11	80	15050	12335	67
1478	3	16	40	15060	3427	55
1479	1	11	20	15070	6377	54
1480	3	16	40	15080	2303	59
1481	4	7	40	15090	2274	58
1482	4	7	60	15100	2666	61
1483	3	16	80	15110	6126	60
1484	4	7	40	15120	19876	61
1485	4	7	60	15130	20088	68
1486	4	7	20	15140	3195	63
1487	4	7	20	15150	8773	67
1488	3	16	40	15160	4283	68
1489	4	7	80	15170	447	64
1490	3	16	60	15200	5400	58
1491	4	7	80	15211	3951	60
1492	0	18	40	15222	10204	64
1493	4	7	80	15233	223	66
1494	1	11	40	15244	457	56
1495	4	7	80	15255	11241	62
1496	0	18	80	15266	3423	69
1497	3	16	40	15277	2436	64
1498	3	16	60	15288	658	54
1499	0	18	40	15299	7254	57
1500	4	7	60	15310	1885	62
1501	0	18	40	15321	1270	57
1502	3	16	20	15332	303	62
1503	3	16	60	15343	1204	61
1504	3	16	20	15354	17362	69
1505	3	16	20	15365	2364	64
1506	0	18	40	15376	3120	62
1507	1	11	40	15387	8185	61
1508	3	16	40	15398	7188	62
1509	1	11	40	15409	7449	54
1510	3	16	80	15420	5009	63
1511	4	7	80	15431	15612	66
1512	0	18	60	15442	3670	56
1513	3	16	60	15453	1159	68
1514	3	16	20	15464	3517	54
1515	3	16	80	15475	2396	64
1516	3	16	80	15486	5537	58
1517	4	7	60	15497	1237	68
1518	0	18	20	15508	1125	55
1519	4	7	20	15519	3726	59
1520	3	16	20	15530	10788	54
1521	0	18	20	15541	3811	65
1522	1	11	80	15552	14958	61
1523	4	7	60	15563	12762	64
1524	0	18	80	15574	1990	55
1525	1	11	40	15600	467	55
1526	4	7	80	15611	799	63
1527	3	16	60	15622	2999	56
1528	3	16	20	15633	1012	67
1529	4	7	80	15644	996	63
1530	3	16	80	15655	950	69
1531	3	16	40	15666	5160	65
1532	3	16	40	15677	6487	67
1533	1	11	20	15688	5366	68
1534	3	16	60	15699	2186	61
1535	1	11	80	15710	724	55
1536	1	11	40	15721	1789	66
1537	1	11	20	15732	1027	54
1538	4	7	60	15743	6375	60
1539	1	11	20	15754	3165	66
1540	3	16	20	15765	2403	60
1541	1	11	80	15776	4550	56
1542	0	18	80	15787	223	59
1543	0	18	80	15798	6697	67
1544	1	11	20	15809	1988	54
1545	3	16	60	15820	5724	62
1546	3	16	40	15831	110	57
1547	1	11	60	15842	4438	65
1548	1	11	80	15853	2534	66
1549	4	7	40	15864	4286	62
1550	0	18	80	15875	844	58
1551	1	11	20	15886	1478	54
1552	1	11	20	15897	947	62
1553	3	16	60	15908	3156	64
1554	3	16	20	15919	9388	57
1555	3	16	40	15930	5734	67
1556	4	7	60	15941	1403	65
1557	3	16	60	15952	485	67
1558	3	16	80	15963	8098	59
1559	1	11	80	16000	8372	67
1560	3	16	40	16009	1232	54
1561	3	16	80	16018	56	59
1562	3	16	20	16027	4167	63
1563	3	16	60	16036	3804	68
1564	3	16	40	16045	4010	55
1565	4	7	40	16054	18210	67
1566	1	11	60	16063	780	69
1567	4	7	40	16072	7920	58
1568	0	18	20	16081	7102	60
1569	0	18	40	16090	2174	68
1570	0	18	60	16099	377	68
1571	1	11	80	16108	2960	57
1572	4	7	20	16117	2534	61
1573	4	7	20	16126	4794	58
1574	1	11	80	16135	670	69
1575	0	18	40	16144	1167	67
1576	4	7	40	16153	3284	60
1577	1	11	80	16162	714	64
1578	3	16	60	16171	3349	64
1579	1	11	20	16180	3988	63
1580	3	16	20	16189	347	68
1581	3	16	20	16198	2859	68
1582	1	11	80	16207	240	60
1583	4	7	80	16216	3339	59
1584	4	7	80	16225	122	59
1585	1	11	60	16234	9316	68
1586	0	18	20	16243	2884	57
1587	0	18	80	16252	1186	57
1588	4	7	20	16261	7188	64
1589	4	7	20	16270	4309	64
1590	3	16	20	16279	8149	59
1591	3	16	80	16288	1131	68
1592	3	16	40	16297	1776	64
1593	1	11	60	16306	10110	63
1594	3	16	80	16315	1323	66
1595	0	18	40	16324	2302	54
1596	3	16	60	16333	130	63
1597	3	16	20	16342	2323	61
1598	1	11	60	16351	791	65
1599	1	11	60	16360	2058	56
1600	1	11	20	16369	3504	63
1601	4	7	80	16400	722	69
1602	1	11	40	16409	7321	59
1603	0	18	40	16418	204	67
1604	3	16	60	16427	3352	64
1605	3	16	20	16436	4402	54
1606	1	11	20	16445	7322	63
1607	3	16	20	16454	2874	57
1608	1	11	60	16463	1986	64
1609	1	11	80	16472	4212	59
1610	4	7	20	16481	899	61
1611	3	16	80	16490	567	55
1612	0	18	80	16499	3168	57
1613	0	18	60	16508	1081	66
1614	3	16	80	16517	6311	69
1615	0	18	20	16526	5615	56
1616	0	18	80	16535	12478	68
1617	4	7	40	16544	338	57
1618	3	16	60	16553	3502	62
1619	1	11	60	16562	5244	57
1620	4	7	40	16571	2582	64
1621	0	18	60	16580	10133	65
1622	4	7	40	16589	112	63
1623	0	18	20	16598	750	65
1624	3	16	20	16607	3192	63
1625	1	11	80	16616	7420	69
1626	4	7	60	16625	718	63
1627	3	16	40	16634	3186	68
1628	0	18	40	16643	2156	62
1629	0	18	40	16652	5044	69
1630	3	16	60	16661	999	58
1631	1	11	20	16670	509	68
1632	4	7	20	16679	16578	68
1633	0	18	80	16688	720	61
1634	0	18	20	16697	194	54
1635	4	7	20	16706	9999	68
1636	0	18	60	16715	4448	63
1637	1	11	40	16724	33	62
1638	0	18	20	16733	26135	65
1639	1	11	80	16742	1803	58
1640	4	7	60	16751	259	59
1641	1	11	20	16760	4	69
1642	4	7	20	16769	8020	62
1643	3	16	20	16778	808	59
1644	0	18	80	16800	2450	57
1645	0	18	40	16810	5346	58
1646	3	16	80	16820	4807	64
1647	3	16	60	16830	519	67
1648	3	16	80	16840	541	63
1649	3	16	60	16850	2996	63
1650	0	18	60	16860	2629	55
1651	4	7	20	16870	12062	59
1652	4	7	60	16880	7783	69
1653	0	18	80	16890	2384	62
1654	1	11	40	16900	10445	62
1655	0	18	40	16910	4350	67
1656	4	7	40	16920	591	59
1657	0	18	40	16930	4416	63
1658	1	11	40	16940	2773	58
1659	0	18	80	16950	5148	64
1660	4	7	60	16960	2796	61
1661	4	7	60	16970	1373	64
1662	1	11	80	16980	402	64
1663	1	11	20	16990	4492	65
1664	4	7	40	17000	2249	55
1665	3	16	20	17010	342	62
1666	3	16	60	17020	641	56
1667	4	7	20	17030	1926	66
1668	4	7	40	17040	839	66
1669	4	7	60	17050	8339	54
1670	0	18	40	17060	347	63
1671	3	16	40	17070	11788	59
1672	3	16	40	17080	344	62
1673	1	11	60	17090	996	58
1674	1	11	20	17100	4405	67
1675	1	11	20	17110	2573	64
1676	1	11	60	17120	227	57
1677	1	11	40	17130	7448	58
1678	0	18	40	17140	4994	62
1679	3	16	80	17150	6696	59
1680	3	16	20	17160	623	58
1681	0	18	80	17170	174	65
1682	4	7	40	17180	2196	58
1683	3	16	60	17200	8810	69
1684	4	7	80	17208	1070	67
1685	3	16	40	17216	1259	69
1686	1	11	60	17224	1217	69
1687	4	7	40	17232	3064	59
1688	3	16	60	17240	1088	68
1689	0	18	80	17248	1941	57
1690	4	7	60	17256	6064	63
1691	4	7	40	17264	10	54
1692	4	7	20	17272	2838	58
1693	4	7	40	17280	1284	54
1694	1	11	40	17288	7861	67
1695	0	18	80	17296	5920	64
1696	0	18	40	17304	9430	59
1697	3	16	20	17312	846	66
1698	4	7	80	17320	5592	57
1699	3	16	60	17328	1887	65
1700	1	11	80	17336	3557	55
1701	4	7	60	17344	1525	68
1702	3	16	40	17352	10775	55
1703	4	7	20	17360	1155	62
1704	1	11	20	17368	2348	69
1705	1	11	40	17376	3056	65
1706	0	18	80	17384	8110	66
1707	3	16	80	17392	4048	64
1708	3	16	60	17400	6083	65
1709	0	18	20	17408	2406	68
1710	4	7	60	17416	3743	63
1711	3	16	20	17424	1385	54
1712	0	18	20	17432	12444	54
1713	4	7	60	17440	4654	68
1714	3	16	60	17448	3467	60
1715	3	16	60	17456	2467	65
1716	0	18	20	17464	8099	59
1717	3	16	20	17472	924	65
1718	1	11	40	17480	2317	68
1719	0	18	80	17488	697	55
1720	0	18	60	17496	6849	63
1721	4	7	20	17504	3797	67
1722	0	18	40	17512	621	67
1723	4	7	40	17520	6537	63
1724	4	7	80	17528	400	61
1725	0	18	20	17536	336	63
1726	4	7	20	17544	2314	55
1727	3	16	20	17552	6601	61
1728	4	7	40	17560	1789	61
1729	1	11	20	17568	9022	56
1730	1	11	80	17576	3368	59
1731	4	7	60	17584	7997	60
1732	3	16	60	17592	384	54
1733	3	16	60	17600	1643	67
1734	0	18	80	17608	1011	58
1735	4	7	40	17616	7020	60
1736	3	16	60	17624	466	63
1737	4	7	20	17632	753	66
1738	0	18	60	17640	2358	69
1739	3	16	60	17648	4823	55
1740	1	11	60	17656	2054	56
1741	4	7	80	17664	3931	58
1742	0	18	60	17672	5604	64
1743	3	16	40	17680	6172	54
1744	1	11	20	17688	5996	63
1745	0	18	60	17696	2674	62
1746	4	7	40	17704	193	69
1747	4	7	60	17712	6872	60
1748	1	11	60	17720	4748	64
1749	4	7	60	17728	2039	55
1750	4	7	60	17736	9389	59
1751	1	11	40	17744	4803	63
1752	0	18	60	17752	5558	68
1753	3	16	80	17760	3594	56
1754	1	11	20	17768	3252	55
1755	3	16	60	17776	14936	58
1756	4	7	20	17784	760	54
1757	3	16	80	17792	545	62
1758	4	7	40	17800	676	55
1759	1	11	20	17808	1806	60
1760	3	16	20	17816	399	64
1761	3	16	80	17824	248	58
1762	3	16	40	17832	1291	57
1763	1	11	40	17840	8695	62
1764	4	7	20	17848	8577	62
1765	4	7	20	17856	5437	56
1766	0	18	60	17864	898	54
1767	3	16	40	17872	3854	57
1768	4	7	60	17880	2496	64
1769	3	16	40	17888	5586	69
1770	0	18	20	17896	1724	55
1771	0	18	20	17904	4767	63
1772	1	11	60	17912	5722	65
1773	3	16	80	17920	5376	67
1774	3	16	40	17928	5681	69
1775	0	18	80	17936	861	58
1776	4	7	40	17944	7845	56
1777	1	11	20	17952	1770	67
1778	3	16	20	17960	114	69
1779	4	7	40	18000	3742	69
1780	1	11	80	18012	135	64
1781	4	7	60	18024	3857	64
1782	0	18	40	18036	480	67
1783	4	7	60	18048	12993	59
1784	1	11	60	18060	18757	67
1785	4	7	60	18072	8164	65
1786	3	16	80	18084	483	62
1787	4	7	60	18096	2763	68
1788	0	18	60	18108	6064	65
1789	3	16	40	18120	1136	54
1790	0	18	20	18132	4244	59
1791	4	7	80	18144	16230	55
1792	4	7	80	18156	64	65
1793	4	7	40	18168	342	63
1794	0	18	40	18180	3721	60
1795	4	7	60	18192	1670	67
1796	0	18	40	18204	1722	54
1797	3	16	40	18216	8081	56
1798	4	7	20	18228	9349	62
1799	1	11	20	18240	136	60
1800	0	18	20	18252	1350	62
1801	1	11	80	18264	2239	65
1802	0	18	20	18276	1762	66
1803	4	7	40	18288	11411	64
1804	4	7	60	18300	201	69
1805	3	16	60	18312	932	66
1806	0	18	80	18324	11134	68
1807	3	16	80	18336	46	54
1808	0	18	60	18348	7194	56
1809	1	11	20	18360	1802	66
1810	4	7	20	18372	496	55
1811	1	11	20	18400	6761	57
1812	0	18	60	18409	418	63
1813	0	18	80	18418	3176	55
1814	4	7	40	18427	1601	65
1815	3	16	60	18436	2586	54
1816	3	16	40	18445	11765	61
1817	3	16	80	18454	1512	68
1818	0	18	80	18463	9033	65
1819	4	7	60	18472	51	66
1820	0	18	40	18481	3970	63
1821	0	18	80	18490	4845	55
1822	1	11	80	18499	7281	62
1823	1	11	20	18508	978	64
1824	3	16	20	18517	415	63
1825	0	18	20	18526	1832	54
1826	0	18	20	18535	4562	68
1827	1	11	20	18544	4543	55
1828	3	16	40	18553	573	61
1829	4	7	60	18562	2158	55
1830	0	18	60	18571	7429	57
1831	0	18	20	18580	19281	54
1832	1	11	80	18589	2422	59
1833	0	18	20	18598	20942	62
1834	3	16	20	18607	1549	60
1835	0	18	80	18616	3712	69
1836	3	16	40	18625	1217	68
1837	1	11	20	18634	749	56
1838	0	18	80	18643	9719	59
1839	3	16	80	18652	6107	55
1840	4	7	80	18661	10749	67
1841	0	18	80	18670	430	62
1842	4	7	20	18679	4367	65
1843	4	7	40	18688	2162	68
1844	4	7	20	18697	559	68
1845	3	16	20	18706	7290	56
1846	3	16	20	18715	8597	62
1847	4	7	80	18724	2524	63
1848	0	18	80	18733	5577	68
1849	1	11	60	18742	554	59
1850	1	11	40	18751	2004	60
1851	1	11	60	18760	142	56
1852	1	11	40	18800	14293	61
1853	4	7	60	18809	8854	65
1854	0	18	60	18818	2070	66
1855	4	7	20	18827	3511	61
1856	4	7	80	18836	3573	57
1857	4	7	80	18845	600	56
1858	1	11	20	18854	7423	54
1859	3	16	40	18863	4578	69
1860	3	16	60	18872	2999	67
1861	3	16	60	18881	1200	66
1862	4	7	60	18890	8415	63
1863	1	11	80	18899	2161	55
1864	0	18	60	18908	2926	62
1865	3	16	20	18917	533	55
1866	4	7	40	18926	1793	68
1867	4	7	40	18935	441	54
1868	3	16	80	18944	1029	64
1869	3	16	40	18953	5168	66
1870	0	18	20	18962	962	55
1871	0	18	40	18971	5991	58
1872	3	16	80	18980	2062	62
1873	3	16	20	18989	478	63
1874	0	18	80	18998	336	68
1875	0	18	60	19007	2996	55
1876	1	11	80	19016	154	59
1877	3	16	40	19025	2181	63
1878	3	16	20	19034	361	65
1879	4	7	20	19043	1205	61
1880	3	16	80	19052	2647	62
1881	1	11	20	19061	955	58
1882	1	11	20	19070	10458	57
1883	1	11	60	19079	16	55
1884	1	11	40	19088	92	64
1885	3	16	80	19097	6619	55
1886	3	16	80	19106	80	62
1887	3	16	20	19115	3316	63
1888	4	7	60	19124	3571	66
1889	3	16	80	19133	5340	69
1890	1	11	20	19142	56	66
1891	3	16	60	19151	525	66
1892	0	18	80	19160	1584	56
1893	3	16	40	19169	1046	60
1894	0	18	20	19178	1178	57
1895	0	18	20	19187	4466	55
1896	0	18	20	19200	1015	68
1897	1	11	20	19213	1134	64
1898	3	16	60	19226	9161	60
1899	0	18	20	19239	22	66
1900	4	7	60	19252	2593	58
1901	3	16	80	19265	6035	62
1902	1	11	20	19278	1103	68
1903	1	11	40	19291	108	55
1904	0	18	60	19304	9886	58
1905	0	18	80	19317	3846	56
1906	4	7	60	19330	4000	64
1907	4	7	20	19343	7843	67
1908	4	7	80	19356	6640	66
1909	0	18	20	19369	8377	64
1910	3	16	40	19382	3163	55
1911	1	11	40	19395	746	63
1912	1	11	80	19408	217	60
1913	1	11	20	19421	3502	63
1914	0	18	60	19434	880	60
1915	0	18	60	19447	1514	62
1916	0	18	40	19460	1617	62
1917	3	16	20	19473	8279	62
1918	4	7	60	19486	2007	61
1919	3	16	60	19499	4951	61
1920	4	7	20	19512	442	62
1921	1	11	20	19525	6393	58
1922	0	18	60	19538	2886	57
1923	4	7	80	19551	2693	64
1924	1	11	40	19564	4969	54
1925	1	11	60	19577	380	59
1926	0	18	40	19600	2386	56
1927	4	7	40	19611	757	55
1928	1	11	80	19622	7792	60
1929	4	7	60	19633	2098	67
1930	0	18	40	19644	1444	57
1931	4	7	60	19655	6258	65
1932	4	7	80	19666	2949	57
1933	1	11	80	19677	336	69
1934	0	18	40	19688	6114	56
1935	4	7	20	19699	4886	54
1936	4	7	80	19710	14210	60
1937	0	18	80	19721	9213	56
1938	0	18	20	19732	371	67
1939	1	11	40	19743	2077	62
1940	3	16	20	19754	777	60
1941	3	16	60	19765	700	65
1942	3	16	40	19776	5603	67
1943	4	7	60	19787	5002	55
1944	4	7	60	19798	844	68
1945	4	7	60	19809	7422	56
1946	0	18	80	19820	290	60
1947	3	16	60	19831	5445	62
1948	3	16	80	19842	132	54
1949	4	7	60	19853	11255	64
1950	0	18	80	19864	1662	63
1951	1	11	20	19875	1725	60
1952	3	16	60	19886	7652	57
1953	0	18	20	19897	837	68
1954	0	18	80	19908	9244	57
1955	1	11	60	19919	4549	54
1956	3	16	20	19930	1230	58
1957	1	11	40	19941	5562	57
1958	4	7	80	19952	1515	55
1959	4	7	80	19963	6965	68
1960	4	7	60	19974	737	69
1961	0	18	40	20000	2461	62
1962	1	11	40	20012	7	61
1963	4	7	40	20024	2054	69
1964	0	18	60	20036	3410	61
1965	3	16	60	20048	5637	59
1966	1	11	60	20060	4185	60
1967	0	18	80	20072	14320	61
1968	1	11	80	20084	6443	61
1969	0	18	40	20096	2711	59
1970	0	18	60	20108	1685	56
1971	0	18	60	20120	2265	60
1972	3	16	80	20132	6150	65
1973	3	16	20	20144	18217	68
1974	4	7	40	20156	3047	55
1975	1	11	60	20168	11536	67
1976	3	16	60	20180	180	60
1977	1	11	20	20192	6444	56
1978	4	7	40	20204	1424	66
1979	3	16	80	20216	8089	67
1980	0	18	80	20228	83	69
1981	1	11	80	20240	4891	63
1982	0	18	40	20252	602	55
1983	3	16	20	20264	9977	65
1984	4	7	60	20276	282	57
1985	3	16	20	20288	12210	66
1986	1	11	20	20300	11150	62
1987	4	7	60	20312	1618	58
1988	1	11	20	20324	793	65
1989	3	16	80	20336	438	56
1990	0	18	80	20348	2322	66
1991	3	16	60	20360	995	56
1992	0	18	80	20372	3514	54
1993	1	11	20	20384	1225	68
1994	1	11	80	20400	1080	62
1995	3	16	80	20466	5051	67
1996	0	18	20	20532	692	58
1997	4	7	20	20598	1735	68
1998	3	16	80	20664	603	63
1999	1	11	80	20730	2281	62
