0	4	7	20	0	222	65
1	0	18	20	4	7338	69
2	1	11	60	8	1419	54
3	3	16	20	12	3966	62
4	4	7	20	16	14340	69
5	1	11	40	20	9422	68
6	3	16	40	24	2643	56
7	1	11	20	28	901	59
8	0	18	40	32	15319	68
9	4	7	80	36	8900	54
10	1	11	40	40	12046	65
11	3	16	20	44	1705	58
12	0	18	40	48	17948	66
13	0	18	60	52	313	69
14	4	7	20	56	2931	61
15	1	11	60	60	2236	67
16	1	11	60	64	854	57
17	4	7	40	68	10398	69
18	1	11	20	72	6626	61
19	4	7	60	76	12290	59
20	3	16	80	80	23342	69
21	3	16	60	84	6148	55
22	3	16	80	88	3845	62
23	3	16	80	92	13423	60
24	1	11	60	96	4714	60
25	0	18	80	100	8409	62
26	3	16	20	104	3845	59
27	4	7	20	108	2309	57
28	4	7	20	112	1128	66
29	4	7	20	116	12333	60
30	3	16	40	120	129	62
31	0	18	20	124	12465	64
32	3	16	40	128	4804	59
33	0	18	40	132	1889	58
34	1	11	60	136	1368	59
35	0	18	80	140	7827	56
36	1	11	60	144	3141	59
37	0	18	60	148	19223	69
38	3	16	60	152	5939	58
39	0	18	40	156	18429	66
40	1	11	60	160	3445	56
41	3	16	20	164	3659	58
42	0	18	60	168	2626	68
43	3	16	80	172	550	58
44	3	16	80	176	2647	63
45	0	18	40	180	9516	65
46	4	7	40	184	1438	65
47	0	18	20	188	2329	56
48	3	16	20	192	2491	63
49	3	16	80	196	8463	55
50	0	18	20	200	1924	54
51	0	18	60	204	12569	62
52	1	11	60	208	12515	56
53	3	16	80	212	27214	68
54	3	16	60	216	13843	57
55	0	18	40	220	5404	63
56	1	11	40	224	1975	60
57	3	16	80	228	3437	64
58	0	18	40	232	23298	55
59	4	7	20	236	1616	61
60	4	7	20	240	2972	62
61	4	7	20	244	248	69
62	3	16	20	248	29499	63
63	1	11	40	252	551	61
64	0	18	40	256	8519	61
65	0	18	40	260	35860	55
66	0	18	80	264	10792	68
67	0	18	20	268	9205	61
68	4	7	80	272	17041	64
69	3	16	40	276	9183	59
70	0	18	80	280	20124	62
71	0	18	20	284	1703	58
72	0	18	80	288	1819	64
73	0	18	60	292	8704	64
74	3	16	20	296	4565	56
75	4	7	80	300	6918	65
76	3	16	20	304	2370	56
77	4	7	80	308	3027	58
78	0	18	80	312	6065	66
79	1	11	20	316	11078	64
80	0	18	40	320	5321	66
81	1	11	20	324	1105	57
82	1	11	80	328	32705	63
83	0	18	20	332	5212	64
84	4	7	80	336	6792	60
85	3	16	80	340	2027	54
86	3	16	40	344	53017	61
87	4	7	40	348	5305	61
88	3	16	80	352	3922	55
89	0	18	40	356	8776	65
90	3	16	60	400	4157	65
91	3	16	60	404	29640	65
92	0	18	20	408	26571	67
93	4	7	40	412	3336	67
94	1	11	40	416	7127	57
95	3	16	40	420	3077	57
96	0	18	80	424	3982	65
97	4	7	20	428	1918	61
98	1	11	40	432	4238	66
99	1	11	60	436	2774	62
100	0	18	60	440	24829	66
101	3	16	40	444	5247	58
102	0	18	20	448	3714	62
103	4	7	80	452	7033	58
104	3	16	20	456	10583	63
105	0	18	20	460	178	65
106	4	7	80	464	7109	67
107	1	11	80	468	1092	61
108	0	18	60	472	6071	66
109	3	16	60	476	2236	62
110	3	16	20	480	2139	60
111	1	11	40	484	18723	56
112	3	16	80	488	13623	67
113	4	7	20	492	1745	61
114	3	16	60	496	9555	64
115	1	11	20	500	1600	59
116	1	11	20	504	388	59
117	1	11	20	508	5484	68
118	1	11	60	512	5457	54
119	3	16	60	516	4516	61
120	1	11	80	520	36857	63
121	0	18	40	524	2362	61
122	3	16	40	528	2808	60
123	4	7	60	532	1936	68
124	4	7	60	536	2599	64
125	1	11	40	540	23027	67
126	0	18	80	544	2068	61
127	0	18	40	548	15864	67
128	4	7	40	552	609	61
129	0	18	60	556	982	69
130	3	16	20	560	1653	69
131	3	16	20	564	354	65
132	3	16	40	568	18728	62
133	3	16	40	572	2178	58
134	0	18	60	576	12658	68
135	1	11	20	580	38	62
136	0	18	80	584	11336	65
137	1	11	20	588	4064	59
138	3	16	80	592	10936	55
139	4	7	80	596	6389	65
140	3	16	80	600	8063	56
141	1	11	60	604	16383	69
142	4	7	80	608	24457	65
143	4	7	20	612	1240	62
144	1	11	20	616	4518	59
145	0	18	20	620	5570	63
146	0	18	60	624	1371	67
147	0	18	80	628	11683	60
148	1	11	80	632	8260	56
149	4	7	20	636	4199	68
150	0	18	40	640	2539	67
151	4	7	80	644	18100	66
152	1	11	40	648	10146	60
153	3	16	80	652	31265	58
154	0	18	60	656	2888	68
155	4	7	20	660	9615	58
156	0	18	20	664	1636	68
157	1	11	60	668	1361	63
158	4	7	40	672	2939	64
159	0	18	80	676	12479	66
160	4	7	20	680	12647	57
161	4	7	60	684	10370	54
162	3	16	40	688	446	54
163	0	18	80	692	4306	66
164	4	7	60	696	470	62
165	0	18	20	700	1699	65
166	4	7	20	704	77117	64
167	0	18	60	708	6929	63
168	3	16	60	712	4106	63
169	0	18	60	716	9429	56
170	0	18	40	720	4410	63
171	4	7	20	724	8375	54
172	4	7	20	728	11124	67
173	3	16	80	732	23117	59
174	4	7	80	736	12730	58
175	4	7	20	740	1013	64
176	1	11	60	744	2884	66
177	4	7	20	748	1322	67
178	1	11	40	752	12241	63
179	3	16	40	756	11960	55
180	1	11	60	760	12342	69
181	4	7	80	764	4929	55
182	4	7	60	768	1971	64
183	4	7	40	772	8749	62
184	4	7	40	776	14840	55
185	4	7	20	800	2749	56
186	0	18	60	804	3139	59
187	4	7	60	808	20600	57
188	3	16	60	812	21909	59
189	1	11	60	816	799	63
190	1	11	20	820	13709	64
191	4	7	20	824	7352	55
192	3	16	80	828	762	64
193	1	11	20	832	24857	59
194	4	7	60	836	11280	62
195	4	7	20	840	19137	56
196	4	7	20	844	13573	69
197	4	7	80	848	6154	68
198	4	7	60	852	723	54
199	0	18	20	856	2197	63
200	1	11	20	860	5572	69
201	4	7	20	864	6904	57
202	1	11	40	868	3650	66
203	0	18	20	872	24219	54
204	4	7	80	876	33386	58
205	0	18	40	880	7803	67
206	4	7	60	884	1251	69
207	4	7	60	888	11907	54
208	3	16	80	892	1622	54
209	0	18	60	896	1627	58
210	3	16	40	900	4042	62
211	1	11	80	904	265	55
212	4	7	20	908	3733	54
213	0	18	80	912	6069	63
214	4	7	20	916	29	66
215	0	18	40	920	3254	55
216	4	7	20	924	5674	59
217	3	16	20	928	3944	62
218	0	18	40	932	6802	64
219	0	18	40	936	11630	59
220	4	7	40	940	16123	60
221	4	7	40	944	633	60
222	3	16	80	948	8264	58
223	1	11	80	952	2927	54
224	4	7	60	956	16478	62
225	1	11	20	960	13838	61
226	1	11	20	964	6533	59
227	1	11	80	968	12708	62
228	4	7	40	972	1671	67
229	0	18	60	976	17498	56
230	0	18	20	980	2879	64
231	3	16	80	984	11620	68
232	4	7	60	988	545	67
233	0	18	40	992	6270	69
234	1	11	20	996	2562	55
235	1	11	60	1000	1866	66
236	1	11	40	1004	786	58
237	4	7	40	1008	2483	63
238	0	18	60	1012	9125	57
239	3	16	20	1016	1993	58
240	4	7	60	1020	1262	56
241	0	18	20	1024	6393	58
242	0	18	60	1028	10785	57
243	1	11	20	1032	11132	55
244	4	7	20	1036	9589	54
245	4	7	20	1040	12378	63
246	4	7	80	1044	2071	55
247	1	11	80	1048	6553	55
248	3	16	20	1052	24231	62
249	3	16	20	1056	4380	60
250	4	7	20	1060	4094	66
251	1	11	20	1064	4461	61
252	3	16	40	1068	26585	58
253	4	7	20	1072	3087	64
254	1	11	60	1076	3739	57
255	1	11	80	1080	4435	62
256	1	11	20	1084	21746	69
257	0	18	60	1088	494	66
258	0	18	60	1092	658	62
259	1	11	60	1096	1413	67
260	4	7	20	1100	536	61
261	1	11	80	1104	3434	61
262	0	18	40	1108	7050	57
263	3	16	40	1112	2805	67
264	0	18	40	1116	17079	63
265	0	18	60	1120	7967	63
266	1	11	20	1124	27223	58
267	4	7	80	1200	14158	54
268	4	7	80	1204	2382	61
269	1	11	60	1208	12698	54
270	4	7	80	1212	2202	66
271	0	18	80	1216	2207	65
272	3	16	60	1220	9871	58
273	1	11	40	1224	3472	59
274	0	18	80	1228	7747	56
275	4	7	40	1232	3043	56
276	3	16	60	1236	3273	57
277	0	18	80	1240	17864	56
278	3	16	60	1244	7491	69
279	4	7	40	1248	713	69
280	3	16	20	1252	7221	60
281	0	18	40	1256	54658	58
282	4	7	80	1260	14871	69
283	0	18	20	1264	11650	60
284	1	11	40	1268	5342	59
285	3	16	20	1272	16626	57
286	4	7	40	1276	12959	64
287	0	18	60	1280	10954	56
288	4	7	60	1284	1489	66
289	4	7	40	1288	15097	63
290	4	7	40	1292	2562	66
291	0	18	80	1296	274	62
292	3	16	80	1300	1664	55
293	3	16	80	1304	5846	60
294	4	7	20	1308	1354	67
295	3	16	60	1312	12752	65
296	0	18	60	1316	26724	54
297	3	16	40	1320	4702	59
298	1	11	60	1324	16294	61
299	4	7	60	1328	561	60
300	1	11	20	1332	13738	58
301	0	18	20	1336	4066	54
302	1	11	20	1340	2871	64
303	1	11	40	1344	1357	62
304	4	7	20	1348	1597	63
305	4	7	40	1352	1389	54
306	3	16	40	1356	10142	56
307	0	18	20	1360	7570	68
308	3	16	40	1364	9627	61
309	1	11	20	1368	469	55
310	4	7	20	1372	752	58
311	1	11	40	1376	336	66
312	3	16	80	1380	4810	67
313	0	18	20	1384	40523	63
314	4	7	40	1388	6703	60
315	3	16	60	1392	545	57
316	3	16	20	1396	5624	62
317	0	18	20	1400	13667	66
318	1	11	80	1404	13226	61
319	1	11	40	1408	55	59
320	0	18	40	1412	14108	69
321	1	11	60	1416	1998	55
322	4	7	40	1420	8624	58
323	0	18	60	1424	4208	67
324	1	11	20	1428	5896	57
325	3	16	20	1432	1854	58
326	1	11	20	1436	437	64
327	4	7	60	1440	1689	67
328	3	16	20	1444	1749	62
329	3	16	20	1448	13872	61
330	3	16	60	1452	3468	55
331	0	18	40	1456	17754	68
332	3	16	20	1460	188	65
333	4	7	20	1464	6215	62
334	3	16	40	1468	2461	64
335	1	11	20	1472	1745	59
336	4	7	40	1476	9561	63
337	1	11	40	1480	9319	60
338	0	18	80	1484	7052	67
339	1	11	20	1488	3176	58
340	0	18	60	1492	1359	54
341	3	16	40	1496	1688	65
342	1	11	20	1500	375	64
343	1	11	40	1504	958	64
344	0	18	20	1508	11374	59
345	1	11	20	1512	2120	54
346	3	16	80	1516	6973	64
347	3	16	60	1520	1727	62
348	4	7	60	1524	24138	69
349	0	18	60	1528	752	64
350	4	7	60	1532	2762	56
351	0	18	60	1536	1260	58
352	1	11	40	1540	8082	67
353	0	18	20	1544	15882	55
354	3	16	40	1600	2187	61
355	0	18	40	1604	7319	57
356	1	11	60	1608	10739	65
357	0	18	60	1612	17840	66
358	4	7	20	1616	8055	59
359	0	18	20	1620	29225	58
360	1	11	40	1624	898	60
361	4	7	80	1628	6009	59
362	3	16	80	1632	4294	60
363	0	18	20	1636	16726	54
364	4	7	40	1640	9771	69
365	3	16	80	1644	1769	60
366	4	7	20	1648	145	54
367	4	7	80	1652	19417	59
368	3	16	80	1656	10439	68
369	1	11	40	1660	3714	55
370	4	7	40	1664	3678	63
371	0	18	60	1668	13580	55
372	4	7	20	1672	2121	69
373	4	7	80	1676	5245	57
374	1	11	80	1680	15209	58
375	3	16	20	1684	8135	57
376	4	7	40	1688	1540	60
377	1	11	80	1692	6332	63
378	0	18	40	1696	8407	62
379	4	7	20	1700	2724	56
380	0	18	40	1704	7849	64
381	4	7	60	1708	15674	56
382	0	18	20	1712	2188	67
383	1	11	60	1716	901	67
384	4	7	40	1720	6064	59
385	3	16	20	1724	1846	67
386	4	7	20	1728	2359	54
387	1	11	80	1732	1400	63
388	0	18	80	1736	2864	55
389	1	11	80	1740	8759	60
390	0	18	40	1744	4888	63
391	3	16	80	1748	13071	66
392	3	16	20	1752	439	55
393	4	7	80	1756	7569	62
394	0	18	80	1760	2002	68
395	0	18	60	1764	7913	65
396	0	18	40	1768	11927	59
397	1	11	80	1772	1485	64
398	3	16	20	1776	4189	64
399	1	11	40	1780	6572	68
400	3	16	80	1784	1935	69
401	3	16	20	1788	8870	59
402	4	7	60	1792	5009	63
403	1	11	20	1796	6933	68
404	0	18	20	1800	10218	54
405	3	16	20	1804	5156	54
406	0	18	40	1808	19511	58
407	3	16	60	1812	1347	64
408	4	7	40	1816	97	66
409	0	18	40	1820	7348	57
410	0	18	80	1824	4417	66
411	4	7	80	1828	1704	55
412	0	18	20	1832	2217	58
413	0	18	80	1836	3397	56
414	0	18	80	1840	3433	64
415	1	11	80	1844	2271	57
416	3	16	80	1848	2726	61
417	0	18	40	1852	2954	62
418	0	18	60	1856	3384	64
419	0	18	40	1860	5530	56
420	4	7	60	1864	22924	59
421	3	16	20	1868	15582	60
422	3	16	20	1872	7548	58
423	0	18	20	1876	523	62
424	1	11	80	1880	19647	61
425	1	11	40	1884	6636	66
426	3	16	40	1888	11532	54
427	4	7	40	1892	7765	60
428	3	16	20	1896	2402	58
429	0	18	20	1900	2013	63
430	1	11	60	1904	15929	68
431	1	11	60	1908	45	65
432	3	16	80	1912	1199	69
433	3	16	20	1916	755	63
434	1	11	40	1920	612	57
435	1	11	20	2000	24827	59
436	4	7	80	2006	4002	63
437	4	7	80	2012	8623	69
438	0	18	40	2018	3894	67
439	0	18	40	2024	463	58
440	1	11	80	2030	2777	62
441	1	11	40	2036	846	60
442	1	11	60	2042	1286	67
443	0	18	40	2048	9633	67
444	1	11	80	2054	2207	63
445	0	18	60	2060	2466	61
446	1	11	60	2066	6618	62
447	3	16	20	2072	9830	68
448	4	7	80	2078	2439	68
449	3	16	80	2084	29271	64
450	3	16	80	2090	3315	58
451	4	7	80	2096	5018	67
452	0	18	20	2102	13919	69
453	3	16	60	2108	19138	62
454	3	16	60	2114	7681	62
455	0	18	60	2120	3538	62
456	4	7	80	2126	489	54
457	4	7	40	2132	4113	54
458	4	7	40	2138	8759	60
459	4	7	60	2144	1370	57
460	0	18	60	2150	9949	54
461	1	11	80	2156	2757	67
462	4	7	60	2162	18074	60
463	4	7	20	2168	12468	57
464	3	16	60	2174	10698	59
465	3	16	40	2180	4339	55
466	1	11	20	2186	433	56
467	3	16	20	2192	1318	64
468	3	16	60	2198	2543	69
469	3	16	60	2204	4004	58
470	3	16	80	2210	15368	64
471	4	7	80	2216	7935	61
472	4	7	20	2222	20558	65
473	0	18	40	2228	2725	60
474	3	16	60	2234	1842	63
475	3	16	40	2240	14793	69
476	0	18	60	2246	9872	63
477	3	16	60	2252	19324	60
478	4	7	40	2258	13817	68
479	0	18	40	2264	8373	69
480	0	18	80	2270	7	58
481	0	18	40	2276	461	56
482	4	7	60	2282	3549	62
483	0	18	20	2288	2685	63
484	3	16	20	2294	17182	59
485	3	16	80	2300	4052	55
486	1	11	40	2306	1599	65
487	0	18	20	2312	2097	60
488	0	18	40	2318	5123	54
489	1	11	80	2324	10077	64
490	3	16	40	2330	18091	58
491	0	18	60	2336	38274	62
492	4	7	60	2342	41296	62
493	1	11	60	2348	2069	63
494	0	18	80	2354	3380	58
495	0	18	80	2400	14	64
496	1	11	80	2405	1833	69
497	3	16	40	2410	3557	64
498	3	16	80	2415	26290	62
499	3	16	40	2420	13830	62
500	4	7	60	2425	1912	59
501	4	7	60	2430	4231	67
502	4	7	60	2435	4567	68
503	1	11	40	2440	16261	63
504	0	18	20	2445	1028	54
505	4	7	80	2450	9905	66
506	0	18	80	2455	6256	55
507	0	18	80	2460	6139	63
508	4	7	20	2465	9707	68
509	4	7	40	2470	11917	63
510	4	7	20	2475	8365	69
511	1	11	40	2480	1287	64
512	4	7	20	2485	6936	56
513	4	7	80	2490	133	60
514	4	7	80	2495	1361	68
515	4	7	20	2500	8526	67
516	1	11	40	2505	21650	59
517	4	7	40	2510	7540	66
518	1	11	20	2515	18940	68
519	0	18	60	2520	3323	57
520	1	11	20	2525	2168	59
521	0	18	80	2530	13812	65
522	1	11	60	2535	9090	64
523	1	11	80	2540	6497	59
524	0	18	40	2545	5513	54
525	3	16	20	2550	15838	55
526	4	7	40	2555	8060	68
527	3	16	40	2560	9513	55
528	0	18	40	2565	23065	56
529	3	16	60	2570	1824	69
530	0	18	40	2575	8124	69
531	1	11	20	2580	3445	69
532	0	18	60	2585	23663	67
533	0	18	20	2590	65681	59
534	0	18	80	2595	4586	64
535	0	18	20	2600	7136	61
536	0	18	60	2605	7763	57
537	3	16	20	2610	5376	69
538	4	7	80	2615	1437	62
539	4	7	20	2620	1521	62
540	1	11	80	2625	15443	69
541	0	18	40	2630	8294	56
542	0	18	20	2635	6002	62
543	0	18	20	2640	9589	61
544	1	11	60	2645	560	65
545	0	18	20	2650	11000	64
546	0	18	60	2655	4246	60
547	4	7	60	2660	30449	55
548	3	16	60	2665	592	64
549	0	18	60	2670	9345	60
550	3	16	60	2675	568	59
551	3	16	40	2680	7220	57
552	1	11	40	2685	4821	65
553	1	11	20	2690	7796	58
554	1	11	20	2695	7037	57
555	3	16	60	2700	3960	63
556	1	11	20	2705	10528	57
557	1	11	80	2710	16890	63
558	0	18	20	2715	3708	62
559	1	11	80	2720	2395	68
560	4	7	60	2725	625	68
561	1	11	60	2730	15019	69
562	0	18	60	2735	7166	60
563	0	18	60	2800	5527	69
564	3	16	20	2806	1176	63
565	1	11	80	2812	2837	69
566	1	11	60	2818	1790	66
567	3	16	20	2824	6941	66
568	4	7	20	2830	6943	66
569	3	16	80	2836	6683	61
570	4	7	60	2842	280	64
571	3	16	20	2848	4694	59
572	4	7	40	2854	4723	57
573	3	16	80	2860	10567	59
574	3	16	80	2866	5309	58
575	0	18	80	2872	7172	56
576	4	7	80	2878	2788	57
577	0	18	40	2884	31531	56
578	0	18	20	2890	5361	63
579	4	7	20	2896	11118	60
580	1	11	60	2902	4783	65
581	4	7	80	2908	8563	66
582	4	7	60	2914	7827	61
583	4	7	60	2920	2354	66
584	4	7	20	2926	1163	63
585	3	16	80	2932	354	66
586	0	18	80	2938	18205	57
587	3	16	60	2944	3149	62
588	4	7	80	2950	4284	56
589	1	11	20	2956	375	55
590	3	16	80	2962	15636	57
591	3	16	80	2968	10843	64
592	1	11	20	2974	1007	60
593	1	11	20	2980	18891	64
594	4	7	60	2986	824	64
595	4	7	40	2992	63	69
596	0	18	80	2998	441	65
597	4	7	40	3004	234	63
598	3	16	20	3010	6597	68
599	4	7	80	3016	11725	65
600	4	7	60	3022	6328	67
601	1	11	60	3028	14259	63
602	0	18	40	3034	4054	59
603	0	18	80	3040	5627	56
604	1	11	20	3046	8504	65
605	4	7	40	3052	7839	69
606	3	16	20	3058	1286	69
607	4	7	60	3064	10170	59
608	4	7	40	3070	1183	54
609	0	18	40	3076	39765	54
610	4	7	80	3082	809	60
611	1	11	80	3088	11129	55
612	1	11	60	3094	3961	69
613	1	11	80	3100	7742	56
614	0	18	40	3106	13232	57
615	4	7	60	3112	4331	55
616	3	16	80	3118	2017	62
617	0	18	80	3124	3284	64
618	1	11	40	3130	3614	59
619	0	18	20	3136	784	66
620	1	11	20	3142	4104	66
621	4	7	80	3148	16642	57
622	3	16	20	3154	1446	63
623	1	11	80	3160	6114	65
624	4	7	80	3166	9845	57
625	0	18	60	3172	2765	54
626	1	11	20	3178	3150	68
627	1	11	40	3184	6215	63
628	3	16	20	3190	8066	65
629	3	16	40	3200	5188	58
630	0	18	20	3206	6183	61
631	4	7	40	3212	2467	63
632	3	16	20	3218	4343	57
633	0	18	40	3224	10164	68
634	4	7	60	3230	1827	62
635	4	7	80	3236	7705	55
636	3	16	60	3242	2403	61
637	4	7	80	3248	1013	58
638	3	16	60	3254	7338	54
639	0	18	80	3260	5718	63
640	4	7	80	3266	18013	67
641	1	11	20	3272	1565	67
642	3	16	20	3278	1665	61
643	4	7	60	3284	4379	56
644	3	16	40	3290	23907	64
645	1	11	20	3296	906	56
646	1	11	20	3302	3466	64
647	0	18	20	3308	5517	58
648	1	11	80	3314	816	61
649	4	7	80	3320	9112	62
650	1	11	60	3326	12295	61
651	4	7	80	3332	10096	55
652	3	16	20	3338	8758	57
653	1	11	80	3344	5052	56
654	3	16	60	3350	3667	69
655	0	18	60	3356	8905	63
656	3	16	40	3362	8781	54
657	4	7	40	3368	15915	64
658	0	18	80	3374	12765	69
659	0	18	60	3380	3598	65
660	3	16	20	3386	2843	55
661	1	11	60	3392	7499	60
662	0	18	40	3398	705	64
663	0	18	80	3404	8638	66
664	4	7	40	3410	4851	62
665	4	7	40	3416	14211	66
666	3	16	60	3422	3231	67
667	0	18	40	3428	8898	55
668	3	16	40	3434	4300	64
669	0	18	40	3440	1689	55
670	0	18	20	3446	1380	64
671	3	16	80	3452	878	58
672	3	16	40	3458	10665	64
673	1	11	60	3464	15328	66
674	0	18	40	3470	1771	69
675	4	7	80	3476	2024	68
676	0	18	80	3482	9297	66
677	4	7	60	3488	10894	60
678	4	7	60	3494	7030	54
679	1	11	80	3500	7345	54
680	4	7	60	3506	22594	59
681	1	11	80	3512	14048	64
682	0	18	60	3518	4684	56
683	3	16	20	3524	24854	56
684	0	18	80	3530	9427	66
685	1	11	20	3536	13781	60
686	1	11	40	3542	7330	60
687	0	18	40	3548	24078	55
688	3	16	60	3554	3465	69
689	3	16	20	3560	6087	68
690	1	11	40	3566	24284	55
691	4	7	20	3572	4037	67
692	3	16	20	3578	3105	59
693	3	16	80	3600	2175	58
694	1	11	60	3605	1901	62
695	3	16	20	3610	2699	60
696	0	18	80	3615	784	57
697	1	11	40	3620	5998	65
698	0	18	40	3625	27258	64
699	4	7	80	3630	1012	68
700	3	16	60	3635	11927	59
701	0	18	60	3640	9127	63
702	1	11	80	3645	688	64
703	1	11	40	3650	18965	59
704	4	7	80	3655	5894	68
705	4	7	60	3660	9140	57
706	1	11	60	3665	31519	60
707	1	11	40	3670	13395	61
708	1	11	60	3675	2513	56
709	3	16	60	3680	1245	54
710	0	18	80	3685	33235	67
711	4	7	80	3690	20463	63
712	4	7	80	3695	2611	63
713	4	7	80	3700	1749	68
714	1	11	20	3705	4380	59
715	1	11	40	3710	5107	60
716	1	11	20	3715	1444	58
717	3	16	20	3720	1106	61
718	0	18	20	3725	27564	69
719	3	16	20	3730	8025	56
720	1	11	20	3735	2098	59
721	3	16	40	3740	3844	65
722	3	16	60	3745	3080	55
723	4	7	40	3750	17169	65
724	4	7	80	3755	2179	69
725	1	11	80	3760	11490	67
726	4	7	80	3765	12194	69
727	4	7	40	3770	5517	59
728	4	7	80	3775	8201	57
729	1	11	20	3780	19466	62
730	4	7	20	3785	1116	65
731	3	16	40	3790	1391	54
732	3	16	40	3795	12002	66
733	0	18	60	3800	5016	55
734	3	16	40	3805	13985	65
735	3	16	80	3810	2410	66
736	4	7	80	3815	10927	54
737	3	16	20	3820	6153	66
738	4	7	40	3825	4551	58
739	1	11	20	3830	90	63
740	4	7	60	3835	14704	69
741	4	7	80	3840	12388	69
742	4	7	60	3845	9143	68
743	0	18	20	3850	1860	68
744	3	16	20	3855	6360	55
745	1	11	60	3860	238	61
746	4	7	40	3865	1002	57
747	4	7	20	3870	1070	60
748	0	18	80	3875	13563	69
749	0	18	40	3880	10766	55
750	1	11	20	3885	1033	56
751	1	11	80	3890	26644	66
752	1	11	40	3895	6557	65
753	1	11	20	3900	3246	61
754	1	11	80	3905	17522	62
755	0	18	20	3910	3997	63
756	3	16	80	3915	3581	61
757	3	16	60	3920	1778	69
758	1	11	60	3925	8823	60
759	1	11	80	3930	11389	55
760	4	7	80	3935	18321	58
761	1	11	20	3940	5266	55
762	1	11	40	3945	1503	57
763	4	7	40	3950	3537	64
764	3	16	60	3955	111	58
765	1	11	40	3960	13928	66
766	0	18	60	3965	1258	67
767	4	7	20	3970	13397	61
768	0	18	60	3975	3703	56
769	4	7	20	3980	1408	63
770	3	16	40	3985	10386	60
771	3	16	80	3990	7923	61
772	4	7	60	3995	9505	57
773	3	16	80	4000	25147	59
774	3	16	60	4005	12578	56
775	3	16	40	4010	4685	60
776	3	16	60	4015	9644	67
777	1	11	60	4020	951	57
778	0	18	20	4025	3259	63
779	1	11	40	4030	1876	62
780	1	11	40	4035	8270	63
781	4	7	60	4040	8559	62
782	4	7	40	4045	9159	60
783	4	7	60	4050	18550	56
784	4	7	20	4055	12525	59
785	1	11	20	4060	1452	69
786	1	11	20	4065	7334	58
787	1	11	20	4070	4687	58
788	3	16	60	4075	6897	63
789	3	16	20	4080	4534	55
790	4	7	80	4085	18365	58
791	0	18	40	4090	6308	55
792	0	18	60	4095	16229	60
793	1	11	40	4100	8984	56
794	3	16	20	4105	954	59
795	1	11	40	4110	3552	67
796	1	11	40	4115	7659	65
797	4	7	20	4120	3129	58
798	1	11	40	4125	1721	63
799	1	11	80	4130	10292	58
800	0	18	80	4135	17222	63
801	4	7	40	4140	2913	65
802	4	7	40	4145	11242	58
803	1	11	80	4150	8514	59
804	1	11	80	4155	102	64
805	4	7	20	4160	5427	64
806	3	16	20	4165	2506	62
807	3	16	40	4170	7382	60
808	3	16	60	4175	6231	58
809	3	16	60	4180	4707	55
810	1	11	60	4185	9440	66
811	1	11	40	4190	2288	58
812	3	16	60	4195	16003	59
813	0	18	40	4200	4915	67
814	0	18	60	4205	975	61
815	4	7	20	4210	2214	65
816	3	16	80	4215	12896	65
817	3	16	80	4220	2514	55
818	0	18	40	4225	6682	58
819	0	18	40	4230	15062	59
820	0	18	20	4235	2033	62
821	4	7	60	4240	9690	62
822	1	11	40	4245	2141	68
823	1	11	60	4250	22228	55
824	4	7	40	4255	2432	58
825	1	11	20	4260	1602	59
826	1	11	40	4265	11420	55
827	3	16	40	4270	165	54
828	0	18	60	4275	14882	69
829	1	11	20	4280	4551	59
830	0	18	80	4285	14043	65
831	4	7	40	4290	3781	62
832	4	7	20	4295	20059	63
833	4	7	40	4300	7549	59
834	0	18	40	4305	3146	68
835	1	11	20	4310	3314	68
836	0	18	40	4315	18603	58
837	3	16	60	4320	216	54
838	1	11	80	4325	17580	61
839	0	18	80	4330	2835	65
840	4	7	20	4335	18187	60
841	3	16	80	4340	48327	68
842	3	16	40	4400	18604	54
843	4	7	20	4404	1141	61
844	0	18	40	4408	10773	59
845	3	16	40	4412	8411	54
846	3	16	60	4416	9135	65
847	0	18	40	4420	4213	62
848	0	18	80	4424	6566	64
849	3	16	80	4428	16366	63
850	4	7	60	4432	6532	56
851	4	7	60	4436	3402	64
852	4	7	80	4440	11334	69
853	0	18	20	4444	3394	58
854	0	18	60	4448	5534	66
855	1	11	40	4452	1603	54
856	3	16	80	4456	583	66
857	1	11	80	4460	13579	57
858	3	16	40	4464	3992	55
859	0	18	60	4468	14232	59
860	3	16	80	4472	10548	62
861	0	18	80	4476	2285	62
862	3	16	60	4480	11357	60
863	1	11	40	4484	907	69
864	3	16	60	4488	7691	60
865	3	16	20	4492	3038	57
866	1	11	20	4496	3206	65
867	3	16	40	4500	2343	54
868	4	7	80	4504	1149	68
869	4	7	40	4508	11955	63
870	4	7	80	4512	3318	61
871	4	7	20	4516	11889	65
872	0	18	80	4520	3834	63
873	4	7	40	4524	2493	63
874	1	11	40	4528	24096	68
875	3	16	40	4532	2058	63
876	0	18	20	4536	12872	62
877	1	11	40	4540	860	61
878	1	11	20	4544	1764	65
879	0	18	80	4548	7565	58
880	3	16	40	4552	5555	63
881	0	18	20	4556	3454	63
882	1	11	60	4560	4938	60
883	1	11	60	4564	29091	60
884	1	11	60	4568	16688	56
885	1	11	40	4572	5242	55
886	0	18	60	4576	7723	62
887	3	16	20	4580	6803	58
888	3	16	60	4584	945	62
889	4	7	20	4588	1239	67
890	3	16	40	4592	2505	56
891	3	16	40	4596	714	55
892	0	18	20	4600	8038	69
893	1	11	20	4604	475	56
894	3	16	20	4608	6677	56
895	3	16	20	4612	8366	68
896	4	7	20	4616	2189	62
897	0	18	20	4620	12678	54
898	1	11	40	4624	5793	55
899	3	16	40	4628	4411	55
900	1	11	20	4632	3089	59
901	4	7	40	4636	4453	65
902	1	11	40	4640	2578	64
903	1	11	40	4644	12270	55
904	4	7	20	4648	6060	56
905	0	18	40	4652	12269	61
906	4	7	60	4656	26972	54
907	4	7	60	4660	5382	60
908	4	7	60	4664	4019	59
909	1	11	20	4668	2545	56
910	0	18	20	4672	3846	62
911	1	11	40	4676	27626	59
912	0	18	60	4680	7717	61
913	1	11	60	4684	12161	66
914	1	11	40	4688	3210	65
915	1	11	60	4692	3847	69
916	3	16	20	4696	12403	55
917	0	18	80	4700	12280	54
918	0	18	60	4704	2105	67
919	1	11	40	4708	1177	58
920	1	11	60	4712	9548	65
921	3	16	20	4716	11332	60
922	4	7	60	4720	1229	61
923	0	18	80	4724	37100	54
924	0	18	20	4728	5654	60
925	1	11	40	4732	2345	60
926	4	7	20	4800	1205	65
927	4	7	60	4804	3121	61
928	1	11	40	4808	9680	61
929	3	16	20	4812	2878	54
930	3	16	20	4816	35009	55
931	0	18	20	4820	39	62
932	4	7	20	4824	7067	59
933	3	16	80	4828	11901	64
934	3	16	60	4832	2753	69
935	4	7	80	4836	613	68
936	4	7	60	4840	624	69
937	0	18	20	4844	9024	59
938	3	16	60	4848	4673	57
939	0	18	40	4852	768	64
940	3	16	60	4856	5790	54
941	1	11	80	4860	1109	56
942	4	7	60	4864	1566	68
943	0	18	60	4868	14610	59
944	4	7	80	4872	11477	59
945	1	11	80	4876	2859	67
946	1	11	80	4880	5027	63
947	3	16	60	4884	15314	56
948	4	7	80	4888	10392	60
949	0	18	40	4892	1628	56
950	0	18	20	4896	15770	66
951	4	7	40	4900	4853	62
952	0	18	40	4904	6633	57
953	0	18	80	4908	3803	66
954	0	18	60	4912	10386	60
955	4	7	20	4916	6620	68
956	4	7	80	4920	2678	57
957	0	18	60	4924	2686	63
958	0	18	20	4928	2600	64
959	3	16	60	4932	2596	65
960	0	18	20	4936	8270	65
961	4	7	20	4940	8231	62
962	1	11	40	4944	12405	69
963	0	18	40	4948	778	59
964	4	7	80	4952	2684	55
965	0	18	20	4956	3783	54
966	1	11	40	4960	3846	69
967	1	11	80	4964	14903	66
968	4	7	80	4968	5388	67
969	3	16	40	4972	2373	67
970	1	11	20	4976	2930	54
971	3	16	80	4980	945	66
972	3	16	20	4984	3349	66
973	4	7	40	4988	1205	56
974	4	7	80	4992	7779	58
975	0	18	60	4996	6703	62
976	4	7	60	5000	6932	62
977	3	16	20	5004	2892	55
978	1	11	80	5008	2075	65
979	4	7	40	5012	1848	63
980	4	7	60	5016	12392	66
981	1	11	40	5020	2710	63
982	4	7	60	5024	7247	55
983	1	11	80	5028	5832	59
984	3	16	20	5032	4660	57
985	4	7	80	5036	6084	62
986	4	7	60	5040	4657	58
987	4	7	20	5044	1868	63
988	1	11	40	5048	385	58
989	4	7	60	5052	10424	55
990	4	7	20	5056	12458	64
991	3	16	20	5060	12481	59
992	4	7	20	5064	4070	64
993	0	18	20	5068	1445	61
994	0	18	20	5072	4741	69
995	3	16	40	5076	16474	61
996	4	7	60	5080	3343	57
997	3	16	20	5084	711	63
998	1	11	60	5088	6458	58
999	3	16	80	5092	3888	59
1000	4	7	40	5096	20087	67
1001	4	7	80	5100	7777	67
1002	3	16	60	5104	3600	59
1003	1	11	60	5108	5085	63
1004	4	7	40	5112	16796	55
1005	1	11	20	5116	11064	54
1006	1	11	20	5120	957	65
1007	0	18	20	5124	4409	54
1008	0	18	80	5128	11303	62
1009	0	18	80	5132	1391	67
1010	4	7	40	5136	32737	59
1011	1	11	80	5140	31733	55
1012	4	7	60	5144	467	68
1013	0	18	80	5148	591	54
1014	3	16	80	5152	5379	69
1015	3	16	80	5156	3532	56
1016	0	18	40	5160	383	61
1017	0	18	40	5164	2520	63
1018	3	16	40	5168	8426	55
1019	4	7	80	5172	11170	62
1020	0	18	40	5176	21934	65
1021	1	11	20	5180	1523	59
1022	0	18	60	5184	12783	62
1023	4	7	40	5188	11477	66
1024	3	16	20	5192	5040	56
1025	3	16	80	5196	5818	64
1026	4	7	80	5200	9978	56
1027	1	11	20	5206	1556	58
1028	4	7	20	5212	9438	57
1029	1	11	40	5218	11070	66
1030	0	18	80	5224	2047	59
1031	0	18	60	5230	5457	69
1032	1	11	40	5236	11074	67
1033	3	16	20	5242	14838	59
1034	0	18	80	5248	2711	65
1035	0	18	80	5254	1450	69
1036	3	16	60	5260	20713	57
1037	1	11	20	5266	1071	62
1038	3	16	60	5272	8177	57
1039	0	18	80	5278	9428	57
1040	3	16	80	5284	4355	67
1041	4	7	60	5290	141	57
1042	3	16	20	5296	4807	55
1043	1	11	40	5302	17474	60
1044	4	7	20	5308	10932	65
1045	3	16	40	5314	13211	63
1046	3	16	60	5320	10569	61
1047	3	16	20	5326	3174	63
1048	3	16	20	5332	9010	62
1049	3	16	40	5338	756	66
1050	1	11	20	5344	13973	54
1051	4	7	40	5350	592	63
1052	0	18	80	5356	4551	61
1053	1	11	60	5362	12932	65
1054	3	16	40	5368	4774	64
1055	1	11	20	5374	10943	62
1056	4	7	40	5380	13901	58
1057	4	7	40	5386	7343	63
1058	3	16	60	5392	23	60
1059	0	18	60	5398	3579	60
1060	3	16	40	5404	297	68
1061	4	7	80	5410	21988	61
1062	1	11	80	5416	10505	67
1063	4	7	60	5422	57	65
1064	0	18	80	5428	21727	62
1065	4	7	80	5434	5367	60
1066	4	7	40	5440	2107	58
1067	1	11	40	5446	1918	62
1068	0	18	80	5452	12252	58
1069	1	11	20	5458	3129	69
1070	4	7	20	5464	4526	69
1071	3	16	40	5470	20350	69
1072	3	16	80	5476	7955	60
1073	1	11	40	5482	25537	68
1074	1	11	20	5488	3235	65
1075	1	11	80	5494	20005	61
1076	3	16	80	5500	10233	57
1077	3	16	20	5506	19285	55
1078	4	7	40	5512	135	54
1079	0	18	80	5518	8612	63
1080	0	18	20	5524	12245	57
1081	0	18	60	5530	3891	62
1082	4	7	20	5536	5561	66
1083	0	18	60	5542	7380	60
1084	4	7	40	5548	20586	65
1085	1	11	60	5554	1341	65
1086	0	18	60	5560	500	62
1087	4	7	80	5566	23664	55
1088	0	18	80	5572	4008	65
1089	3	16	80	5578	6248	57
1090	0	18	40	5600	3344	65
1091	4	7	40	5605	3135	64
1092	3	16	60	5610	1044	55
1093	1	11	80	5615	2622	66
1094	3	16	60	5620	8532	59
1095	4	7	20	5625	5290	59
1096	3	16	60	5630	2701	60
1097	4	7	60	5635	4702	59
1098	1	11	40	5640	24562	68
1099	0	18	20	5645	2367	58
1100	3	16	80	5650	6876	58
1101	1	11	40	5655	5871	69
1102	1	11	40	5660	6277	59
1103	0	18	80	5665	3470	62
1104	3	16	40	5670	8586	67
1105	3	16	80	5675	18764	54
1106	1	11	40	5680	4657	57
1107	3	16	60	5685	5154	62
1108	0	18	60	5690	5060	54
1109	1	11	40	5695	6065	56
1110	3	16	20	5700	191	58
1111	0	18	20	5705	19610	56
1112	4	7	20	5710	7013	62
1113	3	16	60	5715	3369	67
1114	0	18	40	5720	6885	57
1115	3	16	60	5725	8428	59
1116	4	7	80	5730	4567	65
1117	0	18	40	5735	1100	60
1118	0	18	40	5740	697	54
1119	4	7	40	5745	12092	66
1120	3	16	40	5750	4471	68
1121	0	18	60	5755	2666	56
1122	1	11	60	5760	13679	66
1123	3	16	20	5765	2213	55
1124	0	18	60	5770	32170	58
1125	0	18	60	5775	912	58
1126	0	18	80	5780	12838	67
1127	0	18	80	5785	3453	63
1128	3	16	60	5790	2888	63
1129	3	16	20	5795	15115	59
1130	4	7	40	5800	7984	55
1131	4	7	40	5805	2597	68
1132	1	11	80	5810	25108	57
1133	4	7	20	5815	11436	66
1134	1	11	80	5820	689	58
1135	3	16	80	5825	2448	57
1136	3	16	40	5830	14732	56
1137	4	7	20	5835	1291	57
1138	3	16	40	5840	23110	63
1139	0	18	40	5845	157	65
1140	4	7	20	5850	9989	62
1141	1	11	20	5855	7047	69
1142	3	16	40	5860	5221	55
1143	4	7	40	5865	15880	62
1144	4	7	60	5870	5845	69
1145	0	18	40	5875	4467	62
1146	0	18	40	5880	10789	56
1147	4	7	80	5885	12062	58
1148	1	11	60	5890	9694	62
1149	0	18	20	5895	36	69
1150	4	7	20	5900	400	64
1151	1	11	40	5905	1375	69
1152	3	16	40	5910	3582	59
1153	3	16	20	5915	1530	56
1154	1	11	80	5920	14082	59
1155	1	11	40	5925	2775	56
1156	0	18	60	5930	9654	56
1157	4	7	40	5935	2876	58
1158	4	7	40	5940	3695	58
1159	1	11	60	5945	6393	62
1160	3	16	20	5950	888	57
1161	0	18	60	5955	760	63
1162	4	7	80	5960	1508	69
1163	3	16	40	5965	7738	64
1164	3	16	20	5970	18423	55
1165	4	7	80	5975	10976	60
1166	4	7	40	5980	25203	69
1167	4	7	80	5985	13865	65
1168	0	18	60	5990	2421	62
1169	1	11	40	6000	3008	54
1170	4	7	20	6005	13280	57
1171	0	18	80	6010	2694	61
1172	1	11	80	6015	1628	67
1173	4	7	80	6020	528	59
1174	4	7	20	6025	549	57
1175	1	11	40	6030	14791	69
1176	1	11	20	6035	13043	55
1177	3	16	20	6040	25078	57
1178	3	16	40	6045	10278	56
1179	0	18	40	6050	6462	65
1180	0	18	40	6055	3663	56
1181	0	18	80	6060	165	63
1182	3	16	20	6065	8358	54
1183	3	16	40	6070	2837	63
1184	3	16	80	6075	12873	65
1185	1	11	20	6080	5131	55
1186	0	18	80	6085	19837	62
1187	4	7	60	6090	12204	54
1188	3	16	40	6095	21574	60
1189	4	7	60	6100	12462	56
1190	3	16	20	6105	6618	54
1191	3	16	20	6110	6201	68
1192	0	18	80	6115	12081	69
1193	0	18	60	6120	4007	55
1194	3	16	40	6125	19661	61
1195	4	7	60	6130	7791	69
1196	1	11	20	6135	4271	54
1197	0	18	80	6140	15695	60
1198	1	11	40	6145	26286	61
1199	0	18	60	6150	11827	62
1200	0	18	80	6155	5090	63
1201	0	18	40	6160	19924	60
1202	4	7	20	6165	5829	66
1203	0	18	40	6170	3939	62
1204	0	18	20	6175	1731	66
1205	4	7	40	6180	11515	56
1206	4	7	40	6185	29130	56
1207	3	16	60	6190	2819	54
1208	4	7	20	6195	912	69
1209	0	18	60	6200	33819	60
1210	0	18	40	6205	5371	55
1211	1	11	60	6210	10911	69
1212	1	11	80	6215	6916	55
1213	3	16	80	6220	13531	62
1214	1	11	40	6225	1616	59
1215	1	11	20	6230	707	63
1216	1	11	40	6235	4674	62
1217	1	11	60	6240	16526	59
1218	4	7	60	6245	13716	69
1219	0	18	20	6250	4449	69
1220	3	16	20	6255	14184	67
1221	0	18	60	6260	1535	68
1222	1	11	60	6265	17708	58
1223	0	18	20	6270	5105	60
1224	3	16	20	6275	11111	69
1225	0	18	80	6280	2522	58
1226	4	7	80	6285	5655	62
1227	1	11	40	6290	12491	65
1228	1	11	40	6295	1296	67
1229	4	7	60	6300	4694	57
1230	4	7	20	6305	4480	69
1231	1	11	40	6310	23164	64
1232	1	11	80	6315	40798	66
1233	1	11	80	6320	24171	63
1234	4	7	40	6325	697	56
1235	4	7	20	6330	4786	66
1236	1	11	80	6335	5593	66
1237	3	16	80	6340	2401	62
1238	1	11	40	6345	878	67
1239	4	7	40	6350	301	62
1240	3	16	60	6355	5539	69
1241	1	11	40	6360	7723	61
1242	4	7	60	6365	8983	55
1243	3	16	80	6370	23525	54
1244	4	7	40	6375	2857	54
1245	0	18	60	6380	13649	55
1246	1	11	40	6385	25879	67
1247	3	16	80	6400	26458	60
1248	3	16	40	6404	1897	65
1249	0	18	40	6408	14160	67
1250	1	11	20	6412	1586	60
1251	0	18	60	6416	6220	64
1252	0	18	20	6420	322	61
1253	0	18	20	6424	6143	61
1254	3	16	60	6428	22755	64
1255	0	18	40	6432	2808	65
1256	4	7	60	6436	214	55
1257	3	16	20	6440	374	59
1258	3	16	20	6444	8133	63
1259	0	18	20	6448	20633	62
1260	4	7	60	6452	2366	63
1261	3	16	80	6456	1623	60
1262	1	11	20	6460	1275	57
1263	4	7	40	6464	8722	65
1264	1	11	40	6468	6505	61
1265	3	16	80	6472	6287	61
1266	0	18	80	6476	11104	56
1267	4	7	80	6480	7899	62
1268	3	16	40	6484	10542	59
1269	1	11	20	6488	10553	63
1270	0	18	40	6492	6972	66
1271	4	7	40	6496	1618	54
1272	4	7	20	6500	11734	62
1273	0	18	40	6504	12220	61
1274	3	16	40	6508	20929	54
1275	0	18	60	6512	1895	59
1276	0	18	20	6516	5545	67
1277	3	16	80	6520	22991	58
1278	0	18	80	6524	1503	59
1279	1	11	60	6528	21533	67
1280	3	16	60	6532	2966	61
1281	1	11	80	6536	6272	56
1282	3	16	20	6540	6921	54
1283	1	11	20	6544	3084	69
1284	3	16	40	6548	2452	67
1285	3	16	60	6552	17542	58
1286	1	11	20	6556	18853	56
1287	0	18	60	6560	4898	58
1288	4	7	40	6564	75	68
1289	4	7	20	6568	12386	61
1290	0	18	40	6572	4410	65
1291	3	16	80	6576	4889	61
1292	0	18	80	6580	7764	68
1293	1	11	40	6584	1585	58
1294	4	7	80	6588	12146	68
1295	4	7	60	6592	3038	63
1296	0	18	40	6596	5105	58
1297	0	18	20	6600	86	59
1298	1	11	40	6604	3962	62
1299	1	11	40	6608	11288	63
1300	4	7	60	6612	563	68
1301	3	16	60	6616	3241	58
1302	4	7	40	6620	2102	54
1303	1	11	20	6624	5208	56
1304	4	7	20	6628	2279	55
1305	1	11	80	6632	45765	60
1306	0	18	60	6636	11796	55
1307	4	7	80	6640	2371	54
1308	3	16	60	6644	7514	61
1309	3	16	80	6648	10499	58
1310	0	18	20	6652	12719	67
1311	0	18	60	6656	692	66
1312	1	11	20	6660	16594	69
1313	0	18	40	6664	9792	65
1314	1	11	40	6668	7622	55
1315	1	11	60	6672	9977	61
1316	4	7	80	6676	7423	60
1317	0	18	80	6680	14058	58
1318	1	11	20	6684	4084	68
1319	3	16	80	6688	8824	56
1320	1	11	80	6692	8151	58
1321	0	18	40	6696	2768	68
1322	0	18	60	6700	7699	63
1323	4	7	40	6704	23190	68
1324	0	18	80	6708	2954	67
1325	3	16	40	6712	1062	59
1326	4	7	40	6716	6605	55
1327	3	16	60	6720	7123	57
1328	0	18	60	6724	16	62
1329	3	16	80	6800	7550	60
1330	4	7	40	6806	10752	55
1331	4	7	80	6812	5374	61
1332	1	11	40	6818	6439	65
1333	4	7	40	6824	4292	66
1334	1	11	20	6830	15975	68
1335	0	18	20	6836	30068	56
1336	3	16	60	6842	2995	55
1337	1	11	20	6848	847	68
1338	1	11	20	6854	597	68
1339	0	18	60	6860	2488	60
1340	1	11	20	6866	997	56
1341	1	11	40	6872	8369	56
1342	3	16	80	6878	15113	66
1343	0	18	60	6884	2612	63
1344	4	7	80	6890	37976	63
1345	0	18	60	6896	3335	68
1346	1	11	60	6902	6995	61
1347	4	7	60	6908	19732	57
1348	4	7	20	6914	6667	57
1349	1	11	40	6920	565	61
1350	0	18	60	6926	9942	56
1351	0	18	40	6932	8268	54
1352	4	7	80	6938	7551	61
1353	3	16	60	6944	10254	60
1354	4	7	40	6950	996	59
1355	4	7	20	6956	11948	54
1356	1	11	80	6962	10045	65
1357	0	18	20	6968	2697	56
1358	0	18	40	6974	1487	58
1359	1	11	60	6980	1055	65
1360	3	16	40	6986	4562	58
1361	1	11	80	6992	1603	67
1362	4	7	40	6998	2350	61
1363	4	7	80	7004	50596	54
1364	3	16	40	7010	38263	57
1365	0	18	20	7016	2931	60
1366	3	16	40	7022	6040	54
1367	1	11	80	7028	4916	57
1368	3	16	40	7034	14748	66
1369	1	11	40	7040	8120	68
1370	4	7	20	7046	4091	60
1371	3	16	80	7052	5610	62
1372	3	16	80	7058	11269	60
1373	1	11	60	7064	1137	61
1374	0	18	60	7070	6403	69
1375	0	18	60	7076	37092	55
1376	1	11	60	7082	4692	56
1377	4	7	20	7088	3317	69
1378	4	7	40	7094	24561	59
1379	0	18	20	7100	27511	69
1380	1	11	80	7106	6238	68
1381	4	7	80	7112	8328	68
1382	4	7	60	7118	194	54
1383	4	7	20	7124	21717	55
1384	3	16	20	7130	18377	58
1385	4	7	20	7136	797	55
1386	0	18	80	7142	16850	54
1387	3	16	80	7148	14196	59
1388	0	18	80	7154	2832	61
1389	3	16	80	7160	744	68
1390	3	16	20	7200	2425	61
1391	1	11	40	7204	212	69
1392	0	18	60	7208	21369	63
1393	0	18	60	7212	23712	56
1394	1	11	20	7216	14301	55
1395	0	18	20	7220	21952	59
1396	3	16	20	7224	4009	65
1397	4	7	80	7228	15209	65
1398	1	11	20	7232	2705	60
1399	4	7	60	7236	9228	56
1400	1	11	40	7240	13323	67
1401	4	7	80	7244	1057	57
1402	1	11	20	7248	609	60
1403	3	16	60	7252	21028	58
1404	1	11	40	7256	8818	54
1405	1	11	80	7260	1858	64
1406	1	11	60	7264	17567	63
1407	3	16	40	7268	5206	69
1408	3	16	80	7272	1505	60
1409	4	7	80	7276	1084	57
1410	1	11	60	7280	3224	67
1411	3	16	80	7284	3768	65
1412	0	18	80	7288	3234	66
1413	4	7	40	7292	1803	59
1414	0	18	60	7296	6979	66
1415	3	16	40	7300	12399	60
1416	3	16	40	7304	1371	67
1417	4	7	20	7308	3094	60
1418	0	18	80	7312	831	66
1419	4	7	40	7316	18160	56
1420	4	7	40	7320	4475	59
1421	0	18	40	7324	9620	65
1422	1	11	80	7328	1404	66
1423	0	18	40	7332	11184	67
1424	3	16	20	7336	3773	61
1425	1	11	60	7340	3749	61
1426	3	16	20	7344	6812	68
1427	3	16	20	7348	13166	57
1428	4	7	40	7352	2851	59
1429	0	18	60	7356	7639	64
1430	3	16	60	7360	7253	59
1431	3	16	60	7364	7194	60
1432	1	11	80	7368	431	63
1433	0	18	60	7372	2507	56
1434	4	7	60	7376	1366	55
1435	1	11	20	7380	4326	64
1436	3	16	80	7384	6817	61
1437	1	11	80	7388	809	65
1438	1	11	80	7392	2472	54
1439	1	11	20	7396	9424	63
1440	1	11	60	7400	1847	61
1441	3	16	60	7404	4085	55
1442	0	18	80	7408	8603	69
1443	0	18	20	7412	1503	57
1444	0	18	20	7416	11321	54
1445	0	18	20	7420	17365	66
1446	1	11	60	7424	9461	56
1447	0	18	40	7428	10446	58
1448	0	18	80	7432	3649	60
1449	3	16	80	7436	367	65
1450	1	11	80	7440	12047	61
1451	3	16	80	7444	609	59
1452	3	16	80	7448	11149	68
1453	3	16	80	7452	3957	57
1454	4	7	40	7456	2365	66
1455	1	11	20	7460	944	56
1456	1	11	80	7464	26329	61
1457	1	11	80	7468	3090	62
1458	4	7	60	7472	6419	67
1459	4	7	60	7476	2782	63
1460	4	7	60	7480	8042	66
1461	4	7	40	7484	680	60
1462	3	16	80	7488	1573	63
1463	1	11	40	7492	6502	65
1464	0	18	40	7496	6051	67
1465	3	16	20	7500	10731	61
1466	0	18	80	7504	3122	55
1467	0	18	20	7508	524	63
1468	0	18	60	7512	366	58
1469	3	16	40	7516	1436	56
1470	0	18	60	7520	1928	69
1471	0	18	40	7524	505	56
1472	3	16	20	7528	451	59
1473	4	7	60	7532	4175	57
1474	1	11	60	7536	9382	64
1475	0	18	60	7540	231	58
1476	4	7	60	7544	332	65
1477	0	18	80	7548	36559	62
1478	4	7	40	7600	43791	67
1479	3	16	80	7604	5389	65
1480	0	18	20	7608	9130	58
1481	1	11	60	7612	14874	64
1482	3	16	40	7616	4650	67
1483	0	18	60	7620	2354	64
1484	3	16	60	7624	14511	57
1485	0	18	60	7628	5917	54
1486	0	18	80	7632	14725	61
1487	4	7	20	7636	8682	59
1488	0	18	20	7640	105	59
1489	1	11	60	7644	374	68
1490	0	18	40	7648	4854	57
1491	1	11	80	7652	2334	68
1492	1	11	40	7656	6291	68
1493	1	11	40	7660	28645	61
1494	1	11	60	7664	478	67
1495	3	16	20	7668	1064	55
1496	4	7	60	7672	2001	61
1497	3	16	40	7676	864	58
1498	0	18	80	7680	8188	59
1499	3	16	20	7684	150	63
1500	4	7	40	7688	6617	64
1501	1	11	40	7692	7955	63
1502	4	7	60	7696	9222	54
1503	1	11	60	7700	1804	57
1504	3	16	40	7704	14209	66
1505	1	11	40	7708	10097	59
1506	4	7	80	7712	149	54
1507	3	16	20	7716	3387	65
1508	1	11	20	7720	9625	63
1509	3	16	80	7724	2064	62
1510	1	11	40	7728	585	61
1511	0	18	20	7732	28939	68
1512	1	11	40	7736	3140	65
1513	1	11	60	7740	508	55
1514	4	7	60	7744	7597	58
1515	1	11	80	7748	12479	55
1516	0	18	20	7752	8190	62
1517	3	16	40	7756	20572	68
1518	4	7	60	7760	10167	61
1519	0	18	60	7764	63	67
1520	3	16	40	7768	18203	69
1521	1	11	80	7772	8653	65
1522	4	7	80	7776	413	57
1523	4	7	20	7780	56076	59
1524	1	11	20	7784	9887	68
1525	4	7	60	7788	25977	54
1526	4	7	80	7792	5817	57
1527	1	11	80	7796	691	67
1528	1	11	20	7800	3428	59
1529	3	16	60	7804	6675	63
1530	1	11	80	7808	13168	66
1531	0	18	20	7812	22279	61
1532	0	18	80	7816	3433	57
1533	1	11	20	7820	30256	57
1534	3	16	60	7824	20988	54
1535	4	7	60	7828	415	65
1536	3	16	20	7832	1394	63
1537	0	18	60	7836	2183	63
1538	1	11	40	7840	4416	68
1539	1	11	20	7844	1023	68
1540	0	18	80	7848	5612	54
1541	1	11	60	7852	5482	66
1542	1	11	80	7856	26249	66
1543	1	11	40	7860	12321	67
1544	0	18	20	7864	29533	61
1545	0	18	20	7868	5258	58
1546	4	7	40	7872	21096	57
1547	4	7	80	7876	5276	66
1548	3	16	60	7880	3558	56
1549	0	18	60	7884	2497	65
1550	3	16	20	7888	5290	62
1551	1	11	40	7892	2828	62
1552	4	7	80	7896	3863	66
1553	0	18	20	7900	8014	62
1554	4	7	80	7904	1034	64
1555	3	16	40	7908	18559	69
1556	1	11	60	7912	6932	59
1557	0	18	40	7916	9245	64
1558	0	18	40	7920	5426	59
1559	4	7	60	7924	16297	66
1560	1	11	40	7928	1787	55
1561	3	16	20	7932	21961	56
1562	0	18	20	7936	45579	59
1563	3	16	60	7940	1149	69
1564	1	11	80	7944	4361	65
1565	0	18	20	7948	1135	69
1566	0	18	20	7952	7829	65
1567	0	18	40	7956	3414	61
1568	4	7	80	7960	1152	54
1569	4	7	80	7964	6614	63
1570	4	7	80	7968	7952	62
1571	0	18	40	7972	4112	69
1572	0	18	80	7976	5534	54
1573	1	11	40	7980	7317	63
1574	4	7	80	7984	5604	66
1575	0	18	60	7988	4102	56
1576	4	7	80	7992	9593	68
1577	1	11	40	8000	2460	60
1578	3	16	20	8004	194	68
1579	1	11	20	8008	2066	63
1580	4	7	20	8012	265	66
1581	4	7	20	8016	275	60
1582	3	16	20	8020	10290	64
1583	1	11	40	8024	670	64
1584	0	18	60	8028	684	55
1585	0	18	60	8032	5696	57
1586	1	11	40	8036	6481	64
1587	0	18	80	8040	10074	64
1588	1	11	40	8044	15497	63
1589	4	7	40	8048	208	55
1590	3	16	20	8052	5093	59
1591	1	11	60	8056	5151	69
1592	0	18	40	8060	10973	58
1593	3	16	60	8064	6470	56
1594	4	7	60	8068	20187	66
1595	3	16	80	8072	6722	67
1596	1	11	60	8076	5536	61
1597	3	16	40	8080	14106	67
1598	0	18	60	8084	3638	55
1599	4	7	80	8088	14798	61
1600	0	18	80	8092	15590	63
1601	4	7	20	8096	6959	65
1602	0	18	80	8100	3431	66
1603	4	7	80	8104	12735	63
1604	0	18	80	8108	8135	57
1605	1	11	60	8112	683	63
1606	0	18	40	8116	12813	62
1607	1	11	40	8120	12246	56
1608	0	18	40	8124	1105	65
1609	4	7	20	8128	10188	61
1610	3	16	40	8132	1816	54
1611	4	7	20	8136	3024	69
1612	1	11	40	8140	8657	65
1613	3	16	20	8144	2461	65
1614	0	18	60	8148	14507	69
1615	3	16	40	8152	1456	65
1616	0	18	80	8156	1906	62
1617	4	7	60	8160	19841	64
1618	3	16	20	8164	425	68
1619	1	11	20	8168	19341	61
1620	4	7	60	8172	6884	59
1621	4	7	40	8176	19092	54
1622	3	16	20	8180	5410	68
1623	4	7	60	8184	917	69
1624	0	18	80	8188	768	57
1625	3	16	40	8192	1348	62
1626	4	7	80	8196	8527	64
1627	3	16	40	8200	23163	68
1628	1	11	60	8204	9104	67
1629	1	11	20	8208	21901	68
1630	4	7	20	8212	18559	65
1631	0	18	60	8216	16324	55
1632	1	11	80	8220	18370	58
1633	3	16	20	8224	1600	61
1634	1	11	20	8228	3697	54
1635	4	7	20	8232	4807	55
1636	3	16	40	8236	9241	64
1637	4	7	40	8240	20965	54
1638	0	18	60	8244	4668	61
1639	3	16	80	8248	1	62
1640	4	7	40	8252	9928	65
1641	4	7	20	8256	11812	61
1642	0	18	60	8260	7076	68
1643	3	16	20	8264	1166	56
1644	1	11	80	8268	13833	54
1645	3	16	80	8272	1357	59
1646	4	7	20	8276	13439	58
1647	1	11	20	8280	5254	63
1648	3	16	20	8284	10118	56
1649	1	11	40	8288	11199	54
1650	3	16	80	8292	3525	59
1651	1	11	20	8296	7000	66
1652	0	18	40	8300	11993	69
1653	4	7	40	8304	4848	63
1654	0	18	20	8308	2469	56
1655	0	18	60	8312	23887	62
1656	0	18	20	8316	749	66
1657	1	11	40	8320	2199	67
1658	3	16	80	8324	9762	59
1659	3	16	60	8328	5279	64
1660	3	16	80	8332	4445	68
1661	3	16	20	8400	15378	63
1662	4	7	60	8405	879	59
1663	3	16	20	8410	1723	66
1664	0	18	20	8415	13649	65
1665	1	11	80	8420	3240	69
1666	3	16	20	8425	4295	65
1667	4	7	40	8430	5229	57
1668	1	11	80	8435	18011	64
1669	0	18	40	8440	3891	67
1670	4	7	80	8445	5253	54
1671	0	18	60	8450	2681	61
1672	3	16	80	8455	5142	57
1673	0	18	20	8460	424	60
1674	1	11	80	8465	1784	66
1675	4	7	60	8470	13099	67
1676	4	7	80	8475	3096	55
1677	0	18	20	8480	3518	66
1678	3	16	60	8485	2692	68
1679	3	16	80	8490	21932	67
1680	3	16	20	8495	3342	58
1681	3	16	60	8500	1530	55
1682	0	18	20	8505	2059	66
1683	0	18	40	8510	20847	66
1684	4	7	20	8515	6918	63
1685	1	11	20	8520	3068	69
1686	0	18	20	8525	784	55
1687	1	11	40	8530	4707	64
1688	3	16	80	8535	19783	59
1689	1	11	60	8540	4366	61
1690	4	7	80	8545	3598	58
1691	1	11	20	8550	4704	67
1692	1	11	40	8555	2012	65
1693	3	16	20	8560	25543	66
1694	0	18	20	8565	6822	64
1695	1	11	20	8570	15569	56
1696	4	7	60	8575	8808	56
1697	1	11	40	8580	3998	55
1698	1	11	80	8585	3053	60
1699	4	7	20	8590	5378	55
1700	4	7	80	8595	10795	64
1701	0	18	80	8600	3248	54
1702	0	18	20	8605	7069	68
1703	1	11	60	8610	3233	58
1704	1	11	40	8615	2539	54
1705	1	11	20	8620	594	68
1706	4	7	20	8625	923	62
1707	0	18	20	8630	10327	63
1708	3	16	60	8635	2350	67
1709	1	11	60	8640	4931	59
1710	0	18	60	8645	7923	61
1711	4	7	20	8650	10582	54
1712	4	7	60	8655	24739	68
1713	4	7	20	8660	11734	61
1714	4	7	40	8665	1221	60
1715	0	18	20	8670	2325	66
1716	1	11	80	8675	7883	67
1717	4	7	20	8680	1567	62
1718	4	7	20	8685	7633	57
1719	3	16	20	8690	5543	66
1720	1	11	80	8695	2192	67
1721	0	18	60	8700	28224	54
1722	1	11	40	8705	6644	68
1723	0	18	40	8710	5141	57
1724	1	11	60	8715	185	63
1725	3	16	80	8720	300	57
1726	4	7	40	8725	515	66
1727	0	18	80	8730	5792	61
1728	4	7	20	8800	5199	66
1729	4	7	60	8805	3357	63
1730	0	18	80	8810	1188	64
1731	3	16	40	8815	21004	69
1732	3	16	20	8820	314	60
1733	3	16	60	8825	12730	67
1734	3	16	20	8830	1734	57
1735	3	16	40	8835	62	58
1736	1	11	40	8840	7081	57
1737	3	16	40	8845	17992	61
1738	3	16	80	8850	8495	66
1739	3	16	20	8855	5662	64
1740	3	16	80	8860	1881	60
1741	0	18	80	8865	3675	62
1742	4	7	80	8870	1688	66
1743	0	18	20	8875	4863	54
1744	0	18	20	8880	12562	54
1745	4	7	80	8885	7924	58
1746	1	11	40	8890	5386	68
1747	1	11	40	8895	4827	57
1748	3	16	60	8900	13601	59
1749	0	18	20	8905	3103	68
1750	4	7	40	8910	2095	59
1751	4	7	40	8915	5380	63
1752	1	11	40	8920	12056	67
1753	4	7	80	8925	13602	64
1754	3	16	20	8930	2298	57
1755	3	16	20	8935	11756	63
1756	3	16	40	8940	11742	55
1757	0	18	80	8945	955	64
1758	0	18	20	8950	2963	65
1759	4	7	60	8955	2143	66
1760	1	11	80	8960	74	56
1761	4	7	40	8965	7206	55
1762	0	18	20	8970	2270	67
1763	3	16	80	8975	19426	58
1764	1	11	60	8980	3110	64
1765	3	16	20	8985	9657	61
1766	0	18	80	8990	9501	64
1767	0	18	80	8995	1378	55
1768	1	11	80	9000	6834	58
1769	1	11	20	9005	1149	56
1770	3	16	60	9010	8745	62
1771	4	7	40	9015	10540	59
1772	0	18	40	9020	5933	66
1773	1	11	80	9025	911	63
1774	0	18	20	9030	2743	59
1775	0	18	80	9035	16406	58
1776	1	11	80	9040	12126	58
1777	0	18	20	9045	920	68
1778	4	7	20	9050	9168	56
1779	1	11	60	9055	4011	59
1780	1	11	40	9060	6333	59
1781	3	16	20	9065	7519	62
1782	3	16	20	9070	9575	55
1783	4	7	20	9075	1360	67
1784	4	7	40	9080	952	57
1785	0	18	60	9085	8362	54
1786	0	18	20	9090	1292	55
1787	4	7	40	9095	1999	65
1788	0	18	40	9100	6327	63
1789	4	7	20	9105	4426	63
1790	4	7	20	9110	2176	56
1791	0	18	60	9115	5151	62
1792	1	11	40	9120	7035	66
1793	4	7	40	9125	4346	54
1794	0	18	20	9130	5513	61
1795	3	16	60	9135	7653	58
1796	0	18	60	9140	1034	65
1797	1	11	20	9145	2610	62
1798	4	7	60	9150	1145	59
1799	1	11	80	9155	763	63
1800	3	16	20	9160	21691	63
1801	0	18	60	9165	3223	66
1802	0	18	40	9170	16872	69
1803	0	18	60	9175	9203	57
1804	1	11	40	9180	8552	59
1805	0	18	80	9185	5517	54
1806	3	16	80	9200	27022	67
1807	0	18	40	9203	8888	58
1808	4	7	60	9206	5990	58
1809	1	11	40	9209	3803	68
1810	1	11	20	9212	36530	59
1811	3	16	20	9215	8652	57
1812	0	18	60	9218	4503	62
1813	4	7	60	9221	19736	60
1814	1	11	20	9224	9321	60
1815	4	7	80	9227	4085	63
1816	1	11	20	9230	18095	54
1817	0	18	20	9233	760	69
1818	3	16	40	9236	12855	54
1819	0	18	20	9239	8958	63
1820	1	11	20	9242	6420	59
1821	1	11	60	9245	5137	68
1822	0	18	60	9248	7567	61
1823	1	11	80	9251	1295	64
1824	3	16	20	9254	18078	69
1825	3	16	80	9257	1686	69
1826	3	16	20	9260	1274	63
1827	1	11	20	9263	883	66
1828	0	18	80	9266	7524	55
1829	1	11	60	9269	8977	55
1830	0	18	20	9272	11091	63
1831	0	18	60	9275	5576	65
1832	0	18	60	9278	29569	62
1833	3	16	40	9281	7153	63
1834	4	7	60	9284	4941	65
1835	0	18	80	9287	1939	62
1836	3	16	60	9290	10494	63
1837	1	11	60	9293	115	67
1838	3	16	60	9296	5540	62
1839	4	7	60	9299	7616	57
1840	1	11	60	9302	9179	57
1841	0	18	80	9305	5206	67
1842	0	18	60	9308	9476	61
1843	3	16	20	9311	1473	65
1844	1	11	80	9314	4571	58
1845	0	18	80	9317	6887	69
1846	4	7	80	9320	362	54
1847	3	16	60	9323	8864	59
1848	1	11	20	9326	10504	63
1849	0	18	40	9329	826	67
1850	1	11	40	9332	10183	58
1851	4	7	60	9335	249	66
1852	3	16	60	9338	5215	61
1853	3	16	60	9341	4926	65
1854	0	18	80	9344	6199	57
1855	0	18	40	9347	4925	65
1856	0	18	20	9350	10183	58
1857	3	16	40	9353	10449	58
1858	3	16	60	9356	12405	57
1859	4	7	40	9359	5028	60
1860	3	16	60	9362	3458	60
1861	1	11	80	9365	15805	54
1862	4	7	60	9368	505	56
1863	1	11	80	9371	15318	57
1864	1	11	20	9374	7917	59
1865	1	11	60	9377	5350	63
1866	3	16	40	9380	9260	64
1867	3	16	40	9383	14631	68
1868	4	7	20	9386	4846	65
1869	1	11	40	9389	5122	67
1870	1	11	20	9392	8850	54
1871	4	7	60	9395	17061	56
1872	3	16	40	9398	7151	60
1873	4	7	80	9401	1641	67
1874	4	7	40	9404	37783	60
1875	1	11	20	9407	610	62
1876	1	11	20	9410	12103	60
1877	1	11	40	9413	4687	66
1878	4	7	20	9416	10018	60
1879	1	11	20	9419	3066	54
1880	3	16	20	9422	1260	68
1881	4	7	40	9425	5191	57
1882	4	7	80	9428	3741	56
1883	4	7	40	9431	5730	57
1884	4	7	40	9434	24710	66
1885	0	18	60	9437	10165	66
1886	3	16	80	9440	186	58
1887	1	11	20	9443	5795	66
1888	1	11	60	9446	425	59
1889	3	16	20	9449	8	69
1890	4	7	80	9452	5469	58
1891	4	7	40	9455	12	59
1892	3	16	80	9458	2054	64
1893	3	16	20	9461	268	55
1894	1	11	80	9464	2441	67
1895	4	7	60	9467	13773	56
1896	0	18	40	9470	4318	64
1897	3	16	60	9473	14735	58
1898	0	18	20	9476	6210	59
1899	0	18	20	9479	23598	64
1900	3	16	60	9482	17768	58
1901	1	11	60	9485	1834	55
1902	3	16	60	9488	1941	64
1903	0	18	80	9491	2388	65
1904	4	7	40	9494	4482	67
1905	1	11	60	9497	14587	55
1906	1	11	40	9500	4634	59
1907	3	16	80	9600	2779	64
1908	4	7	20	9605	5059	59
1909	3	16	60	9610	5015	65
1910	4	7	40	9615	9114	58
1911	4	7	60	9620	2589	61
1912	3	16	40	9625	120	67
1913	1	11	60	9630	5071	57
1914	1	11	40	9635	3095	61
1915	3	16	40	9640	16545	56
1916	3	16	20	9645	5352	67
1917	4	7	20	9650	6383	68
1918	3	16	60	9655	18276	60
1919	1	11	60	9660	19172	63
1920	4	7	60	9665	4999	59
1921	0	18	40	9670	1494	68
1922	0	18	60	9675	12395	63
1923	1	11	80	9680	4830	65
1924	1	11	40	9685	30402	63
1925	1	11	80	9690	8813	64
1926	1	11	60	9695	8513	62
1927	4	7	40	9700	6530	59
1928	1	11	20	9705	20453	69
1929	0	18	60	9710	1489	57
1930	0	18	80	9715	8544	67
1931	4	7	40	9720	22278	56
1932	0	18	40	9725	18707	61
1933	4	7	80	9730	11637	66
1934	3	16	60	9735	4453	65
1935	0	18	60	9740	22617	67
1936	0	18	80	9745	2430	62
1937	4	7	80	9750	981	61
1938	4	7	20	9755	688	60
1939	1	11	60	9760	985	65
1940	3	16	20	9765	2624	60
1941	4	7	20	9770	10460	63
1942	3	16	80	9775	382	60
1943	3	16	80	9780	7055	64
1944	3	16	60	9785	3098	64
1945	0	18	20	9790	1974	66
1946	0	18	80	9795	34467	61
1947	1	11	40	9800	11316	60
1948	1	11	80	9805	9962	64
1949	3	16	60	9810	3946	64
1950	1	11	60	9815	3245	58
1951	1	11	20	9820	16162	66
1952	4	7	20	9825	22960	68
1953	4	7	60	9830	7974	66
1954	0	18	60	9835	5277	58
1955	3	16	40	9840	10216	60
1956	0	18	80	9845	4320	62
1957	0	18	60	9850	11489	68
1958	3	16	60	9855	2633	55
1959	3	16	40	9860	11458	56
1960	0	18	80	9865	1621	62
1961	1	11	20	9870	17081	54
1962	0	18	60	9875	3709	64
1963	4	7	60	9880	2839	56
1964	3	16	60	9885	13264	68
1965	0	18	80	9890	10828	56
1966	3	16	20	9895	3734	54
1967	4	7	40	9900	2285	55
1968	4	7	80	9905	348	61
1969	0	18	60	9910	3825	64
1970	1	11	40	9915	7565	64
1971	4	7	20	9920	3726	60
1972	4	7	80	9925	5037	62
1973	0	18	80	9930	12195	64
1974	3	16	40	9935	7938	57
1975	0	18	40	9940	10628	65
1976	3	16	40	9945	1055	61
1977	1	11	60	9950	1801	68
1978	4	7	40	9955	1133	55
1979	1	11	20	9960	11381	67
1980	0	18	80	9965	9144	57
1981	0	18	40	9970	18266	55
1982	3	16	40	10000	14953	64
1983	4	7	60	10022	6091	59
1984	3	16	80	10044	14484	68
1985	4	7	60	10066	12444	55
1986	4	7	40	10088	42311	58
1987	1	11	80	10110	2545	64
1988	4	7	40	10132	2667	61
1989	4	7	40	10154	9785	59
1990	0	18	80	10176	5930	58
1991	0	18	20	10198	5542	64
1992	0	18	40	10220	14412	59
1993	1	11	60	10242	3100	57
1994	0	18	80	10264	21554	56
1995	1	11	20	10286	4058	59
1996	3	16	60	10308	3551	69
1997	4	7	40	10330	11024	58
1998	0	18	20	10352	11987	66
1999	3	16	60	10374	6929	62
