0	1	11	40	0	1412	29
1	3	16	80	4	1128	19
2	3	16	40	8	2118	23
3	3	16	20	12	6450	23
4	0	18	60	16	6783	26
5	0	18	60	20	6268	19
6	1	11	80	24	4044	21
7	0	18	20	28	7876	28
8	3	16	60	32	4704	28
9	4	7	60	36	7437	24
10	3	16	40	40	7068	29
11	3	16	60	44	1246	24
12	3	16	80	48	1668	24
13	3	16	20	52	6322	24
14	3	16	20	56	1118	26
15	4	7	80	60	771	28
16	0	18	80	64	2819	25
17	4	7	40	68	3599	21
18	4	7	60	72	1213	25
19	4	7	80	76	4337	27
20	3	16	20	80	2877	28
21	1	11	20	84	11499	19
22	3	16	80	88	613	29
23	4	7	40	92	13292	23
24	1	11	80	96	9727	25
25	4	7	40	100	6323	23
26	0	18	80	104	15901	23
27	1	11	60	108	9305	25
28	4	7	20	112	6723	19
29	4	7	40	116	2040	21
30	3	16	20	120	10692	20
31	3	16	20	124	3770	25
32	1	11	20	128	6882	27
33	3	16	80	132	12515	21
34	0	18	80	136	3081	27
35	1	11	20	140	646	27
36	3	16	20	144	4153	29
37	1	11	20	148	2437	23
38	4	7	60	152	8793	25
39	3	16	80	156	2315	26
40	4	7	40	160	9506	20
41	1	11	20	164	11616	19
42	3	16	40	168	4587	21
43	4	7	40	172	619	26
44	0	18	20	176	8508	27
45	3	16	20	180	1674	24
46	3	16	20	184	9573	27
47	4	7	20	188	11479	20
48	3	16	60	192	1650	27
49	3	16	20	196	357	22
50	4	7	60	200	6867	20
51	0	18	80	204	19394	19
52	0	18	60	208	3748	28
53	0	18	60	212	8788	27
54	0	18	80	216	1983	27
55	4	7	40	220	4078	28
56	4	7	80	224	475	20
57	4	7	80	228	4391	29
58	0	18	40	232	15172	28
59	1	11	20	236	205	22
60	4	7	80	240	9121	26
61	0	18	20	244	9883	26
62	1	11	20	248	477	28
63	4	7	40	252	1981	25
64	1	11	60	256	16205	22
65	0	18	40	260	1894	23
66	0	18	60	264	6702	26
67	0	18	80	268	4052	21
68	1	11	40	272	2056	26
69	0	18	20	276	433	29
70	0	18	60	280	9291	29
71	4	7	80	284	279	21
72	4	7	60	288	9511	25
73	0	18	80	292	17617	28
74	4	7	60	296	10277	26
75	0	18	20	300	6145	27
76	4	7	60	304	3156	27
77	4	7	60	308	58494	21
78	3	16	20	312	1350	26
79	4	7	80	316	5783	19
80	1	11	40	320	15101	25
81	1	11	60	324	852	21
82	3	16	20	328	5562	28
83	0	18	80	332	5951	26
84	4	7	80	336	8375	20
85	1	11	20	340	13980	19
86	3	16	40	344	13	27
87	1	11	40	348	19291	19
88	3	16	20	352	6774	24
89	0	18	40	356	20230	28
90	1	11	40	360	161	26
91	3	16	20	364	32386	29
92	0	18	80	368	4258	24
93	1	11	40	372	8206	22
94	3	16	20	376	6771	19
95	4	7	20	400	34137	23
96	0	18	20	405	9847	20
97	4	7	20	410	1956	25
98	3	16	60	415	1849	23
99	0	18	80	420	4695	22
100	1	11	40	425	7772	27
101	1	11	20	430	2857	24
102	1	11	60	435	6129	23
103	1	11	60	440	1147	28
104	3	16	60	445	3529	23
105	0	18	80	450	6244	29
106	0	18	20	455	1946	24
107	4	7	80	460	5303	19
108	1	11	80	465	22969	20
109	4	7	60	470	9200	29
110	0	18	80	475	609	20
111	0	18	20	480	481	28
112	0	18	80	485	2485	22
113	0	18	60	490	3266	27
114	0	18	80	495	1556	26
115	3	16	20	500	6923	23
116	1	11	80	505	1867	28
117	0	18	20	510	6093	20
118	4	7	40	515	6760	24
119	4	7	40	520	345	22
120	3	16	20	525	1876	26
121	3	16	20	530	8560	26
122	3	16	60	535	13997	26
123	1	11	20	540	2927	28
124	3	16	60	545	266	22
125	1	11	40	550	9750	29
126	3	16	20	555	7773	26
127	1	11	20	560	443	22
128	1	11	80	565	3066	27
129	4	7	40	570	10693	21
130	4	7	20	575	14090	25
131	0	18	40	580	923	20
132	1	11	80	585	12597	28
133	3	16	40	590	9942	22
134	1	11	40	595	17892	22
135	4	7	20	600	6356	20
136	4	7	80	605	6676	27
137	0	18	60	610	3664	19
138	3	16	40	615	1471	22
139	4	7	80	620	906	20
140	0	18	80	625	7528	25
141	3	16	60	630	5823	27
142	0	18	40	635	27276	29
143	3	16	40	640	17503	25
144	0	18	40	645	15012	27
145	1	11	20	650	26073	27
146	1	11	40	655	10054	26
147	0	18	20	660	645	27
148	1	11	60	665	4999	26
149	0	18	80	670	38544	26
150	1	11	40	675	12033	25
151	0	18	80	680	1537	29
152	4	7	60	685	8319	20
153	3	16	40	690	1433	19
154	3	16	80	695	2141	26
155	3	16	20	700	26705	20
156	4	7	60	705	5142	28
157	0	18	60	710	2078	25
158	4	7	80	715	850	24
159	0	18	20	720	8451	24
160	1	11	80	725	20234	22
161	3	16	20	730	1414	21
162	1	11	80	735	1454	21
163	1	11	60	740	1846	28
164	0	18	60	745	15459	22
165	0	18	60	750	26664	29
166	4	7	40	755	2468	29
167	3	16	40	760	6489	29
168	3	16	20	765	4667	24
169	0	18	80	770	7923	25
170	4	7	20	800	106	25
171	0	18	40	804	14696	28
172	1	11	60	808	3633	28
173	0	18	60	812	4978	22
174	4	7	40	816	4532	26
175	4	7	60	820	9422	29
176	3	16	80	824	9371	26
177	4	7	20	828	22287	20
178	0	18	60	832	4922	19
179	1	11	60	836	591	24
180	4	7	20	840	36058	21
181	3	16	80	844	6282	28
182	0	18	60	848	7118	26
183	1	11	80	852	3161	20
184	3	16	20	856	25648	26
185	4	7	20	860	8474	25
186	0	18	60	864	4966	19
187	3	16	60	868	7928	27
188	0	18	60	872	5178	26
189	4	7	20	876	21124	20
190	4	7	40	880	615	22
191	3	16	20	884	3289	21
192	1	11	80	888	2480	24
193	3	16	40	892	5801	28
194	3	16	20	896	1654	28
195	1	11	80	900	4750	22
196	1	11	60	904	3456	24
197	3	16	80	908	11445	19
198	3	16	80	912	265	22
199	4	7	80	916	17135	28
200	3	16	60	920	9529	27
201	4	7	80	924	1392	27
202	1	11	20	928	8074	22
203	0	18	80	932	14469	19
204	1	11	80	936	30793	19
205	0	18	20	940	22127	27
206	3	16	20	944	13277	20
207	4	7	20	948	1619	27
208	3	16	80	952	10522	22
209	3	16	40	956	6261	27
210	0	18	40	960	2566	23
211	4	7	40	964	6140	26
212	4	7	20	968	11729	25
213	1	11	20	972	240	19
214	0	18	20	976	8709	21
215	3	16	80	980	3776	23
216	3	16	40	984	6803	25
217	4	7	80	988	14650	19
218	4	7	40	992	2265	21
219	0	18	40	996	1803	26
220	4	7	80	1000	5574	28
221	0	18	60	1004	8098	21
222	3	16	80	1008	659	21
223	4	7	20	1012	5761	22
224	1	11	40	1016	6469	22
225	0	18	80	1020	9017	23
226	3	16	40	1024	6828	23
227	4	7	40	1028	15139	19
228	3	16	40	1032	2588	24
229	1	11	40	1036	33442	23
230	1	11	80	1040	3339	23
231	4	7	80	1044	21186	26
232	1	11	40	1048	18888	27
233	1	11	60	1052	6882	21
234	3	16	80	1056	3761	27
235	0	18	20	1060	14137	23
236	1	11	80	1064	19129	25
237	4	7	80	1068	11191	25
238	4	7	20	1072	3418	20
239	1	11	20	1076	181	29
240	0	18	20	1080	14839	24
241	1	11	60	1084	2620	22
242	4	7	60	1088	18201	23
243	1	11	40	1092	21713	29
244	4	7	60	1096	8496	27
245	4	7	20	1100	6180	25
246	3	16	20	1104	6713	25
247	0	18	60	1108	2164	23
248	1	11	40	1112	15307	25
249	4	7	20	1116	13310	24
250	4	7	60	1120	16637	27
251	1	11	60	1124	5723	23
252	4	7	60	1128	5776	28
253	1	11	40	1200	14212	25
254	4	7	20	1205	3834	29
255	3	16	20	1210	490	25
256	1	11	80	1215	672	25
257	1	11	20	1220	1042	19
258	4	7	60	1225	2645	27
259	1	11	80	1230	2883	25
260	1	11	60	1235	3607	22
261	4	7	80	1240	25849	20
262	0	18	60	1245	18982	21
263	1	11	40	1250	10991	29
264	0	18	40	1255	1800	22
265	0	18	60	1260	3387	27
266	3	16	20	1265	7957	28
267	3	16	60	1270	1707	23
268	4	7	20	1275	8502	22
269	0	18	80	1280	14372	27
270	1	11	20	1285	5045	27
271	3	16	60	1290	13701	19
272	4	7	80	1295	5418	29
273	1	11	20	1300	2030	22
274	0	18	40	1305	3549	20
275	3	16	40	1310	2013	25
276	0	18	20	1315	10758	27
277	0	18	60	1320	1256	22
278	0	18	40	1325	15676	24
279	1	11	40	1330	132	26
280	1	11	80	1335	915	27
281	3	16	60	1340	3288	29
282	1	11	80	1345	46132	23
283	3	16	40	1350	5016	19
284	3	16	80	1355	929	25
285	0	18	40	1360	14186	29
286	4	7	40	1365	4288	28
287	4	7	20	1370	622	21
288	1	11	60	1375	1747	21
289	4	7	80	1380	3033	21
290	4	7	20	1385	11043	28
291	0	18	60	1390	12345	25
292	0	18	40	1395	5102	27
293	3	16	40	1400	369	24
294	4	7	60	1405	8616	25
295	1	11	20	1410	17167	23
296	0	18	80	1415	3728	19
297	3	16	40	1420	1303	24
298	0	18	80	1425	10538	26
299	3	16	20	1430	2957	19
300	1	11	80	1435	19085	26
301	4	7	40	1440	3769	21
302	0	18	60	1445	6987	20
303	1	11	40	1450	147	27
304	3	16	80	1455	3357	26
305	0	18	80	1460	456	27
306	1	11	60	1465	153	24
307	3	16	40	1470	2740	25
308	1	11	80	1475	5115	23
309	1	11	60	1480	1378	23
310	3	16	80	1485	3086	27
311	0	18	40	1490	21899	22
312	1	11	60	1495	2442	24
313	3	16	20	1500	2465	19
314	4	7	80	1505	1730	28
315	3	16	80	1510	210	23
316	3	16	80	1515	26509	27
317	1	11	40	1520	4651	21
318	3	16	40	1525	8111	22
319	0	18	80	1530	3713	22
320	0	18	40	1535	21296	29
321	3	16	20	1540	6482	26
322	1	11	20	1600	44130	20
323	4	7	20	1604	3311	19
324	1	11	60	1608	715	29
325	1	11	60	1612	9153	21
326	3	16	40	1616	3422	21
327	1	11	60	1620	4737	24
328	1	11	40	1624	6655	27
329	4	7	20	1628	5159	27
330	1	11	60	1632	15177	24
331	1	11	60	1636	7114	22
332	4	7	60	1640	4264	25
333	1	11	20	1644	6388	24
334	4	7	40	1648	917	19
335	1	11	40	1652	10544	24
336	3	16	20	1656	11238	27
337	4	7	40	1660	30741	25
338	0	18	40	1664	1050	23
339	3	16	20	1668	446	28
340	3	16	60	1672	13337	24
341	1	11	80	1676	1067	22
342	3	16	20	1680	7379	27
343	4	7	80	1684	309	27
344	1	11	80	1688	43180	23
345	3	16	80	1692	13425	25
346	4	7	80	1696	5925	20
347	1	11	20	1700	1848	26
348	4	7	40	1704	15208	26
349	1	11	80	1708	8029	20
350	3	16	40	1712	20148	26
351	4	7	40	1716	21456	27
352	4	7	80	1720	5757	20
353	4	7	20	1724	3580	22
354	3	16	80	1728	3809	20
355	3	16	80	1732	3479	29
356	3	16	40	1736	3821	20
357	0	18	40	1740	2232	19
358	0	18	60	1744	21591	28
359	1	11	40	1748	8660	23
360	1	11	60	1752	9829	24
361	0	18	20	1756	6791	29
362	1	11	20	1760	10334	28
363	3	16	60	1764	46861	26
364	0	18	20	1768	2948	29
365	0	18	40	1772	10505	24
366	1	11	60	1776	5905	26
367	4	7	60	1780	9988	29
368	3	16	80	1784	1364	19
369	1	11	60	1788	4962	22
370	0	18	80	1792	2532	25
371	3	16	40	1796	33626	20
372	1	11	80	1800	3059	28
373	0	18	40	1804	6996	23
374	3	16	20	1808	6570	27
375	4	7	60	1812	13088	26
376	4	7	80	1816	24431	29
377	3	16	20	1820	25362	23
378	3	16	20	1824	3366	26
379	3	16	80	1828	2542	23
380	1	11	60	1832	1378	20
381	0	18	40	1836	1222	25
382	1	11	20	1840	7256	28
383	0	18	60	1844	21429	25
384	0	18	80	1848	6493	20
385	3	16	20	1852	20050	26
386	3	16	80	1856	632	21
387	4	7	60	1860	430	22
388	3	16	40	1864	1501	23
389	0	18	40	1868	11275	19
390	4	7	20	1872	3478	23
391	1	11	60	1876	5724	27
392	3	16	60	1880	375	26
393	4	7	20	1884	4956	29
394	0	18	40	1888	3408	23
395	1	11	40	1892	2186	24
396	4	7	80	1896	4082	24
397	0	18	40	1900	7437	19
398	4	7	60	1904	10466	28
399	1	11	60	1908	2456	29
400	0	18	40	1912	2753	29
401	4	7	40	1916	13291	20
402	4	7	20	1920	406	26
403	1	11	60	1924	3933	22
404	0	18	80	2000	3596	25
405	4	7	80	2005	21789	24
406	3	16	40	2010	7609	29
407	4	7	40	2015	21287	26
408	1	11	80	2020	12902	24
409	4	7	40	2025	6819	24
410	4	7	20	2030	4084	29
411	4	7	20	2035	4382	26
412	3	16	40	2040	18425	23
413	1	11	80	2045	8640	24
414	4	7	80	2050	5593	21
415	0	18	40	2055	6670	29
416	3	16	20	2060	29773	20
417	0	18	40	2065	12634	21
418	1	11	80	2070	4656	24
419	1	11	20	2075	3952	21
420	3	16	40	2080	8514	21
421	1	11	80	2085	5073	22
422	0	18	20	2090	6246	25
423	1	11	40	2095	4100	29
424	3	16	60	2100	928	28
425	3	16	20	2105	11426	28
426	0	18	60	2110	22402	23
427	1	11	80	2115	15505	28
428	4	7	20	2120	2153	19
429	1	11	80	2125	3097	22
430	4	7	60	2130	4160	20
431	4	7	40	2135	3415	28
432	3	16	40	2140	2073	24
433	0	18	60	2145	658	27
434	3	16	60	2150	31736	23
435	3	16	20	2155	3423	29
436	1	11	20	2160	773	29
437	0	18	40	2165	1864	24
438	4	7	60	2170	6737	19
439	0	18	80	2175	7772	26
440	0	18	60	2180	2907	26
441	3	16	40	2185	1261	24
442	3	16	80	2190	2319	27
443	4	7	20	2195	7280	29
444	1	11	40	2200	3518	20
445	4	7	80	2205	21367	27
446	4	7	40	2210	7553	22
447	0	18	80	2215	3894	21
448	0	18	20	2220	25518	26
449	0	18	20	2225	12161	23
450	3	16	40	2230	2444	22
451	3	16	40	2235	7447	21
452	4	7	60	2240	1433	25
453	3	16	60	2245	3322	25
454	4	7	20	2250	7520	26
455	4	7	40	2255	13790	25
456	3	16	20	2260	2497	25
457	1	11	60	2265	8364	26
458	4	7	20	2270	2614	24
459	1	11	80	2275	7366	26
460	4	7	40	2280	42646	19
461	0	18	40	2285	11340	20
462	4	7	40	2290	9475	25
463	0	18	20	2295	5226	21
464	0	18	60	2300	1472	22
465	4	7	60	2305	430	20
466	1	11	60	2310	1720	20
467	1	11	80	2315	13763	25
468	4	7	40	2320	9099	19
469	0	18	60	2325	1345	22
470	4	7	20	2330	5130	19
471	3	16	60	2335	11684	26
472	1	11	60	2340	2035	21
473	0	18	80	2345	13708	28
474	1	11	40	2350	711	25
475	4	7	20	2355	5693	27
476	4	7	20	2360	1966	25
477	0	18	20	2365	23123	25
478	0	18	20	2370	370	28
479	3	16	60	2375	1575	20
480	4	7	80	2380	1293	24
481	4	7	80	2385	6455	21
482	1	11	80	2390	18201	20
483	4	7	80	2400	4851	25
484	3	16	40	2405	475	29
485	0	18	40	2410	12863	29
486	0	18	60	2415	1621	22
487	0	18	80	2420	17542	29
488	1	11	40	2425	5073	19
489	3	16	40	2430	1389	28
490	4	7	20	2435	666	23
491	0	18	40	2440	4691	21
492	1	11	20	2445	21176	29
493	1	11	80	2450	27393	22
494	1	11	60	2455	7875	25
495	4	7	20	2460	6334	25
496	4	7	80	2465	4808	29
497	3	16	80	2470	11828	25
498	4	7	40	2475	4488	25
499	1	11	60	2480	2893	19
500	3	16	20	2485	10695	25
501	1	11	60	2490	12484	26
502	1	11	60	2495	9795	20
503	4	7	60	2500	13037	23
504	1	11	20	2505	2944	23
505	0	18	80	2510	5472	25
506	1	11	80	2515	3839	29
507	3	16	60	2520	3376	27
508	0	18	40	2525	2352	19
509	4	7	20	2530	844	29
510	4	7	20	2535	7405	19
511	3	16	20	2540	3129	29
512	1	11	60	2545	7396	27
513	1	11	60	2550	842	23
514	3	16	80	2555	4819	20
515	0	18	40	2560	4658	28
516	4	7	60	2565	15756	29
517	4	7	60	2570	2188	29
518	1	11	60	2575	4385	21
519	0	18	40	2580	3675	22
520	4	7	80	2585	16254	27
521	1	11	80	2590	2911	21
522	0	18	40	2595	3463	24
523	0	18	20	2600	5869	21
524	1	11	60	2605	622	28
525	3	16	60	2610	241	27
526	1	11	40	2615	14598	27
527	4	7	60	2620	2378	28
528	4	7	40	2625	1719	21
529	1	11	40	2630	6179	29
530	4	7	20	2635	472	27
531	1	11	40	2640	4722	19
532	1	11	60	2645	5789	29
533	3	16	40	2650	10830	28
534	0	18	60	2655	4659	24
535	1	11	40	2660	3561	27
536	1	11	40	2665	15055	19
537	1	11	20	2670	782	26
538	3	16	80	2675	1270	21
539	3	16	60	2680	6608	22
540	3	16	60	2685	4337	19
541	1	11	20	2690	14619	24
542	4	7	40	2695	8032	29
543	1	11	40	2700	3688	20
544	4	7	20	2705	6490	28
545	1	11	80	2710	11292	23
546	3	16	60	2715	14680	23
547	0	18	60	2720	14136	24
548	4	7	20	2725	5787	20
549	1	11	20	2730	1636	27
550	0	18	40	2735	9280	26
551	4	7	40	2740	1910	29
552	0	18	20	2745	3446	22
553	4	7	20	2750	503	22
554	3	16	80	2755	4561	21
555	0	18	20	2760	4528	23
556	1	11	20	2800	4618	21
557	0	18	40	2804	1648	29
558	3	16	20	2808	10449	25
559	3	16	40	2812	2607	25
560	4	7	60	2816	8552	28
561	3	16	20	2820	1058	19
562	4	7	20	2824	1308	25
563	4	7	20	2828	10088	20
564	4	7	80	2832	350	20
565	3	16	80	2836	1374	29
566	0	18	40	2840	13231	29
567	4	7	40	2844	15817	29
568	1	11	20	2848	8595	28
569	0	18	60	2852	782	23
570	3	16	20	2856	7204	27
571	1	11	60	2860	11662	21
572	1	11	60	2864	777	27
573	4	7	20	2868	15714	29
574	1	11	60	2872	23948	22
575	3	16	80	2876	241	22
576	1	11	60	2880	8904	21
577	3	16	20	2884	32120	23
578	1	11	80	2888	26625	22
579	4	7	60	2892	3068	23
580	4	7	80	2896	1679	23
581	1	11	60	2900	77	21
582	0	18	60	2904	10848	27
583	1	11	40	2908	67	23
584	0	18	80	2912	15262	21
585	0	18	80	2916	14912	28
586	1	11	20	2920	805	27
587	3	16	60	2924	4841	26
588	4	7	40	2928	2935	26
589	4	7	40	2932	73	20
590	0	18	20	2936	20277	25
591	1	11	80	2940	8665	19
592	4	7	20	2944	3621	20
593	0	18	40	2948	16239	26
594	4	7	20	2952	18881	24
595	0	18	60	2956	2791	29
596	1	11	80	2960	9326	29
597	4	7	40	2964	19908	28
598	1	11	40	2968	3163	19
599	0	18	40	2972	4058	28
600	1	11	60	2976	23583	24
601	4	7	40	2980	30845	24
602	4	7	60	2984	1497	25
603	3	16	60	2988	4381	27
604	4	7	80	2992	7157	29
605	3	16	80	2996	20133	24
606	3	16	60	3000	1021	21
607	0	18	20	3004	5391	22
608	1	11	40	3008	942	19
609	4	7	80	3012	4151	29
610	3	16	60	3016	11444	20
611	4	7	20	3020	4879	27
612	4	7	60	3024	2008	26
613	3	16	40	3028	4228	20
614	3	16	60	3032	743	21
615	1	11	80	3036	8332	25
616	3	16	40	3040	3845	22
617	1	11	80	3044	1228	20
618	3	16	20	3048	16023	28
619	4	7	20	3052	1763	22
620	1	11	60	3056	512	21
621	1	11	80	3060	3504	22
622	4	7	80	3064	6466	22
623	1	11	60	3068	8382	27
624	0	18	40	3072	1514	27
625	0	18	40	3076	21527	27
626	3	16	60	3080	4129	19
627	0	18	40	3084	2027	19
628	0	18	20	3088	24661	24
629	1	11	20	3092	8522	23
630	0	18	20	3096	3340	23
631	1	11	20	3100	11234	23
632	0	18	60	3104	8522	22
633	1	11	60	3108	6682	23
634	3	16	20	3112	3709	29
635	0	18	60	3116	1891	28
636	3	16	20	3120	14606	26
637	1	11	20	3124	3092	29
638	3	16	40	3128	4319	23
639	3	16	80	3132	21543	27
640	1	11	20	3136	10330	25
641	0	18	20	3140	7441	23
642	1	11	20	3144	3359	26
643	0	18	60	3148	18603	27
644	0	18	60	3152	2284	19
645	1	11	20	3156	4989	27
646	3	16	20	3160	4630	23
647	0	18	60	3200	24542	19
648	1	11	80	3204	12109	23
649	1	11	20	3208	2392	28
650	1	11	20	3212	19522	25
651	4	7	80	3216	6316	27
652	1	11	40	3220	426	19
653	1	11	40	3224	1102	26
654	4	7	60	3228	3273	25
655	4	7	80	3232	7188	21
656	0	18	40	3236	4419	21
657	1	11	80	3240	5894	28
658	3	16	40	3244	2293	19
659	3	16	40	3248	8609	21
660	0	18	40	3252	5806	23
661	1	11	40	3256	18103	20
662	0	18	20	3260	6144	28
663	4	7	20	3264	4866	25
664	4	7	80	3268	524	24
665	1	11	60	3272	50	26
666	3	16	40	3276	12926	23
667	3	16	80	3280	8532	21
668	4	7	40	3284	322	20
669	3	16	80	3288	16845	22
670	4	7	80	3292	13209	29
671	0	18	20	3296	504	22
672	4	7	40	3300	10334	27
673	0	18	20	3304	21592	19
674	3	16	80	3308	5121	26
675	1	11	60	3312	4877	28
676	0	18	80	3316	94	25
677	4	7	40	3320	8447	24
678	1	11	80	3324	4098	26
679	3	16	20	3328	9859	29
680	3	16	20	3332	5429	22
681	1	11	80	3336	4778	29
682	4	7	60	3340	4695	26
683	3	16	80	3344	9516	26
684	4	7	20	3348	10853	27
685	0	18	20	3352	12695	25
686	0	18	60	3356	9700	23
687	3	16	20	3360	5983	25
688	1	11	80	3364	2095	27
689	4	7	40	3368	12046	27
690	4	7	40	3372	12337	26
691	0	18	20	3376	3056	27
692	3	16	80	3380	592	29
693	0	18	80	3384	11353	20
694	1	11	60	3388	4306	23
695	0	18	80	3392	14135	23
696	4	7	80	3396	575	25
697	1	11	80	3400	17452	19
698	1	11	60	3404	14599	21
699	4	7	20	3408	2217	22
700	3	16	80	3412	8696	23
701	0	18	20	3416	12246	20
702	0	18	20	3420	19621	28
703	4	7	80	3424	18554	19
704	1	11	40	3428	4787	28
705	1	11	80	3432	15273	21
706	0	18	60	3436	13750	19
707	0	18	20	3440	1015	29
708	4	7	60	3444	8535	29
709	1	11	20	3448	16917	27
710	3	16	80	3452	6960	25
711	1	11	80	3456	11837	26
712	4	7	80	3460	1026	21
713	0	18	20	3464	6226	19
714	4	7	40	3468	1455	28
715	3	16	40	3472	549	23
716	3	16	60	3476	4811	24
717	1	11	20	3480	14683	21
718	0	18	20	3484	9993	28
719	3	16	80	3488	2496	29
720	0	18	80	3492	2896	22
721	0	18	40	3496	2568	27
722	0	18	20	3500	4431	24
723	0	18	20	3504	2423	23
724	3	16	60	3508	773	26
725	3	16	60	3512	5396	21
726	3	16	40	3516	36580	23
727	4	7	40	3520	27322	25
728	3	16	60	3524	5813	26
729	3	16	80	3528	8254	22
730	1	11	60	3532	3916	22
731	4	7	80	3536	1065	25
732	1	11	60	3540	13429	22
733	3	16	80	3544	1384	22
734	4	7	40	3548	373	25
735	3	16	80	3600	9877	21
736	0	18	80	3604	6139	20
737	4	7	60	3608	6253	25
738	1	11	60	3612	2251	27
739	3	16	20	3616	17709	24
740	0	18	60	3620	29426	25
741	0	18	60	3624	7004	23
742	3	16	60	3628	16367	26
743	0	18	60	3632	3460	19
744	1	11	40	3636	1756	20
745	3	16	40	3640	111	29
746	1	11	20	3644	1756	25
747	3	16	60	3648	6050	29
748	0	18	60	3652	7166	21
749	4	7	40	3656	3445	29
750	1	11	20	3660	3787	28
751	1	11	60	3664	2080	23
752	1	11	60	3668	1528	20
753	4	7	80	3672	6765	22
754	4	7	20	3676	22278	19
755	3	16	40	3680	3930	25
756	4	7	20	3684	3549	26
757	0	18	20	3688	8457	24
758	1	11	40	3692	13265	23
759	3	16	60	3696	25691	26
760	4	7	60	3700	15851	28
761	1	11	20	3704	15370	23
762	1	11	60	3708	7384	22
763	1	11	60	3712	98	26
764	4	7	60	3716	5422	24
765	4	7	20	3720	4876	19
766	4	7	40	3724	25536	22
767	1	11	20	3728	26069	28
768	0	18	80	3732	5468	23
769	0	18	40	3736	4888	26
770	1	11	60	3740	6049	22
771	4	7	20	3744	19229	29
772	0	18	60	3748	7233	23
773	1	11	20	3752	13832	23
774	1	11	40	3756	2777	22
775	4	7	40	3760	10195	28
776	1	11	60	3764	4138	20
777	0	18	40	3768	617	23
778	3	16	80	3772	531	21
779	4	7	20	3776	652	26
780	1	11	60	3780	2779	26
781	4	7	60	3784	4915	24
782	3	16	60	3788	3765	22
783	4	7	40	3792	1457	26
784	0	18	60	3796	2478	23
785	0	18	80	3800	1376	29
786	3	16	40	3804	24090	23
787	3	16	80	3808	2223	19
788	4	7	60	3812	1994	21
789	1	11	80	3816	8570	19
790	3	16	80	3820	3455	25
791	0	18	80	3824	17179	25
792	3	16	20	3828	10558	20
793	3	16	20	3832	2690	19
794	4	7	40	3836	231	25
795	4	7	40	3840	1033	21
796	3	16	20	3844	31568	20
797	1	11	80	3848	15640	29
798	0	18	20	3852	15664	24
799	3	16	40	3856	10796	20
800	4	7	20	3860	451	26
801	4	7	80	3864	2148	26
802	3	16	80	3868	288	24
803	0	18	40	3872	1155	25
804	3	16	60	3876	13690	26
805	3	16	20	3880	5042	29
806	1	11	20	3884	8037	29
807	4	7	60	3888	3462	27
808	1	11	60	3892	2599	29
809	4	7	80	3896	1965	21
810	0	18	60	3900	33237	23
811	4	7	60	3904	2673	21
812	1	11	20	3908	7099	22
813	1	11	20	3912	10510	26
814	1	11	80	3916	8776	19
815	4	7	20	3920	4127	23
816	3	16	40	3924	5203	19
817	3	16	20	3928	4583	25
818	0	18	80	3932	10958	21
819	4	7	60	3936	3253	25
820	0	18	80	3940	5636	26
821	0	18	60	3944	10077	22
822	3	16	60	3948	10805	25
823	3	16	20	3952	14547	23
824	1	11	60	3956	900	20
825	1	11	80	3960	8337	27
826	0	18	80	3964	1556	27
827	1	11	60	3968	2962	22
828	3	16	60	4000	12638	27
829	3	16	80	4005	1511	20
830	1	11	20	4010	10768	26
831	0	18	80	4015	6307	21
832	4	7	40	4020	1940	29
833	0	18	60	4025	3128	20
834	0	18	20	4030	189	19
835	1	11	60	4035	478	29
836	1	11	60	4040	4408	29
837	3	16	40	4045	2205	27
838	0	18	60	4050	3411	19
839	3	16	60	4055	12831	24
840	3	16	80	4060	5943	29
841	3	16	60	4065	7319	25
842	1	11	20	4070	26875	20
843	0	18	60	4075	22	19
844	1	11	20	4080	8945	25
845	3	16	20	4085	552	22
846	3	16	60	4090	2795	22
847	0	18	20	4095	13	24
848	1	11	20	4100	7729	19
849	4	7	40	4105	7857	21
850	0	18	20	4110	8239	20
851	0	18	80	4115	6291	24
852	0	18	20	4120	955	26
853	0	18	40	4125	5950	29
854	1	11	60	4130	2142	23
855	3	16	60	4135	3307	23
856	1	11	40	4140	5459	19
857	4	7	80	4145	1762	19
858	3	16	60	4150	227	24
859	1	11	80	4155	1510	29
860	1	11	20	4160	2748	20
861	4	7	40	4165	3136	25
862	1	11	80	4170	6519	29
863	3	16	80	4175	889	27
864	1	11	80	4180	5202	24
865	0	18	80	4185	4622	21
866	0	18	40	4190	569	22
867	0	18	60	4195	2459	20
868	0	18	20	4200	9841	26
869	4	7	40	4205	7495	19
870	3	16	40	4210	31070	23
871	0	18	80	4215	2166	22
872	1	11	60	4220	745	25
873	1	11	40	4225	23489	27
874	0	18	80	4230	13280	25
875	3	16	20	4235	18933	19
876	3	16	40	4240	11122	20
877	3	16	80	4245	10720	25
878	1	11	80	4250	1438	27
879	4	7	40	4255	324	27
880	3	16	20	4260	3476	23
881	4	7	80	4265	1540	22
882	0	18	40	4270	9371	22
883	3	16	40	4275	1476	25
884	3	16	80	4280	6026	19
885	1	11	40	4285	1737	21
886	4	7	80	4290	4536	24
887	4	7	80	4295	9386	29
888	4	7	20	4300	742	26
889	1	11	60	4305	9236	26
890	0	18	20	4310	6630	29
891	1	11	80	4315	2048	29
892	0	18	80	4320	1915	22
893	4	7	80	4325	1540	20
894	1	11	40	4330	5676	22
895	4	7	40	4335	1784	23
896	1	11	80	4340	344	25
897	4	7	40	4345	15728	22
898	3	16	80	4350	5949	25
899	1	11	20	4355	2135	23
900	3	16	80	4360	49789	19
901	1	11	20	4365	245	20
902	0	18	80	4370	2783	27
903	3	16	80	4375	90	19
904	0	18	80	4380	8309	27
905	4	7	20	4385	4163	27
906	3	16	40	4390	4863	29
907	4	7	60	4400	1449	28
908	0	18	60	4405	10037	23
909	3	16	40	4410	3189	22
910	0	18	20	4415	7086	21
911	4	7	60	4420	11297	24
912	1	11	80	4425	269	21
913	4	7	20	4430	35553	26
914	3	16	60	4435	13702	24
915	1	11	40	4440	982	28
916	4	7	80	4445	8046	22
917	3	16	40	4450	3939	23
918	0	18	20	4455	6865	27
919	0	18	60	4460	2660	22
920	0	18	20	4465	48	26
921	1	11	40	4470	3799	22
922	1	11	40	4475	1548	23
923	3	16	60	4480	185	29
924	3	16	20	4485	366	19
925	0	18	60	4490	11203	24
926	0	18	20	4495	197	19
927	1	11	80	4500	19614	23
928	0	18	80	4505	4621	24
929	1	11	40	4510	7531	20
930	1	11	20	4515	15965	24
931	4	7	20	4520	17732	28
932	4	7	20	4525	1921	29
933	0	18	80	4530	21310	23
934	0	18	60	4535	341	27
935	1	11	20	4540	3110	21
936	4	7	80	4545	17049	24
937	3	16	60	4550	9084	21
938	1	11	60	4555	5912	28
939	3	16	60	4560	1054	21
940	3	16	80	4565	10766	21
941	0	18	20	4570	2486	26
942	3	16	20	4575	29772	25
943	1	11	60	4580	11412	22
944	1	11	40	4585	817	24
945	1	11	60	4590	13160	24
946	4	7	80	4595	1713	26
947	1	11	60	4600	2035	25
948	1	11	20	4605	3514	26
949	4	7	80	4610	3987	24
950	4	7	40	4615	6672	20
951	4	7	60	4620	8473	21
952	3	16	40	4625	2672	24
953	1	11	40	4630	2213	22
954	0	18	20	4635	2072	27
955	1	11	40	4640	7739	26
956	0	18	60	4645	15406	26
957	1	11	40	4650	2527	28
958	4	7	80	4655	27180	29
959	0	18	20	4660	17847	22
960	4	7	20	4665	3842	27
961	1	11	60	4670	6241	24
962	3	16	80	4675	10382	23
963	3	16	40	4680	886	21
964	1	11	40	4685	4999	28
965	0	18	20	4690	9542	23
966	4	7	60	4695	6261	24
967	1	11	20	4700	868	28
968	3	16	60	4705	23428	29
969	0	18	60	4710	5504	21
970	1	11	40	4715	2135	22
971	1	11	40	4720	24892	19
972	0	18	60	4725	16105	25
973	1	11	40	4730	4819	25
974	3	16	60	4735	6268	19
975	0	18	20	4740	10742	19
976	3	16	40	4745	4116	26
977	0	18	80	4750	4304	19
978	0	18	20	4755	20809	24
979	1	11	40	4760	2171	25
980	0	18	80	4765	6581	27
981	3	16	60	4770	12861	23
982	0	18	60	4775	6538	27
983	1	11	80	4780	378	29
984	1	11	20	4785	361	19
985	1	11	60	4790	1893	22
986	0	18	80	4800	7472	22
987	3	16	60	4805	28555	26
988	4	7	80	4810	9687	25
989	3	16	40	4815	4382	19
990	1	11	60	4820	5047	24
991	1	11	60	4825	7541	26
992	4	7	80	4830	9964	22
993	1	11	60	4835	7950	24
994	3	16	60	4840	10841	23
995	1	11	40	4845	1765	26
996	3	16	20	4850	6216	21
997	0	18	80	4855	16376	22
998	4	7	20	4860	2798	24
999	1	11	40	4865	4093	19
1000	1	11	80	4870	2453	29
1001	3	16	60	4875	754	27
1002	3	16	20	4880	2607	26
1003	0	18	60	4885	15615	23
1004	1	11	40	4890	1378	20
1005	3	16	20	4895	7537	19
1006	3	16	80	4900	12365	25
1007	1	11	80	4905	14241	29
1008	4	7	60	4910	9591	21
1009	0	18	80	4915	5376	27
1010	4	7	20	4920	1964	19
1011	4	7	60	4925	4611	26
1012	0	18	20	4930	3385	22
1013	1	11	40	4935	10439	23
1014	4	7	20	4940	3225	24
1015	0	18	60	4945	6972	23
1016	1	11	80	4950	32738	27
1017	0	18	80	4955	9131	23
1018	0	18	20	4960	501	21
1019	4	7	80	4965	2343	25
1020	4	7	20	4970	750	19
1021	1	11	80	4975	6770	27
1022	1	11	40	4980	4096	22
1023	4	7	40	4985	5951	29
1024	4	7	20	4990	240	27
1025	0	18	80	4995	7822	26
1026	3	16	40	5000	2229	27
1027	3	16	20	5005	2159	19
1028	4	7	60	5010	9915	20
1029	1	11	20	5015	3387	22
1030	1	11	80	5020	1771	27
1031	1	11	40	5025	6063	22
1032	0	18	60	5030	1031	25
1033	4	7	80	5035	5960	23
1034	4	7	40	5040	29069	25
1035	3	16	20	5045	5090	19
1036	0	18	40	5050	5896	27
1037	4	7	20	5055	9641	23
1038	4	7	40	5060	17512	28
1039	4	7	80	5065	4552	29
1040	4	7	80	5070	4412	26
1041	4	7	80	5075	11956	22
1042	3	16	80	5080	2554	23
1043	4	7	80	5085	1913	27
1044	4	7	20	5090	1825	19
1045	1	11	80	5095	242	28
1046	0	18	40	5100	2466	23
1047	1	11	60	5105	32798	29
1048	3	16	40	5110	2830	19
1049	3	16	20	5115	1398	19
1050	0	18	60	5120	1933	29
1051	1	11	40	5125	15708	27
1052	4	7	60	5130	13293	20
1053	4	7	40	5135	337	29
1054	1	11	20	5140	2979	19
1055	0	18	20	5145	9450	20
1056	0	18	40	5150	9349	24
1057	3	16	60	5155	11199	27
1058	0	18	60	5160	14102	26
1059	1	11	60	5165	6115	24
1060	0	18	60	5200	3658	22
1061	0	18	60	5205	6392	25
1062	1	11	20	5210	1031	28
1063	3	16	60	5215	3486	28
1064	3	16	20	5220	2747	29
1065	1	11	80	5225	9275	26
1066	3	16	20	5230	3051	19
1067	1	11	40	5235	13708	28
1068	1	11	80	5240	11259	27
1069	0	18	20	5245	15790	24
1070	0	18	20	5250	496	25
1071	1	11	80	5255	2660	22
1072	1	11	40	5260	12586	25
1073	1	11	40	5265	7884	22
1074	0	18	80	5270	14172	29
1075	0	18	40	5275	3013	27
1076	3	16	80	5280	2827	22
1077	1	11	60	5285	1665	24
1078	0	18	20	5290	3093	28
1079	3	16	20	5295	66693	28
1080	4	7	60	5300	3551	21
1081	0	18	80	5305	2406	28
1082	0	18	60	5310	22320	29
1083	1	11	60	5315	6388	19
1084	1	11	60	5320	1118	23
1085	0	18	60	5325	3311	29
1086	3	16	60	5330	10218	21
1087	1	11	20	5335	664	26
1088	1	11	60	5340	1929	23
1089	4	7	40	5345	2633	23
1090	1	11	80	5350	12169	24
1091	1	11	80	5355	11691	29
1092	3	16	40	5360	16440	27
1093	3	16	80	5365	3490	22
1094	3	16	40	5370	554	25
1095	3	16	20	5375	16552	19
1096	1	11	60	5380	8507	23
1097	0	18	40	5385	20209	25
1098	1	11	80	5390	20414	28
1099	3	16	40	5395	5833	23
1100	3	16	60	5400	9977	28
1101	4	7	80	5405	4718	24
1102	4	7	60	5410	2072	20
1103	1	11	40	5415	4594	25
1104	1	11	20	5420	844	23
1105	3	16	60	5425	21479	25
1106	0	18	80	5430	554	21
1107	3	16	40	5435	1621	28
1108	3	16	60	5440	1899	19
1109	1	11	60	5445	46669	22
1110	3	16	20	5450	4025	27
1111	3	16	80	5455	5565	29
1112	3	16	60	5460	4535	28
1113	3	16	40	5465	14113	27
1114	1	11	80	5470	1547	21
1115	0	18	80	5475	907	24
1116	0	18	80	5480	7567	25
1117	0	18	60	5485	6768	27
1118	0	18	20	5490	2016	24
1119	1	11	60	5495	24247	19
1120	4	7	20	5500	26850	23
1121	1	11	80	5505	2168	23
1122	4	7	60	5510	7440	23
1123	3	16	40	5515	5151	22
1124	3	16	40	5520	662	29
1125	3	16	40	5525	2763	26
1126	3	16	40	5530	4234	25
1127	3	16	60	5535	4625	21
1128	3	16	20	5600	6564	26
1129	1	11	80	5604	25031	28
1130	3	16	80	5608	8611	22
1131	1	11	60	5612	3794	27
1132	0	18	80	5616	2472	26
1133	3	16	80	5620	12994	24
1134	4	7	60	5624	2707	19
1135	0	18	80	5628	19530	26
1136	0	18	20	5632	257	26
1137	3	16	40	5636	5571	23
1138	4	7	60	5640	4780	25
1139	3	16	80	5644	1772	28
1140	0	18	60	5648	2539	27
1141	0	18	40	5652	6173	22
1142	3	16	60	5656	16220	26
1143	0	18	20	5660	1959	20
1144	0	18	40	5664	17303	25
1145	4	7	80	5668	2630	25
1146	3	16	40	5672	3268	20
1147	0	18	20	5676	353	29
1148	0	18	20	5680	1564	19
1149	3	16	60	5684	25701	19
1150	3	16	20	5688	2430	24
1151	0	18	20	5692	700	26
1152	4	7	20	5696	9558	20
1153	4	7	20	5700	28141	27
1154	3	16	40	5704	6434	29
1155	0	18	80	5708	5158	23
1156	4	7	20	5712	14665	19
1157	1	11	40	5716	11200	28
1158	4	7	80	5720	3537	26
1159	3	16	80	5724	13204	27
1160	0	18	20	5728	5884	19
1161	1	11	40	5732	7908	29
1162	4	7	40	5736	7817	20
1163	1	11	60	5740	2356	21
1164	4	7	80	5744	3298	29
1165	0	18	60	5748	143	19
1166	3	16	20	5752	2147	22
1167	0	18	60	5756	7948	23
1168	4	7	80	5760	6240	27
1169	1	11	20	5764	2440	24
1170	4	7	60	5768	628	28
1171	1	11	60	5772	932	20
1172	1	11	20	5776	1032	21
1173	3	16	20	5780	194	26
1174	1	11	80	5784	9109	21
1175	4	7	80	5788	4459	19
1176	4	7	20	5792	3684	27
1177	4	7	60	5796	3930	22
1178	1	11	20	5800	7128	26
1179	4	7	40	5804	12846	23
1180	4	7	80	5808	25118	24
1181	3	16	40	5812	3668	25
1182	3	16	40	5816	2424	21
1183	0	18	40	5820	7331	25
1184	4	7	60	5824	9478	22
1185	1	11	80	5828	6852	26
1186	1	11	40	5832	9125	26
1187	1	11	60	5836	2802	28
1188	4	7	60	5840	2305	24
1189	3	16	80	5844	13364	25
1190	0	18	60	5848	605	25
1191	4	7	80	5852	2607	28
1192	4	7	60	5856	1246	27
1193	0	18	80	5860	8213	27
1194	3	16	60	5864	9064	27
1195	4	7	40	5868	8264	28
1196	0	18	80	5872	19643	20
1197	1	11	20	5876	7599	23
1198	1	11	20	5880	16919	20
1199	0	18	60	5884	16153	25
1200	1	11	80	5888	367	21
1201	3	16	60	5892	9784	27
1202	1	11	40	5896	5571	21
1203	3	16	20	5900	19694	24
1204	4	7	80	5904	17245	21
1205	0	18	60	5908	1318	22
1206	4	7	80	5912	26326	23
1207	1	11	20	5916	8946	24
1208	1	11	40	5920	2746	25
1209	4	7	40	5924	1070	28
1210	1	11	60	5928	897	26
1211	0	18	60	5932	4810	27
1212	4	7	20	5936	1429	20
1213	4	7	60	5940	6533	22
1214	3	16	80	5944	15249	22
1215	1	11	80	5948	1328	23
1216	3	16	80	5952	3651	27
1217	4	7	80	6000	190	25
1218	1	11	80	6004	6584	28
1219	3	16	20	6008	11501	22
1220	3	16	20	6012	3292	22
1221	0	18	40	6016	22483	23
1222	0	18	20	6020	3816	28
1223	0	18	80	6024	10466	20
1224	1	11	40	6028	1686	28
1225	0	18	80	6032	12771	19
1226	3	16	80	6036	27001	23
1227	0	18	20	6040	5219	23
1228	0	18	60	6044	3398	28
1229	3	16	40	6048	290	23
1230	3	16	80	6052	5758	29
1231	3	16	20	6056	11280	22
1232	3	16	60	6060	5688	20
1233	1	11	40	6064	10256	20
1234	3	16	40	6068	11232	20
1235	1	11	40	6072	2312	27
1236	1	11	80	6076	16087	23
1237	4	7	40	6080	3405	26
1238	0	18	60	6084	10066	23
1239	3	16	20	6088	6250	29
1240	1	11	80	6092	7586	21
1241	0	18	40	6096	58	21
1242	4	7	20	6100	39	22
1243	4	7	20	6104	1069	26
1244	1	11	40	6108	9786	29
1245	4	7	20	6112	7760	28
1246	4	7	60	6116	973	26
1247	4	7	20	6120	7057	23
1248	1	11	80	6124	12502	24
1249	0	18	80	6128	5955	23
1250	0	18	60	6132	2601	20
1251	1	11	80	6136	17702	25
1252	4	7	20	6140	429	25
1253	4	7	80	6144	994	27
1254	1	11	60	6148	6038	21
1255	0	18	60	6152	887	27
1256	1	11	40	6156	3159	29
1257	0	18	40	6160	11823	19
1258	1	11	60	6164	10316	26
1259	3	16	20	6168	726	20
1260	3	16	60	6172	1648	29
1261	3	16	60	6176	5286	19
1262	1	11	60	6180	3168	25
1263	4	7	20	6184	2354	20
1264	1	11	40	6188	7575	29
1265	4	7	40	6192	3449	23
1266	3	16	80	6196	22922	25
1267	3	16	60	6200	4654	19
1268	1	11	20	6204	13025	21
1269	1	11	40	6208	7336	24
1270	0	18	80	6212	2704	19
1271	4	7	40	6216	159	19
1272	3	16	40	6220	2941	20
1273	4	7	80	6224	150	29
1274	0	18	40	6228	1299	20
1275	3	16	80	6232	3205	20
1276	0	18	40	6236	21848	20
1277	0	18	20	6240	2346	20
1278	3	16	60	6244	194	21
1279	1	11	40	6248	6735	19
1280	1	11	20	6252	9187	22
1281	4	7	80	6256	3820	29
1282	4	7	40	6260	9337	28
1283	4	7	60	6264	13768	23
1284	3	16	80	6268	11351	22
1285	0	18	80	6272	7794	22
1286	3	16	20	6276	9727	27
1287	4	7	60	6280	3980	22
1288	4	7	80	6284	1711	28
1289	1	11	80	6288	8383	22
1290	4	7	80	6292	20696	28
1291	0	18	60	6296	791	22
1292	3	16	80	6300	7784	19
1293	3	16	40	6304	7934	21
1294	0	18	40	6308	3520	19
1295	4	7	20	6312	1105	21
1296	4	7	80	6316	9120	25
1297	0	18	20	6320	11091	20
1298	3	16	60	6324	5757	26
1299	1	11	80	6328	3514	24
1300	0	18	20	6332	9063	21
1301	0	18	80	6336	8952	26
1302	3	16	80	6340	12200	21
1303	0	18	40	6344	1687	19
1304	0	18	80	6348	2175	22
1305	0	18	40	6352	2385	19
1306	4	7	60	6400	6996	24
1307	0	18	20	6405	273	25
1308	3	16	40	6410	27274	26
1309	4	7	80	6415	1782	20
1310	4	7	20	6420	1492	26
1311	0	18	40	6425	598	27
1312	3	16	60	6430	11023	28
1313	4	7	40	6435	1351	25
1314	1	11	80	6440	4139	27
1315	4	7	60	6445	13141	29
1316	4	7	40	6450	12670	20
1317	1	11	80	6455	5640	21
1318	0	18	40	6460	5495	28
1319	1	11	60	6465	36438	26
1320	0	18	20	6470	8323	25
1321	4	7	40	6475	6406	22
1322	4	7	80	6480	2285	21
1323	4	7	40	6485	1341	28
1324	3	16	60	6490	9004	26
1325	4	7	40	6495	1711	27
1326	1	11	60	6500	4055	19
1327	0	18	80	6505	9080	28
1328	4	7	40	6510	8693	29
1329	0	18	40	6515	168	28
1330	3	16	20	6520	8396	24
1331	0	18	20	6525	1634	19
1332	3	16	40	6530	10811	23
1333	0	18	60	6535	8833	26
1334	0	18	20	6540	17747	28
1335	1	11	40	6545	76	26
1336	0	18	80	6550	7276	27
1337	4	7	80	6555	5522	28
1338	3	16	80	6560	6997	20
1339	1	11	40	6565	5548	21
1340	0	18	40	6570	323	27
1341	3	16	20	6575	8866	20
1342	0	18	20	6580	4428	25
1343	4	7	20	6585	39556	26
1344	1	11	60	6590	5218	26
1345	3	16	40	6595	15321	20
1346	3	16	80	6600	3401	24
1347	3	16	40	6605	5027	23
1348	0	18	40	6610	2040	24
1349	0	18	60	6615	6378	19
1350	0	18	60	6620	3254	19
1351	1	11	80	6625	1531	23
1352	0	18	80	6630	2334	21
1353	1	11	20	6635	5932	19
1354	1	11	80	6640	9870	28
1355	1	11	80	6645	1085	29
1356	0	18	80	6650	4425	23
1357	3	16	60	6655	7911	23
1358	1	11	80	6660	5782	23
1359	0	18	60	6665	372	25
1360	4	7	60	6670	15737	29
1361	4	7	60	6675	18776	26
1362	1	11	60	6680	3708	26
1363	3	16	20	6685	23359	27
1364	1	11	60	6690	6385	25
1365	4	7	20	6695	33802	26
1366	3	16	20	6700	3215	22
1367	1	11	20	6705	661	20
1368	3	16	20	6710	2455	27
1369	0	18	60	6715	4013	19
1370	3	16	80	6720	1878	21
1371	0	18	60	6725	2810	21
1372	3	16	80	6730	20506	19
1373	3	16	80	6735	45763	25
1374	0	18	20	6740	23941	28
1375	3	16	20	6745	30102	24
1376	4	7	20	6800	1077	26
1377	4	7	80	6805	2361	24
1378	1	11	60	6810	8996	21
1379	4	7	20	6815	13846	25
1380	1	11	40	6820	14980	21
1381	3	16	20	6825	21399	25
1382	4	7	40	6830	4832	23
1383	3	16	60	6835	961	28
1384	0	18	80	6840	9283	28
1385	0	18	20	6845	5165	20
1386	4	7	40	6850	21470	27
1387	0	18	20	6855	1962	23
1388	4	7	80	6860	25689	27
1389	4	7	40	6865	11562	28
1390	0	18	40	6870	7027	22
1391	3	16	40	6875	27858	22
1392	1	11	80	6880	33059	24
1393	3	16	40	6885	6168	24
1394	3	16	60	6890	8174	21
1395	1	11	60	6895	1162	20
1396	1	11	40	6900	2841	23
1397	1	11	20	6905	5216	28
1398	3	16	40	6910	4682	19
1399	3	16	60	6915	5446	19
1400	4	7	40	6920	5900	27
1401	1	11	80	6925	2484	23
1402	4	7	40	6930	1808	26
1403	0	18	80	6935	14209	23
1404	3	16	80	6940	3326	28
1405	4	7	80	6945	309	28
1406	3	16	20	6950	2315	22
1407	1	11	20	6955	2370	25
1408	1	11	20	6960	6822	21
1409	3	16	80	6965	10535	23
1410	1	11	60	6970	7	22
1411	0	18	20	6975	1483	28
1412	0	18	20	6980	24429	21
1413	3	16	60	6985	9415	28
1414	3	16	20	6990	1777	22
1415	0	18	60	6995	21166	23
1416	0	18	20	7000	4796	21
1417	4	7	20	7005	2384	28
1418	1	11	40	7010	2402	29
1419	0	18	60	7015	616	24
1420	4	7	80	7020	441	29
1421	1	11	80	7025	963	29
1422	1	11	20	7030	1020	22
1423	3	16	60	7035	5544	28
1424	4	7	40	7040	13282	27
1425	4	7	40	7045	2195	28
1426	4	7	60	7050	2994	26
1427	0	18	60	7055	3895	24
1428	0	18	20	7060	3528	23
1429	4	7	40	7065	13480	26
1430	1	11	80	7070	9061	19
1431	1	11	20	7075	8329	27
1432	1	11	60	7080	13395	23
1433	4	7	20	7085	1601	21
1434	4	7	80	7090	2866	27
1435	0	18	60	7095	6927	28
1436	3	16	80	7100	10437	29
1437	3	16	60	7105	7797	19
1438	4	7	80	7110	11861	29
1439	0	18	80	7115	8367	29
1440	1	11	20	7120	2032	28
1441	3	16	20	7125	8998	20
1442	4	7	20	7130	8257	20
1443	1	11	20	7135	2066	23
1444	3	16	80	7140	11530	25
1445	4	7	40	7145	4292	23
1446	3	16	40	7150	132	20
1447	3	16	20	7155	2764	26
1448	4	7	40	7160	3302	21
1449	1	11	20	7200	9930	28
1450	1	11	60	7204	9224	28
1451	3	16	20	7208	336	25
1452	0	18	80	7212	1983	28
1453	3	16	60	7216	3681	25
1454	3	16	60	7220	4639	20
1455	3	16	60	7224	4198	27
1456	0	18	60	7228	1274	19
1457	1	11	60	7232	9696	27
1458	1	11	40	7236	168	25
1459	3	16	60	7240	845	19
1460	0	18	20	7244	10349	20
1461	3	16	40	7248	16067	27
1462	1	11	20	7252	18398	21
1463	3	16	60	7256	11390	24
1464	1	11	80	7260	445	22
1465	0	18	60	7264	3495	24
1466	4	7	40	7268	3529	24
1467	0	18	80	7272	11805	19
1468	3	16	80	7276	3963	19
1469	3	16	40	7280	7738	23
1470	1	11	60	7284	1788	23
1471	1	11	60	7288	14094	21
1472	4	7	20	7292	5305	29
1473	1	11	40	7296	7549	29
1474	3	16	40	7300	15166	26
1475	1	11	60	7304	3803	27
1476	3	16	60	7308	5073	27
1477	0	18	20	7312	17808	28
1478	0	18	80	7316	10670	22
1479	4	7	20	7320	4015	23
1480	1	11	20	7324	2023	26
1481	0	18	60	7328	162	19
1482	0	18	20	7332	387	22
1483	3	16	80	7336	8300	24
1484	1	11	80	7340	1116	28
1485	3	16	60	7344	8100	24
1486	1	11	20	7348	4460	29
1487	3	16	80	7352	4691	28
1488	1	11	40	7356	10817	20
1489	1	11	20	7360	17863	29
1490	0	18	80	7364	4526	27
1491	1	11	20	7368	213	21
1492	1	11	20	7372	7368	23
1493	0	18	40	7376	8935	29
1494	0	18	60	7380	20500	28
1495	4	7	60	7384	3552	19
1496	1	11	20	7388	11953	28
1497	1	11	60	7392	17272	26
1498	4	7	20	7396	1524	19
1499	1	11	20	7400	4212	19
1500	4	7	80	7404	482	29
1501	1	11	40	7408	2248	20
1502	0	18	20	7412	18542	26
1503	0	18	80	7416	10135	27
1504	4	7	40	7420	5717	24
1505	0	18	80	7424	15507	25
1506	3	16	20	7428	6501	25
1507	3	16	40	7432	7508	28
1508	4	7	20	7436	5856	29
1509	0	18	20	7440	509	22
1510	4	7	80	7444	22330	19
1511	4	7	40	7448	2356	21
1512	0	18	80	7452	27020	23
1513	1	11	40	7456	7871	20
1514	1	11	40	7460	16746	22
1515	0	18	60	7464	9783	19
1516	3	16	40	7468	13652	23
1517	3	16	20	7472	2344	27
1518	0	18	80	7476	7931	25
1519	3	16	40	7480	4323	28
1520	3	16	40	7484	20897	24
1521	0	18	40	7488	19535	25
1522	4	7	40	7492	244	28
1523	0	18	60	7496	5511	19
1524	3	16	60	7500	1663	26
1525	4	7	60	7504	1528	21
1526	4	7	40	7508	2053	28
1527	3	16	80	7512	13374	19
1528	1	11	60	7516	9315	20
1529	4	7	80	7520	5406	25
1530	0	18	60	7524	7386	29
1531	0	18	20	7528	7037	20
1532	0	18	20	7532	10142	28
1533	3	16	60	7536	3169	22
1534	4	7	20	7540	3277	24
1535	0	18	60	7544	30705	25
1536	0	18	40	7600	1009	22
1537	4	7	40	7604	3191	25
1538	3	16	40	7608	1160	19
1539	1	11	80	7612	2563	21
1540	0	18	60	7616	670	28
1541	3	16	80	7620	13654	20
1542	3	16	60	7624	20683	28
1543	0	18	40	7628	9105	27
1544	1	11	40	7632	24654	29
1545	0	18	60	7636	1557	25
1546	1	11	40	7640	499	27
1547	0	18	80	7644	29749	22
1548	4	7	80	7648	12717	25
1549	4	7	20	7652	1959	27
1550	1	11	40	7656	6212	25
1551	3	16	80	7660	5897	20
1552	1	11	80	7664	2361	19
1553	0	18	60	7668	11284	21
1554	4	7	60	7672	5274	24
1555	4	7	60	7676	1258	22
1556	1	11	80	7680	1936	21
1557	4	7	40	7684	4134	25
1558	3	16	40	7688	6049	19
1559	0	18	80	7692	3284	22
1560	0	18	60	7696	7947	27
1561	4	7	20	7700	10908	25
1562	1	11	60	7704	20296	27
1563	0	18	40	7708	225	23
1564	0	18	40	7712	4913	22
1565	4	7	60	7716	3490	29
1566	3	16	40	7720	6153	22
1567	1	11	20	7724	8145	20
1568	1	11	20	7728	2740	25
1569	1	11	60	7732	18281	26
1570	0	18	20	7736	7075	26
1571	3	16	80	7740	5379	28
1572	4	7	80	7744	1013	27
1573	3	16	80	7748	3505	23
1574	3	16	80	7752	3289	29
1575	4	7	60	7756	914	23
1576	3	16	60	7760	35639	27
1577	4	7	20	7764	3451	20
1578	3	16	40	7768	6278	19
1579	3	16	80	7772	86	19
1580	3	16	20	7776	963	23
1581	4	7	40	7780	2308	25
1582	4	7	20	7784	129	23
1583	1	11	60	7788	5088	22
1584	3	16	60	7792	24159	19
1585	1	11	60	7796	677	28
1586	4	7	40	7800	3197	19
1587	0	18	40	7804	26280	26
1588	4	7	80	7808	14881	27
1589	0	18	60	7812	1691	21
1590	3	16	80	7816	11533	22
1591	0	18	80	7820	10041	27
1592	1	11	80	7824	12813	24
1593	3	16	40	7828	12807	26
1594	1	11	20	7832	8273	24
1595	0	18	60	7836	3276	22
1596	0	18	20	7840	18235	23
1597	3	16	40	7844	18168	24
1598	4	7	80	7848	1994	24
1599	3	16	60	7852	7341	19
1600	1	11	40	7856	8181	21
1601	0	18	20	7860	4381	26
1602	3	16	60	7864	9259	26
1603	1	11	40	7868	18242	29
1604	4	7	80	7872	7957	19
1605	4	7	40	7876	414	27
1606	3	16	20	7880	4120	22
1607	3	16	80	7884	18484	26
1608	3	16	80	7888	4342	21
1609	4	7	20	7892	3756	20
1610	1	11	80	7896	1367	24
1611	3	16	80	7900	15993	20
1612	0	18	20	7904	15720	25
1613	4	7	40	7908	5867	19
1614	1	11	60	7912	2020	28
1615	0	18	20	7916	3812	21
1616	0	18	80	7920	10420	21
1617	0	18	20	8000	4786	23
1618	3	16	80	8004	637	23
1619	3	16	80	8008	3794	24
1620	4	7	40	8012	194	28
1621	3	16	80	8016	6827	26
1622	3	16	20	8020	12653	23
1623	1	11	60	8024	838	23
1624	4	7	80	8028	1158	23
1625	4	7	40	8032	16452	29
1626	0	18	80	8036	9397	22
1627	1	11	40	8040	3093	19
1628	1	11	60	8044	9912	29
1629	1	11	40	8048	8	26
1630	3	16	40	8052	1889	19
1631	4	7	40	8056	768	21
1632	4	7	20	8060	1111	25
1633	0	18	60	8064	22946	29
1634	1	11	60	8068	3702	28
1635	3	16	80	8072	9414	27
1636	1	11	80	8076	6658	29
1637	1	11	80	8080	1007	24
1638	1	11	60	8084	14685	22
1639	4	7	20	8088	18475	21
1640	3	16	60	8092	9083	24
1641	0	18	60	8096	4478	22
1642	1	11	60	8100	6276	23
1643	4	7	80	8104	5073	26
1644	4	7	80	8108	272	26
1645	4	7	80	8112	18334	21
1646	0	18	60	8116	15454	20
1647	3	16	60	8120	2613	24
1648	1	11	60	8124	6846	27
1649	0	18	20	8128	2467	22
1650	0	18	60	8132	7490	19
1651	0	18	20	8136	4745	29
1652	4	7	60	8140	13725	20
1653	1	11	20	8144	14814	29
1654	4	7	40	8148	6873	21
1655	3	16	40	8152	548	24
1656	1	11	20	8156	7897	21
1657	0	18	20	8160	7059	21
1658	3	16	40	8164	11516	24
1659	4	7	60	8168	11352	19
1660	3	16	40	8172	3563	24
1661	1	11	80	8176	683	22
1662	1	11	20	8180	1690	27
1663	0	18	60	8184	4328	25
1664	0	18	80	8188	1436	19
1665	1	11	60	8192	542	21
1666	4	7	60	8196	10618	24
1667	0	18	60	8200	19877	25
1668	3	16	80	8204	1293	20
1669	4	7	60	8208	6065	20
1670	4	7	40	8212	13460	22
1671	3	16	20	8216	7529	27
1672	3	16	40	8220	7527	20
1673	4	7	60	8224	1548	20
1674	0	18	40	8228	9604	29
1675	3	16	60	8232	7237	24
1676	1	11	40	8236	246	22
1677	3	16	40	8240	3141	27
1678	1	11	60	8244	546	26
1679	4	7	80	8248	2152	20
1680	4	7	60	8252	137	28
1681	1	11	40	8256	4252	27
1682	0	18	60	8260	10951	21
1683	0	18	60	8264	4708	25
1684	1	11	60	8268	3995	25
1685	3	16	20	8272	11517	19
1686	4	7	80	8276	2533	20
1687	3	16	20	8280	2702	26
1688	1	11	20	8284	3654	27
1689	3	16	20	8288	2900	22
1690	0	18	80	8292	532	24
1691	0	18	60	8296	30795	26
1692	4	7	40	8300	3512	29
1693	1	11	20	8304	688	21
1694	0	18	80	8308	6233	27
1695	1	11	80	8312	7267	21
1696	4	7	40	8316	2176	25
1697	1	11	80	8320	1075	27
1698	3	16	20	8324	2914	25
1699	3	16	40	8328	27502	23
1700	0	18	40	8332	1434	26
1701	4	7	20	8336	22306	25
1702	0	18	80	8340	1109	22
1703	1	11	20	8344	356	26
1704	1	11	60	8348	4801	29
1705	1	11	40	8352	49983	22
1706	1	11	80	8356	14544	28
1707	0	18	80	8360	8266	29
1708	0	18	60	8400	1244	29
1709	0	18	60	8405	31777	26
1710	1	11	20	8410	292	20
1711	4	7	60	8415	2883	24
1712	4	7	60	8420	5875	24
1713	4	7	60	8425	5991	22
1714	0	18	20	8430	10809	21
1715	0	18	80	8435	23513	26
1716	1	11	20	8440	3278	19
1717	1	11	40	8445	10949	20
1718	3	16	80	8450	200	19
1719	3	16	60	8455	4104	29
1720	1	11	80	8460	12644	20
1721	1	11	40	8465	4754	28
1722	4	7	40	8470	6387	27
1723	4	7	60	8475	14920	28
1724	3	16	60	8480	5034	25
1725	3	16	80	8485	14433	25
1726	4	7	80	8490	2349	27
1727	0	18	40	8495	5994	28
1728	3	16	60	8500	8056	23
1729	4	7	60	8505	861	27
1730	4	7	20	8510	3534	29
1731	0	18	40	8515	18790	25
1732	4	7	40	8520	156	20
1733	4	7	40	8525	826	22
1734	3	16	60	8530	595	24
1735	4	7	40	8535	654	22
1736	1	11	60	8540	2659	23
1737	3	16	60	8545	9685	25
1738	4	7	20	8550	40402	25
1739	4	7	40	8555	4020	21
1740	0	18	40	8560	20757	20
1741	4	7	80	8565	7894	20
1742	1	11	60	8570	1231	26
1743	0	18	40	8575	3895	20
1744	1	11	20	8580	2498	20
1745	0	18	40	8585	11476	19
1746	1	11	20	8590	4907	20
1747	4	7	60	8595	14094	25
1748	1	11	20	8600	3340	19
1749	4	7	80	8605	7214	19
1750	4	7	60	8610	2415	21
1751	3	16	20	8615	5428	24
1752	3	16	80	8620	852	27
1753	0	18	40	8625	18746	25
1754	0	18	40	8630	1526	22
1755	4	7	80	8635	10071	28
1756	0	18	60	8640	3934	27
1757	0	18	40	8645	2676	24
1758	4	7	40	8650	6874	19
1759	3	16	80	8655	7655	23
1760	3	16	60	8660	10887	24
1761	1	11	60	8665	2972	19
1762	1	11	20	8670	76	25
1763	1	11	20	8675	343	21
1764	0	18	60	8680	7826	26
1765	1	11	60	8685	1127	25
1766	4	7	40	8690	2663	22
1767	4	7	20	8695	4386	21
1768	0	18	20	8700	4860	28
1769	0	18	60	8705	8691	28
1770	4	7	40	8710	8730	22
1771	4	7	60	8715	8045	24
1772	1	11	40	8720	11153	24
1773	4	7	60	8725	7947	27
1774	1	11	40	8730	5170	28
1775	3	16	80	8735	1460	29
1776	4	7	80	8800	2915	20
1777	3	16	20	8805	1437	26
1778	1	11	60	8810	6881	26
1779	1	11	40	8815	9774	25
1780	1	11	80	8820	3784	24
1781	4	7	20	8825	4444	21
1782	4	7	20	8830	1646	28
1783	4	7	80	8835	331	23
1784	4	7	20	8840	14733	25
1785	1	11	20	8845	15985	24
1786	1	11	60	8850	13013	27
1787	3	16	80	8855	981	25
1788	3	16	80	8860	20661	29
1789	4	7	60	8865	3516	25
1790	3	16	80	8870	9369	25
1791	0	18	40	8875	51961	29
1792	3	16	40	8880	1072	24
1793	0	18	40	8885	3794	21
1794	0	18	80	8890	8432	27
1795	4	7	60	8895	7636	20
1796	1	11	60	8900	7693	25
1797	4	7	40	8905	848	24
1798	4	7	80	8910	11465	23
1799	0	18	40	8915	1176	24
1800	1	11	20	8920	5209	26
1801	1	11	20	8925	297	29
1802	4	7	60	8930	3733	26
1803	0	18	40	8935	9084	20
1804	0	18	60	8940	21265	27
1805	0	18	20	8945	7877	27
1806	0	18	80	8950	10798	29
1807	4	7	40	8955	5100	29
1808	3	16	20	8960	4468	27
1809	3	16	40	8965	54	23
1810	4	7	80	8970	4228	27
1811	1	11	60	8975	2029	19
1812	4	7	60	8980	9833	27
1813	1	11	80	8985	16399	24
1814	1	11	20	8990	2185	29
1815	4	7	40	8995	3054	21
1816	3	16	40	9000	1062	20
1817	3	16	40	9005	27769	20
1818	3	16	20	9010	1790	25
1819	4	7	40	9015	11404	21
1820	4	7	20	9020	3180	28
1821	0	18	40	9025	1469	27
1822	0	18	20	9030	5507	21
1823	0	18	40	9035	839	22
1824	3	16	80	9040	28771	22
1825	3	16	80	9045	8766	22
1826	0	18	40	9050	5686	29
1827	1	11	20	9055	3750	21
1828	3	16	80	9060	30608	19
1829	3	16	60	9065	15785	26
1830	0	18	40	9070	6372	22
1831	0	18	40	9075	1833	25
1832	3	16	40	9080	4126	21
1833	0	18	20	9085	4640	20
1834	0	18	40	9090	2057	28
1835	4	7	60	9095	3329	24
1836	0	18	40	9100	438	24
1837	3	16	60	9105	5661	26
1838	4	7	20	9110	937	26
1839	4	7	20	9115	1936	28
1840	1	11	40	9120	1056	24
1841	3	16	20	9125	3227	27
1842	4	7	80	9130	9303	28
1843	0	18	40	9135	19968	25
1844	0	18	80	9140	23224	28
1845	0	18	20	9145	5017	24
1846	1	11	60	9150	2751	21
1847	1	11	40	9200	2346	19
1848	3	16	20	9204	1194	22
1849	1	11	40	9208	3253	24
1850	0	18	40	9212	5397	29
1851	4	7	20	9216	8372	23
1852	1	11	40	9220	18431	29
1853	0	18	40	9224	14	20
1854	1	11	20	9228	13234	26
1855	0	18	80	9232	2977	29
1856	1	11	80	9236	6191	26
1857	3	16	40	9240	2553	23
1858	3	16	60	9244	9798	27
1859	1	11	60	9248	2454	23
1860	4	7	60	9252	1001	27
1861	3	16	60	9256	3650	27
1862	1	11	40	9260	5437	29
1863	0	18	40	9264	6696	19
1864	3	16	20	9268	4895	19
1865	3	16	40	9272	1843	21
1866	4	7	40	9276	13768	28
1867	3	16	60	9280	2488	25
1868	1	11	60	9284	8274	25
1869	3	16	40	9288	18306	23
1870	3	16	80	9292	2452	26
1871	4	7	60	9296	7679	24
1872	3	16	40	9300	15631	24
1873	4	7	20	9304	33865	27
1874	3	16	20	9308	8082	27
1875	1	11	20	9312	44208	19
1876	0	18	40	9316	5236	28
1877	0	18	60	9320	6940	25
1878	4	7	40	9324	1342	23
1879	1	11	60	9328	5652	28
1880	0	18	40	9332	3756	20
1881	4	7	80	9336	2350	28
1882	4	7	80	9340	2149	29
1883	0	18	40	9344	8264	25
1884	1	11	40	9348	3700	27
1885	0	18	20	9352	18443	29
1886	4	7	20	9356	2906	25
1887	3	16	80	9360	4101	19
1888	4	7	20	9364	7983	24
1889	0	18	60	9368	19811	28
1890	3	16	80	9372	12940	28
1891	1	11	20	9376	12115	20
1892	0	18	20	9380	12917	29
1893	1	11	40	9384	14989	21
1894	4	7	40	9388	819	19
1895	3	16	60	9392	11327	27
1896	0	18	80	9396	14599	28
1897	4	7	40	9400	1026	27
1898	1	11	40	9404	4927	25
1899	1	11	40	9408	10757	25
1900	1	11	80	9412	8280	26
1901	3	16	20	9416	191	25
1902	0	18	80	9420	7526	24
1903	4	7	80	9424	2196	29
1904	3	16	60	9428	581	27
1905	1	11	60	9432	16545	24
1906	0	18	80	9436	12506	28
1907	1	11	40	9440	19687	21
1908	3	16	40	9444	3644	23
1909	0	18	20	9448	13402	26
1910	4	7	40	9452	14196	20
1911	0	18	40	9456	25514	19
1912	3	16	80	9460	1011	29
1913	1	11	20	9464	1780	29
1914	1	11	40	9468	17619	22
1915	0	18	80	9472	15910	29
1916	4	7	80	9476	1121	27
1917	0	18	20	9480	15131	23
1918	3	16	20	9484	1752	22
1919	1	11	20	9488	6520	20
1920	4	7	40	9492	18510	25
1921	1	11	40	9496	4357	27
1922	4	7	40	9500	8084	20
1923	0	18	80	9504	10431	26
1924	0	18	60	9508	815	24
1925	1	11	80	9512	5292	25
1926	4	7	60	9516	13545	24
1927	1	11	80	9520	95	22
1928	0	18	80	9524	17525	26
1929	4	7	40	9528	16870	19
1930	0	18	20	9532	1368	21
1931	1	11	80	9536	3569	20
1932	3	16	20	9540	1023	19
1933	3	16	80	9600	4290	27
1934	4	7	60	9605	15837	21
1935	3	16	20	9610	3459	24
1936	3	16	20	9615	8281	23
1937	4	7	80	9620	43304	29
1938	1	11	80	9625	6825	27
1939	0	18	60	9630	5492	21
1940	0	18	20	9635	929	19
1941	1	11	60	9640	3954	23
1942	0	18	40	9645	287	26
1943	3	16	20	9650	13656	27
1944	0	18	20	9655	715	27
1945	1	11	40	9660	14802	28
1946	4	7	20	9665	8660	20
1947	3	16	20	9670	7360	29
1948	0	18	80	9675	25169	28
1949	3	16	40	9680	2134	20
1950	4	7	80	9685	7879	29
1951	0	18	60	9690	36540	24
1952	0	18	40	9695	20588	24
1953	0	18	40	9700	18621	24
1954	3	16	20	9705	14573	19
1955	0	18	60	9710	2037	28
1956	4	7	60	9715	3924	24
1957	4	7	80	9720	17038	27
1958	4	7	40	9725	1235	23
1959	1	11	60	9730	7058	20
1960	1	11	80	9735	474	29
1961	4	7	20	9740	12066	25
1962	1	11	60	9745	214	24
1963	3	16	80	9750	5344	23
1964	0	18	80	9755	8525	24
1965	1	11	40	9760	5087	29
1966	1	11	20	9765	14594	19
1967	0	18	80	9770	9730	20
1968	1	11	40	9775	3295	27
1969	4	7	20	9780	6184	27
1970	3	16	80	9785	1970	24
1971	4	7	80	9790	1162	27
1972	4	7	20	9795	2574	25
1973	3	16	60	9800	9631	19
1974	1	11	80	9805	4749	20
1975	1	11	80	9810	5724	20
1976	0	18	80	9815	3885	20
1977	0	18	40	9820	13602	22
1978	4	7	80	9825	8240	29
1979	3	16	20	9830	2345	26
1980	3	16	60	9835	13839	24
1981	0	18	60	9840	1931	24
1982	1	11	80	9845	451	23
1983	1	11	40	9850	8489	25
1984	0	18	60	9855	2323	19
1985	0	18	60	9860	1467	27
1986	0	18	60	9865	4584	25
1987	3	16	80	9870	1963	25
1988	4	7	80	9875	6880	27
1989	3	16	20	9880	8108	22
1990	4	7	60	9885	26455	19
1991	4	7	20	9890	11541	26
1992	0	18	60	9895	15305	25
1993	0	18	20	9900	35246	26
1994	4	7	60	9905	4626	21
1995	0	18	80	9910	3215	23
1996	0	18	80	9915	3614	29
1997	1	11	40	9920	6351	22
1998	3	16	20	9925	1424	22
1999	3	16	60	9930	7635	27
