0	1	11	20	0	10163	18
1	0	18	20	5	3316	18
2	1	11	40	10	15097	10
3	1	11	40	15	29639	19
4	0	18	80	20	1250	10
5	0	18	20	25	129	12
6	1	11	80	30	11952	13
7	3	16	80	35	97	9
8	4	7	80	40	3129	19
9	4	7	20	45	503	12
10	0	18	60	50	490	15
11	0	18	20	55	6361	13
12	0	18	20	60	2650	19
13	3	16	80	65	1396	18
14	1	11	40	70	2766	14
15	3	16	80	75	11098	15
16	3	16	20	80	6158	12
17	1	11	20	85	13332	15
18	3	16	20	90	18447	19
19	3	16	60	95	13718	18
20	0	18	80	100	15249	16
21	3	16	20	105	10892	15
22	1	11	20	110	4594	12
23	3	16	40	115	2836	19
24	3	16	40	120	28834	19
25	4	7	40	125	11715	18
26	3	16	60	130	2186	10
27	0	18	40	135	2070	11
28	1	11	80	140	12026	12
29	0	18	20	145	3228	16
30	4	7	40	150	4154	10
31	1	11	80	155	3407	11
32	1	11	40	160	7123	13
33	0	18	40	165	2924	19
34	4	7	80	170	4988	9
35	3	16	20	175	4554	14
36	3	16	60	180	4328	11
37	1	11	80	185	2925	10
38	1	11	40	190	5616	12
39	0	18	60	195	8873	10
40	1	11	20	200	12345	13
41	4	7	40	205	2850	14
42	0	18	40	210	184	9
43	1	11	60	215	9267	11
44	1	11	80	220	972	9
45	3	16	20	225	5578	9
46	4	7	80	230	43102	19
47	0	18	20	235	5902	12
48	1	11	60	240	2705	10
49	4	7	40	245	21368	15
50	3	16	80	250	962	11
51	1	11	60	255	21639	14
52	1	11	40	260	9954	17
53	1	11	40	265	5967	15
54	0	18	40	270	1924	12
55	4	7	20	275	29688	11
56	4	7	20	280	18622	14
57	3	16	20	285	6387	11
58	4	7	20	290	20	9
59	0	18	40	295	3772	12
60	1	11	60	300	12001	10
61	1	11	60	305	6344	11
62	1	11	20	310	2137	17
63	4	7	80	315	38322	11
64	4	7	80	320	8535	11
65	4	7	60	325	9974	13
66	4	7	60	330	25546	19
67	0	18	80	400	29795	19
68	4	7	80	405	9532	18
69	3	16	20	410	15630	19
70	4	7	20	415	3232	13
71	0	18	40	420	2097	10
72	0	18	60	425	2929	11
73	3	16	40	430	2092	17
74	0	18	60	435	274	13
75	1	11	60	440	6416	10
76	3	16	80	445	10211	15
77	0	18	40	450	11117	10
78	0	18	60	455	1627	18
79	4	7	40	460	5089	18
80	4	7	60	465	11875	18
81	3	16	40	470	10106	17
82	3	16	60	475	22655	9
83	1	11	60	480	15007	16
84	3	16	20	485	1974	13
85	3	16	60	490	5108	15
86	0	18	60	495	8063	14
87	4	7	80	500	527	17
88	4	7	80	505	775	16
89	0	18	80	510	5361	17
90	4	7	20	515	6067	9
91	4	7	40	520	16194	19
92	3	16	60	525	2895	10
93	0	18	20	530	1100	9
94	3	16	20	535	17899	9
95	0	18	40	540	2182	10
96	1	11	40	545	539	17
97	1	11	60	550	252	17
98	1	11	60	555	244	9
99	3	16	20	560	4111	16
100	4	7	40	565	6267	10
101	4	7	20	570	157	19
102	1	11	40	575	13971	13
103	4	7	40	580	4477	10
104	4	7	20	585	7299	11
105	1	11	60	590	17147	10
106	0	18	20	595	7878	12
107	3	16	80	600	5257	19
108	0	18	80	605	5418	11
109	4	7	80	610	8681	10
110	1	11	20	615	2350	16
111	3	16	60	620	1315	13
112	3	16	60	625	3644	13
113	4	7	80	630	6072	10
114	0	18	80	635	7382	13
115	4	7	40	640	491	12
116	3	16	20	645	7460	10
117	4	7	40	650	3924	9
118	0	18	80	655	11862	18
119	1	11	20	660	1626	15
120	3	16	20	665	645	19
121	4	7	60	670	18039	10
122	0	18	80	675	17196	11
123	3	16	20	680	1864	10
124	3	16	20	685	3164	19
125	4	7	80	690	4995	13
126	3	16	60	695	20927	9
127	0	18	40	700	1569	11
128	4	7	40	705	3286	17
129	0	18	40	710	12675	12
130	4	7	40	715	5329	12
131	1	11	40	720	9367	17
132	4	7	60	725	10205	10
133	3	16	40	730	12195	10
134	0	18	80	735	20998	16
135	0	18	40	740	11213	18
136	0	18	20	745	17780	13
137	4	7	20	800	5747	18
138	3	16	40	805	2283	14
139	0	18	40	810	3275	12
140	3	16	60	815	14938	12
141	1	11	60	820	1331	14
142	3	16	20	825	6785	15
143	4	7	20	830	4500	14
144	4	7	60	835	2130	9
145	0	18	40	840	3823	16
146	1	11	80	845	5577	15
147	4	7	80	850	11819	19
148	4	7	20	855	5971	15
149	4	7	60	860	14348	16
150	1	11	40	865	8004	9
151	3	16	80	870	9054	17
152	0	18	60	875	2387	18
153	4	7	60	880	14969	13
154	4	7	80	885	3135	17
155	4	7	80	890	8353	9
156	4	7	20	895	1170	16
157	3	16	20	900	7693	12
158	1	11	40	905	860	11
159	4	7	20	910	1151	17
160	4	7	20	915	24959	9
161	4	7	60	920	4758	9
162	3	16	60	925	1251	10
163	0	18	60	930	9554	19
164	0	18	40	935	1547	17
165	0	18	80	940	6652	19
166	4	7	80	945	4509	12
167	4	7	20	950	7009	11
168	3	16	80	955	7418	13
169	0	18	40	960	15110	15
170	3	16	40	965	1470	19
171	3	16	80	970	789	12
172	1	11	20	975	1200	15
173	0	18	40	980	4596	15
174	4	7	60	985	3306	11
175	1	11	60	990	20639	13
176	0	18	40	995	3124	14
177	0	18	60	1000	4829	16
178	4	7	40	1005	29211	10
179	1	11	80	1010	23462	12
180	1	11	20	1015	26250	18
181	4	7	60	1020	1348	9
182	0	18	40	1025	8449	16
183	0	18	60	1030	5597	10
184	3	16	80	1035	1419	11
185	1	11	60	1040	13234	15
186	0	18	60	1045	4522	19
187	4	7	20	1050	16616	16
188	4	7	60	1055	4899	13
189	0	18	80	1060	2622	16
190	1	11	40	1065	7693	10
191	3	16	80	1070	2561	9
192	3	16	80	1075	4228	16
193	3	16	20	1080	971	16
194	1	11	40	1085	3825	11
195	3	16	20	1090	4047	11
196	3	16	20	1095	68	13
197	3	16	60	1100	16619	16
198	4	7	80	1105	2348	17
199	4	7	60	1110	8849	10
200	0	18	40	1115	23820	13
201	3	16	60	1120	20046	13
202	0	18	80	1125	1465	14
203	4	7	60	1130	9044	9
204	1	11	40	1135	8765	17
205	3	16	60	1140	6183	17
206	0	18	60	1145	6180	10
207	4	7	40	1150	13762	12
208	4	7	80	1155	5666	11
209	3	16	40	1160	4087	12
210	4	7	40	1165	3141	14
211	3	16	40	1170	9187	9
212	4	7	60	1175	8255	11
213	4	7	40	1180	1348	19
214	1	11	20	1185	1505	19
215	4	7	40	1190	12903	19
216	4	7	20	1200	12722	13
217	3	16	80	1205	8207	9
218	1	11	60	1210	6116	16
219	4	7	80	1215	3659	11
220	4	7	40	1220	1139	19
221	0	18	60	1225	6498	16
222	0	18	60	1230	1074	17
223	3	16	20	1235	3142	17
224	4	7	20	1240	2101	13
225	4	7	40	1245	17955	18
226	0	18	20	1250	9201	15
227	3	16	80	1255	203	18
228	3	16	80	1260	469	13
229	1	11	60	1265	22705	19
230	3	16	60	1270	19785	9
231	3	16	80	1275	4761	17
232	1	11	80	1280	1773	19
233	0	18	80	1285	2909	19
234	0	18	40	1290	48486	19
235	4	7	40	1295	360	13
236	4	7	60	1300	35204	14
237	1	11	80	1305	29525	16
238	3	16	40	1310	14540	12
239	4	7	40	1315	7830	14
240	0	18	80	1320	2524	13
241	1	11	20	1325	7550	15
242	4	7	40	1330	3660	13
243	1	11	20	1335	477	10
244	1	11	60	1340	24774	11
245	3	16	80	1345	21850	10
246	3	16	20	1350	7959	18
247	4	7	40	1355	2359	17
248	0	18	20	1360	22880	16
249	1	11	20	1365	6928	11
250	3	16	80	1370	7349	18
251	4	7	20	1375	3658	12
252	1	11	80	1380	3327	9
253	4	7	20	1385	17464	14
254	0	18	20	1390	6149	10
255	0	18	60	1395	3992	16
256	3	16	20	1400	12589	16
257	1	11	80	1405	14790	17
258	0	18	60	1410	4726	15
259	1	11	80	1415	11815	18
260	3	16	60	1420	15445	10
261	3	16	80	1425	5757	11
262	1	11	60	1430	11552	19
263	3	16	40	1435	6678	11
264	4	7	80	1440	5298	11
265	0	18	60	1445	16712	16
266	1	11	40	1450	5293	9
267	3	16	80	1455	3309	11
268	3	16	20	1460	1371	19
269	3	16	80	1465	1091	15
270	0	18	60	1470	13412	14
271	3	16	40	1475	13767	17
272	0	18	60	1480	13035	16
273	1	11	40	1485	19282	10
274	4	7	80	1490	811	17
275	3	16	40	1495	5904	13
276	0	18	40	1500	1675	11
277	3	16	40	1505	561	15
278	0	18	60	1510	3696	14
279	0	18	20	1515	2809	11
280	0	18	40	1520	2449	9
281	1	11	60	1525	4469	18
282	1	11	60	1530	687	11
283	0	18	80	1535	5194	10
284	3	16	60	1540	3330	10
285	3	16	40	1545	6365	16
286	0	18	80	1550	916	17
287	1	11	80	1555	2986	14
288	0	18	60	1560	11705	18
289	4	7	60	1565	7425	11
290	1	11	20	1570	2315	17
291	1	11	80	1575	1254	17
292	0	18	20	1580	6021	9
293	0	18	40	1585	545	14
294	1	11	60	1590	11733	13
295	1	11	80	1595	11334	10
296	4	7	40	1600	15009	16
297	1	11	80	1604	12922	11
298	1	11	20	1608	6817	18
299	0	18	80	1612	654	14
300	1	11	60	1616	4795	10
301	4	7	20	1620	2756	15
302	0	18	40	1624	824	17
303	3	16	20	1628	13506	10
304	1	11	40	1632	11633	17
305	0	18	40	1636	12107	9
306	4	7	40	1640	6622	16
307	0	18	60	1644	4497	19
308	0	18	20	1648	12516	17
309	3	16	80	1652	116	17
310	0	18	40	1656	1824	14
311	4	7	60	1660	10327	9
312	0	18	40	1664	5117	11
313	4	7	40	1668	1299	12
314	1	11	60	1672	5672	18
315	0	18	80	1676	4453	12
316	0	18	20	1680	4507	9
317	0	18	80	1684	2699	17
318	4	7	60	1688	2044	9
319	0	18	60	1692	21949	14
320	0	18	60	1696	11686	19
321	4	7	60	1700	1514	14
322	3	16	40	1704	6757	13
323	3	16	40	1708	6437	17
324	0	18	60	1712	16716	17
325	3	16	80	1716	8816	16
326	1	11	40	1720	2764	17
327	4	7	40	1724	10716	11
328	4	7	60	1728	1215	17
329	1	11	20	1732	3311	15
330	3	16	20	1736	8994	16
331	3	16	40	1740	3925	19
332	1	11	20	1744	5453	16
333	4	7	60	1748	2755	9
334	4	7	60	1752	14930	10
335	0	18	20	1756	28693	13
336	0	18	40	1760	3205	10
337	3	16	60	1764	2486	9
338	4	7	40	1768	9935	13
339	1	11	40	1772	6580	10
340	4	7	80	1776	33978	9
341	0	18	40	1780	9070	17
342	1	11	80	1784	5883	17
343	3	16	80	1788	11222	9
344	4	7	40	1792	4096	16
345	3	16	60	1796	5977	16
346	0	18	40	1800	8932	14
347	1	11	80	1804	3810	16
348	4	7	60	1808	6531	15
349	0	18	80	1812	3352	10
350	0	18	60	1816	3165	10
351	4	7	60	1820	6574	19
352	1	11	20	1824	6857	10
353	0	18	60	1828	8126	12
354	0	18	20	1832	2976	14
355	1	11	80	1836	2610	15
356	1	11	60	1840	10216	11
357	3	16	80	1844	6301	19
358	1	11	60	1848	22365	12
359	3	16	40	1852	830	9
360	4	7	20	1856	5350	12
361	4	7	20	1860	13942	13
362	0	18	80	1864	2730	10
363	3	16	20	1868	4809	10
364	4	7	80	1872	3315	10
365	1	11	80	1876	13550	14
366	1	11	40	1880	2098	12
367	1	11	60	1884	1598	11
368	4	7	80	1888	2906	11
369	0	18	40	1892	6135	14
370	0	18	40	1896	814	10
371	3	16	60	1900	1429	19
372	1	11	40	1904	6850	13
373	3	16	40	1908	8745	19
374	1	11	60	1912	23960	14
375	4	7	40	1916	752	10
376	3	16	60	1920	8438	17
377	0	18	60	1924	13550	12
378	4	7	20	1928	1318	9
379	3	16	20	1932	3445	9
380	1	11	40	1936	42722	11
381	4	7	60	1940	19558	9
382	0	18	60	1944	1587	15
383	4	7	80	1948	12817	16
384	0	18	40	1952	98	14
385	4	7	40	1956	975	17
386	1	11	40	1960	13376	18
387	0	18	60	1964	15522	13
388	4	7	40	2000	31604	14
389	3	16	60	2005	6694	14
390	4	7	40	2010	2313	11
391	1	11	60	2015	12298	10
392	0	18	80	2020	3182	17
393	0	18	80	2025	7586	12
394	3	16	40	2030	606	17
395	4	7	80	2035	1401	16
396	0	18	40	2040	3941	16
397	3	16	80	2045	570	16
398	3	16	80	2050	4286	19
399	1	11	40	2055	7027	11
400	0	18	20	2060	2802	12
401	4	7	80	2065	5410	12
402	3	16	80	2070	617	13
403	4	7	20	2075	181	10
404	0	18	40	2080	2254	19
405	3	16	80	2085	1424	10
406	1	11	20	2090	33652	14
407	4	7	80	2095	19334	11
408	3	16	20	2100	9315	18
409	1	11	80	2105	1996	13
410	4	7	40	2110	7881	18
411	0	18	20	2115	18829	18
412	4	7	60	2120	3995	19
413	4	7	40	2125	7113	11
414	1	11	20	2130	872	18
415	0	18	60	2135	6833	12
416	4	7	40	2140	8283	18
417	1	11	20	2145	5396	14
418	3	16	80	2150	4633	15
419	0	18	40	2155	2033	13
420	0	18	60	2160	32	16
421	0	18	80	2165	3752	19
422	1	11	40	2170	1788	16
423	1	11	20	2175	10707	17
424	0	18	20	2180	2677	11
425	3	16	80	2185	2988	9
426	1	11	60	2190	14432	11
427	1	11	40	2195	26304	9
428	0	18	80	2200	7168	11
429	1	11	80	2205	12456	17
430	4	7	80	2210	9651	14
431	4	7	80	2215	6995	10
432	3	16	60	2220	4104	12
433	1	11	60	2225	6703	18
434	3	16	80	2230	447	17
435	3	16	60	2235	5604	19
436	1	11	60	2240	14610	15
437	1	11	60	2245	1371	13
438	3	16	40	2250	6440	16
439	1	11	40	2255	15126	12
440	1	11	20	2260	1110	11
441	1	11	40	2265	18529	16
442	1	11	40	2270	1475	14
443	3	16	60	2275	11412	10
444	4	7	40	2280	22546	16
445	4	7	40	2285	3399	12
446	3	16	80	2290	3979	11
447	1	11	60	2295	10753	14
448	4	7	80	2300	5694	14
449	1	11	80	2305	5523	14
450	0	18	40	2310	5801	18
451	4	7	40	2315	18295	10
452	0	18	20	2320	7936	9
453	1	11	60	2325	1689	15
454	1	11	80	2330	6950	14
455	4	7	20	2335	20319	12
456	3	16	60	2340	2752	15
457	1	11	60	2345	3282	16
458	3	16	20	2350	10715	18
459	1	11	60	2355	21725	18
460	1	11	20	2360	3177	19
461	0	18	80	2365	181	14
462	4	7	80	2370	3072	19
463	1	11	40	2375	18314	9
464	1	11	80	2380	5874	18
465	4	7	40	2385	357	16
466	3	16	40	2400	5603	14
467	3	16	80	2405	13975	9
468	1	11	40	2410	6118	14
469	3	16	40	2415	7323	18
470	4	7	80	2420	10636	16
471	3	16	80	2425	5345	13
472	3	16	60	2430	22202	17
473	0	18	40	2435	7145	12
474	4	7	20	2440	797	10
475	3	16	20	2445	866	9
476	4	7	40	2450	1845	14
477	4	7	60	2455	4645	15
478	3	16	80	2460	12773	9
479	1	11	60	2465	22279	19
480	4	7	80	2470	20188	18
481	4	7	20	2475	808	17
482	1	11	40	2480	4833	15
483	3	16	20	2485	782	16
484	0	18	40	2490	2555	19
485	4	7	40	2495	12968	13
486	4	7	80	2500	24585	10
487	0	18	20	2505	1895	17
488	0	18	80	2510	34664	13
489	3	16	80	2515	1144	13
490	0	18	20	2520	1912	12
491	4	7	80	2525	5584	18
492	3	16	40	2530	4352	15
493	1	11	80	2535	7721	18
494	4	7	20	2540	5892	13
495	0	18	40	2545	907	16
496	3	16	40	2550	6985	16
497	0	18	20	2555	2515	13
498	0	18	60	2560	2192	12
499	4	7	20	2565	18149	9
500	0	18	20	2570	14788	17
501	0	18	20	2575	6681	10
502	0	18	20	2580	1831	19
503	0	18	40	2585	19223	15
504	3	16	80	2590	11524	17
505	3	16	60	2595	230	14
506	1	11	60	2600	25901	12
507	4	7	60	2605	314	17
508	1	11	40	2610	802	13
509	3	16	60	2615	5198	13
510	0	18	80	2620	10046	18
511	3	16	80	2625	15209	9
512	4	7	80	2630	6196	16
513	1	11	60	2635	12864	19
514	1	11	60	2640	112	19
515	3	16	20	2645	2108	11
516	3	16	40	2650	6732	19
517	0	18	80	2655	2046	11
518	0	18	80	2660	7851	9
519	3	16	40	2665	10122	13
520	0	18	40	2670	754	14
521	1	11	40	2675	2769	17
522	3	16	20	2680	14601	16
523	3	16	60	2685	4104	10
524	3	16	40	2690	3916	15
525	4	7	20	2695	2121	17
526	4	7	40	2700	561	17
527	0	18	80	2705	3068	19
528	0	18	40	2710	575	18
529	4	7	60	2715	35123	14
530	4	7	80	2720	5876	13
531	3	16	40	2725	22018	9
532	3	16	20	2730	1793	11
533	3	16	60	2735	18492	9
534	0	18	60	2740	805	10
535	4	7	80	2745	3490	16
536	4	7	20	2750	17766	17
537	1	11	80	2755	6280	19
538	4	7	40	2760	3204	19
539	1	11	80	2765	2248	14
540	3	16	60	2770	14739	10
541	4	7	40	2800	19738	13
542	3	16	60	2804	981	12
543	1	11	20	2808	5690	19
544	3	16	80	2812	4331	14
545	1	11	20	2816	3595	12
546	0	18	80	2820	26454	11
547	0	18	80	2824	7738	16
548	4	7	20	2828	7432	18
549	1	11	20	2832	2735	11
550	1	11	20	2836	6182	17
551	1	11	60	2840	3528	13
552	0	18	20	2844	8274	12
553	3	16	20	2848	5902	18
554	4	7	60	2852	13141	14
555	4	7	60	2856	6386	19
556	3	16	80	2860	10398	14
557	3	16	40	2864	13008	18
558	1	11	20	2868	5913	9
559	4	7	80	2872	6044	19
560	3	16	20	2876	25890	16
561	0	18	80	2880	8221	12
562	4	7	40	2884	27838	18
563	3	16	80	2888	913	19
564	4	7	80	2892	25279	9
565	1	11	40	2896	12073	17
566	0	18	80	2900	8393	17
567	0	18	20	2904	8133	15
568	0	18	80	2908	9738	17
569	3	16	60	2912	8640	11
570	3	16	80	2916	3326	13
571	1	11	40	2920	203	19
572	1	11	40	2924	18084	12
573	3	16	80	2928	3827	14
574	4	7	60	2932	16719	12
575	0	18	20	2936	1537	10
576	3	16	80	2940	1559	14
577	1	11	80	2944	3201	16
578	4	7	60	2948	32702	15
579	1	11	20	2952	203	11
580	3	16	20	2956	2513	15
581	4	7	60	2960	4751	10
582	1	11	60	2964	9999	10
583	3	16	20	2968	12103	16
584	1	11	60	2972	4773	16
585	3	16	40	2976	1429	19
586	3	16	20	2980	2758	17
587	0	18	80	2984	9090	13
588	4	7	20	2988	792	15
589	1	11	80	2992	6314	11
590	1	11	80	2996	7872	11
591	0	18	80	3000	738	19
592	4	7	80	3004	173	19
593	0	18	60	3008	12865	19
594	4	7	80	3012	2675	18
595	1	11	80	3016	1779	17
596	0	18	20	3020	23349	15
597	0	18	80	3024	61	13
598	1	11	40	3028	6413	18
599	0	18	60	3032	8155	17
600	0	18	40	3036	9963	15
601	0	18	80	3040	3146	16
602	4	7	80	3044	19805	18
603	0	18	40	3048	23156	15
604	3	16	20	3052	23876	17
605	4	7	80	3056	5759	17
606	0	18	20	3060	4943	10
607	1	11	20	3064	2455	17
608	3	16	40	3068	8296	15
609	3	16	60	3072	7991	12
610	0	18	80	3076	3731	14
611	1	11	20	3080	4054	18
612	3	16	60	3084	13721	11
613	0	18	80	3088	5503	17
614	1	11	60	3092	2416	13
615	4	7	40	3096	5752	14
616	3	16	40	3100	21124	11
617	0	18	20	3104	1680	10
618	0	18	40	3108	8596	11
619	0	18	60	3112	12637	10
620	4	7	40	3116	5343	9
621	4	7	80	3120	28258	13
622	1	11	20	3124	6279	19
623	4	7	20	3128	1377	15
624	0	18	80	3132	278	9
625	1	11	20	3136	2322	14
626	1	11	40	3140	29	9
627	0	18	80	3144	806	12
628	4	7	20	3148	806	16
629	1	11	80	3152	9038	15
630	0	18	20	3156	2078	15
631	1	11	80	3160	1486	9
632	4	7	60	3164	12053	18
633	3	16	20	3168	3373	18
634	0	18	60	3172	3002	16
635	1	11	40	3176	23118	19
636	4	7	60	3200	6073	11
637	0	18	20	3205	11716	14
638	0	18	20	3210	14190	18
639	3	16	60	3215	22007	19
640	1	11	20	3220	9702	18
641	1	11	80	3225	222	19
642	1	11	60	3230	272	18
643	1	11	60	3235	4968	12
644	0	18	80	3240	1520	16
645	0	18	80	3245	2076	12
646	3	16	20	3250	2496	16
647	4	7	80	3255	5939	10
648	4	7	80	3260	6196	15
649	4	7	40	3265	11809	13
650	3	16	60	3270	2525	14
651	4	7	80	3275	11303	13
652	4	7	40	3280	3434	10
653	1	11	80	3285	11333	17
654	1	11	40	3290	1318	16
655	1	11	60	3295	10821	11
656	4	7	60	3300	12160	16
657	0	18	80	3305	11342	12
658	0	18	60	3310	19304	14
659	0	18	20	3315	9564	12
660	3	16	40	3320	5699	17
661	4	7	20	3325	3633	17
662	1	11	20	3330	1474	10
663	0	18	40	3335	27690	9
664	1	11	60	3340	4125	17
665	3	16	80	3345	1817	13
666	3	16	40	3350	7724	9
667	4	7	60	3355	5170	13
668	4	7	40	3360	1631	10
669	4	7	40	3365	3041	14
670	0	18	60	3370	31639	11
671	3	16	20	3375	1393	17
672	0	18	20	3380	3559	11
673	3	16	60	3385	10253	12
674	4	7	40	3390	765	11
675	3	16	40	3395	4927	10
676	3	16	40	3400	22150	14
677	0	18	60	3405	677	16
678	4	7	20	3410	33614	18
679	0	18	80	3415	13103	16
680	4	7	80	3420	33026	17
681	3	16	60	3425	5224	19
682	1	11	20	3430	6511	16
683	0	18	60	3435	3137	12
684	4	7	40	3440	4169	9
685	0	18	20	3445	5113	11
686	3	16	60	3450	13740	19
687	3	16	80	3455	168	9
688	1	11	80	3460	1706	10
689	4	7	20	3465	6778	13
690	3	16	60	3470	1424	11
691	4	7	80	3475	11905	19
692	0	18	40	3480	15635	19
693	4	7	80	3485	1140	15
694	4	7	20	3490	4448	11
695	3	16	20	3495	3295	9
696	4	7	80	3500	15672	17
697	1	11	20	3505	536	18
698	4	7	80	3510	492	14
699	1	11	20	3515	28024	11
700	3	16	40	3520	7519	12
701	3	16	60	3525	12563	12
702	0	18	60	3530	3318	19
703	4	7	60	3535	2016	10
704	3	16	60	3540	12509	10
705	0	18	40	3545	939	17
706	4	7	80	3550	4052	10
707	1	11	80	3555	7881	18
708	1	11	40	3600	8777	14
709	4	7	80	3605	9423	15
710	4	7	40	3610	13044	16
711	4	7	20	3615	9633	19
712	0	18	60	3620	11852	14
713	4	7	80	3625	886	17
714	1	11	20	3630	10001	14
715	0	18	80	3635	243	17
716	1	11	20	3640	13207	9
717	1	11	40	3645	14859	18
718	1	11	20	3650	6611	19
719	0	18	40	3655	21346	14
720	0	18	40	3660	3859	14
721	0	18	60	3665	7297	19
722	3	16	60	3670	2672	11
723	0	18	20	3675	7595	17
724	1	11	60	3680	1329	11
725	1	11	80	3685	1851	12
726	1	11	80	3690	2870	17
727	1	11	20	3695	2052	16
728	3	16	40	3700	2806	10
729	0	18	40	3705	11208	11
730	4	7	40	3710	7347	13
731	0	18	20	3715	16469	16
732	0	18	60	3720	174	10
733	3	16	20	3725	122	16
734	3	16	40	3730	1747	12
735	1	11	40	3735	1703	14
736	1	11	20	3740	1206	9
737	3	16	40	3745	3252	15
738	1	11	80	3750	6105	10
739	3	16	20	3755	2800	11
740	0	18	20	3760	622	9
741	0	18	60	3765	1724	10
742	0	18	40	3770	3504	15
743	3	16	80	3775	5545	15
744	0	18	80	3780	11663	17
745	3	16	60	3785	4974	12
746	3	16	20	3790	11	13
747	1	11	60	3795	11203	10
748	1	11	80	3800	4348	9
749	4	7	40	3805	4040	13
750	0	18	80	3810	6031	9
751	1	11	40	3815	121	18
752	4	7	20	3820	5584	18
753	3	16	60	3825	1105	19
754	0	18	60	3830	7078	17
755	3	16	80	3835	88	13
756	4	7	80	3840	5675	10
757	0	18	60	3845	10373	11
758	3	16	80	3850	577	19
759	1	11	80	3855	7017	17
760	3	16	40	3860	13258	9
761	3	16	80	3865	1501	14
762	3	16	40	3870	3212	16
763	1	11	80	3875	19491	12
764	0	18	40	3880	765	11
765	3	16	20	3885	21482	9
766	3	16	60	3890	9079	17
767	3	16	60	3895	11337	17
768	0	18	40	3900	19140	13
769	4	7	60	3905	5900	9
770	3	16	80	3910	17659	17
771	4	7	80	3915	5141	14
772	0	18	60	3920	2969	17
773	3	16	80	3925	2485	17
774	4	7	40	3930	15492	14
775	0	18	60	3935	1674	13
776	4	7	20	3940	2234	13
777	0	18	80	3945	12258	16
778	4	7	20	3950	14953	19
779	3	16	20	3955	9372	18
780	4	7	60	3960	1836	18
781	0	18	40	3965	6352	15
782	4	7	20	3970	13159	15
783	3	16	80	3975	18366	17
784	0	18	60	3980	2030	11
785	1	11	20	3985	7050	14
786	1	11	20	4000	3695	18
787	3	16	20	4004	17837	11
788	1	11	40	4008	4468	19
789	0	18	60	4012	1639	19
790	1	11	60	4016	9209	12
791	1	11	40	4020	4267	17
792	4	7	40	4024	2456	16
793	0	18	80	4028	23931	12
794	0	18	60	4032	5324	11
795	3	16	20	4036	18721	15
796	1	11	40	4040	15909	13
797	4	7	60	4044	4669	11
798	3	16	40	4048	4204	13
799	3	16	80	4052	14437	17
800	0	18	80	4056	12277	15
801	4	7	60	4060	2236	16
802	0	18	20	4064	14909	16
803	3	16	20	4068	18229	9
804	1	11	60	4072	5650	15
805	1	11	20	4076	456	14
806	0	18	80	4080	9765	10
807	0	18	20	4084	2147	10
808	3	16	20	4088	2553	14
809	4	7	80	4092	4064	13
810	3	16	60	4096	11663	9
811	4	7	80	4100	10302	14
812	0	18	40	4104	17016	11
813	0	18	80	4108	3818	9
814	1	11	40	4112	3810	19
815	1	11	20	4116	2423	13
816	4	7	60	4120	3622	18
817	0	18	40	4124	4517	19
818	0	18	40	4128	9327	10
819	3	16	40	4132	5632	16
820	0	18	80	4136	6602	11
821	0	18	60	4140	12338	15
822	0	18	20	4144	3199	18
823	0	18	80	4148	10279	14
824	1	11	80	4152	14559	16
825	0	18	40	4156	5178	19
826	4	7	40	4160	1882	17
827	4	7	60	4164	3574	13
828	3	16	40	4168	12152	14
829	1	11	20	4172	24310	18
830	3	16	40	4176	3152	19
831	0	18	60	4180	12937	10
832	3	16	40	4184	3762	12
833	1	11	40	4188	82	11
834	3	16	20	4192	18885	12
835	4	7	80	4196	26000	11
836	0	18	20	4200	9715	18
837	1	11	20	4204	19210	14
838	1	11	40	4208	3990	10
839	4	7	40	4212	1478	16
840	0	18	20	4216	17016	13
841	0	18	20	4220	1155	16
842	4	7	80	4224	7722	16
843	3	16	40	4228	240	15
844	3	16	80	4232	4330	18
845	3	16	60	4236	25679	18
846	1	11	20	4240	6085	15
847	4	7	60	4244	17290	15
848	3	16	60	4248	6768	13
849	3	16	60	4252	2035	17
850	3	16	60	4256	6203	16
851	1	11	80	4260	4520	14
852	3	16	20	4264	11211	10
853	0	18	20	4268	18694	16
854	1	11	80	4272	2557	15
855	4	7	40	4276	51307	19
856	4	7	60	4280	19651	17
857	4	7	40	4284	1036	11
858	0	18	20	4288	491	12
859	0	18	40	4292	243	15
860	1	11	80	4296	14950	17
861	0	18	40	4300	3380	17
862	3	16	60	4304	4845	15
863	1	11	20	4308	3099	15
864	0	18	60	4312	603	13
865	1	11	20	4316	26987	19
866	0	18	60	4320	3433	11
867	4	7	80	4324	16355	19
868	1	11	60	4328	5138	17
869	3	16	40	4332	4325	16
870	0	18	80	4336	6535	14
871	3	16	60	4340	4852	12
872	3	16	20	4344	315	18
873	1	11	80	4348	5865	13
874	1	11	20	4352	7838	12
875	0	18	80	4356	4459	14
876	1	11	80	4400	1461	18
877	3	16	60	4404	2853	12
878	3	16	80	4408	2914	16
879	4	7	20	4412	16851	18
880	4	7	20	4416	23050	13
881	0	18	60	4420	3143	11
882	1	11	80	4424	12463	19
883	0	18	80	4428	6502	17
884	3	16	60	4432	4256	11
885	1	11	40	4436	17957	14
886	3	16	40	4440	391	19
887	3	16	20	4444	5106	15
888	4	7	60	4448	10674	16
889	4	7	60	4452	19025	12
890	0	18	40	4456	384	13
891	1	11	80	4460	6969	16
892	0	18	80	4464	15165	11
893	0	18	20	4468	3605	14
894	1	11	60	4472	3121	19
895	4	7	60	4476	6145	16
896	3	16	40	4480	9120	10
897	3	16	60	4484	2830	9
898	1	11	80	4488	25168	10
899	0	18	80	4492	4815	18
900	1	11	20	4496	7547	16
901	3	16	20	4500	8679	15
902	1	11	20	4504	4233	18
903	0	18	20	4508	1330	17
904	1	11	60	4512	8784	11
905	0	18	80	4516	708	12
906	4	7	80	4520	3994	16
907	0	18	40	4524	2134	16
908	3	16	80	4528	2614	13
909	0	18	20	4532	14979	9
910	1	11	60	4536	14241	10
911	0	18	80	4540	7619	14
912	0	18	60	4544	13550	15
913	1	11	20	4548	1600	14
914	1	11	20	4552	719	11
915	0	18	20	4556	5885	14
916	4	7	60	4560	6481	17
917	1	11	80	4564	18255	18
918	3	16	40	4568	19138	13
919	4	7	20	4572	1573	19
920	4	7	60	4576	20002	9
921	3	16	60	4580	16773	15
922	4	7	40	4584	1149	12
923	3	16	80	4588	6689	13
924	3	16	20	4592	3705	11
925	4	7	20	4596	30051	18
926	1	11	80	4600	7430	10
927	3	16	20	4604	9011	12
928	4	7	20	4608	1750	14
929	1	11	40	4612	740	15
930	3	16	40	4616	10999	12
931	3	16	20	4620	16261	18
932	1	11	80	4624	3361	11
933	3	16	80	4628	15344	17
934	1	11	20	4632	2491	10
935	1	11	80	4636	2648	17
936	3	16	60	4640	19625	13
937	1	11	60	4644	8089	11
938	4	7	20	4648	17653	14
939	3	16	60	4652	3178	18
940	3	16	60	4656	5561	17
941	1	11	20	4660	13441	11
942	4	7	20	4664	1716	11
943	4	7	40	4668	17688	15
944	1	11	20	4672	631	11
945	4	7	60	4676	4535	19
946	0	18	20	4680	11598	10
947	4	7	80	4684	8832	16
948	3	16	80	4688	2592	12
949	1	11	60	4692	12966	13
950	0	18	20	4696	31690	18
951	0	18	40	4700	12197	12
952	0	18	20	4704	3946	15
953	1	11	60	4708	12054	10
954	0	18	40	4712	6113	18
955	4	7	60	4716	10581	10
956	3	16	80	4720	6009	12
957	3	16	20	4724	14878	13
958	3	16	20	4728	12205	14
959	1	11	40	4732	9365	13
960	3	16	20	4736	5227	11
961	1	11	80	4740	10104	12
962	0	18	20	4744	306	10
963	1	11	40	4748	1688	17
964	3	16	60	4752	834	17
965	3	16	60	4756	26238	11
966	4	7	20	4760	2530	12
967	3	16	60	4800	26391	17
968	4	7	80	4805	19596	13
969	0	18	20	4810	13043	13
970	3	16	60	4815	7467	10
971	1	11	80	4820	20105	15
972	3	16	80	4825	64	12
973	4	7	60	4830	6953	15
974	1	11	60	4835	9055	10
975	1	11	60	4840	881	17
976	4	7	40	4845	9217	12
977	0	18	20	4850	2232	16
978	1	11	80	4855	5398	11
979	3	16	60	4860	22236	11
980	4	7	20	4865	1898	17
981	1	11	20	4870	22055	14
982	4	7	20	4875	4073	19
983	3	16	60	4880	4011	10
984	0	18	20	4885	909	17
985	1	11	80	4890	26781	9
986	3	16	80	4895	5225	11
987	0	18	20	4900	6653	9
988	1	11	60	4905	3071	18
989	1	11	60	4910	6109	9
990	3	16	20	4915	11208	14
991	4	7	40	4920	577	19
992	4	7	60	4925	15375	16
993	1	11	80	4930	1786	10
994	4	7	60	4935	15079	15
995	1	11	80	4940	12252	13
996	0	18	80	4945	11971	9
997	1	11	60	4950	22	14
998	0	18	80	4955	12535	18
999	3	16	40	4960	964	19
1000	0	18	40	4965	1409	16
1001	1	11	40	4970	12968	12
1002	4	7	80	4975	11246	12
1003	3	16	60	4980	5118	18
1004	3	16	20	4985	1739	11
1005	3	16	40	4990	511	12
1006	3	16	60	4995	11909	19
1007	0	18	60	5000	13230	9
1008	4	7	20	5005	850	19
1009	4	7	60	5010	4497	10
1010	0	18	20	5015	406	17
1011	3	16	60	5020	2680	16
1012	1	11	40	5025	3490	11
1013	4	7	60	5030	14893	11
1014	3	16	40	5035	5209	15
1015	1	11	20	5040	6268	17
1016	1	11	60	5045	3063	12
1017	1	11	60	5050	8245	9
1018	1	11	40	5055	691	19
1019	0	18	60	5060	1153	17
1020	0	18	80	5065	5273	9
1021	4	7	20	5070	9807	11
1022	1	11	20	5075	8268	19
1023	3	16	20	5080	3819	12
1024	3	16	20	5085	414	19
1025	3	16	20	5090	6162	11
1026	3	16	20	5095	540	18
1027	1	11	80	5100	13197	11
1028	0	18	20	5105	10550	19
1029	0	18	80	5110	17937	16
1030	0	18	80	5115	3182	16
1031	1	11	60	5120	9147	18
1032	4	7	40	5125	4814	18
1033	4	7	40	5130	3788	11
1034	1	11	20	5135	11981	15
1035	1	11	60	5140	4206	13
1036	3	16	20	5145	1604	10
1037	0	18	60	5150	20871	10
1038	0	18	40	5155	1773	18
1039	3	16	80	5160	372	13
1040	4	7	40	5165	1690	9
1041	3	16	40	5170	8892	11
1042	0	18	20	5175	4986	9
1043	3	16	80	5180	17569	17
1044	1	11	40	5185	5301	12
1045	4	7	40	5190	5063	18
1046	3	16	20	5200	10073	17
1047	4	7	20	5205	73	13
1048	4	7	60	5210	10226	14
1049	3	16	60	5215	2910	18
1050	4	7	20	5220	5013	10
1051	4	7	20	5225	1140	9
1052	0	18	40	5230	20203	14
1053	0	18	20	5235	8560	10
1054	1	11	60	5240	7971	19
1055	1	11	40	5245	4857	13
1056	0	18	20	5250	1376	12
1057	1	11	80	5255	3762	19
1058	0	18	60	5260	4387	19
1059	0	18	20	5265	8591	9
1060	0	18	40	5270	45632	13
1061	0	18	80	5275	27153	16
1062	4	7	40	5280	633	9
1063	4	7	20	5285	1855	11
1064	3	16	80	5290	859	13
1065	4	7	60	5295	3673	18
1066	4	7	40	5300	14296	18
1067	1	11	80	5305	29958	19
1068	3	16	40	5310	565	16
1069	0	18	60	5315	577	10
1070	3	16	80	5320	3589	15
1071	1	11	80	5325	3977	11
1072	1	11	40	5330	4701	11
1073	4	7	60	5335	303	15
1074	0	18	40	5340	23025	16
1075	1	11	60	5345	13360	18
1076	3	16	20	5350	2223	11
1077	4	7	40	5355	11268	11
1078	0	18	80	5360	18034	9
1079	3	16	60	5365	6969	9
1080	0	18	80	5370	13762	13
1081	3	16	20	5375	462	13
1082	3	16	40	5380	722	17
1083	3	16	40	5385	4463	10
1084	0	18	60	5390	4471	15
1085	1	11	60	5395	1738	16
1086	0	18	20	5400	11461	13
1087	3	16	20	5405	12683	16
1088	1	11	80	5410	10975	12
1089	0	18	80	5415	3100	10
1090	1	11	40	5420	2311	10
1091	0	18	40	5425	13138	11
1092	4	7	20	5430	5613	10
1093	0	18	40	5435	6221	17
1094	1	11	40	5440	400	9
1095	3	16	60	5445	2029	12
1096	3	16	80	5450	7227	10
1097	0	18	80	5455	2374	17
1098	4	7	80	5460	12370	12
1099	3	16	80	5465	989	13
1100	4	7	20	5470	8093	9
1101	0	18	40	5475	10769	18
1102	1	11	60	5480	22619	17
1103	3	16	80	5485	8441	12
1104	4	7	60	5490	22977	11
1105	1	11	40	5495	613	18
1106	1	11	80	5500	9329	17
1107	1	11	80	5505	17143	19
1108	4	7	60	5510	9993	13
1109	0	18	20	5515	13676	9
1110	3	16	40	5520	1910	11
1111	1	11	80	5525	4120	10
1112	0	18	20	5530	5233	18
1113	1	11	20	5535	14688	18
1114	4	7	40	5540	14528	15
1115	1	11	20	5545	22567	19
1116	3	16	60	5550	16965	19
1117	1	11	80	5555	8364	18
1118	3	16	60	5560	12072	16
1119	0	18	20	5565	18953	16
1120	3	16	40	5570	7469	14
1121	0	18	40	5600	305	10
1122	0	18	80	5604	2090	15
1123	1	11	60	5608	10994	14
1124	4	7	40	5612	13662	9
1125	3	16	60	5616	6478	13
1126	1	11	80	5620	17481	10
1127	1	11	80	5624	18734	13
1128	1	11	20	5628	35676	14
1129	1	11	80	5632	10174	13
1130	3	16	60	5636	1956	16
1131	3	16	20	5640	34058	13
1132	4	7	60	5644	27673	19
1133	3	16	80	5648	12065	16
1134	3	16	60	5652	23229	9
1135	4	7	40	5656	677	15
1136	0	18	40	5660	980	16
1137	4	7	40	5664	4560	13
1138	3	16	80	5668	5296	18
1139	4	7	40	5672	3499	17
1140	0	18	80	5676	5656	19
1141	3	16	40	5680	16871	13
1142	4	7	60	5684	683	12
1143	1	11	80	5688	20975	11
1144	1	11	60	5692	921	19
1145	0	18	60	5696	15091	19
1146	0	18	40	5700	3159	12
1147	1	11	20	5704	8718	11
1148	0	18	20	5708	9718	10
1149	0	18	40	5712	917	9
1150	0	18	80	5716	3373	12
1151	1	11	80	5720	23399	12
1152	1	11	40	5724	5199	10
1153	4	7	60	5728	16996	15
1154	4	7	40	5732	5698	19
1155	3	16	60	5736	7309	19
1156	0	18	40	5740	5703	11
1157	4	7	80	5744	1723	11
1158	4	7	60	5748	14324	11
1159	1	11	80	5752	3933	18
1160	4	7	40	5756	1649	16
1161	4	7	80	5760	12281	13
1162	0	18	80	5764	17973	13
1163	1	11	80	5768	40390	19
1164	1	11	40	5772	7373	13
1165	4	7	20	5776	2055	17
1166	3	16	20	5780	4553	11
1167	3	16	20	5784	9671	11
1168	4	7	60	5788	18059	17
1169	0	18	80	5792	11288	9
1170	0	18	60	5796	13946	12
1171	4	7	20	5800	4717	14
1172	4	7	20	5804	1436	9
1173	4	7	20	5808	4420	18
1174	0	18	40	5812	4080	17
1175	4	7	20	5816	10422	9
1176	1	11	60	5820	24908	17
1177	3	16	20	5824	2883	13
1178	4	7	20	5828	8132	15
1179	3	16	80	5832	28142	10
1180	1	11	40	5836	2077	10
1181	4	7	80	5840	2027	18
1182	1	11	80	5844	1791	11
1183	0	18	80	5848	16964	14
1184	1	11	80	5852	3768	9
1185	1	11	80	5856	2523	13
1186	0	18	80	5860	5672	12
1187	4	7	20	5864	737	12
1188	3	16	60	5868	2509	16
1189	0	18	80	5872	3399	10
1190	4	7	80	5876	6778	13
1191	1	11	40	5880	20362	13
1192	0	18	80	5884	7358	11
1193	1	11	80	5888	805	9
1194	4	7	80	5892	1472	10
1195	0	18	20	5896	10250	14
1196	3	16	40	5900	33271	9
1197	1	11	60	5904	739	13
1198	4	7	40	5908	3146	18
1199	3	16	40	5912	17111	10
1200	3	16	40	5916	4281	17
1201	1	11	40	5920	7843	9
1202	3	16	40	5924	11699	13
1203	0	18	20	5928	23516	10
1204	4	7	60	5932	2665	17
1205	1	11	80	5936	18302	18
1206	3	16	60	5940	12186	11
1207	3	16	20	5944	439	12
1208	3	16	40	5948	5246	17
1209	0	18	20	5952	12158	19
1210	0	18	80	5956	8249	10
1211	1	11	40	5960	1857	18
1212	0	18	80	5964	6489	16
1213	0	18	80	5968	15890	10
1214	4	7	60	6000	1391	17
1215	0	18	60	6005	26255	17
1216	3	16	20	6010	7015	10
1217	4	7	80	6015	114	19
1218	0	18	80	6020	7697	18
1219	4	7	60	6025	3222	19
1220	4	7	20	6030	10146	14
1221	3	16	20	6035	3396	18
1222	4	7	40	6040	4528	15
1223	3	16	60	6045	6373	16
1224	1	11	20	6050	1633	15
1225	4	7	20	6055	18706	19
1226	3	16	20	6060	14869	12
1227	1	11	40	6065	567	9
1228	0	18	40	6070	2370	17
1229	0	18	20	6075	9045	12
1230	1	11	80	6080	10896	19
1231	0	18	20	6085	16155	13
1232	4	7	60	6090	30327	14
1233	1	11	60	6095	11283	13
1234	0	18	40	6100	6494	12
1235	4	7	20	6105	7408	9
1236	0	18	40	6110	4863	14
1237	1	11	60	6115	2339	9
1238	1	11	40	6120	7264	17
1239	0	18	20	6125	5187	11
1240	4	7	20	6130	5364	10
1241	3	16	80	6135	4848	9
1242	0	18	60	6140	7472	15
1243	3	16	60	6145	5355	17
1244	4	7	80	6150	9706	9
1245	1	11	60	6155	3623	15
1246	0	18	60	6160	3644	16
1247	0	18	20	6165	10733	9
1248	1	11	40	6170	22009	11
1249	4	7	40	6175	1841	12
1250	1	11	20	6180	1191	13
1251	3	16	40	6185	28092	10
1252	1	11	80	6190	5084	14
1253	4	7	80	6195	40451	18
1254	4	7	20	6200	1428	16
1255	4	7	40	6205	567	18
1256	3	16	80	6210	1711	13
1257	0	18	80	6215	1979	17
1258	4	7	20	6220	11498	15
1259	0	18	40	6225	3822	17
1260	3	16	60	6230	447	15
1261	0	18	40	6235	9999	11
1262	3	16	80	6240	12755	14
1263	3	16	20	6245	13029	14
1264	4	7	40	6250	304	19
1265	0	18	80	6255	11973	17
1266	3	16	60	6260	2088	12
1267	3	16	20	6265	12863	12
1268	4	7	40	6270	2932	17
1269	4	7	60	6275	6491	16
1270	4	7	20	6280	5656	12
1271	1	11	40	6285	3209	9
1272	3	16	60	6290	4323	10
1273	4	7	80	6295	1213	16
1274	4	7	40	6300	14811	18
1275	0	18	40	6305	2454	13
1276	1	11	40	6310	10743	12
1277	0	18	60	6315	23100	17
1278	4	7	80	6320	14985	15
1279	4	7	60	6325	13738	9
1280	3	16	60	6330	6171	11
1281	3	16	20	6335	892	11
1282	0	18	20	6340	1136	17
1283	1	11	80	6400	417	13
1284	4	7	20	6404	6191	19
1285	3	16	40	6408	11887	18
1286	4	7	20	6412	4045	18
1287	4	7	80	6416	32978	15
1288	3	16	60	6420	7180	16
1289	0	18	20	6424	5347	13
1290	1	11	20	6428	4238	15
1291	0	18	60	6432	2157	16
1292	3	16	40	6436	5403	14
1293	0	18	80	6440	1955	19
1294	3	16	40	6444	4395	16
1295	4	7	80	6448	11937	18
1296	0	18	20	6452	8571	14
1297	3	16	60	6456	13005	9
1298	4	7	40	6460	4791	17
1299	4	7	80	6464	20901	11
1300	3	16	80	6468	1155	11
1301	3	16	40	6472	6681	13
1302	0	18	60	6476	4521	11
1303	1	11	80	6480	3829	15
1304	4	7	20	6484	9597	19
1305	0	18	60	6488	13198	12
1306	0	18	60	6492	6434	19
1307	1	11	80	6496	3198	18
1308	0	18	60	6500	1306	9
1309	3	16	80	6504	18363	12
1310	3	16	80	6508	3198	15
1311	1	11	20	6512	2283	16
1312	0	18	80	6516	3731	10
1313	4	7	60	6520	22775	14
1314	1	11	80	6524	14771	15
1315	0	18	40	6528	23786	12
1316	4	7	40	6532	6960	14
1317	0	18	80	6536	10967	10
1318	4	7	80	6540	2463	15
1319	0	18	80	6544	2448	9
1320	0	18	60	6548	3814	19
1321	4	7	80	6552	2258	17
1322	4	7	60	6556	1858	15
1323	3	16	40	6560	13692	13
1324	3	16	40	6564	1248	9
1325	3	16	60	6568	2524	16
1326	4	7	20	6572	14628	15
1327	1	11	80	6576	1791	11
1328	1	11	40	6580	10127	19
1329	0	18	60	6584	562	19
1330	4	7	20	6588	7466	19
1331	3	16	80	6592	21951	11
1332	0	18	40	6596	5444	19
1333	0	18	20	6600	20175	13
1334	0	18	60	6604	9266	17
1335	0	18	20	6608	28444	17
1336	1	11	40	6612	8961	19
1337	3	16	20	6616	11154	10
1338	1	11	80	6620	3472	13
1339	4	7	60	6624	10501	15
1340	1	11	60	6628	1999	18
1341	3	16	20	6632	557	9
1342	4	7	40	6636	14325	14
1343	0	18	60	6640	9451	13
1344	3	16	20	6644	1374	18
1345	4	7	80	6648	1423	19
1346	0	18	60	6652	15934	14
1347	3	16	60	6656	6372	9
1348	3	16	20	6660	3755	12
1349	1	11	80	6664	5138	12
1350	4	7	40	6668	1725	13
1351	4	7	40	6672	19384	13
1352	4	7	80	6676	6181	14
1353	3	16	40	6680	1655	17
1354	3	16	20	6684	6342	12
1355	4	7	20	6688	17550	14
1356	3	16	80	6692	3557	18
1357	1	11	40	6696	7580	18
1358	4	7	40	6700	2152	15
1359	1	11	40	6704	4470	12
1360	0	18	60	6708	27677	17
1361	3	16	80	6712	3469	17
1362	4	7	60	6716	7564	18
1363	4	7	20	6720	691	10
1364	3	16	60	6724	2768	12
1365	4	7	20	6728	4005	13
1366	1	11	80	6732	11239	16
1367	0	18	80	6736	4827	17
1368	3	16	20	6740	2365	16
1369	1	11	60	6744	16369	18
1370	3	16	20	6748	2573	12
1371	1	11	20	6752	14132	12
1372	4	7	80	6800	4007	16
1373	0	18	40	6804	6110	19
1374	3	16	40	6808	347	11
1375	3	16	40	6812	2990	18
1376	0	18	60	6816	4259	11
1377	4	7	20	6820	5773	10
1378	0	18	40	6824	8665	14
1379	3	16	40	6828	31893	9
1380	3	16	20	6832	4180	10
1381	0	18	40	6836	2742	15
1382	3	16	60	6840	13991	18
1383	4	7	40	6844	2239	16
1384	0	18	20	6848	16562	14
1385	0	18	80	6852	9509	15
1386	4	7	80	6856	4052	16
1387	3	16	20	6860	2930	11
1388	1	11	80	6864	3724	10
1389	1	11	60	6868	12774	12
1390	1	11	40	6872	7584	18
1391	4	7	20	6876	507	9
1392	3	16	80	6880	5806	15
1393	4	7	40	6884	20617	10
1394	3	16	80	6888	11495	18
1395	4	7	60	6892	16272	10
1396	3	16	60	6896	4867	11
1397	4	7	20	6900	11103	13
1398	1	11	80	6904	4094	9
1399	3	16	20	6908	11552	14
1400	3	16	20	6912	4199	12
1401	4	7	60	6916	4227	17
1402	4	7	60	6920	2774	12
1403	1	11	40	6924	5607	14
1404	4	7	80	6928	1773	19
1405	3	16	40	6932	3632	9
1406	4	7	40	6936	5827	16
1407	4	7	40	6940	33	14
1408	4	7	80	6944	1247	14
1409	4	7	60	6948	2149	13
1410	4	7	40	6952	5165	11
1411	4	7	80	6956	14906	16
1412	1	11	20	6960	24098	13
1413	0	18	80	6964	2349	15
1414	4	7	40	6968	170	11
1415	0	18	40	6972	9073	10
1416	4	7	40	6976	5970	18
1417	0	18	20	6980	3663	11
1418	4	7	80	6984	1874	15
1419	3	16	80	6988	7273	17
1420	0	18	20	6992	45037	16
1421	3	16	60	6996	4752	13
1422	3	16	20	7000	674	15
1423	1	11	40	7004	4908	12
1424	4	7	40	7008	2390	19
1425	3	16	80	7012	1922	12
1426	3	16	40	7016	3003	17
1427	0	18	60	7020	5079	15
1428	1	11	40	7024	11819	9
1429	4	7	60	7028	1522	10
1430	0	18	80	7032	15506	16
1431	0	18	40	7036	8687	17
1432	3	16	20	7040	963	10
1433	1	11	20	7044	18220	9
1434	0	18	40	7048	6808	16
1435	3	16	40	7052	45381	12
1436	0	18	60	7056	46902	11
1437	1	11	20	7060	3110	13
1438	4	7	40	7064	370	16
1439	1	11	80	7068	5689	13
1440	0	18	40	7072	1568	18
1441	0	18	60	7076	3998	11
1442	3	16	20	7080	1416	17
1443	1	11	40	7084	1175	16
1444	1	11	20	7088	3105	10
1445	3	16	60	7092	11676	11
1446	3	16	20	7096	938	16
1447	1	11	80	7100	2426	9
1448	0	18	80	7104	18657	18
1449	3	16	60	7108	702	16
1450	4	7	40	7112	3364	11
1451	1	11	40	7116	740	19
1452	4	7	40	7120	6238	18
1453	3	16	20	7124	13014	12
1454	3	16	80	7128	11675	18
1455	4	7	40	7132	25856	19
1456	0	18	60	7136	3198	10
1457	3	16	20	7140	14392	19
1458	1	11	20	7144	2254	14
1459	1	11	80	7148	33716	16
1460	0	18	80	7152	426	12
1461	4	7	80	7156	387	10
1462	1	11	20	7160	2115	14
1463	0	18	40	7164	28347	13
1464	4	7	60	7200	3818	16
1465	3	16	20	7204	13425	13
1466	1	11	60	7208	10515	15
1467	0	18	80	7212	438	12
1468	0	18	60	7216	9151	18
1469	0	18	20	7220	198	18
1470	4	7	60	7224	9144	19
1471	3	16	20	7228	1822	14
1472	0	18	80	7232	3110	15
1473	1	11	20	7236	9631	10
1474	3	16	40	7240	4345	18
1475	4	7	60	7244	7391	14
1476	0	18	60	7248	2690	15
1477	1	11	80	7252	23089	19
1478	4	7	40	7256	1176	11
1479	1	11	80	7260	5396	17
1480	0	18	80	7264	869	15
1481	0	18	60	7268	421	17
1482	4	7	60	7272	6697	16
1483	4	7	60	7276	9311	13
1484	0	18	40	7280	14177	19
1485	3	16	60	7284	11676	16
1486	0	18	20	7288	1031	19
1487	4	7	80	7292	2968	17
1488	3	16	40	7296	1112	11
1489	1	11	80	7300	7584	16
1490	1	11	60	7304	8796	11
1491	3	16	40	7308	1419	12
1492	4	7	20	7312	636	19
1493	3	16	60	7316	495	19
1494	1	11	80	7320	4884	10
1495	0	18	60	7324	1120	17
1496	4	7	40	7328	1404	16
1497	3	16	80	7332	1697	12
1498	3	16	60	7336	11321	19
1499	3	16	80	7340	5681	16
1500	1	11	80	7344	295	16
1501	3	16	40	7348	471	12
1502	1	11	20	7352	6942	10
1503	4	7	60	7356	16854	9
1504	3	16	20	7360	4125	17
1505	1	11	40	7364	1202	16
1506	1	11	60	7368	11629	13
1507	3	16	20	7372	14736	16
1508	0	18	80	7376	3880	13
1509	3	16	40	7380	1438	12
1510	3	16	60	7384	8989	12
1511	4	7	80	7388	3894	11
1512	3	16	80	7392	9571	16
1513	4	7	40	7396	11251	16
1514	1	11	20	7400	17114	9
1515	4	7	40	7404	4	15
1516	0	18	20	7408	5235	14
1517	1	11	40	7412	6292	10
1518	0	18	80	7416	1216	14
1519	0	18	20	7420	7571	9
1520	3	16	20	7424	9430	13
1521	1	11	60	7428	4376	17
1522	1	11	60	7432	20567	10
1523	4	7	60	7436	571	11
1524	4	7	60	7440	3539	16
1525	1	11	20	7444	5847	15
1526	3	16	20	7448	1088	14
1527	1	11	40	7452	2430	15
1528	0	18	20	7456	2227	9
1529	3	16	60	7460	2722	10
1530	0	18	20	7464	4668	17
1531	3	16	80	7468	793	11
1532	3	16	20	7472	1657	19
1533	0	18	40	7476	7918	15
1534	0	18	20	7480	4846	10
1535	3	16	40	7484	374	11
1536	3	16	40	7488	5097	15
1537	0	18	20	7492	9336	16
1538	1	11	60	7496	2682	15
1539	3	16	80	7500	9382	11
1540	1	11	80	7504	11	11
1541	3	16	80	7508	2621	12
1542	4	7	20	7512	20799	13
1543	0	18	80	7516	26881	18
1544	3	16	40	7520	22191	12
1545	1	11	60	7524	2645	19
1546	4	7	60	7528	5002	15
1547	4	7	80	7600	3103	11
1548	1	11	40	7605	1566	18
1549	1	11	60	7610	4875	14
1550	4	7	60	7615	8408	11
1551	1	11	80	7620	7665	15
1552	3	16	80	7625	411	18
1553	3	16	40	7630	1255	19
1554	0	18	80	7635	13546	11
1555	4	7	20	7640	7634	18
1556	0	18	80	7645	1148	11
1557	3	16	60	7650	5726	19
1558	0	18	20	7655	5885	12
1559	1	11	80	7660	17257	10
1560	3	16	40	7665	99	11
1561	4	7	40	7670	5613	18
1562	1	11	20	7675	7300	15
1563	1	11	20	7680	806	11
1564	1	11	20	7685	10255	15
1565	0	18	80	7690	6949	9
1566	1	11	60	7695	1767	11
1567	1	11	40	7700	575	10
1568	4	7	40	7705	2860	15
1569	3	16	60	7710	14491	17
1570	0	18	20	7715	6029	19
1571	0	18	80	7720	12544	17
1572	0	18	80	7725	2405	14
1573	1	11	80	7730	4790	12
1574	3	16	40	7735	7542	17
1575	4	7	20	7740	4261	10
1576	3	16	60	7745	5475	12
1577	1	11	60	7750	25410	11
1578	0	18	40	7755	1126	18
1579	1	11	80	7760	632	16
1580	1	11	60	7765	441	19
1581	3	16	40	7770	13105	12
1582	0	18	80	7775	703	16
1583	3	16	60	7780	12358	14
1584	3	16	80	7785	8128	18
1585	4	7	20	7790	13974	10
1586	0	18	80	7795	362	13
1587	0	18	80	7800	342	9
1588	0	18	60	7805	13380	12
1589	1	11	80	7810	14630	11
1590	1	11	60	7815	19436	9
1591	0	18	60	7820	25754	16
1592	4	7	20	7825	1470	12
1593	0	18	60	7830	4093	13
1594	0	18	60	7835	9069	19
1595	3	16	60	7840	5499	13
1596	1	11	60	7845	9138	16
1597	1	11	80	7850	14167	10
1598	3	16	80	7855	2224	11
1599	1	11	40	7860	3533	11
1600	0	18	80	7865	695	16
1601	3	16	40	7870	4026	14
1602	0	18	40	7875	168	15
1603	3	16	60	7880	3339	9
1604	0	18	40	7885	20940	14
1605	4	7	60	7890	15666	14
1606	1	11	20	7895	3528	10
1607	0	18	80	7900	7322	15
1608	4	7	20	7905	6121	10
1609	1	11	60	7910	4128	10
1610	0	18	60	7915	1016	15
1611	4	7	40	7920	1543	9
1612	1	11	20	7925	3822	9
1613	3	16	20	7930	4707	15
1614	4	7	40	7935	14208	11
1615	4	7	80	7940	1852	18
1616	4	7	40	7945	4358	10
1617	3	16	60	7950	13363	10
1618	4	7	40	7955	4898	12
1619	3	16	80	7960	18169	14
1620	4	7	20	8000	6147	16
1621	0	18	80	8005	1360	11
1622	1	11	80	8010	2378	17
1623	1	11	40	8015	4948	13
1624	1	11	20	8020	20685	17
1625	0	18	40	8025	6739	12
1626	0	18	80	8030	7817	14
1627	4	7	40	8035	15683	10
1628	0	18	40	8040	11841	12
1629	0	18	60	8045	962	13
1630	3	16	60	8050	10536	13
1631	1	11	60	8055	8768	11
1632	4	7	80	8060	10055	19
1633	4	7	20	8065	11908	15
1634	1	11	20	8070	39346	9
1635	4	7	20	8075	8587	14
1636	1	11	80	8080	12288	16
1637	1	11	20	8085	10868	16
1638	3	16	20	8090	15707	9
1639	3	16	20	8095	12079	13
1640	1	11	20	8100	5063	9
1641	4	7	80	8105	4705	18
1642	0	18	80	8110	5659	18
1643	3	16	80	8115	4209	11
1644	0	18	40	8120	10186	16
1645	3	16	40	8125	10667	9
1646	3	16	40	8130	6943	15
1647	1	11	80	8135	10272	16
1648	0	18	40	8140	6748	11
1649	0	18	60	8145	5100	10
1650	4	7	20	8150	641	12
1651	3	16	20	8155	16263	15
1652	1	11	60	8160	3720	17
1653	4	7	80	8165	3396	17
1654	1	11	20	8170	13754	15
1655	4	7	20	8175	20924	13
1656	0	18	60	8180	1190	17
1657	4	7	20	8185	6561	11
1658	1	11	60	8190	4310	11
1659	0	18	20	8195	3541	11
1660	4	7	60	8200	2145	19
1661	1	11	60	8205	5504	19
1662	0	18	60	8210	14044	11
1663	4	7	40	8215	4377	17
1664	4	7	20	8220	8894	16
1665	4	7	80	8225	4834	12
1666	4	7	40	8230	4929	9
1667	3	16	20	8235	7441	14
1668	1	11	20	8240	4813	15
1669	0	18	20	8245	1514	17
1670	1	11	20	8250	4384	10
1671	1	11	20	8255	9043	14
1672	0	18	60	8260	24328	9
1673	1	11	20	8265	9086	18
1674	1	11	80	8270	4466	13
1675	0	18	20	8275	768	17
1676	0	18	80	8280	8383	13
1677	3	16	80	8285	15073	14
1678	1	11	20	8290	10812	17
1679	4	7	60	8295	1668	17
1680	3	16	80	8300	36194	17
1681	3	16	20	8305	18466	17
1682	4	7	20	8310	2732	19
1683	0	18	60	8315	2864	11
1684	0	18	40	8320	295	10
1685	4	7	40	8325	15903	17
1686	4	7	20	8330	2783	13
1687	4	7	20	8335	3690	10
1688	1	11	80	8340	24545	9
1689	3	16	80	8400	544	15
1690	3	16	60	8405	5869	16
1691	3	16	80	8410	2040	14
1692	0	18	60	8415	3160	13
1693	1	11	80	8420	5576	17
1694	3	16	40	8425	6278	13
1695	4	7	40	8430	28467	9
1696	4	7	40	8435	7686	15
1697	1	11	40	8440	716	9
1698	4	7	80	8445	10717	14
1699	1	11	40	8450	2480	12
1700	3	16	80	8455	2588	19
1701	4	7	40	8460	29399	10
1702	0	18	80	8465	2528	9
1703	4	7	20	8470	4051	14
1704	3	16	60	8475	406	19
1705	1	11	20	8480	4086	18
1706	3	16	40	8485	19896	14
1707	0	18	60	8490	9448	18
1708	3	16	20	8495	20023	12
1709	1	11	20	8500	10450	17
1710	4	7	20	8505	2600	19
1711	1	11	60	8510	2742	11
1712	1	11	80	8515	13651	13
1713	3	16	80	8520	2073	14
1714	3	16	20	8525	3677	13
1715	0	18	60	8530	3259	11
1716	1	11	60	8535	1866	9
1717	4	7	20	8540	5976	9
1718	3	16	80	8545	3890	16
1719	0	18	60	8550	13203	18
1720	4	7	80	8555	1391	19
1721	0	18	40	8560	758	18
1722	1	11	40	8565	8445	14
1723	4	7	20	8570	3906	9
1724	1	11	40	8575	8459	9
1725	4	7	40	8580	1753	16
1726	1	11	60	8585	3454	9
1727	3	16	60	8590	4786	12
1728	3	16	60	8595	1160	14
1729	1	11	40	8600	4874	13
1730	0	18	80	8605	5142	10
1731	4	7	60	8610	6633	13
1732	4	7	80	8615	932	19
1733	0	18	60	8620	5148	13
1734	0	18	80	8625	19423	17
1735	3	16	60	8630	116	16
1736	3	16	20	8635	7945	16
1737	0	18	80	8640	17806	13
1738	1	11	80	8645	2316	11
1739	3	16	40	8650	8092	11
1740	0	18	20	8655	23375	12
1741	4	7	60	8660	7346	14
1742	1	11	80	8665	4802	18
1743	4	7	60	8670	2032	11
1744	4	7	60	8675	12419	15
1745	0	18	20	8680	2086	14
1746	0	18	80	8685	4175	9
1747	3	16	60	8690	825	18
1748	4	7	80	8695	1145	12
1749	3	16	80	8700	1877	11
1750	3	16	80	8705	11530	19
1751	4	7	20	8710	765	15
1752	3	16	40	8715	9648	12
1753	4	7	40	8720	21275	16
1754	1	11	60	8725	904	12
1755	3	16	40	8730	1645	10
1756	1	11	80	8735	3116	15
1757	1	11	60	8740	17277	9
1758	1	11	60	8745	10922	13
1759	4	7	20	8750	15324	12
1760	0	18	60	8755	404	17
1761	4	7	80	8760	5027	11
1762	3	16	80	8800	6532	13
1763	1	11	60	8805	4957	19
1764	0	18	40	8810	2354	15
1765	4	7	60	8815	10012	15
1766	3	16	80	8820	1590	11
1767	1	11	40	8825	3371	9
1768	1	11	20	8830	3045	16
1769	4	7	40	8835	3495	17
1770	3	16	60	8840	9768	15
1771	1	11	80	8845	3039	15
1772	3	16	20	8850	2570	17
1773	0	18	60	8855	11050	13
1774	4	7	60	8860	15836	15
1775	0	18	40	8865	6546	14
1776	3	16	40	8870	8154	9
1777	1	11	60	8875	4464	11
1778	0	18	60	8880	7291	14
1779	1	11	40	8885	4400	15
1780	3	16	60	8890	12489	15
1781	3	16	80	8895	2329	10
1782	3	16	80	8900	3047	19
1783	4	7	80	8905	20818	11
1784	4	7	60	8910	9444	14
1785	1	11	60	8915	3863	15
1786	0	18	20	8920	15902	10
1787	0	18	60	8925	1587	12
1788	3	16	20	8930	3666	10
1789	3	16	40	8935	10352	16
1790	0	18	60	8940	9418	9
1791	1	11	60	8945	10931	16
1792	3	16	20	8950	1275	9
1793	3	16	60	8955	4069	19
1794	1	11	80	8960	7075	14
1795	0	18	20	8965	5225	9
1796	1	11	60	8970	349	9
1797	0	18	40	8975	36448	19
1798	4	7	40	8980	27884	15
1799	4	7	80	8985	617	19
1800	3	16	20	8990	404	11
1801	4	7	60	8995	518	9
1802	0	18	60	9000	12166	11
1803	0	18	40	9005	12092	14
1804	4	7	20	9010	5610	16
1805	0	18	80	9015	4743	12
1806	1	11	80	9020	13559	18
1807	1	11	80	9025	24267	18
1808	4	7	80	9030	564	9
1809	0	18	40	9035	6355	18
1810	4	7	20	9040	6331	10
1811	0	18	40	9045	18022	13
1812	1	11	20	9050	2701	14
1813	0	18	40	9055	3104	18
1814	1	11	60	9060	517	17
1815	1	11	60	9065	12740	15
1816	1	11	80	9070	1298	12
1817	3	16	20	9075	8000	11
1818	3	16	20	9080	11721	13
1819	4	7	80	9085	16443	9
1820	4	7	60	9090	15227	14
1821	1	11	40	9095	2	19
1822	3	16	20	9100	29921	19
1823	4	7	80	9105	7147	9
1824	3	16	60	9110	8680	17
1825	1	11	20	9115	25767	18
1826	4	7	60	9120	1478	15
1827	0	18	60	9125	16707	18
1828	3	16	60	9130	1411	19
1829	3	16	40	9135	3853	15
1830	4	7	60	9140	5805	14
1831	3	16	20	9145	8390	10
1832	3	16	20	9150	4905	15
1833	0	18	60	9155	5934	14
1834	3	16	20	9160	3743	12
1835	4	7	20	9165	10396	14
1836	3	16	40	9170	5097	19
1837	3	16	60	9175	6166	13
1838	0	18	60	9180	4383	15
1839	3	16	60	9200	2254	10
1840	0	18	60	9204	6688	17
1841	4	7	20	9208	19366	11
1842	0	18	80	9212	948	12
1843	3	16	80	9216	13696	11
1844	4	7	40	9220	1578	14
1845	0	18	40	9224	12756	15
1846	4	7	40	9228	4905	10
1847	1	11	80	9232	13976	10
1848	0	18	80	9236	3276	11
1849	4	7	20	9240	12502	18
1850	4	7	40	9244	3201	17
1851	3	16	60	9248	4229	18
1852	1	11	20	9252	1993	14
1853	0	18	60	9256	819	15
1854	4	7	40	9260	2022	14
1855	1	11	80	9264	401	11
1856	0	18	40	9268	723	10
1857	1	11	60	9272	1692	10
1858	1	11	60	9276	998	17
1859	3	16	20	9280	6281	17
1860	0	18	40	9284	2611	17
1861	1	11	40	9288	22545	19
1862	4	7	20	9292	12490	19
1863	1	11	40	9296	9263	14
1864	1	11	60	9300	261	12
1865	0	18	80	9304	18194	19
1866	1	11	20	9308	4589	17
1867	0	18	60	9312	11512	9
1868	3	16	20	9316	23634	14
1869	1	11	60	9320	3266	11
1870	4	7	40	9324	3148	16
1871	3	16	40	9328	7582	18
1872	3	16	60	9332	1888	15
1873	4	7	60	9336	5927	12
1874	3	16	20	9340	2914	12
1875	4	7	40	9344	22479	11
1876	0	18	60	9348	17548	16
1877	0	18	40	9352	1363	16
1878	0	18	60	9356	4243	14
1879	3	16	40	9360	16025	10
1880	1	11	60	9364	5572	17
1881	1	11	80	9368	3361	13
1882	4	7	60	9372	6213	16
1883	3	16	60	9376	3712	9
1884	3	16	80	9380	431	17
1885	0	18	20	9384	890	16
1886	0	18	20	9388	4484	16
1887	3	16	60	9392	3582	9
1888	0	18	20	9396	2857	19
1889	0	18	40	9400	3141	10
1890	4	7	60	9404	8191	13
1891	0	18	60	9408	2633	18
1892	0	18	80	9412	4358	16
1893	1	11	40	9416	16819	17
1894	1	11	40	9420	27303	13
1895	4	7	20	9424	7874	17
1896	4	7	20	9428	1031	12
1897	4	7	40	9432	4440	17
1898	0	18	20	9436	12385	18
1899	3	16	40	9440	2649	15
1900	3	16	20	9444	3575	17
1901	4	7	60	9448	9514	10
1902	4	7	60	9452	16818	16
1903	3	16	40	9456	6	19
1904	0	18	80	9460	5004	11
1905	0	18	20	9464	10109	18
1906	0	18	20	9468	1788	11
1907	3	16	40	9472	9557	10
1908	1	11	40	9476	12563	11
1909	4	7	80	9480	2668	12
1910	0	18	40	9484	1399	15
1911	4	7	80	9488	21247	14
1912	1	11	20	9492	12078	15
1913	4	7	40	9496	2325	15
1914	1	11	60	9500	345	9
1915	4	7	40	9504	21928	12
1916	1	11	80	9508	4089	12
1917	0	18	60	9512	4342	18
1918	3	16	60	9516	8027	16
1919	0	18	40	9520	20912	16
1920	4	7	60	9600	5049	12
1921	4	7	60	9605	628	17
1922	4	7	60	9610	4966	9
1923	1	11	80	9615	7807	13
1924	3	16	80	9620	9484	17
1925	3	16	60	9625	367	18
1926	1	11	40	9630	1709	11
1927	0	18	20	9635	3233	18
1928	1	11	40	9640	6500	18
1929	4	7	20	9645	9091	15
1930	0	18	40	9650	13664	18
1931	1	11	40	9655	4966	18
1932	0	18	20	9660	3688	17
1933	1	11	20	9665	1111	19
1934	4	7	20	9670	5619	13
1935	1	11	80	9675	13124	15
1936	3	16	20	9680	5007	17
1937	0	18	20	9685	6199	16
1938	3	16	60	9690	18931	18
1939	3	16	80	9695	3264	19
1940	0	18	20	9700	18833	13
1941	3	16	60	9705	10531	14
1942	0	18	20	9710	6731	17
1943	0	18	20	9715	135	16
1944	0	18	20	9720	1435	14
1945	4	7	80	9725	9932	19
1946	4	7	40	9730	5568	11
1947	1	11	60	9735	1469	9
1948	0	18	80	9740	14440	17
1949	3	16	80	9745	256	10
1950	1	11	20	9750	2050	13
1951	4	7	40	9755	9688	14
1952	0	18	80	9760	12584	9
1953	4	7	60	9765	15763	11
1954	3	16	80	9770	13451	11
1955	3	16	40	9775	2682	9
1956	0	18	20	9780	2122	9
1957	1	11	80	9785	2351	11
1958	4	7	40	9790	2926	10
1959	1	11	20	9795	4360	12
1960	4	7	60	9800	5955	15
1961	4	7	80	9805	16191	12
1962	1	11	20	9810	1214	11
1963	1	11	40	9815	959	16
1964	4	7	60	9820	5000	14
1965	3	16	20	9825	9579	16
1966	4	7	80	9830	6574	16
1967	4	7	20	9835	8382	15
1968	4	7	20	9840	11013	11
1969	4	7	60	9845	2155	13
1970	1	11	20	9850	5083	14
1971	0	18	60	9855	15784	16
1972	1	11	20	9860	5751	19
1973	0	18	60	9865	2833	17
1974	0	18	40	9870	175	11
1975	1	11	20	9875	10657	18
1976	3	16	60	9880	5653	9
1977	3	16	40	9885	4721	13
1978	1	11	80	9890	4913	18
1979	4	7	20	9895	32764	18
1980	4	7	40	9900	6272	15
1981	0	18	80	9905	198	11
1982	0	18	40	9910	5496	9
1983	4	7	40	9915	5951	17
1984	3	16	80	9920	4825	10
1985	0	18	80	9925	992	12
1986	0	18	60	9930	8867	18
1987	0	18	40	9935	5686	15
1988	4	7	20	9940	3036	17
1989	0	18	60	9945	1985	12
1990	1	11	80	9950	6809	14
1991	0	18	40	9955	1891	14
1992	0	18	80	9960	2121	14
1993	1	11	40	9965	5324	14
1994	3	16	40	9970	13288	12
1995	0	18	20	10000	302	10
1996	1	11	40	10080	7152	11
1997	4	7	60	10160	4868	9
1998	1	11	40	10240	6422	10
1999	3	16	80	10320	5021	18
