0	18	6	10	0	2147483647	27
1	7	31	20	5	2147483647	26
2	21	17	40	10	2147483647	26
3	7	31	30	15	2147483647	20
4	4	23	10	20	2147483647	28
5	1	29	50	25	2147483647	20
6	1	29	20	30	2147483647	25
7	1	29	40	35	2147483647	26
8	4	23	10	40	2147483647	25
9	21	17	20	45	2147483647	25
10	18	6	50	50	2147483647	27
11	7	31	10	55	2147483647	23
12	4	23	40	60	2147483647	19
13	4	23	10	65	2147483647	30
14	1	29	20	70	2147483647	21
15	21	17	20	75	2147483647	22
16	1	29	50	80	2147483647	19
17	18	6	40	85	2147483647	21
18	21	17	40	90	2147483647	30
19	1	29	40	95	2147483647	30
20	4	23	50	100	2147483647	20
21	21	17	40	105	2147483647	28
22	4	23	10	110	2147483647	30
23	4	23	40	115	2147483647	23
24	4	23	40	120	2147483647	29
25	1	29	30	125	2147483647	19
26	1	29	10	130	2147483647	22
27	1	29	30	135	2147483647	24
28	4	23	40	140	2147483647	24
29	21	17	40	145	2147483647	23
30	1	29	20	150	2147483647	21
31	4	23	10	155	2147483647	30
32	1	29	30	160	2147483647	29
33	1	29	20	165	2147483647	26
34	4	23	50	170	2147483647	20
35	1	29	50	175	2147483647	21
36	18	6	40	180	2147483647	20
37	21	17	40	185	2147483647	26
38	18	6	40	190	2147483647	29
39	21	17	10	195	2147483647	19
40	21	17	30	200	2147483647	26
41	1	29	30	205	2147483647	19
42	4	23	40	210	2147483647	21
43	4	23	50	215	2147483647	26
44	4	23	50	220	2147483647	29
45	1	29	40	225	2147483647	30
46	7	31	40	230	2147483647	23
47	4	23	30	235	2147483647	29
48	18	6	50	240	2147483647	23
49	1	29	30	245	2147483647	20
50	7	31	10	250	2147483647	28
51	7	31	10	255	2147483647	28
52	21	17	50	260	2147483647	27
53	7	31	20	265	2147483647	20
54	21	17	10	270	2147483647	27
55	4	23	30	275	2147483647	30
56	1	29	20	280	2147483647	26
57	4	23	10	285	2147483647	22
58	18	6	50	290	2147483647	22
59	18	6	30	295	2147483647	28
60	21	17	50	300	2147483647	29
61	21	17	50	305	2147483647	19
62	7	31	10	310	2147483647	21
63	7	31	20	315	2147483647	21
64	7	31	50	320	2147483647	22
65	21	17	50	325	2147483647	28
66	4	23	40	330	2147483647	25
67	18	6	20	335	2147483647	24
68	1	29	10	340	2147483647	28
69	1	29	20	345	2147483647	30
70	7	31	30	350	2147483647	20
71	18	6	10	355	2147483647	23
72	1	29	10	360	2147483647	23
73	1	29	40	365	2147483647	30
74	1	29	10	370	2147483647	22
75	4	23	20	375	2147483647	20
76	4	23	10	380	2147483647	26
77	21	17	10	385	2147483647	22
78	21	17	40	390	2147483647	25
79	4	23	50	395	2147483647	30
80	4	23	50	400	2147483647	27
81	7	31	30	405	2147483647	23
82	21	17	30	410	2147483647	20
83	18	6	10	415	2147483647	23
84	18	6	30	420	2147483647	26
85	4	23	10	425	2147483647	23
86	7	31	10	430	2147483647	22
87	4	23	20	435	2147483647	27
88	18	6	20	440	2147483647	29
89	1	29	30	445	2147483647	21
90	21	17	40	450	2147483647	25
91	7	31	40	455	2147483647	29
92	4	23	50	460	2147483647	23
93	21	17	10	465	2147483647	20
94	21	17	20	470	2147483647	21
95	1	29	40	475	2147483647	25
96	18	6	30	480	2147483647	29
97	21	17	20	485	2147483647	30
98	21	17	50	490	2147483647	23
99	4	23	10	495	2147483647	20
100	4	23	10	500	2147483647	23
101	18	6	20	505	2147483647	29
102	4	23	30	510	2147483647	20
103	18	6	40	515	2147483647	23
104	4	23	50	520	2147483647	30
105	18	6	10	525	2147483647	23
106	4	23	10	530	2147483647	24
107	21	17	20	535	2147483647	27
108	4	23	10	540	2147483647	29
109	4	23	40	545	2147483647	26
110	1	29	20	550	2147483647	22
111	18	6	10	555	2147483647	23
112	7	31	20	560	2147483647	28
113	21	17	50	565	2147483647	22
114	21	17	40	570	2147483647	19
115	1	29	20	575	2147483647	24
116	1	29	20	580	2147483647	30
117	4	23	50	585	2147483647	29
118	18	6	50	590	2147483647	26
119	18	6	50	595	2147483647	30
120	18	6	40	600	2147483647	24
121	21	17	20	605	2147483647	29
122	1	29	10	610	2147483647	25
123	21	17	30	615	2147483647	25
124	1	29	30	620	2147483647	23
125	1	29	40	625	2147483647	21
126	7	31	10	630	2147483647	30
127	18	6	50	635	2147483647	22
128	1	29	20	640	2147483647	27
129	1	29	20	645	2147483647	28
130	1	29	50	650	2147483647	21
131	7	31	40	655	2147483647	26
132	1	29	20	660	2147483647	30
133	18	6	30	665	2147483647	23
134	21	17	50	670	2147483647	25
135	1	29	30	675	2147483647	28
136	18	6	10	680	2147483647	21
137	7	31	50	685	2147483647	27
138	7	31	10	690	2147483647	23
139	21	17	30	695	2147483647	21
140	21	17	10	700	2147483647	30
141	21	17	40	705	2147483647	25
142	1	29	10	710	2147483647	28
143	7	31	40	715	2147483647	22
144	1	29	20	720	2147483647	29
145	7	31	40	725	2147483647	21
146	1	29	30	730	2147483647	20
147	7	31	10	735	2147483647	19
148	1	29	30	740	2147483647	19
149	21	17	50	745	2147483647	27
150	21	17	30	750	2147483647	26
151	7	31	30	755	2147483647	30
152	4	23	30	760	2147483647	23
153	7	31	10	765	2147483647	23
154	18	6	20	770	2147483647	26
155	7	31	40	775	2147483647	25
156	1	29	20	780	2147483647	22
157	4	23	50	785	2147483647	26
158	1	29	10	790	2147483647	19
159	4	23	20	795	2147483647	27
160	4	23	50	800	2147483647	24
161	18	6	10	805	2147483647	20
162	7	31	10	810	2147483647	30
163	18	6	50	815	2147483647	20
164	18	6	50	820	2147483647	23
165	18	6	30	825	2147483647	27
166	1	29	50	830	2147483647	23
167	18	6	40	835	2147483647	23
168	21	17	50	840	2147483647	28
169	7	31	20	845	2147483647	22
170	21	17	20	850	2147483647	22
171	4	23	30	855	2147483647	21
172	7	31	50	860	2147483647	24
173	4	23	20	865	2147483647	23
174	18	6	40	870	2147483647	30
175	4	23	10	875	2147483647	29
176	21	17	10	880	2147483647	19
177	4	23	20	885	2147483647	22
178	7	31	20	890	2147483647	26
179	4	23	50	895	2147483647	20
180	21	17	20	900	2147483647	20
181	1	29	10	905	2147483647	30
182	18	6	30	910	2147483647	21
183	18	6	20	915	2147483647	19
184	1	29	50	920	2147483647	20
185	4	23	20	925	2147483647	22
186	1	29	20	930	2147483647	21
187	4	23	10	935	2147483647	26
188	1	29	20	940	2147483647	27
189	18	6	10	945	2147483647	19
190	1	29	10	950	2147483647	25
191	7	31	10	955	2147483647	26
192	4	23	40	960	2147483647	27
193	18	6	50	965	2147483647	27
194	18	6	30	970	2147483647	28
195	7	31	50	975	2147483647	28
196	1	29	40	980	2147483647	26
197	7	31	20	985	2147483647	27
198	18	6	40	990	2147483647	30
199	7	31	40	995	2147483647	21
200	4	23	40	1000	2147483647	29
201	7	31	40	1005	2147483647	28
202	21	17	10	1010	2147483647	22
203	18	6	20	1015	2147483647	28
204	21	17	30	1020	2147483647	24
205	4	23	50	1025	2147483647	23
206	21	17	40	1030	2147483647	25
207	21	17	10	1035	2147483647	19
208	18	6	20	1040	2147483647	23
209	7	31	10	1045	2147483647	28
210	7	31	40	1050	2147483647	24
211	7	31	50	1055	2147483647	19
212	21	17	30	1060	2147483647	19
213	4	23	10	1065	2147483647	29
214	4	23	50	1070	2147483647	26
215	4	23	50	1075	2147483647	25
216	1	29	40	1080	2147483647	29
217	4	23	40	1085	2147483647	30
218	18	6	50	1090	2147483647	30
219	21	17	40	1095	2147483647	20
220	18	6	20	1100	2147483647	25
221	7	31	40	1105	2147483647	28
222	18	6	30	1110	2147483647	26
223	7	31	50	1115	2147483647	27
224	7	31	10	1120	2147483647	28
225	1	29	20	1125	2147483647	27
226	21	17	40	1130	2147483647	25
227	4	23	50	1135	2147483647	28
228	18	6	40	1140	2147483647	26
229	7	31	40	1145	2147483647	21
230	4	23	30	1150	2147483647	22
231	18	6	50	1155	2147483647	22
232	1	29	40	1160	2147483647	22
233	21	17	40	1165	2147483647	23
234	1	29	10	1170	2147483647	22
235	18	6	40	1175	2147483647	22
236	18	6	10	1180	2147483647	26
237	21	17	20	1185	2147483647	24
238	18	6	40	1190	2147483647	26
239	7	31	10	1195	2147483647	28
240	4	23	30	1200	2147483647	28
241	18	6	10	1205	2147483647	21
242	1	29	40	1210	2147483647	21
243	18	6	10	1215	2147483647	30
244	4	23	30	1220	2147483647	25
245	18	6	20	1225	2147483647	24
246	21	17	30	1230	2147483647	25
247	1	29	40	1235	2147483647	29
248	21	17	10	1240	2147483647	20
249	7	31	40	1245	2147483647	22
250	4	23	20	1250	2147483647	30
251	4	23	50	1255	2147483647	26
252	4	23	30	1260	2147483647	28
253	4	23	10	1265	2147483647	29
254	4	23	30	1270	2147483647	27
255	7	31	50	1275	2147483647	19
256	18	6	20	1280	2147483647	20
257	1	29	10	1285	2147483647	26
258	4	23	10	1290	2147483647	19
259	21	17	20	1295	2147483647	27
260	4	23	10	1300	2147483647	29
261	4	23	50	1305	2147483647	27
262	7	31	20	1310	2147483647	23
263	7	31	40	1315	2147483647	21
264	18	6	40	1320	2147483647	24
265	4	23	40	1325	2147483647	21
266	7	31	20	1330	2147483647	28
267	21	17	50	1335	2147483647	26
268	18	6	50	1340	2147483647	25
269	18	6	20	1345	2147483647	22
270	18	6	50	1350	2147483647	29
271	1	29	20	1355	2147483647	23
272	18	6	50	1360	2147483647	23
273	4	23	50	1365	2147483647	21
274	18	6	10	1370	2147483647	22
275	21	17	10	1375	2147483647	22
276	7	31	10	1380	2147483647	26
277	1	29	20	1385	2147483647	26
278	18	6	20	1390	2147483647	20
279	4	23	40	1395	2147483647	22
280	18	6	40	1400	2147483647	20
281	21	17	10	1405	2147483647	26
282	7	31	50	1410	2147483647	27
283	4	23	10	1415	2147483647	23
284	1	29	30	1420	2147483647	22
285	21	17	30	1425	2147483647	26
286	21	17	30	1430	2147483647	24
287	4	23	30	1435	2147483647	24
288	4	23	10	1440	2147483647	27
289	4	23	10	1445	2147483647	21
290	21	17	20	1450	2147483647	20
291	1	29	50	1455	2147483647	19
292	18	6	10	1460	2147483647	24
293	18	6	20	1465	2147483647	29
294	18	6	50	1470	2147483647	29
295	1	29	40	1475	2147483647	19
296	4	23	40	1480	2147483647	28
297	4	23	10	1485	2147483647	30
298	21	17	30	1490	2147483647	25
299	21	17	40	1495	2147483647	23
300	4	23	50	1500	2147483647	27
301	1	29	40	1505	2147483647	30
302	7	31	40	1510	2147483647	22
303	4	23	50	1515	2147483647	28
304	18	6	50	1520	2147483647	23
305	4	23	50	1525	2147483647	25
306	1	29	10	1530	2147483647	22
307	21	17	30	1535	2147483647	26
308	18	6	10	1540	2147483647	25
309	4	23	20	1545	2147483647	23
310	1	29	50	1550	2147483647	24
311	18	6	50	1555	2147483647	25
312	21	17	50	1560	2147483647	24
313	1	29	30	1565	2147483647	27
314	7	31	40	1570	2147483647	26
315	7	31	10	1575	2147483647	21
316	21	17	10	1580	2147483647	19
317	18	6	20	1585	2147483647	19
318	4	23	10	1590	2147483647	30
319	18	6	10	1595	2147483647	28
320	7	31	20	1600	2147483647	27
321	18	6	50	1605	2147483647	22
322	18	6	40	1610	2147483647	29
323	21	17	40	1615	2147483647	22
324	4	23	50	1620	2147483647	20
325	18	6	10	1625	2147483647	29
326	7	31	20	1630	2147483647	30
327	21	17	30	1635	2147483647	24
328	18	6	10	1640	2147483647	22
329	1	29	20	1645	2147483647	22
330	4	23	20	1650	2147483647	25
331	18	6	50	1655	2147483647	26
332	1	29	50	1660	2147483647	20
333	18	6	40	1665	2147483647	27
334	21	17	40	1670	2147483647	26
335	1	29	10	1675	2147483647	20
336	1	29	20	1680	2147483647	23
337	1	29	50	1685	2147483647	29
338	1	29	20	1690	2147483647	30
339	7	31	30	1695	2147483647	27
340	21	17	30	1700	2147483647	22
341	21	17	50	1705	2147483647	29
342	1	29	30	1710	2147483647	29
343	21	17	50	1715	2147483647	23
344	18	6	20	1720	2147483647	28
345	4	23	20	1725	2147483647	26
346	18	6	50	1730	2147483647	25
347	1	29	40	1735	2147483647	28
348	7	31	40	1740	2147483647	22
349	4	23	40	1745	2147483647	26
350	18	6	40	1750	2147483647	30
351	18	6	30	1755	2147483647	27
352	21	17	50	1760	2147483647	30
353	4	23	20	1765	2147483647	27
354	18	6	20	1770	2147483647	27
355	18	6	10	1775	2147483647	23
356	7	31	50	1780	2147483647	20
357	21	17	50	1785	2147483647	30
358	1	29	50	1790	2147483647	27
359	1	29	50	1795	2147483647	24
360	7	31	40	1800	2147483647	25
361	1	29	30	1805	2147483647	29
362	4	23	30	1810	2147483647	23
363	18	6	40	1815	2147483647	21
364	1	29	10	1820	2147483647	28
365	21	17	10	1825	2147483647	28
366	1	29	10	1830	2147483647	23
367	7	31	10	1835	2147483647	28
368	18	6	40	1840	2147483647	19
369	4	23	40	1845	2147483647	24
370	7	31	40	1850	2147483647	29
371	21	17	10	1855	2147483647	21
372	1	29	10	1860	2147483647	20
373	21	17	40	1865	2147483647	21
374	4	23	30	1870	2147483647	25
375	7	31	30	1875	2147483647	29
376	1	29	30	1880	2147483647	24
377	4	23	50	1885	2147483647	24
378	7	31	30	1890	2147483647	25
379	21	17	30	1895	2147483647	24
380	1	29	10	1900	2147483647	23
381	7	31	40	1905	2147483647	20
382	18	6	50	1910	2147483647	21
383	7	31	20	1915	2147483647	26
384	7	31	40	1920	2147483647	23
385	1	29	50	1925	2147483647	28
386	18	6	50	1930	2147483647	27
387	4	23	30	1935	2147483647	24
388	21	17	20	1940	2147483647	19
389	4	23	40	1945	2147483647	22
390	4	23	10	1950	2147483647	19
391	18	6	20	1955	2147483647	24
392	21	17	10	1960	2147483647	20
393	21	17	20	1965	2147483647	24
394	1	29	50	1970	2147483647	21
395	7	31	10	1975	2147483647	24
396	4	23	30	1980	2147483647	25
397	21	17	40	1985	2147483647	27
398	7	31	40	1990	2147483647	25
399	4	23	10	1995	2147483647	19
400	4	23	20	2000	2147483647	21
401	7	31	40	2005	2147483647	28
402	21	17	50	2010	2147483647	27
403	1	29	10	2015	2147483647	28
404	21	17	50	2020	2147483647	28
405	4	23	30	2025	2147483647	28
406	1	29	20	2030	2147483647	26
407	1	29	20	2035	2147483647	27
408	1	29	50	2040	2147483647	21
409	4	23	50	2045	2147483647	28
410	18	6	40	2050	2147483647	29
411	18	6	50	2055	2147483647	27
412	18	6	30	2060	2147483647	24
413	18	6	30	2065	2147483647	21
414	1	29	50	2070	2147483647	20
415	1	29	50	2075	2147483647	23
416	21	17	40	2080	2147483647	26
417	7	31	10	2085	2147483647	27
418	4	23	50	2090	2147483647	29
419	21	17	10	2095	2147483647	19
420	4	23	10	2100	2147483647	19
421	4	23	30	2105	2147483647	30
422	7	31	50	2110	2147483647	27
423	7	31	50	2115	2147483647	28
424	1	29	30	2120	2147483647	24
425	4	23	30	2125	2147483647	24
426	21	17	10	2130	2147483647	19
427	18	6	40	2135	2147483647	26
428	7	31	40	2140	2147483647	19
429	21	17	30	2145	2147483647	19
430	18	6	50	2150	2147483647	23
431	18	6	40	2155	2147483647	28
432	7	31	10	2160	2147483647	29
433	1	29	30	2165	2147483647	25
434	4	23	20	2170	2147483647	21
435	18	6	20	2175	2147483647	26
436	7	31	40	2180	2147483647	24
437	1	29	40	2185	2147483647	23
438	21	17	30	2190	2147483647	28
439	18	6	20	2195	2147483647	26
440	1	29	30	2200	2147483647	20
441	18	6	40	2205	2147483647	30
442	4	23	40	2210	2147483647	22
443	4	23	20	2215	2147483647	21
444	18	6	50	2220	2147483647	23
445	18	6	20	2225	2147483647	23
446	21	17	50	2230	2147483647	30
447	4	23	30	2235	2147483647	29
448	7	31	30	2240	2147483647	23
449	1	29	50	2245	2147483647	28
450	7	31	30	2250	2147483647	28
451	7	31	20	2255	2147483647	28
452	18	6	50	2260	2147483647	28
453	7	31	30	2265	2147483647	25
454	21	17	50	2270	2147483647	30
455	21	17	40	2275	2147483647	22
456	21	17	50	2280	2147483647	19
457	1	29	10	2285	2147483647	30
458	1	29	40	2290	2147483647	22
459	4	23	30	2295	2147483647	23
460	4	23	30	2300	2147483647	27
461	21	17	30	2305	2147483647	19
462	18	6	30	2310	2147483647	27
463	18	6	20	2315	2147483647	20
464	1	29	50	2320	2147483647	24
465	21	17	10	2325	2147483647	20
466	4	23	40	2330	2147483647	28
467	1	29	50	2335	2147483647	29
468	21	17	20	2340	2147483647	19
469	7	31	40	2345	2147483647	25
470	18	6	20	2350	2147483647	30
471	21	17	50	2355	2147483647	21
472	21	17	40	2360	2147483647	30
473	18	6	40	2365	2147483647	22
474	21	17	40	2370	2147483647	29
475	1	29	30	2375	2147483647	20
476	1	29	50	2380	2147483647	27
477	1	29	30	2385	2147483647	24
478	4	23	10	2390	2147483647	23
479	21	17	20	2395	2147483647	20
480	4	23	30	2400	2147483647	24
481	18	6	30	2405	2147483647	20
482	4	23	20	2410	2147483647	22
483	7	31	50	2415	2147483647	22
484	1	29	10	2420	2147483647	21
485	7	31	40	2425	2147483647	25
486	21	17	40	2430	2147483647	30
487	1	29	40	2435	2147483647	23
488	1	29	30	2440	2147483647	26
489	4	23	30	2445	2147483647	30
490	4	23	20	2450	2147483647	25
491	7	31	40	2455	2147483647	24
492	1	29	10	2460	2147483647	20
493	4	23	50	2465	2147483647	23
494	7	31	40	2470	2147483647	29
495	18	6	50	2475	2147483647	20
496	1	29	10	2480	2147483647	22
497	18	6	20	2485	2147483647	20
498	18	6	30	2490	2147483647	28
499	18	6	50	2495	2147483647	21
