0	18	6	30	0	4217	26
1	4	23	50	8	1911	22
2	1	29	20	16	1786	22
3	7	31	40	24	2971	29
4	4	23	40	32	708	24
5	1	29	50	40	55	25
6	4	23	50	48	8443	19
7	1	29	30	56	1063	26
8	4	23	30	64	1546	24
9	21	17	20	72	1272	19
10	4	23	10	80	3803	26
11	21	17	10	88	3038	27
12	1	29	10	96	1105	22
13	1	29	50	104	5425	21
14	7	31	50	112	5157	28
15	1	29	50	120	1400	21
16	21	17	40	128	52	22
17	21	17	30	136	13055	27
18	1	29	40	144	2359	20
19	4	23	30	152	3567	27
20	18	6	30	160	4649	25
21	21	17	50	168	2880	26
22	1	29	20	176	1447	30
23	21	17	30	184	6236	30
24	7	31	30	192	2351	19
25	21	17	40	200	2403	25
26	21	17	50	208	4205	22
27	1	29	50	216	8810	26
28	4	23	20	224	4801	24
29	4	23	10	232	483	19
30	4	23	20	240	3506	25
31	18	6	10	248	10839	19
32	7	31	30	256	1062	26
33	1	29	20	264	1923	25
34	21	17	50	272	3509	21
35	1	29	10	280	389	23
36	7	31	10	288	814	20
37	1	29	20	296	1335	21
38	18	6	40	304	16067	21
39	21	17	10	312	1671	28
40	1	29	40	320	6480	27
41	1	29	30	328	1307	22
42	7	31	30	336	5004	28
43	4	23	40	344	2343	28
44	7	31	20	352	1091	27
45	4	23	50	360	2278	21
46	1	29	50	368	12977	22
47	18	6	10	400	3209	22
48	7	31	20	410	4035	20
49	21	17	30	420	30	26
50	1	29	10	430	31192	21
51	1	29	50	440	9527	23
52	7	31	20	450	1355	25
53	7	31	50	460	703	25
54	1	29	50	470	4307	28
55	18	6	30	480	595	30
56	4	23	30	490	317	22
57	1	29	50	500	3381	23
58	1	29	20	510	332	29
59	4	23	10	520	4960	30
60	1	29	10	530	1804	22
61	4	23	50	540	18178	23
62	7	31	10	550	3059	20
63	1	29	20	560	926	23
64	18	6	10	570	4666	24
65	18	6	10	580	4559	26
66	1	29	30	590	1420	20
67	1	29	40	600	7854	28
68	18	6	50	610	689	30
69	4	23	50	620	3995	24
70	18	6	40	630	471	20
71	7	31	30	640	5224	19
72	4	23	50	650	15602	24
73	1	29	40	660	439	23
74	18	6	40	670	6204	30
75	1	29	50	680	2099	22
76	18	6	30	690	6426	29
77	4	23	40	700	7869	20
78	18	6	20	710	3202	21
79	18	6	40	720	41	29
80	21	17	50	730	2698	22
81	7	31	50	740	416	19
82	4	23	40	750	1172	25
83	4	23	40	760	4701	29
84	18	6	50	770	485	29
85	4	23	30	780	4510	21
86	4	23	40	790	4154	24
87	1	29	40	800	298	20
88	21	17	30	808	5127	27
89	7	31	30	816	2360	21
90	7	31	30	824	66	19
91	4	23	20	832	3804	27
92	1	29	50	840	913	23
93	7	31	40	848	1266	22
94	7	31	50	856	15363	25
95	7	31	40	864	6701	23
96	4	23	20	872	5454	20
97	7	31	20	880	2829	23
98	18	6	40	888	5623	23
99	18	6	10	896	3271	20
100	18	6	20	904	581	19
101	1	29	10	912	427	24
102	21	17	10	920	1999	22
103	1	29	20	928	14	26
104	4	23	50	936	9068	25
105	4	23	40	944	1261	20
106	7	31	50	952	10516	29
107	7	31	40	960	810	21
108	18	6	10	968	1869	25
109	1	29	50	976	1155	24
110	21	17	10	984	1654	19
111	21	17	50	992	973	21
112	21	17	40	1000	79	21
113	21	17	40	1008	287	30
114	7	31	10	1016	993	26
115	4	23	20	1024	1227	21
116	21	17	20	1032	5316	28
117	1	29	20	1040	7414	21
118	7	31	20	1048	387	25
119	21	17	40	1056	49	21
120	21	17	30	1064	138	20
121	21	17	50	1072	1029	19
122	1	29	20	1080	590	19
123	4	23	30	1088	4986	28
124	21	17	30	1096	3820	24
125	21	17	20	1104	2752	23
126	4	23	30	1112	2977	27
127	7	31	20	1120	4929	21
128	18	6	40	1128	536	28
129	4	23	50	1136	14795	26
130	4	23	40	1144	4363	21
131	4	23	10	1152	1383	25
132	18	6	50	1200	445	28
133	21	17	10	1211	19460	20
134	21	17	20	1222	8316	28
135	7	31	40	1233	1972	28
136	7	31	40	1244	4889	28
137	18	6	20	1255	1152	30
138	21	17	50	1266	6336	23
139	21	17	20	1277	7428	28
140	7	31	30	1288	5519	22
141	21	17	10	1299	2484	22
142	21	17	30	1310	4796	25
143	21	17	30	1321	2550	21
144	7	31	20	1332	452	21
145	7	31	30	1343	6446	28
146	7	31	30	1354	3605	25
147	18	6	20	1365	579	23
148	1	29	30	1376	211	26
149	18	6	40	1387	5010	22
150	21	17	20	1398	322	26
151	4	23	50	1409	9248	29
152	1	29	50	1420	2142	28
153	18	6	10	1431	5427	20
154	4	23	40	1442	2973	30
155	4	23	20	1453	9559	19
156	1	29	50	1464	13316	24
157	4	23	30	1475	4568	25
158	18	6	40	1486	1967	21
159	7	31	30	1497	2035	20
160	21	17	20	1508	5474	23
161	21	17	40	1519	991	27
162	18	6	50	1530	239	23
163	7	31	10	1541	2030	30
164	4	23	20	1552	3535	22
165	4	23	50	1563	190	25
166	7	31	50	1574	469	24
167	21	17	30	1600	111	20
168	1	29	20	1613	865	20
169	21	17	20	1626	7102	28
170	21	17	30	1639	3272	24
171	4	23	10	1652	2653	29
172	1	29	30	1665	198	29
173	7	31	10	1678	1143	28
174	1	29	10	1691	1225	30
175	21	17	20	1704	3389	29
176	1	29	30	1717	3006	24
177	1	29	40	1730	4382	28
178	7	31	20	1743	3721	25
179	18	6	50	1756	6744	26
180	1	29	50	1769	9354	29
181	1	29	10	1782	1977	22
182	7	31	50	1795	4279	25
183	1	29	10	1808	2118	24
184	7	31	40	1821	9122	30
185	1	29	40	1834	5761	22
186	4	23	20	1847	8405	27
187	21	17	50	1860	1802	26
188	4	23	20	1873	2522	20
189	18	6	50	1886	13595	27
190	7	31	40	1899	2214	23
191	1	29	10	1912	99	22
192	1	29	30	1925	7921	28
193	18	6	20	1938	2016	21
194	1	29	50	1951	413	23
195	21	17	40	1964	3010	26
196	4	23	10	2000	2074	29
197	1	29	20	2009	1429	25
198	4	23	10	2018	8638	30
199	18	6	20	2027	249	26
200	21	17	30	2036	4680	23
201	21	17	50	2045	3344	23
202	18	6	10	2054	11274	22
203	1	29	10	2063	997	29
204	18	6	10	2072	676	29
205	18	6	20	2081	3591	27
206	18	6	30	2090	7655	19
207	18	6	50	2099	726	19
208	1	29	50	2108	2604	21
209	4	23	20	2117	12232	20
210	18	6	50	2126	1911	25
211	21	17	20	2135	1418	26
212	21	17	20	2144	313	30
213	21	17	50	2153	3410	25
214	4	23	40	2162	2735	21
215	7	31	20	2171	1756	19
216	1	29	40	2180	3306	20
217	18	6	40	2189	4163	30
218	21	17	30	2198	2775	30
219	18	6	40	2207	6942	30
220	21	17	40	2216	739	28
221	7	31	10	2225	5513	28
222	4	23	20	2234	3280	19
223	7	31	20	2243	1034	23
224	1	29	40	2252	2080	23
225	7	31	20	2261	3055	21
226	18	6	30	2270	3901	20
227	21	17	10	2279	4227	27
228	7	31	10	2288	651	23
229	18	6	20	2297	5312	22
230	4	23	10	2306	730	30
231	1	29	10	2315	1034	30
232	4	23	40	2324	6075	29
233	18	6	50	2333	3149	29
234	18	6	20	2342	534	21
235	18	6	50	2351	1643	25
236	21	17	50	2360	2389	19
237	4	23	40	2400	2292	27
238	7	31	50	2410	1181	26
239	4	23	20	2420	1456	22
240	21	17	10	2430	9660	22
241	1	29	20	2440	4973	26
242	21	17	10	2450	8624	24
243	21	17	10	2460	2892	30
244	1	29	50	2470	3533	20
245	21	17	30	2480	541	28
246	18	6	50	2490	11927	22
247	1	29	40	2500	1360	21
248	7	31	40	2510	9238	30
249	18	6	40	2520	5432	23
250	7	31	50	2530	13578	25
251	18	6	20	2540	5671	30
252	1	29	50	2550	6440	25
253	18	6	20	2560	251	30
254	4	23	40	2570	8894	29
255	1	29	30	2580	11364	26
256	4	23	40	2590	28	23
257	7	31	40	2600	4985	29
258	21	17	30	2610	6755	24
259	7	31	50	2620	3884	27
260	21	17	50	2630	13983	26
261	4	23	30	2640	892	22
262	7	31	50	2650	64	26
263	21	17	30	2660	5442	30
264	1	29	10	2670	6169	21
265	18	6	50	2680	659	26
266	18	6	30	2690	2914	28
267	4	23	30	2700	3022	19
268	7	31	30	2710	2381	22
269	18	6	50	2720	689	27
270	21	17	20	2730	9441	30
271	7	31	10	2740	539	24
272	4	23	50	2750	1984	22
273	4	23	20	2760	868	27
274	4	23	40	2770	9770	27
275	7	31	20	2780	2443	21
276	21	17	10	2800	7974	23
277	7	31	10	2807	183	19
278	4	23	20	2814	4100	21
279	18	6	10	2821	1307	26
280	4	23	30	2828	3516	29
281	18	6	40	2835	1629	29
282	1	29	30	2842	5572	27
283	18	6	20	2849	2092	19
284	4	23	30	2856	5854	28
285	1	29	40	2863	2104	30
286	21	17	20	2870	2233	23
287	18	6	20	2877	5093	29
288	21	17	20	2884	4236	19
289	1	29	50	2891	810	26
290	21	17	10	2898	1601	20
291	1	29	20	2905	5348	21
292	4	23	20	2912	3879	21
293	1	29	10	2919	4024	30
294	4	23	30	2926	1635	26
295	18	6	40	2933	4959	30
296	4	23	30	2940	4758	30
297	21	17	30	2947	606	24
298	7	31	50	2954	5216	28
299	21	17	10	2961	2281	25
300	4	23	10	2968	3758	19
301	21	17	30	2975	2172	22
302	4	23	10	2982	7322	29
303	4	23	40	2989	5423	21
304	4	23	30	2996	7262	23
305	1	29	50	3003	7334	19
306	7	31	30	3010	1826	26
307	7	31	30	3017	3715	29
308	21	17	40	3024	640	22
309	7	31	20	3031	2280	26
310	18	6	30	3038	324	21
311	7	31	40	3045	13095	23
312	1	29	20	3052	295	26
313	4	23	30	3059	3075	29
314	1	29	30	3066	148	28
315	7	31	10	3073	4031	28
316	18	6	10	3080	2379	26
317	18	6	30	3087	3751	26
318	18	6	10	3094	14739	20
319	21	17	20	3101	1892	21
320	18	6	40	3108	5151	22
321	21	17	10	3115	6384	29
322	4	23	20	3122	8383	30
323	4	23	40	3129	1232	27
324	4	23	50	3136	7053	26
325	7	31	10	3143	736	28
326	1	29	40	3150	2815	22
327	18	6	50	3157	5656	23
328	21	17	50	3164	7852	20
329	1	29	10	3171	905	27
330	18	6	50	3178	5733	21
331	1	29	30	3200	5136	29
332	21	17	20	3209	1520	21
333	7	31	20	3218	925	27
334	21	17	10	3227	4430	25
335	4	23	50	3236	725	25
336	7	31	30	3245	2732	30
337	7	31	40	3254	37	24
338	21	17	40	3263	3376	27
339	4	23	30	3272	10548	27
340	18	6	20	3281	174	22
341	1	29	40	3290	6922	25
342	4	23	40	3299	3396	26
343	18	6	50	3308	986	24
344	21	17	20	3317	446	23
345	1	29	30	3326	1833	28
346	1	29	50	3335	4388	25
347	1	29	50	3344	353	22
348	21	17	40	3353	3643	20
349	21	17	20	3362	4822	29
350	21	17	40	3371	1216	23
351	1	29	50	3380	364	23
352	4	23	30	3389	725	23
353	7	31	30	3398	1733	26
354	4	23	20	3407	4957	21
355	4	23	50	3416	6682	20
356	18	6	20	3425	3123	22
357	1	29	30	3434	3418	21
358	21	17	50	3443	9803	26
359	7	31	30	3452	4422	26
360	21	17	10	3461	1630	27
361	4	23	40	3470	3763	22
362	21	17	40	3479	5472	28
363	7	31	40	3488	11629	25
364	18	6	30	3497	4472	24
365	18	6	10	3506	1752	23
366	21	17	20	3515	4152	20
367	4	23	10	3524	7996	29
368	7	31	20	3533	8061	22
369	7	31	30	3542	8179	21
370	21	17	30	3551	603	28
371	7	31	20	3560	2311	20
372	4	23	50	3569	156	30
373	21	17	40	3578	190	24
374	4	23	10	3587	1628	29
375	18	6	10	3600	9264	28
376	4	23	30	3612	1020	22
377	18	6	20	3624	4296	25
378	4	23	20	3636	695	22
379	4	23	20	3648	2470	29
380	7	31	10	3660	2789	21
381	1	29	50	3672	2184	19
382	18	6	20	3684	692	21
383	21	17	30	3696	693	22
384	1	29	20	3708	11269	23
385	18	6	10	3720	4487	29
386	4	23	50	3732	3259	25
387	1	29	40	3744	13368	26
388	1	29	50	3756	2742	24
389	18	6	10	3768	7802	24
390	18	6	40	3780	3911	22
391	4	23	10	3792	10122	27
392	7	31	40	3804	402	29
393	1	29	10	3816	9253	20
394	4	23	20	3828	3601	30
395	21	17	40	3840	2268	19
396	18	6	50	3852	322	27
397	7	31	10	3864	3943	19
398	21	17	30	3876	3154	30
399	7	31	20	3888	5558	19
400	1	29	10	3900	5118	26
401	4	23	50	3912	6470	27
402	18	6	30	3924	982	30
403	18	6	10	3936	5196	29
404	21	17	50	3948	3287	19
405	18	6	20	3960	6933	22
406	7	31	50	3972	199	24
407	7	31	50	3984	508	30
408	18	6	30	4000	69	27
409	18	6	20	4011	6624	24
410	1	29	20	4022	3534	28
411	21	17	50	4033	8601	28
412	4	23	20	4044	2144	29
413	4	23	40	4055	2413	27
414	1	29	30	4066	730	24
415	21	17	20	4077	9811	27
416	1	29	30	4088	2396	19
417	21	17	20	4099	3530	25
418	7	31	20	4110	20	21
419	1	29	30	4121	27037	26
420	21	17	10	4132	6388	28
421	7	31	30	4143	4573	25
422	18	6	10	4154	1837	24
423	18	6	20	4165	35	29
424	18	6	50	4176	1133	30
425	18	6	30	4187	992	20
426	1	29	40	4198	1682	21
427	18	6	40	4209	591	29
428	18	6	20	4220	2412	24
429	7	31	30	4231	9269	29
430	21	17	10	4242	6948	19
431	7	31	30	4253	3647	21
432	4	23	50	4264	479	25
433	21	17	50	4275	2101	22
434	18	6	20	4286	5371	21
435	18	6	20	4297	4821	25
436	7	31	30	4308	908	19
437	1	29	10	4319	2260	22
438	21	17	40	4330	3652	22
439	7	31	10	4341	497	19
440	4	23	10	4352	3929	23
441	7	31	10	4363	2304	26
442	21	17	20	4374	11778	29
443	21	17	40	4400	4647	19
444	18	6	40	4410	1264	27
445	18	6	40	4420	5393	24
446	1	29	40	4430	2815	28
447	1	29	10	4440	4115	21
448	21	17	40	4450	5298	26
449	7	31	50	4460	4553	22
450	21	17	10	4470	16112	30
451	4	23	40	4480	2701	21
452	1	29	40	4490	3888	29
453	7	31	10	4500	3164	23
454	7	31	20	4510	12259	21
455	4	23	30	4520	165	20
456	1	29	40	4530	2271	21
457	1	29	20	4540	937	20
458	1	29	20	4550	2619	30
459	7	31	20	4560	1666	29
460	18	6	30	4570	2615	20
461	4	23	10	4580	9692	26
462	4	23	30	4590	4392	24
463	4	23	10	4600	492	29
464	18	6	20	4610	16839	24
465	4	23	50	4620	17868	25
466	4	23	10	4630	5889	21
467	4	23	20	4640	25	26
468	18	6	20	4650	5008	24
469	21	17	10	4660	2513	29
470	18	6	50	4670	4963	27
471	1	29	20	4680	76	28
472	21	17	40	4690	17555	22
473	21	17	10	4700	8764	20
474	4	23	20	4710	1868	21
475	1	29	10	4720	1782	21
476	7	31	20	4730	5294	26
477	4	23	30	4740	4573	23
478	21	17	30	4750	5355	20
479	21	17	10	4760	2824	24
480	18	6	40	4770	5011	22
481	21	17	40	4780	4824	19
482	18	6	10	4790	2065	21
483	7	31	30	4800	5933	21
484	7	31	20	4812	10067	29
485	4	23	30	4824	1619	28
486	4	23	40	4836	15005	23
487	7	31	40	4848	3341	20
488	1	29	40	4860	2430	19
489	7	31	40	4872	4792	20
490	1	29	40	4884	1243	22
491	7	31	10	4896	20606	30
492	1	29	40	4908	12083	23
493	18	6	20	4920	1194	23
494	4	23	30	4932	4052	30
495	1	29	50	4944	5010	28
496	18	6	30	4956	5903	20
497	18	6	20	4968	7125	19
498	7	31	30	4980	4841	26
499	21	17	50	4992	1328	20
500	21	17	30	5004	13987	22
501	4	23	20	5016	2764	21
502	7	31	40	5028	10551	27
503	1	29	40	5040	1245	28
504	18	6	10	5052	13872	25
505	21	17	40	5064	13212	21
506	4	23	50	5076	2800	30
507	18	6	40	5088	5289	28
508	1	29	40	5100	761	21
509	7	31	20	5112	3603	19
510	21	17	20	5124	1465	25
511	7	31	20	5136	5576	28
512	1	29	50	5148	2547	30
513	1	29	10	5160	14613	24
514	18	6	30	5172	3937	26
515	4	23	50	5184	6044	19
516	1	29	10	5200	2837	24
517	7	31	10	5209	8953	22
518	21	17	40	5218	875	30
519	21	17	40	5227	4225	26
520	21	17	20	5236	48	21
521	7	31	30	5245	914	19
522	4	23	40	5254	3202	26
523	7	31	40	5263	64	23
524	21	17	30	5272	889	26
525	4	23	40	5281	5044	27
526	21	17	40	5290	280	23
527	4	23	20	5299	5230	29
528	18	6	40	5308	1157	20
529	4	23	30	5317	4303	23
530	7	31	30	5326	3548	19
531	18	6	10	5335	9301	25
532	7	31	10	5344	15524	28
533	1	29	30	5353	2429	19
534	21	17	30	5362	3077	21
535	21	17	30	5371	969	19
536	1	29	50	5380	5917	22
537	18	6	30	5389	583	24
538	18	6	20	5398	6525	26
539	21	17	30	5407	12499	27
540	21	17	30	5416	7073	29
541	18	6	10	5425	1113	25
542	4	23	10	5434	1996	30
543	4	23	20	5443	7909	30
544	21	17	30	5452	1986	26
545	4	23	30	5461	2895	24
546	7	31	20	5470	2962	30
547	1	29	30	5479	15114	30
548	1	29	50	5488	3996	27
549	1	29	30	5497	7795	30
550	21	17	40	5506	923	23
551	7	31	30	5515	8416	29
552	4	23	30	5524	4032	20
553	7	31	40	5533	203	30
554	21	17	30	5542	1261	30
555	18	6	10	5551	5798	21
556	1	29	40	5560	11829	25
557	1	29	10	5569	9748	23
558	18	6	20	5578	282	20
559	21	17	20	5587	1162	28
560	21	17	10	5600	9034	28
561	1	29	40	5609	5948	19
562	21	17	10	5618	2632	27
563	7	31	10	5627	2889	29
564	1	29	50	5636	22	19
565	4	23	10	5645	2073	30
566	21	17	10	5654	5924	19
567	21	17	20	5663	63	30
568	1	29	30	5672	2300	21
569	4	23	10	5681	2117	25
570	18	6	10	5690	28	27
571	21	17	40	5699	1863	19
572	4	23	40	5708	373	27
573	21	17	20	5717	1100	21
574	1	29	10	5726	6923	27
575	4	23	20	5735	5861	27
576	1	29	20	5744	6673	20
577	21	17	20	5753	4677	26
578	21	17	10	5762	3917	27
579	4	23	10	5771	4610	21
580	21	17	20	5780	860	28
581	21	17	10	5789	379	24
582	4	23	30	5798	411	21
583	18	6	10	5807	2001	20
584	4	23	50	5816	2412	30
585	1	29	50	5825	4953	21
586	7	31	30	5834	1243	24
587	1	29	20	5843	10621	28
588	1	29	50	5852	816	20
589	7	31	30	5861	5902	30
590	7	31	40	5870	1243	25
591	21	17	40	5879	7853	30
592	21	17	20	5888	279	22
593	4	23	50	5897	3213	28
594	21	17	20	5906	249	30
595	7	31	40	5915	227	28
596	4	23	50	5924	5721	28
597	21	17	50	5933	8432	19
598	4	23	30	5942	7751	30
599	18	6	20	5951	17333	26
600	4	23	20	5960	5428	24
601	7	31	10	5969	2832	19
602	21	17	50	5978	3103	27
603	7	31	40	6000	997	20
604	21	17	30	6008	7599	21
605	21	17	10	6016	7176	23
606	1	29	40	6024	6223	21
607	4	23	20	6032	2007	29
608	7	31	30	6040	1028	21
609	18	6	20	6048	2785	21
610	18	6	40	6056	12306	20
611	1	29	20	6064	1197	30
612	18	6	10	6072	1359	26
613	21	17	10	6080	1938	29
614	21	17	10	6088	241	19
615	21	17	10	6096	6537	22
616	7	31	20	6104	4511	29
617	7	31	50	6112	370	25
618	1	29	20	6120	253	30
619	21	17	50	6128	1401	29
620	7	31	40	6136	591	25
621	21	17	50	6144	7402	21
622	7	31	20	6152	7112	29
623	18	6	10	6160	4386	21
624	7	31	20	6168	620	19
625	18	6	20	6176	638	28
626	21	17	30	6184	1455	27
627	1	29	50	6192	3079	29
628	21	17	50	6200	793	21
629	18	6	20	6208	5835	30
630	1	29	20	6216	32	29
631	1	29	30	6224	10808	19
632	4	23	40	6232	7169	27
633	4	23	40	6240	4059	20
634	21	17	40	6248	11360	28
635	18	6	20	6256	4634	28
636	21	17	10	6264	3201	28
637	21	17	40	6272	8380	20
638	4	23	30	6280	3135	30
639	7	31	50	6288	3861	25
640	21	17	20	6296	10158	19
641	1	29	10	6304	8237	26
642	18	6	50	6312	4855	26
643	21	17	40	6320	4597	29
644	4	23	40	6328	6803	29
645	7	31	30	6336	34	25
646	7	31	40	6344	3389	23
647	1	29	10	6352	4600	23
648	4	23	50	6360	2720	27
649	21	17	20	6368	1180	27
650	1	29	30	6376	1906	30
651	21	17	10	6384	4463	21
652	21	17	30	6392	6794	20
653	4	23	40	6400	3288	20
654	4	23	40	6409	7573	20
655	7	31	30	6418	9199	21
656	21	17	50	6427	4512	20
657	4	23	50	6436	8276	24
658	21	17	20	6445	320	19
659	4	23	20	6454	4854	24
660	21	17	30	6463	3009	27
661	1	29	50	6472	1161	22
662	4	23	30	6481	967	26
663	18	6	10	6490	2459	22
664	18	6	10	6499	2719	23
665	1	29	20	6508	84	19
666	4	23	30	6517	2215	21
667	7	31	20	6526	4205	25
668	21	17	30	6535	2336	20
669	7	31	40	6544	1864	22
670	1	29	50	6553	1172	25
671	21	17	30	6562	6423	27
672	18	6	30	6571	3151	26
673	4	23	30	6580	2335	23
674	21	17	30	6589	1876	29
675	4	23	30	6598	1231	29
676	4	23	50	6607	602	26
677	21	17	40	6616	640	19
678	21	17	30	6625	7550	23
679	21	17	50	6634	580	24
680	7	31	30	6643	3432	23
681	21	17	30	6652	3887	22
682	4	23	50	6661	177	20
683	1	29	30	6670	10324	25
684	18	6	50	6679	1966	30
685	18	6	20	6688	1636	26
686	18	6	50	6697	492	29
687	1	29	50	6706	1274	26
688	21	17	10	6715	6207	30
689	18	6	20	6724	171	25
690	18	6	30	6733	39	26
691	4	23	20	6742	4521	22
692	21	17	30	6751	6434	19
693	21	17	20	6760	7341	24
694	7	31	20	6769	379	29
695	21	17	30	6778	4422	27
696	4	23	40	6800	4288	30
697	1	29	40	6811	1117	22
698	7	31	30	6822	841	24
699	4	23	20	6833	6368	28
700	18	6	50	6844	3502	23
701	21	17	30	6855	10148	29
702	18	6	40	6866	1102	22
703	21	17	20	6877	515	24
704	21	17	20	6888	5	21
705	18	6	10	6899	3468	21
706	4	23	40	6910	544	26
707	18	6	10	6921	1878	28
708	4	23	20	6932	823	22
709	1	29	10	6943	3512	21
710	1	29	30	6954	5705	26
711	1	29	10	6965	3006	20
712	7	31	20	6976	101	20
713	1	29	20	6987	11391	25
714	7	31	40	6998	542	19
715	1	29	10	7009	9506	24
716	7	31	50	7020	936	20
717	4	23	10	7031	1372	20
718	1	29	20	7042	294	22
719	21	17	50	7053	685	27
720	7	31	20	7064	9419	20
721	18	6	40	7075	660	26
722	21	17	20	7086	7934	25
723	7	31	10	7097	2047	25
724	18	6	20	7108	1802	26
725	4	23	40	7119	3441	21
726	21	17	10	7130	30118	27
727	18	6	10	7141	4878	20
728	21	17	20	7152	1734	24
729	1	29	50	7163	4888	20
730	21	17	50	7200	3738	30
731	4	23	20	7208	9061	22
732	18	6	10	7216	12691	25
733	4	23	10	7224	213	25
734	7	31	10	7232	3208	20
735	7	31	10	7240	4258	25
736	7	31	40	7248	1916	30
737	4	23	40	7256	10234	27
738	1	29	10	7264	10248	23
739	1	29	50	7272	6611	27
740	7	31	40	7280	935	19
741	1	29	50	7288	5404	20
742	4	23	40	7296	363	22
743	21	17	50	7304	910	27
744	1	29	50	7312	1325	29
745	1	29	20	7320	2626	25
746	21	17	50	7328	4221	21
747	21	17	10	7336	7802	24
748	1	29	40	7344	5002	24
749	4	23	20	7352	810	24
750	18	6	30	7360	2467	26
751	1	29	40	7368	1830	29
752	21	17	20	7376	758	30
753	7	31	40	7384	131	28
754	7	31	50	7392	8881	27
755	21	17	20	7400	2256	27
756	1	29	10	7408	240	22
757	4	23	30	7416	7339	27
758	4	23	50	7424	5676	29
759	4	23	40	7432	2209	30
760	18	6	10	7440	3473	25
761	18	6	30	7448	2196	25
762	4	23	50	7456	93	22
763	18	6	20	7464	2621	20
764	1	29	20	7472	15119	22
765	7	31	10	7480	7969	22
766	7	31	50	7488	3378	26
767	1	29	10	7496	14463	26
768	18	6	20	7504	1979	23
769	1	29	40	7512	2551	25
770	4	23	20	7520	2990	24
771	1	29	20	7528	1347	24
772	4	23	50	7536	1833	27
773	1	29	30	7544	1217	25
774	1	29	20	7552	11896	27
775	7	31	30	7560	716	19
776	21	17	50	7568	270	22
777	21	17	30	7576	4300	29
778	4	23	10	7584	504	26
779	18	6	50	7600	8530	20
780	7	31	40	7610	10366	19
781	1	29	50	7620	610	21
782	1	29	30	7630	18850	27
783	18	6	10	7640	737	19
784	21	17	30	7650	1124	25
785	21	17	20	7660	1098	20
786	4	23	10	7670	5141	23
787	4	23	30	7680	10407	27
788	7	31	10	7690	700	29
789	7	31	50	7700	513	24
790	7	31	50	7710	3632	22
791	1	29	20	7720	3108	22
792	1	29	40	7730	719	29
793	7	31	30	7740	2760	23
794	7	31	50	7750	1035	21
795	4	23	10	7760	6169	24
796	4	23	10	7770	5063	28
797	1	29	20	7780	3726	20
798	21	17	30	7790	1027	24
799	4	23	40	7800	2168	25
800	18	6	20	7810	9677	30
801	7	31	50	7820	4543	26
802	4	23	50	7830	2520	19
803	1	29	50	7840	1108	30
804	1	29	50	7850	4278	19
805	1	29	20	7860	765	21
806	4	23	40	7870	31236	20
807	21	17	50	7880	9647	23
808	7	31	30	7890	348	19
809	1	29	30	7900	5198	27
810	1	29	20	7910	1820	23
811	1	29	40	7920	2041	23
812	1	29	20	7930	5117	19
813	18	6	10	7940	8368	28
814	7	31	10	7950	2767	30
815	1	29	10	7960	2310	23
816	1	29	10	7970	2259	29
817	1	29	50	7980	7712	22
818	4	23	50	7990	1075	26
819	1	29	10	8000	5343	20
820	18	6	10	8011	604	30
821	18	6	30	8022	4136	29
822	18	6	50	8033	6695	27
823	4	23	20	8044	1258	30
824	18	6	50	8055	8314	21
825	4	23	10	8066	17122	20
826	1	29	40	8077	518	25
827	21	17	30	8088	8135	22
828	18	6	40	8099	139	23
829	4	23	20	8110	710	21
830	1	29	30	8121	2362	21
831	7	31	30	8132	2459	21
832	1	29	50	8143	2264	23
833	1	29	30	8154	4817	19
834	21	17	30	8165	14086	20
835	1	29	50	8176	1130	23
836	7	31	50	8187	4485	20
837	1	29	30	8198	5528	28
838	18	6	10	8209	2866	19
839	21	17	10	8220	293	23
840	4	23	30	8231	1100	30
841	4	23	10	8242	6708	30
842	21	17	10	8253	7393	27
843	7	31	40	8264	2271	21
844	7	31	30	8275	5623	19
845	7	31	10	8286	877	29
846	21	17	50	8297	6826	21
847	7	31	40	8308	1358	20
848	1	29	20	8319	28140	24
849	7	31	40	8330	6230	29
850	18	6	50	8341	1751	26
851	18	6	20	8352	7963	25
852	7	31	30	8363	1850	25
853	7	31	30	8374	2688	22
854	18	6	40	8400	1304	26
855	1	29	50	8408	1240	19
856	18	6	50	8416	8050	29
857	21	17	30	8424	880	20
858	7	31	10	8432	1830	27
859	4	23	50	8440	4443	29
860	1	29	40	8448	216	26
861	4	23	20	8456	558	29
862	4	23	20	8464	8350	19
863	1	29	10	8472	10130	29
864	21	17	10	8480	1321	24
865	4	23	40	8488	9472	21
866	21	17	50	8496	13693	19
867	1	29	50	8504	87	30
868	4	23	30	8512	9462	26
869	4	23	10	8520	1167	25
870	4	23	20	8528	5784	21
871	1	29	40	8536	4589	19
872	21	17	40	8544	1680	21
873	7	31	40	8552	721	22
874	4	23	40	8560	2745	21
875	7	31	10	8568	1584	19
876	18	6	30	8576	6476	21
877	7	31	20	8584	1907	25
878	21	17	40	8592	2894	30
879	7	31	40	8600	4531	23
880	4	23	10	8608	734	30
881	4	23	50	8616	7172	24
882	21	17	10	8624	8162	28
883	7	31	50	8632	1123	24
884	18	6	20	8640	6605	25
885	21	17	20	8648	3494	26
886	21	17	10	8656	372	27
887	18	6	20	8664	11451	20
888	7	31	40	8672	2191	24
889	7	31	40	8680	4867	19
890	7	31	10	8688	1911	25
891	7	31	20	8696	2589	19
892	18	6	20	8704	1923	19
893	7	31	20	8712	7352	20
894	7	31	30	8720	72	27
895	21	17	10	8728	466	19
896	21	17	40	8736	11061	30
897	21	17	50	8744	10203	28
898	7	31	30	8752	658	27
899	18	6	50	8760	7548	29
900	7	31	10	8768	1043	29
901	21	17	50	8776	6374	22
902	1	29	10	8800	1924	24
903	4	23	10	8811	5482	30
904	1	29	30	8822	100	26
905	18	6	20	8833	4459	26
906	4	23	30	8844	2939	23
907	1	29	40	8855	919	21
908	18	6	50	8866	19726	19
909	4	23	40	8877	12075	25
910	21	17	30	8888	2499	29
911	7	31	30	8899	2670	22
912	1	29	40	8910	4589	20
913	1	29	20	8921	4675	22
914	1	29	40	8932	2797	30
915	7	31	40	8943	989	20
916	7	31	10	8954	1206	19
917	21	17	20	8965	3988	25
918	21	17	50	8976	476	22
919	1	29	50	8987	4799	29
920	4	23	30	8998	6802	25
921	4	23	30	9009	99	30
922	18	6	10	9020	3663	24
923	21	17	40	9031	903	25
924	21	17	10	9042	8259	30
925	7	31	50	9053	1358	21
926	21	17	20	9064	1430	19
927	1	29	30	9075	2789	19
928	21	17	20	9086	635	25
929	4	23	30	9097	1954	20
930	7	31	20	9108	1977	20
931	18	6	30	9119	8479	23
932	21	17	40	9130	1031	29
933	4	23	50	9141	4393	20
934	21	17	40	9152	2378	25
935	7	31	20	9163	1853	27
936	18	6	40	9174	2403	19
937	4	23	50	9200	529	29
938	4	23	30	9212	994	29
939	21	17	10	9224	585	30
940	18	6	40	9236	256	22
941	21	17	30	9248	8598	24
942	1	29	30	9260	11992	19
943	1	29	10	9272	2544	30
944	7	31	20	9284	1093	21
945	1	29	30	9296	8933	22
946	7	31	40	9308	6321	29
947	18	6	10	9320	4717	27
948	7	31	30	9332	1648	21
949	1	29	50	9344	6414	26
950	18	6	50	9356	7580	19
951	1	29	30	9368	1460	23
952	1	29	10	9380	6635	25
953	4	23	40	9392	2414	28
954	7	31	20	9404	126	22
955	1	29	30	9416	918	30
956	4	23	40	9428	877	28
957	18	6	30	9440	791	30
958	4	23	50	9452	8250	30
959	4	23	40	9464	5341	24
960	4	23	50	9476	1856	25
961	4	23	50	9488	74	22
962	1	29	20	9500	241	26
963	7	31	20	9512	3728	30
964	21	17	30	9524	3293	24
965	7	31	50	9536	3515	25
966	7	31	40	9548	1202	24
967	4	23	50	9560	64	19
968	1	29	40	9572	1103	28
969	4	23	20	9584	567	22
970	18	6	50	9600	5834	20
971	1	29	20	9610	586	20
972	18	6	50	9620	2117	27
973	21	17	40	9630	14947	22
974	21	17	10	9640	4048	26
975	7	31	50	9650	10869	19
976	4	23	50	9660	309	29
977	1	29	10	9670	552	25
978	1	29	30	9680	13189	23
979	7	31	40	9690	15715	27
980	21	17	20	9700	2723	23
981	4	23	10	9710	3748	22
982	18	6	50	9720	717	29
983	7	31	20	9730	1711	30
984	18	6	30	9740	3078	20
985	4	23	40	9750	351	27
986	1	29	30	9760	291	29
987	4	23	10	9770	5953	19
988	21	17	30	9780	4036	28
989	7	31	10	9790	1114	26
990	1	29	30	9800	763	29
991	21	17	20	9810	1270	19
992	21	17	50	9820	1156	30
993	1	29	50	9830	2640	23
994	4	23	10	9840	5790	23
995	7	31	40	9850	179	30
996	7	31	10	9860	6970	29
997	4	23	20	9870	1685	19
998	18	6	40	9880	9615	24
999	1	29	20	9890	4251	27
1000	4	23	40	9900	4011	29
1001	18	6	40	9910	6022	28
1002	1	29	30	9920	2401	29
1003	1	29	20	9930	920	29
1004	7	31	50	9940	127	24
1005	1	29	40	9950	4998	29
1006	21	17	30	9960	9012	27
1007	18	6	20	9970	7170	21
1008	7	31	40	9980	6783	21
1009	21	17	20	10000	408	22
1010	7	31	30	10014	560	19
1011	18	6	40	10028	281	21
1012	1	29	50	10042	976	25
1013	7	31	20	10056	8923	21
1014	4	23	30	10070	1114	20
1015	21	17	50	10084	5759	22
1016	1	29	10	10098	7698	23
1017	4	23	10	10112	4956	27
1018	18	6	40	10126	287	28
1019	18	6	40	10140	2592	27
1020	4	23	20	10154	2889	26
1021	18	6	40	10168	2657	23
1022	4	23	20	10182	1915	22
1023	18	6	30	10196	24751	21
1024	18	6	50	10210	12715	23
1025	4	23	30	10224	2735	19
1026	18	6	20	10238	8659	21
1027	1	29	10	10252	10516	22
1028	4	23	40	10266	949	30
1029	1	29	20	10280	3593	26
1030	1	29	50	10294	461	21
1031	21	17	40	10308	5245	29
1032	21	17	30	10322	991	19
1033	1	29	10	10336	1475	27
1034	18	6	50	10350	1705	29
1035	7	31	30	10364	5031	25
1036	4	23	40	10400	682	23
1037	18	6	40	10407	12741	30
1038	21	17	30	10414	1523	24
1039	18	6	50	10421	6936	21
1040	4	23	20	10428	838	30
1041	21	17	20	10435	1081	27
1042	7	31	30	10442	12654	29
1043	21	17	20	10449	3092	25
1044	1	29	30	10456	476	26
1045	7	31	50	10463	447	27
1046	21	17	20	10470	228	24
1047	1	29	40	10477	1776	27
1048	7	31	30	10484	1097	22
1049	4	23	20	10491	7	19
1050	7	31	40	10498	841	26
1051	18	6	10	10505	486	21
1052	1	29	30	10512	1283	22
1053	21	17	50	10519	2267	27
1054	7	31	50	10526	603	19
1055	18	6	10	10533	639	24
1056	7	31	30	10540	2027	25
1057	21	17	50	10547	2416	27
1058	21	17	20	10554	1136	25
1059	18	6	20	10561	3071	24
1060	21	17	20	10568	7044	26
1061	21	17	30	10575	13653	24
1062	21	17	40	10582	3893	21
1063	7	31	20	10589	1013	25
1064	21	17	30	10596	17731	19
1065	7	31	50	10603	2044	20
1066	4	23	10	10610	7547	20
1067	1	29	50	10617	9548	29
1068	4	23	20	10624	3153	23
1069	7	31	50	10631	2998	25
1070	4	23	10	10638	3728	30
1071	21	17	20	10645	9031	24
1072	4	23	30	10652	2001	21
1073	1	29	50	10659	1129	25
1074	21	17	30	10666	1357	28
1075	4	23	10	10673	1300	30
1076	4	23	20	10680	3000	24
1077	7	31	10	10687	7383	28
1078	18	6	50	10694	8671	26
1079	7	31	50	10701	7653	27
1080	7	31	20	10708	2317	25
1081	1	29	40	10715	2991	25
1082	18	6	30	10722	4656	30
1083	21	17	20	10729	940	29
1084	18	6	40	10736	2063	19
1085	7	31	40	10743	20755	19
1086	7	31	20	10750	2435	25
1087	1	29	40	10800	6182	22
1088	18	6	10	10811	737	26
1089	1	29	50	10822	889	23
1090	1	29	50	10833	1531	19
1091	7	31	40	10844	4860	26
1092	4	23	20	10855	4970	24
1093	7	31	10	10866	6069	19
1094	4	23	30	10877	21449	26
1095	7	31	40	10888	1004	25
1096	1	29	30	10899	3814	24
1097	21	17	10	10910	5295	22
1098	21	17	40	10921	3196	24
1099	18	6	40	10932	4981	24
1100	18	6	50	10943	1190	25
1101	7	31	30	10954	638	25
1102	7	31	20	10965	6710	22
1103	21	17	30	10976	4987	28
1104	1	29	20	10987	2013	20
1105	21	17	30	10998	1394	20
1106	21	17	30	11009	5105	30
1107	1	29	30	11020	115	27
1108	1	29	30	11031	625	30
1109	1	29	50	11042	7938	20
1110	7	31	40	11053	3871	30
1111	1	29	30	11064	3243	28
1112	4	23	10	11075	3356	19
1113	1	29	30	11086	2009	29
1114	7	31	10	11097	404	29
1115	7	31	40	11108	1435	20
1116	4	23	50	11119	1309	24
1117	21	17	20	11130	2128	23
1118	18	6	40	11141	6877	24
1119	1	29	50	11152	20268	19
1120	21	17	30	11163	11538	25
1121	4	23	30	11174	254	28
1122	21	17	40	11185	5384	22
1123	18	6	30	11200	1698	30
1124	7	31	10	11208	939	24
1125	7	31	30	11216	9329	22
1126	4	23	50	11224	813	19
1127	21	17	30	11232	3796	21
1128	7	31	30	11240	1154	30
1129	1	29	50	11248	271	22
1130	4	23	30	11256	4349	24
1131	4	23	10	11264	6314	20
1132	7	31	20	11272	1380	22
1133	21	17	20	11280	761	21
1134	18	6	10	11288	3614	20
1135	21	17	40	11296	1383	30
1136	18	6	20	11304	4999	21
1137	4	23	10	11312	14787	21
1138	7	31	10	11320	6726	27
1139	4	23	20	11328	460	29
1140	21	17	10	11336	1277	19
1141	7	31	40	11344	2232	29
1142	21	17	10	11352	4109	23
1143	1	29	20	11360	1459	25
1144	4	23	10	11368	3463	23
1145	21	17	30	11376	5751	22
1146	1	29	40	11384	581	26
1147	18	6	50	11392	1522	25
1148	21	17	50	11400	4614	20
1149	7	31	40	11408	4734	25
1150	18	6	40	11416	11448	19
1151	1	29	20	11424	902	19
1152	7	31	30	11432	9773	29
1153	7	31	50	11440	3252	23
1154	18	6	10	11448	5844	29
1155	21	17	20	11456	872	27
1156	21	17	50	11464	2094	22
1157	4	23	50	11472	2518	23
1158	18	6	30	11480	2799	22
1159	18	6	40	11488	2714	28
1160	4	23	30	11496	467	20
1161	21	17	10	11504	457	28
1162	4	23	10	11512	6015	27
1163	21	17	30	11520	329	27
1164	7	31	20	11528	891	26
1165	1	29	40	11536	7003	28
1166	18	6	10	11544	1224	24
1167	4	23	40	11552	2006	29
1168	21	17	30	11560	6435	27
1169	7	31	30	11568	6515	29
1170	4	23	20	11576	3546	29
1171	1	29	50	11600	1449	22
1172	1	29	20	11612	3652	26
1173	21	17	30	11624	4981	26
1174	1	29	40	11636	5094	19
1175	18	6	50	11648	2906	27
1176	4	23	20	11660	2176	24
1177	7	31	20	11672	2276	28
1178	21	17	20	11684	5821	25
1179	7	31	30	11696	2367	21
1180	7	31	40	11708	5836	27
1181	18	6	10	11720	8086	24
1182	21	17	30	11732	10547	19
1183	1	29	40	11744	3255	24
1184	21	17	10	11756	524	21
1185	18	6	20	11768	2471	24
1186	21	17	30	11780	8501	22
1187	21	17	30	11792	5316	30
1188	7	31	10	11804	2079	23
1189	4	23	40	11816	2037	23
1190	1	29	40	11828	8640	27
1191	21	17	30	11840	1130	29
1192	1	29	30	11852	2553	30
1193	18	6	20	11864	1550	30
1194	1	29	40	11876	25751	27
1195	1	29	50	11888	723	22
1196	18	6	30	11900	4198	21
1197	21	17	30	11912	3310	26
1198	4	23	50	11924	448	29
1199	18	6	30	11936	5592	25
1200	7	31	30	11948	2763	29
1201	4	23	50	11960	5402	27
1202	18	6	30	12000	2907	29
1203	1	29	30	12012	8502	22
1204	1	29	20	12024	447	26
1205	18	6	40	12036	4073	27
1206	1	29	50	12048	3697	24
1207	21	17	10	12060	897	22
1208	4	23	10	12072	7240	23
1209	1	29	20	12084	1159	20
1210	18	6	10	12096	5989	21
1211	18	6	30	12108	14553	24
1212	7	31	30	12120	4822	28
1213	4	23	50	12132	232	19
1214	7	31	10	12144	5165	20
1215	18	6	20	12156	1112	27
1216	1	29	40	12168	791	27
1217	4	23	20	12180	998	22
1218	1	29	30	12192	12510	24
1219	4	23	50	12204	5369	21
1220	1	29	10	12216	11656	25
1221	18	6	30	12228	3006	24
1222	21	17	40	12240	18053	25
1223	4	23	40	12252	2048	22
1224	7	31	40	12264	10061	20
1225	4	23	50	12276	1672	30
1226	21	17	20	12288	7138	23
1227	21	17	50	12300	1300	27
1228	7	31	40	12312	5003	29
1229	1	29	40	12324	3236	28
1230	1	29	20	12336	8055	24
1231	4	23	40	12348	7769	29
1232	1	29	20	12360	1589	29
1233	4	23	50	12400	55	19
1234	1	29	10	12412	11819	23
1235	1	29	50	12424	107	30
1236	21	17	40	12436	1728	26
1237	21	17	50	12448	195	28
1238	21	17	20	12460	2398	28
1239	4	23	30	12472	2647	25
1240	1	29	20	12484	7798	30
1241	1	29	30	12496	4552	19
1242	18	6	30	12508	9167	26
1243	7	31	50	12520	668	21
1244	1	29	40	12532	3899	21
1245	21	17	20	12544	9675	21
1246	18	6	50	12556	3156	20
1247	7	31	40	12568	2146	29
1248	4	23	20	12580	3626	28
1249	21	17	30	12592	5637	19
1250	1	29	20	12604	17026	25
1251	21	17	20	12616	2241	29
1252	21	17	10	12628	3733	20
1253	21	17	10	12640	1830	27
1254	1	29	30	12652	6584	19
1255	18	6	50	12664	14083	23
1256	7	31	10	12676	5575	21
1257	21	17	40	12688	492	25
1258	18	6	40	12700	13025	20
1259	7	31	30	12712	5777	26
1260	4	23	30	12724	6573	23
1261	18	6	50	12736	1576	27
1262	1	29	30	12748	2671	23
1263	4	23	30	12760	1322	25
1264	21	17	50	12772	1944	27
1265	21	17	20	12784	10086	23
1266	1	29	10	12800	4151	25
1267	1	29	40	12809	4643	28
1268	4	23	50	12818	459	27
1269	7	31	10	12827	4795	21
1270	18	6	40	12836	8894	20
1271	1	29	40	12845	565	30
1272	7	31	10	12854	5876	24
1273	7	31	50	12863	2555	30
1274	18	6	30	12872	8518	21
1275	1	29	40	12881	1237	24
1276	1	29	10	12890	3971	29
1277	18	6	40	12899	7211	22
1278	18	6	10	12908	6021	20
1279	21	17	30	12917	32	30
1280	18	6	50	12926	6357	29
1281	18	6	40	12935	2156	25
1282	18	6	40	12944	4574	30
1283	21	17	20	12953	12685	28
1284	1	29	30	12962	3366	21
1285	1	29	10	12971	2301	25
1286	7	31	30	12980	1149	27
1287	18	6	20	12989	12938	21
1288	18	6	20	12998	925	30
1289	21	17	10	13007	15174	30
1290	4	23	40	13016	1284	27
1291	1	29	10	13025	1072	20
1292	4	23	20	13034	361	27
1293	18	6	50	13043	4645	20
1294	1	29	10	13052	4525	21
1295	21	17	20	13061	3037	22
1296	1	29	50	13070	854	26
1297	21	17	50	13079	3842	19
1298	7	31	50	13088	5858	25
1299	18	6	20	13097	4857	28
1300	21	17	10	13106	1232	26
1301	1	29	20	13115	7836	23
1302	18	6	50	13124	1465	20
1303	21	17	10	13133	9118	26
1304	4	23	40	13142	7977	30
1305	21	17	40	13151	7696	25
1306	18	6	20	13160	4305	24
1307	1	29	10	13169	578	20
1308	7	31	30	13200	2663	24
1309	1	29	40	13216	3115	26
1310	1	29	50	13232	1667	25
1311	18	6	20	13248	9942	30
1312	4	23	30	13264	1647	23
1313	4	23	20	13280	12255	21
1314	18	6	40	13296	13786	28
1315	1	29	40	13312	1976	28
1316	21	17	20	13328	4135	28
1317	1	29	20	13344	3013	26
1318	18	6	10	13360	4987	23
1319	21	17	50	13376	11794	20
1320	1	29	40	13392	4432	26
1321	21	17	40	13408	4623	23
1322	21	17	20	13424	2617	28
1323	4	23	40	13440	562	28
1324	18	6	30	13456	2204	24
1325	18	6	40	13472	4275	19
1326	4	23	30	13488	186	22
1327	4	23	10	13504	346	22
1328	4	23	50	13520	6333	28
1329	18	6	10	13536	1717	30
1330	1	29	40	13552	306	28
1331	1	29	10	13568	48	28
1332	4	23	50	13600	274	28
1333	1	29	50	13611	311	23
1334	21	17	20	13622	5434	22
1335	18	6	40	13633	11054	24
1336	1	29	50	13644	466	24
1337	18	6	40	13655	6123	22
1338	18	6	30	13666	395	29
1339	18	6	40	13677	5020	26
1340	21	17	50	13688	6025	20
1341	4	23	20	13699	489	26
1342	4	23	50	13710	2573	28
1343	18	6	30	13721	4380	23
1344	7	31	20	13732	4048	23
1345	1	29	20	13743	1772	28
1346	4	23	30	13754	9111	27
1347	21	17	10	13765	570	24
1348	21	17	20	13776	5074	23
1349	21	17	20	13787	1356	23
1350	21	17	10	13798	8744	24
1351	21	17	40	13809	4352	19
1352	7	31	50	13820	9403	27
1353	21	17	10	13831	6886	24
1354	1	29	30	13842	135	21
1355	21	17	20	13853	3469	22
1356	18	6	50	13864	1904	25
1357	7	31	10	13875	772	22
1358	7	31	30	13886	2569	20
1359	18	6	10	13897	929	29
1360	18	6	10	13908	6610	22
1361	21	17	10	13919	3434	20
1362	7	31	20	13930	1661	23
1363	18	6	20	13941	589	24
1364	1	29	10	13952	2518	28
1365	1	29	40	13963	1594	28
1366	7	31	30	13974	7598	20
1367	4	23	40	13985	1218	19
1368	4	23	50	14000	944	29
1369	1	29	50	14008	126	22
1370	1	29	50	14016	1312	23
1371	7	31	40	14024	7883	25
1372	7	31	40	14032	2284	27
1373	1	29	20	14040	24257	27
1374	21	17	50	14048	741	30
1375	7	31	30	14056	3235	19
1376	18	6	50	14064	946	26
1377	7	31	40	14072	6742	24
1378	21	17	20	14080	2729	24
1379	1	29	20	14088	271	27
1380	21	17	10	14096	5693	22
1381	7	31	30	14104	9745	28
1382	4	23	50	14112	1811	30
1383	4	23	40	14120	2830	24
1384	18	6	10	14128	2475	25
1385	1	29	10	14136	2114	28
1386	4	23	10	14144	454	20
1387	7	31	40	14152	1124	23
1388	21	17	20	14160	170	20
1389	1	29	50	14168	711	30
1390	21	17	40	14176	3266	30
1391	18	6	40	14184	10903	20
1392	7	31	10	14192	1482	20
1393	1	29	30	14200	8715	30
1394	21	17	30	14208	9479	23
1395	1	29	50	14216	902	30
1396	21	17	10	14224	5971	22
1397	18	6	30	14232	1646	22
1398	18	6	30	14240	883	26
1399	4	23	40	14248	1471	26
1400	18	6	40	14256	2834	26
1401	1	29	40	14264	4029	26
1402	18	6	10	14272	10242	25
1403	21	17	20	14280	4653	19
1404	7	31	30	14288	31	19
1405	18	6	30	14296	109	30
1406	1	29	50	14304	1035	22
1407	7	31	40	14312	9502	19
1408	21	17	20	14320	4221	24
1409	4	23	10	14328	2604	20
1410	7	31	30	14336	1843	27
1411	7	31	10	14344	3322	20
1412	7	31	40	14352	4570	29
1413	4	23	20	14360	2098	24
1414	18	6	50	14368	2378	26
1415	7	31	40	14376	9050	24
1416	18	6	10	14400	953	21
1417	1	29	30	14408	7152	30
1418	21	17	20	14416	4502	30
1419	21	17	10	14424	233	30
1420	4	23	30	14432	1000	27
1421	1	29	50	14440	3718	28
1422	4	23	30	14448	998	29
1423	4	23	50	14456	193	30
1424	1	29	10	14464	2562	23
1425	21	17	10	14472	1694	22
1426	1	29	40	14480	3202	23
1427	4	23	20	14488	3178	27
1428	1	29	40	14496	382	22
1429	7	31	10	14504	13680	19
1430	21	17	20	14512	6045	28
1431	21	17	20	14520	8263	22
1432	4	23	20	14528	3832	29
1433	18	6	40	14536	827	29
1434	7	31	30	14544	3266	19
1435	21	17	30	14552	530	26
1436	18	6	20	14560	18333	21
1437	7	31	40	14568	4515	29
1438	7	31	20	14576	2768	23
1439	1	29	40	14584	2280	25
1440	1	29	10	14592	806	24
1441	21	17	20	14600	894	19
1442	7	31	30	14608	3597	29
1443	4	23	10	14616	3312	19
1444	4	23	30	14624	6314	22
1445	18	6	40	14632	20420	28
1446	7	31	50	14640	1169	21
1447	1	29	40	14648	9269	27
1448	7	31	40	14656	2309	23
1449	18	6	40	14664	42	29
1450	21	17	40	14672	18388	27
1451	7	31	40	14680	11426	23
1452	4	23	20	14688	4336	22
1453	18	6	30	14696	610	26
1454	1	29	10	14704	361	29
1455	18	6	40	14712	9306	29
1456	4	23	20	14720	2137	28
1457	21	17	20	14728	8332	26
1458	7	31	10	14736	965	26
1459	21	17	20	14744	4344	28
1460	18	6	40	14752	2585	26
1461	4	23	40	14800	4555	26
1462	4	23	10	14811	6768	27
1463	18	6	10	14822	4616	24
1464	7	31	50	14833	4804	23
1465	7	31	10	14844	2740	23
1466	18	6	50	14855	11807	22
1467	18	6	10	14866	2726	19
1468	7	31	50	14877	7593	24
1469	4	23	30	14888	1566	30
1470	18	6	30	14899	9464	21
1471	7	31	30	14910	3067	23
1472	18	6	20	14921	1621	25
1473	7	31	40	14932	1103	24
1474	21	17	50	14943	8288	25
1475	7	31	20	14954	84	26
1476	18	6	30	14965	48	29
1477	1	29	20	14976	4288	29
1478	1	29	20	14987	1169	26
1479	21	17	30	14998	2609	26
1480	1	29	20	15009	385	19
1481	21	17	50	15020	4193	27
1482	7	31	40	15031	464	23
1483	21	17	50	15042	336	23
1484	21	17	30	15053	15153	22
1485	1	29	40	15064	7252	23
1486	4	23	50	15075	950	19
1487	1	29	50	15086	2575	22
1488	18	6	40	15097	422	30
1489	4	23	40	15108	4264	21
1490	18	6	10	15119	4955	29
1491	4	23	50	15130	485	26
1492	21	17	30	15141	2480	21
1493	21	17	50	15152	7255	26
1494	7	31	50	15163	12727	30
1495	4	23	20	15174	2794	29
1496	18	6	20	15200	1941	23
1497	4	23	20	15209	9566	23
1498	7	31	10	15218	7980	26
1499	7	31	20	15227	1413	29
1500	21	17	50	15236	189	25
1501	18	6	50	15245	5696	21
1502	18	6	50	15254	210	21
1503	18	6	10	15263	487	24
1504	21	17	20	15272	441	27
1505	1	29	20	15281	2423	23
1506	18	6	20	15290	3759	28
1507	7	31	40	15299	2184	29
1508	4	23	30	15308	1245	19
1509	18	6	50	15317	271	22
1510	1	29	20	15326	8838	30
1511	4	23	50	15335	5645	29
1512	7	31	50	15344	3890	30
1513	7	31	30	15353	5316	19
1514	21	17	10	15362	3382	27
1515	18	6	50	15371	7006	29
1516	7	31	10	15380	3377	21
1517	7	31	20	15389	5316	22
1518	4	23	40	15398	4914	21
1519	4	23	20	15407	7931	30
1520	1	29	20	15416	1339	22
1521	18	6	10	15425	2561	30
1522	1	29	30	15434	2002	20
1523	18	6	10	15443	865	22
1524	18	6	20	15452	3803	20
1525	21	17	30	15461	6277	26
1526	7	31	50	15470	305	20
1527	4	23	20	15479	2742	29
1528	21	17	40	15488	1328	24
1529	18	6	40	15497	1856	26
1530	4	23	50	15506	4046	22
1531	21	17	10	15515	437	25
1532	18	6	10	15524	6314	22
1533	4	23	10	15533	12476	27
1534	1	29	40	15542	2269	19
1535	7	31	20	15551	1616	29
1536	7	31	10	15560	3646	24
1537	4	23	30	15569	21198	30
1538	21	17	30	15578	14949	27
1539	7	31	20	15600	2960	29
1540	21	17	20	15608	1032	26
1541	21	17	20	15616	6255	21
1542	4	23	20	15624	929	21
1543	1	29	50	15632	141	27
1544	4	23	30	15640	5800	21
1545	21	17	20	15648	12326	30
1546	7	31	10	15656	2712	26
1547	1	29	50	15664	5189	20
1548	1	29	50	15672	1238	30
1549	4	23	10	15680	566	19
1550	7	31	20	15688	10784	26
1551	4	23	10	15696	4190	19
1552	1	29	30	15704	898	21
1553	18	6	50	15712	6	26
1554	4	23	10	15720	53	25
1555	7	31	50	15728	3405	25
1556	18	6	20	15736	1818	20
1557	1	29	40	15744	7775	30
1558	1	29	50	15752	2780	23
1559	21	17	40	15760	1499	19
1560	4	23	20	15768	1918	21
1561	7	31	50	15776	479	30
1562	7	31	50	15784	594	23
1563	1	29	50	15792	9059	24
1564	7	31	50	15800	2242	19
1565	1	29	10	15808	6179	24
1566	1	29	40	15816	13131	26
1567	18	6	50	15824	4387	21
1568	7	31	50	15832	1439	19
1569	1	29	40	15840	1088	29
1570	7	31	40	15848	1036	24
1571	18	6	40	15856	3424	22
1572	7	31	40	15864	5693	25
1573	7	31	30	15872	814	22
1574	7	31	50	15880	4028	23
1575	18	6	50	15888	2723	20
1576	7	31	40	15896	1235	28
1577	21	17	40	15904	1779	23
1578	7	31	40	15912	2241	19
1579	18	6	10	15920	4309	20
1580	1	29	30	15928	1423	30
1581	4	23	50	15936	1702	30
1582	4	23	30	15944	1045	30
1583	4	23	40	15952	652	24
1584	7	31	30	15960	2310	19
1585	21	17	50	15968	17421	21
1586	7	31	40	16000	9305	22
1587	1	29	20	16010	6281	26
1588	21	17	50	16020	11429	21
1589	18	6	40	16030	7857	25
1590	4	23	50	16040	13658	28
1591	7	31	30	16050	5408	24
1592	4	23	30	16060	2724	25
1593	1	29	50	16070	4357	27
1594	18	6	50	16080	612	27
1595	1	29	30	16090	486	26
1596	1	29	20	16100	4228	28
1597	18	6	30	16110	1490	27
1598	18	6	50	16120	3722	27
1599	18	6	20	16130	15412	28
1600	21	17	30	16140	19137	22
1601	4	23	10	16150	7001	24
1602	4	23	10	16160	2209	20
1603	21	17	10	16170	113	19
1604	7	31	30	16180	9357	26
1605	4	23	30	16190	1768	22
1606	21	17	20	16200	8835	25
1607	18	6	10	16210	68	30
1608	7	31	10	16220	1828	21
1609	18	6	10	16230	2930	24
1610	21	17	10	16240	1470	27
1611	4	23	40	16250	25	27
1612	18	6	10	16260	2233	30
1613	7	31	50	16270	7367	21
1614	7	31	10	16280	52	19
1615	21	17	20	16290	139	22
1616	18	6	20	16300	8585	30
1617	1	29	10	16310	17551	30
1618	4	23	30	16320	2444	24
1619	21	17	50	16330	2333	28
1620	4	23	30	16340	8627	20
1621	1	29	30	16350	747	19
1622	4	23	50	16360	5142	19
1623	18	6	20	16370	2337	25
1624	7	31	40	16380	1264	20
1625	1	29	10	16390	2670	30
1626	7	31	10	16400	338	27
1627	7	31	40	16408	401	29
1628	4	23	40	16416	172	26
1629	4	23	30	16424	2937	28
1630	1	29	40	16432	7363	23
1631	4	23	20	16440	12364	19
1632	4	23	40	16448	5599	27
1633	4	23	20	16456	2393	21
1634	4	23	30	16464	4409	28
1635	7	31	30	16472	2563	25
1636	1	29	50	16480	10213	29
1637	4	23	20	16488	902	29
1638	21	17	20	16496	1134	28
1639	18	6	50	16504	339	27
1640	1	29	30	16512	408	27
1641	4	23	30	16520	8664	23
1642	18	6	20	16528	2214	23
1643	7	31	50	16536	2201	28
1644	4	23	30	16544	3213	28
1645	21	17	20	16552	12959	20
1646	18	6	30	16560	1504	25
1647	7	31	40	16568	4228	23
1648	18	6	40	16576	4204	26
1649	4	23	30	16584	455	24
1650	7	31	10	16592	1052	26
1651	1	29	10	16600	4373	28
1652	21	17	50	16608	7691	22
1653	4	23	50	16616	715	29
1654	21	17	50	16624	396	26
1655	7	31	10	16632	6886	22
1656	1	29	10	16640	433	23
1657	18	6	40	16648	16050	26
1658	18	6	30	16656	5658	30
1659	7	31	20	16664	2155	26
1660	7	31	20	16672	1292	25
1661	18	6	40	16680	6332	26
1662	21	17	30	16688	14705	22
1663	1	29	30	16696	7501	24
1664	1	29	30	16704	4533	19
1665	4	23	50	16712	1741	26
1666	21	17	10	16720	1166	30
1667	21	17	40	16728	15188	27
1668	18	6	20	16736	762	23
1669	21	17	40	16744	3106	25
1670	21	17	30	16752	475	23
1671	7	31	50	16760	4572	20
1672	18	6	40	16768	5397	20
1673	18	6	30	16776	1885	27
1674	21	17	30	16784	1692	20
1675	21	17	50	16800	27354	28
1676	7	31	20	16808	5471	26
1677	7	31	10	16816	1428	22
1678	7	31	40	16824	8840	27
1679	7	31	30	16832	1485	19
1680	7	31	40	16840	762	24
1681	1	29	30	16848	2239	23
1682	18	6	50	16856	2355	22
1683	1	29	10	16864	10906	21
1684	7	31	20	16872	1363	20
1685	1	29	30	16880	776	25
1686	4	23	20	16888	424	28
1687	1	29	40	16896	3562	29
1688	4	23	30	16904	1758	25
1689	7	31	30	16912	7500	25
1690	7	31	20	16920	1850	21
1691	21	17	10	16928	11271	21
1692	18	6	50	16936	2354	30
1693	1	29	10	16944	7096	21
1694	4	23	30	16952	6544	20
1695	7	31	50	16960	1439	19
1696	7	31	10	16968	9663	19
1697	18	6	40	16976	3454	30
1698	7	31	30	16984	5467	27
1699	21	17	40	16992	888	20
1700	1	29	10	17000	4923	20
1701	4	23	40	17008	1637	28
1702	18	6	30	17016	2607	30
1703	18	6	10	17024	467	19
1704	7	31	10	17032	21697	19
1705	1	29	10	17040	3195	25
1706	7	31	30	17048	10326	26
1707	7	31	20	17056	2600	26
1708	4	23	30	17064	6833	28
1709	21	17	10	17072	401	29
1710	1	29	40	17080	315	27
1711	18	6	10	17088	6487	19
1712	4	23	10	17096	384	29
1713	4	23	50	17104	2367	30
1714	21	17	30	17112	1114	21
1715	4	23	50	17120	7523	21
1716	21	17	40	17128	1720	23
1717	21	17	20	17136	163	20
1718	4	23	20	17144	3264	23
1719	21	17	50	17152	2786	24
1720	21	17	30	17160	1162	29
1721	7	31	20	17168	4353	20
1722	18	6	20	17176	3889	21
1723	4	23	40	17200	1583	29
1724	18	6	20	17211	743	23
1725	1	29	20	17222	754	21
1726	4	23	50	17233	1078	20
1727	1	29	40	17244	9640	30
1728	7	31	10	17255	3381	25
1729	1	29	30	17266	174	19
1730	18	6	40	17277	369	28
1731	4	23	40	17288	730	27
1732	1	29	30	17299	3240	25
1733	7	31	50	17310	4698	26
1734	4	23	30	17321	3688	29
1735	18	6	10	17332	7268	26
1736	7	31	50	17343	11963	23
1737	21	17	50	17354	1629	21
1738	18	6	10	17365	11185	21
1739	7	31	10	17376	5366	25
1740	4	23	10	17387	1161	29
1741	21	17	50	17398	3899	20
1742	4	23	10	17409	5892	20
1743	4	23	20	17420	1205	27
1744	7	31	40	17431	5892	28
1745	4	23	10	17442	3356	20
1746	18	6	50	17453	7553	22
1747	7	31	10	17464	25304	30
1748	18	6	40	17475	3539	30
1749	21	17	30	17486	12656	30
1750	21	17	20	17497	12202	27
1751	7	31	40	17508	8178	29
1752	7	31	20	17519	82	25
1753	7	31	30	17530	1115	21
1754	1	29	10	17541	11747	21
1755	4	23	40	17552	182	19
1756	1	29	20	17563	5009	26
1757	21	17	40	17574	659	20
1758	1	29	40	17600	11301	27
1759	7	31	40	17607	6943	28
1760	4	23	10	17614	1507	23
1761	4	23	40	17621	57	27
1762	21	17	20	17628	9517	19
1763	4	23	50	17635	5987	27
1764	7	31	20	17642	29	19
1765	4	23	10	17649	9585	19
1766	1	29	30	17656	1136	24
1767	7	31	10	17663	2046	22
1768	21	17	30	17670	7441	19
1769	7	31	30	17677	2080	25
1770	21	17	10	17684	9122	28
1771	21	17	40	17691	60	20
1772	4	23	20	17698	426	30
1773	7	31	10	17705	6843	28
1774	4	23	50	17712	1148	25
1775	1	29	40	17719	3971	28
1776	1	29	10	17726	8919	19
1777	21	17	50	17733	1794	24
1778	21	17	10	17740	3249	20
1779	7	31	20	17747	3683	22
1780	7	31	20	17754	1561	29
1781	7	31	50	17761	1087	21
1782	21	17	10	17768	1560	30
1783	7	31	30	17775	3795	26
1784	18	6	20	17782	377	23
1785	4	23	50	17789	981	29
1786	7	31	20	17796	633	20
1787	4	23	10	17803	1494	23
1788	7	31	50	17810	5452	24
1789	1	29	40	17817	3262	29
1790	1	29	50	17824	526	19
1791	21	17	10	17831	6393	22
1792	21	17	10	17838	2003	25
1793	7	31	20	17845	489	23
1794	1	29	10	17852	2211	21
1795	21	17	20	17859	1086	21
1796	1	29	40	17866	5026	20
1797	1	29	10	17873	20893	23
1798	21	17	10	17880	1166	26
1799	1	29	30	17887	7916	27
1800	4	23	30	17894	1546	26
1801	7	31	40	17901	2378	19
1802	7	31	40	17908	668	30
1803	7	31	20	17915	801	23
1804	1	29	30	17922	247	20
1805	21	17	30	17929	11101	25
1806	18	6	30	17936	5868	30
1807	1	29	20	17943	898	28
1808	18	6	30	17950	20317	27
1809	1	29	30	17957	1527	24
1810	18	6	30	17964	660	30
1811	18	6	20	18000	1739	20
1812	21	17	40	18009	3623	30
1813	4	23	30	18018	1655	24
1814	21	17	20	18027	2777	30
1815	21	17	20	18036	315	21
1816	7	31	40	18045	4700	27
1817	1	29	40	18054	1395	23
1818	18	6	40	18063	4636	22
1819	1	29	20	18072	6236	21
1820	21	17	50	18081	5751	30
1821	4	23	30	18090	10965	20
1822	21	17	20	18099	4272	29
1823	21	17	50	18108	1351	21
1824	4	23	30	18117	1326	25
1825	1	29	50	18126	421	25
1826	1	29	40	18135	3881	26
1827	7	31	10	18144	17058	26
1828	7	31	10	18153	2007	26
1829	7	31	40	18162	47	23
1830	21	17	50	18171	9817	26
1831	1	29	50	18180	9125	26
1832	21	17	50	18189	459	28
1833	7	31	30	18198	4740	23
1834	18	6	50	18207	1320	26
1835	21	17	40	18216	8317	29
1836	21	17	20	18225	352	21
1837	1	29	50	18234	609	26
1838	7	31	50	18243	3219	25
1839	18	6	40	18252	660	28
1840	18	6	30	18261	2378	30
1841	7	31	10	18270	11618	23
1842	18	6	30	18279	1530	26
1843	7	31	20	18288	2224	30
1844	21	17	10	18297	2079	29
1845	7	31	30	18306	5891	29
1846	21	17	30	18315	902	22
1847	4	23	40	18324	226	19
1848	7	31	50	18333	3814	23
1849	1	29	40	18342	1715	30
1850	1	29	30	18351	3164	25
1851	21	17	50	18360	2184	27
1852	7	31	30	18369	1474	19
1853	7	31	40	18378	2488	24
1854	18	6	40	18400	418	28
1855	21	17	50	18409	1945	24
1856	7	31	30	18418	6276	21
1857	21	17	40	18427	8071	27
1858	1	29	40	18436	9185	29
1859	21	17	40	18445	12872	25
1860	21	17	50	18454	1522	30
1861	4	23	30	18463	6120	23
1862	18	6	20	18472	6570	20
1863	7	31	50	18481	16065	22
1864	1	29	30	18490	2066	28
1865	1	29	40	18499	1174	23
1866	4	23	30	18508	1118	23
1867	18	6	20	18517	9270	26
1868	18	6	30	18526	237	28
1869	1	29	40	18535	3929	20
1870	21	17	10	18544	19113	30
1871	4	23	50	18553	3193	20
1872	4	23	50	18562	5414	29
1873	1	29	50	18571	3053	25
1874	21	17	50	18580	1670	22
1875	1	29	50	18589	6800	26
1876	18	6	10	18598	3844	25
1877	1	29	10	18607	1044	29
1878	1	29	40	18616	8526	22
1879	7	31	10	18625	2866	27
1880	18	6	30	18634	9132	22
1881	7	31	50	18643	3339	25
1882	1	29	10	18652	1856	21
1883	4	23	20	18661	187	26
1884	4	23	10	18670	2503	29
1885	1	29	10	18679	2718	29
1886	18	6	30	18688	3561	25
1887	18	6	10	18697	4146	23
1888	18	6	40	18706	3615	25
1889	18	6	50	18715	9058	21
1890	1	29	20	18724	347	27
1891	1	29	30	18733	979	25
1892	21	17	20	18742	1107	28
1893	7	31	20	18751	3594	30
1894	4	23	50	18760	7223	28
1895	7	31	10	18800	4371	25
1896	4	23	40	18810	597	21
1897	4	23	30	18820	1637	22
1898	7	31	40	18830	94	20
1899	7	31	30	18840	654	25
1900	18	6	10	18850	2992	25
1901	4	23	10	18860	1429	26
1902	18	6	10	18870	23796	22
1903	7	31	20	18880	18075	22
1904	18	6	40	18890	1767	30
1905	4	23	40	18900	22909	23
1906	4	23	10	18910	4547	29
1907	7	31	30	18920	5956	25
1908	7	31	50	18930	519	21
1909	18	6	50	18940	1324	21
1910	4	23	50	18950	5836	30
1911	7	31	20	18960	3302	22
1912	21	17	50	18970	16995	24
1913	4	23	30	18980	1962	21
1914	7	31	20	18990	255	22
1915	18	6	10	19000	5554	23
1916	4	23	30	19010	2125	21
1917	21	17	50	19020	5720	25
1918	1	29	50	19030	2909	24
1919	21	17	30	19040	9638	30
1920	7	31	10	19050	4373	28
1921	1	29	20	19060	3651	30
1922	21	17	30	19070	1463	19
1923	21	17	40	19080	704	26
1924	21	17	30	19090	3126	24
1925	21	17	30	19100	5956	24
1926	4	23	40	19110	1472	23
1927	7	31	30	19120	644	30
1928	4	23	10	19130	4792	27
1929	18	6	40	19140	4516	27
1930	7	31	10	19150	4540	23
1931	21	17	30	19160	1322	21
1932	4	23	20	19170	925	28
1933	18	6	20	19200	5242	27
1934	18	6	10	19209	16750	20
1935	7	31	20	19218	3640	26
1936	18	6	40	19227	3363	22
1937	18	6	40	19236	1926	29
1938	18	6	30	19245	4666	26
1939	21	17	30	19254	2527	24
1940	4	23	10	19263	6730	19
1941	7	31	50	19272	6750	19
1942	4	23	10	19281	2965	20
1943	1	29	50	19290	1502	23
1944	7	31	50	19299	550	22
1945	4	23	50	19308	2945	23
1946	1	29	30	19317	1053	19
1947	4	23	40	19326	7699	26
1948	21	17	10	19335	3028	26
1949	18	6	50	19344	355	24
1950	18	6	40	19353	1164	23
1951	4	23	50	19362	1899	27
1952	4	23	40	19371	6840	29
1953	7	31	20	19380	480	21
1954	21	17	20	19389	2663	28
1955	1	29	40	19398	10531	25
1956	7	31	40	19407	20485	25
1957	18	6	30	19416	7228	26
1958	21	17	50	19425	2367	29
1959	18	6	20	19434	3496	25
1960	21	17	50	19443	4668	19
1961	7	31	30	19452	3023	29
1962	1	29	30	19461	316	28
1963	4	23	10	19470	2356	25
1964	4	23	40	19479	3698	28
1965	7	31	20	19488	2662	28
1966	1	29	10	19497	1757	25
1967	4	23	40	19506	1179	27
1968	1	29	30	19515	2063	19
1969	1	29	50	19524	2497	27
1970	21	17	20	19533	803	19
1971	1	29	40	19542	121	23
1972	4	23	30	19551	299	29
1973	1	29	20	19560	198	19
1974	18	6	20	19600	403	30
1975	1	29	10	19615	7584	27
1976	7	31	20	19630	312	28
1977	7	31	30	19645	20052	27
1978	1	29	40	19660	133	23
1979	18	6	40	19675	85	19
1980	7	31	10	19690	3131	23
1981	1	29	10	19705	2419	28
1982	7	31	30	19720	3847	23
1983	18	6	10	19735	3798	22
1984	1	29	10	19750	2207	22
1985	1	29	10	19765	1430	27
1986	18	6	50	19780	2482	22
1987	7	31	50	19795	392	25
1988	4	23	10	19810	1119	29
1989	1	29	20	19825	233	26
1990	21	17	40	19840	3700	19
1991	1	29	20	19855	5278	27
1992	4	23	50	19870	10959	30
1993	21	17	20	19885	447	20
1994	1	29	30	19900	6049	23
1995	7	31	40	19915	1334	20
1996	4	23	20	19930	5371	22
1997	21	17	10	19945	326	26
1998	4	23	10	19960	4948	25
1999	1	29	30	19975	4115	25
