0	7	31	20	0	2233	30
1	4	23	20	4	1425	24
2	1	29	30	8	7376	24
3	4	23	40	12	1382	19
4	1	29	50	16	3323	28
5	18	6	50	20	3516	29
6	18	6	50	24	7756	23
7	4	23	10	28	1531	20
8	21	17	40	32	2118	19
9	4	23	50	36	1234	28
10	21	17	40	40	4393	29
11	18	6	40	44	12638	25
12	21	17	40	48	11583	19
13	21	17	50	52	17152	28
14	1	29	50	56	10440	24
15	7	31	10	60	7176	25
16	4	23	10	64	8417	25
17	1	29	50	68	18789	26
18	7	31	40	72	1906	22
19	4	23	40	76	6793	21
20	7	31	40	80	212	30
21	1	29	20	84	3437	19
22	18	6	30	88	25621	30
23	18	6	50	92	10780	20
24	18	6	40	96	2857	21
25	1	29	10	100	1396	25
26	21	17	50	104	267	25
27	1	29	10	108	3025	23
28	21	17	30	112	4489	20
29	1	29	10	116	12831	28
30	18	6	50	120	5563	20
31	18	6	50	124	2	20
32	4	23	30	128	9436	28
33	21	17	40	132	2712	27
34	7	31	20	136	10853	23
35	4	23	10	140	21419	22
36	18	6	20	144	1987	22
37	18	6	50	148	26311	25
38	7	31	10	152	18130	26
39	4	23	30	156	31596	24
40	21	17	30	160	1561	28
41	18	6	50	164	2853	23
42	21	17	10	168	1265	23
43	18	6	40	172	14161	22
44	21	17	30	176	3344	20
45	1	29	20	180	841	27
46	4	23	40	184	235	28
47	4	23	50	188	3520	21
48	1	29	40	192	5245	21
49	4	23	50	196	12803	26
50	21	17	30	200	12092	19
51	18	6	30	204	10138	30
52	21	17	30	208	5224	23
53	1	29	50	212	1670	27
54	4	23	10	216	2774	24
55	7	31	10	220	17980	29
56	18	6	50	224	1823	25
57	21	17	40	228	15854	22
58	18	6	10	232	15635	29
59	21	17	40	236	1585	22
60	18	6	50	240	3117	23
61	18	6	40	244	2920	19
62	4	23	40	248	10924	19
63	21	17	40	252	4550	22
64	1	29	10	256	8214	26
65	4	23	50	260	4389	28
66	21	17	10	264	855	28
67	1	29	10	268	5190	22
68	18	6	30	272	1209	23
69	7	31	40	276	12779	21
70	4	23	40	280	3724	22
71	18	6	20	284	9320	19
72	4	23	50	288	65	30
73	1	29	10	292	2104	29
74	4	23	20	296	4018	23
75	18	6	50	300	10364	25
76	18	6	10	304	1814	26
77	1	29	50	308	1110	26
78	18	6	30	312	4065	19
79	1	29	30	316	1790	24
80	7	31	30	320	1124	27
81	4	23	10	324	9038	23
82	21	17	20	328	14367	20
83	18	6	40	332	7981	24
84	1	29	40	336	157	28
85	21	17	20	340	12212	21
86	18	6	30	344	5885	28
87	18	6	40	348	5611	20
88	18	6	40	352	41728	22
89	21	17	20	356	15078	24
90	18	6	20	360	10397	28
91	4	23	40	364	3543	19
92	1	29	50	400	881	26
93	7	31	20	405	10085	23
94	18	6	30	410	8583	19
95	7	31	40	415	16414	28
96	7	31	10	420	6481	22
97	1	29	30	425	9973	20
98	1	29	40	430	1664	26
99	18	6	30	435	20147	23
100	18	6	10	440	51562	30
101	18	6	40	445	6418	25
102	1	29	20	450	1943	29
103	4	23	10	455	9198	19
104	1	29	10	460	4440	23
105	7	31	20	465	766	30
106	21	17	40	470	9908	30
107	21	17	30	475	2283	24
108	4	23	40	480	12622	22
109	1	29	20	485	6691	29
110	4	23	50	490	9406	22
111	18	6	10	495	616	29
112	4	23	10	500	4985	21
113	1	29	30	505	8578	23
114	18	6	20	510	399	25
115	7	31	50	515	8304	30
116	18	6	30	520	5106	29
117	18	6	10	525	963	26
118	7	31	10	530	4280	25
119	1	29	50	535	15679	24
120	18	6	30	540	18538	30
121	4	23	30	545	7276	26
122	7	31	20	550	5273	30
123	4	23	20	555	2764	29
124	4	23	30	560	582	24
125	1	29	10	565	116	22
126	18	6	20	570	7011	23
127	7	31	30	575	2758	25
128	21	17	30	580	6812	28
129	21	17	30	585	5928	26
130	7	31	40	590	1500	21
131	18	6	40	595	5391	24
132	21	17	10	600	22749	30
133	21	17	50	605	5216	26
134	21	17	30	610	1806	24
135	18	6	50	615	6928	21
136	4	23	50	620	4947	24
137	4	23	20	625	1306	19
138	18	6	30	630	1838	19
139	4	23	20	635	21061	28
140	1	29	30	640	602	21
141	4	23	10	645	2545	22
142	7	31	50	650	9917	29
143	18	6	30	655	4466	23
144	18	6	20	660	1363	21
145	1	29	10	665	8471	29
146	21	17	30	670	17960	28
147	21	17	20	675	4732	21
148	18	6	10	680	8817	29
149	4	23	40	685	97	19
150	18	6	20	690	4082	29
151	4	23	10	695	4663	27
152	18	6	20	700	2833	26
153	21	17	40	705	3188	21
154	1	29	10	710	144	23
155	7	31	30	715	4101	23
156	7	31	20	720	571	25
157	4	23	50	725	20561	30
158	1	29	30	730	7597	26
159	1	29	10	735	4241	19
160	18	6	10	740	5667	26
161	18	6	20	745	4337	24
162	21	17	50	750	8991	27
163	7	31	10	755	2519	26
164	4	23	30	760	4029	27
165	18	6	10	765	1796	28
166	18	6	50	770	1136	30
167	4	23	20	800	33451	25
168	1	29	10	804	4865	29
169	1	29	30	808	5068	22
170	18	6	10	812	1632	25
171	21	17	20	816	3098	29
172	21	17	30	820	19102	25
173	1	29	40	824	5327	27
174	1	29	20	828	12357	21
175	21	17	30	832	7931	27
176	21	17	30	836	17427	28
177	18	6	50	840	452	26
178	1	29	50	844	1165	26
179	18	6	20	848	4316	26
180	1	29	30	852	1025	25
181	18	6	50	856	1180	20
182	18	6	30	860	7821	26
183	4	23	50	864	6588	27
184	4	23	20	868	1056	28
185	1	29	40	872	10454	25
186	21	17	30	876	1706	29
187	21	17	30	880	7596	27
188	21	17	40	884	4945	22
189	18	6	50	888	12916	20
190	7	31	30	892	5713	27
191	1	29	50	896	6173	24
192	18	6	40	900	6169	24
193	18	6	20	904	12630	30
194	1	29	20	908	4365	20
195	7	31	20	912	8489	28
196	4	23	10	916	7280	25
197	1	29	50	920	4643	21
198	21	17	50	924	260	27
199	1	29	20	928	24909	24
200	7	31	20	932	5884	29
201	4	23	20	936	19206	21
202	7	31	20	940	37598	22
203	18	6	40	944	1770	26
204	1	29	30	948	14058	25
205	18	6	50	952	654	19
206	7	31	30	956	6100	20
207	18	6	40	960	13370	29
208	21	17	20	964	6248	19
209	18	6	40	968	3941	27
210	21	17	50	972	5777	25
211	18	6	20	976	112	29
212	18	6	50	980	12407	23
213	7	31	10	984	1746	30
214	21	17	40	988	2753	25
215	21	17	10	992	3701	24
216	21	17	40	996	12667	28
217	4	23	50	1000	967	30
218	1	29	50	1004	1266	29
219	18	6	50	1008	8782	20
220	4	23	40	1012	72	30
221	18	6	20	1016	5861	21
222	4	23	30	1020	5932	22
223	21	17	10	1024	8505	27
224	4	23	50	1028	25533	25
225	18	6	20	1032	8327	19
226	4	23	30	1036	12243	23
227	7	31	20	1040	971	26
228	21	17	30	1044	543	26
229	18	6	10	1048	1138	24
230	18	6	20	1052	255	20
231	21	17	40	1056	4731	25
232	4	23	50	1060	185	29
233	1	29	40	1064	1587	21
234	7	31	10	1068	18126	27
235	7	31	20	1072	1895	22
236	4	23	30	1076	1265	28
237	21	17	50	1080	4430	19
238	18	6	20	1084	10583	20
239	18	6	20	1088	369	28
240	4	23	10	1092	1742	24
241	7	31	50	1096	3825	30
242	1	29	10	1100	589	27
243	7	31	50	1104	598	25
244	4	23	50	1108	2702	26
245	18	6	10	1112	5487	28
246	7	31	50	1116	11083	20
247	7	31	30	1120	3341	24
248	18	6	40	1124	5586	24
249	1	29	10	1128	411	27
250	21	17	30	1132	15683	30
251	21	17	10	1136	5287	26
252	21	17	50	1140	2783	23
253	4	23	10	1144	3641	26
254	7	31	30	1148	23433	25
255	18	6	50	1152	11	27
256	21	17	40	1200	3898	29
257	21	17	10	1206	3279	26
258	21	17	40	1212	2191	19
259	21	17	20	1218	1593	25
260	7	31	30	1224	2796	26
261	21	17	20	1230	4346	25
262	18	6	10	1236	10973	22
263	4	23	20	1242	4213	26
264	21	17	30	1248	3539	25
265	21	17	20	1254	562	30
266	7	31	20	1260	37796	30
267	18	6	20	1266	7491	21
268	1	29	10	1272	2852	22
269	18	6	30	1278	669	21
270	4	23	30	1284	2029	26
271	21	17	50	1290	3689	28
272	18	6	40	1296	3827	28
273	21	17	40	1302	854	19
274	21	17	40	1308	5088	27
275	7	31	50	1314	7930	30
276	18	6	20	1320	4759	24
277	21	17	30	1326	4805	27
278	4	23	20	1332	3670	20
279	1	29	40	1338	4966	28
280	4	23	20	1344	18192	29
281	21	17	50	1350	4669	29
282	18	6	30	1356	7569	20
283	7	31	20	1362	125	29
284	4	23	30	1368	2555	24
285	4	23	10	1374	6350	25
286	21	17	40	1380	1324	21
287	21	17	50	1386	8565	22
288	4	23	10	1392	2126	27
289	18	6	10	1398	18019	19
290	21	17	30	1404	13955	24
291	7	31	30	1410	13286	21
292	1	29	10	1416	1642	19
293	18	6	10	1422	6442	26
294	4	23	40	1428	11096	21
295	4	23	50	1434	11989	30
296	4	23	40	1440	8036	26
297	4	23	40	1446	8667	20
298	7	31	30	1452	10029	19
299	4	23	40	1458	1975	26
300	4	23	50	1464	5630	28
301	4	23	40	1470	1223	30
302	7	31	30	1476	339	21
303	1	29	20	1482	4390	21
304	7	31	40	1488	13990	19
305	21	17	30	1494	5382	21
306	7	31	30	1500	872	28
307	1	29	20	1506	1711	23
308	7	31	20	1512	18033	29
309	21	17	40	1518	3057	25
310	21	17	40	1524	6441	21
311	21	17	10	1530	21761	21
312	4	23	50	1536	27623	24
313	21	17	50	1542	12010	21
314	4	23	10	1548	2667	27
315	21	17	30	1554	15329	27
316	4	23	40	1560	13176	23
317	4	23	50	1566	10497	23
318	1	29	40	1572	1168	20
319	4	23	20	1578	13271	19
320	1	29	30	1584	19753	28
321	21	17	20	1600	3250	26
322	7	31	10	1604	3754	24
323	7	31	10	1608	4153	22
324	4	23	50	1612	2354	28
325	7	31	10	1616	4276	24
326	21	17	50	1620	1625	27
327	1	29	40	1624	14045	21
328	18	6	50	1628	3459	29
329	18	6	50	1632	9474	28
330	18	6	20	1636	42566	23
331	21	17	40	1640	12363	23
332	1	29	10	1644	10685	27
333	21	17	30	1648	1292	24
334	4	23	50	1652	25213	30
335	1	29	30	1656	11261	30
336	18	6	30	1660	4094	27
337	18	6	10	1664	1680	29
338	1	29	40	1668	1681	29
339	7	31	50	1672	12249	22
340	21	17	40	1676	4702	28
341	21	17	30	1680	25741	29
342	1	29	40	1684	11489	24
343	7	31	30	1688	19791	20
344	18	6	30	1692	3346	28
345	21	17	20	1696	17740	22
346	18	6	30	1700	14744	28
347	18	6	20	1704	4200	28
348	21	17	10	1708	2512	30
349	7	31	20	1712	18213	24
350	21	17	10	1716	27840	25
351	1	29	40	1720	18667	21
352	4	23	50	1724	5966	19
353	18	6	10	1728	18821	30
354	18	6	20	1732	2892	29
355	7	31	30	1736	1503	20
356	7	31	40	1740	11662	24
357	21	17	20	1744	8095	30
358	7	31	20	1748	1465	24
359	1	29	30	1752	4247	25
360	21	17	40	1756	2920	24
361	4	23	50	1760	2585	25
362	7	31	30	1764	14737	24
363	4	23	20	1768	1795	20
364	4	23	30	1772	3115	20
365	1	29	50	1776	11627	29
366	7	31	10	1780	1756	24
367	4	23	30	1784	13683	30
368	18	6	50	1788	13715	22
369	18	6	30	1792	6009	28
370	4	23	10	1796	4815	19
371	18	6	30	1800	7697	24
372	4	23	20	1804	6233	25
373	18	6	40	1808	3473	28
374	7	31	40	1812	3635	22
375	18	6	50	1816	24879	30
376	7	31	40	1820	6784	21
377	1	29	40	1824	4911	23
378	4	23	40	1828	522	24
379	4	23	40	1832	3618	25
380	4	23	30	1836	6797	27
381	7	31	40	1840	11946	30
382	1	29	30	1844	6525	22
383	7	31	30	1848	4836	23
384	18	6	50	1852	10323	21
385	18	6	30	1856	772	21
386	4	23	40	1860	2421	23
387	21	17	50	1864	14276	27
388	7	31	10	1868	14950	26
389	21	17	30	1872	12328	28
390	4	23	50	1876	35404	24
391	4	23	10	1880	11555	28
392	4	23	50	1884	178	24
393	21	17	10	1888	12026	22
394	7	31	20	1892	5198	28
395	18	6	40	1896	1474	21
396	1	29	10	1900	1008	23
397	7	31	20	1904	6589	22
398	1	29	50	1908	7195	19
399	18	6	30	1912	6856	30
400	1	29	10	1916	9473	28
401	7	31	10	1920	181	28
402	21	17	20	1924	7104	24
403	7	31	30	1928	10817	20
404	18	6	20	1932	4712	24
405	7	31	30	1936	3461	19
406	7	31	30	1940	3593	27
407	1	29	10	1944	1523	21
408	7	31	30	2000	6207	27
409	1	29	30	2004	3422	30
410	21	17	40	2008	7322	29
411	4	23	10	2012	2950	20
412	18	6	40	2016	6813	24
413	1	29	30	2020	13018	30
414	4	23	10	2024	14634	29
415	18	6	10	2028	6049	25
416	18	6	20	2032	10141	21
417	1	29	50	2036	3926	19
418	1	29	30	2040	5172	29
419	1	29	10	2044	2095	30
420	7	31	20	2048	5626	24
421	21	17	10	2052	3633	28
422	21	17	20	2056	29053	22
423	4	23	30	2060	277	24
424	7	31	30	2064	6215	22
425	21	17	50	2068	9320	21
426	7	31	40	2072	7249	19
427	4	23	10	2076	11537	21
428	7	31	30	2080	16594	30
429	4	23	50	2084	1753	19
430	1	29	50	2088	14510	25
431	1	29	30	2092	84	29
432	21	17	40	2096	16056	22
433	18	6	20	2100	5348	25
434	4	23	30	2104	8865	27
435	7	31	30	2108	6387	29
436	21	17	30	2112	1654	24
437	4	23	10	2116	13557	20
438	4	23	20	2120	68	30
439	7	31	20	2124	3742	21
440	7	31	50	2128	10482	24
441	18	6	30	2132	734	21
442	1	29	30	2136	2767	30
443	4	23	40	2140	5507	27
444	21	17	40	2144	1648	29
445	21	17	50	2148	9105	22
446	1	29	30	2152	1693	23
447	4	23	20	2156	1972	24
448	4	23	10	2160	22262	23
449	4	23	20	2164	23548	22
450	21	17	30	2168	4780	30
451	1	29	10	2172	10491	22
452	7	31	40	2176	710	24
453	21	17	50	2180	3604	19
454	4	23	10	2184	585	24
455	1	29	10	2188	3191	19
456	21	17	50	2192	401	24
457	18	6	40	2196	6467	19
458	21	17	10	2200	1796	29
459	18	6	30	2204	11319	21
460	21	17	40	2208	11261	19
461	1	29	30	2212	7294	24
462	4	23	40	2216	2842	21
463	18	6	30	2220	3358	26
464	1	29	30	2224	5724	24
465	21	17	20	2228	7114	30
466	4	23	20	2232	4678	28
467	1	29	30	2236	717	30
468	7	31	10	2240	1148	21
469	21	17	30	2244	2734	19
470	18	6	40	2248	3368	19
471	7	31	20	2252	18594	20
472	4	23	40	2256	3815	20
473	18	6	10	2260	865	27
474	4	23	10	2264	5548	24
475	18	6	40	2268	4321	22
476	7	31	40	2272	602	28
477	18	6	30	2276	5168	26
478	7	31	40	2280	15063	25
479	21	17	40	2284	15762	30
480	21	17	20	2288	5502	29
481	18	6	20	2292	3791	25
482	21	17	10	2296	13965	28
483	1	29	20	2300	20942	27
484	4	23	30	2304	10996	20
485	21	17	40	2308	899	21
486	18	6	40	2312	20777	24
487	21	17	50	2316	5591	22
488	7	31	10	2320	4317	19
489	18	6	30	2324	3334	27
490	7	31	40	2328	5562	23
491	4	23	40	2332	8005	24
492	7	31	10	2336	7640	22
493	18	6	50	2340	2317	27
494	7	31	30	2344	7705	21
495	4	23	30	2348	1132	19
496	21	17	50	2352	12434	30
497	21	17	10	2356	23897	23
498	18	6	10	2360	34468	22
499	1	29	30	2364	7273	29
500	18	6	40	2368	2161	25
501	21	17	50	2372	888	23
502	7	31	20	2400	708	22
503	4	23	30	2404	8367	23
504	1	29	30	2408	7403	22
505	1	29	20	2412	6346	29
506	4	23	30	2416	3462	21
507	18	6	30	2420	32368	27
508	4	23	40	2424	15874	25
509	1	29	30	2428	8471	20
510	18	6	20	2432	2370	21
511	4	23	20	2436	6808	29
512	7	31	10	2440	9810	24
513	21	17	20	2444	3330	29
514	18	6	10	2448	2406	23
515	7	31	20	2452	3796	24
516	18	6	20	2456	11853	26
517	18	6	20	2460	3722	25
518	7	31	10	2464	7246	25
519	1	29	40	2468	4149	21
520	4	23	40	2472	8714	25
521	7	31	20	2476	22500	25
522	4	23	30	2480	8837	29
523	4	23	30	2484	12594	24
524	1	29	50	2488	12425	27
525	21	17	10	2492	9939	26
526	1	29	20	2496	2705	28
527	18	6	50	2500	1093	23
528	7	31	40	2504	5296	25
529	21	17	30	2508	3673	24
530	4	23	40	2512	7925	23
531	21	17	30	2516	1050	24
532	21	17	30	2520	5376	23
533	4	23	10	2524	2309	26
534	4	23	10	2528	7821	24
535	21	17	30	2532	3983	24
536	4	23	10	2536	2769	22
537	18	6	30	2540	1556	24
538	21	17	40	2544	3125	24
539	4	23	20	2548	1778	21
540	4	23	20	2552	11255	30
541	1	29	10	2556	22918	28
542	4	23	10	2560	8180	27
543	4	23	40	2564	11546	29
544	21	17	10	2568	705	24
545	1	29	20	2572	21054	25
546	21	17	30	2576	20802	30
547	21	17	40	2580	2569	24
548	21	17	40	2584	38384	23
549	21	17	10	2588	2200	27
550	18	6	10	2592	3561	23
551	4	23	40	2596	4311	24
552	18	6	50	2600	3492	28
553	18	6	20	2604	6975	19
554	7	31	50	2608	21694	23
555	7	31	20	2612	2817	30
556	4	23	30	2616	4586	25
557	18	6	50	2620	2761	28
558	4	23	30	2624	15741	26
559	18	6	30	2628	17827	26
560	1	29	50	2632	2416	19
561	1	29	40	2636	2023	29
562	7	31	50	2640	5517	21
563	7	31	10	2644	5455	20
564	7	31	40	2648	198	28
565	4	23	40	2652	1145	28
566	7	31	50	2656	698	24
567	1	29	50	2660	4868	29
568	4	23	20	2664	10091	23
569	18	6	40	2668	16168	29
570	1	29	20	2672	712	21
571	21	17	50	2676	7249	20
572	18	6	30	2680	398	19
573	18	6	50	2684	4039	22
574	7	31	30	2688	8388	22
575	4	23	40	2692	10199	27
576	1	29	20	2696	2848	29
577	21	17	40	2700	18817	30
578	4	23	20	2704	9859	30
579	21	17	40	2708	15749	20
580	21	17	30	2712	12318	27
581	18	6	30	2716	98	23
582	4	23	10	2720	1169	19
583	7	31	30	2724	2235	28
584	4	23	30	2728	71	19
585	21	17	10	2800	1906	29
586	4	23	40	2804	11731	26
587	7	31	10	2808	19043	23
588	21	17	20	2812	3051	21
589	21	17	40	2816	3167	25
590	4	23	50	2820	24966	30
591	18	6	20	2824	5	24
592	21	17	50	2828	3045	29
593	7	31	10	2832	4512	28
594	4	23	20	2836	22330	21
595	18	6	40	2840	6067	20
596	4	23	10	2844	4706	26
597	21	17	50	2848	1262	25
598	21	17	10	2852	10756	19
599	18	6	20	2856	24136	26
600	4	23	30	2860	14883	20
601	7	31	40	2864	5076	20
602	18	6	20	2868	6530	19
603	4	23	10	2872	1061	25
604	21	17	50	2876	1349	25
605	4	23	20	2880	11530	22
606	1	29	10	2884	3670	23
607	1	29	10	2888	25234	25
608	4	23	50	2892	21540	28
609	1	29	10	2896	1916	26
610	4	23	10	2900	47116	20
611	7	31	50	2904	6066	25
612	7	31	30	2908	7007	28
613	4	23	50	2912	70840	25
614	4	23	10	2916	902	29
615	21	17	20	2920	2284	26
616	7	31	40	2924	732	28
617	21	17	30	2928	2349	23
618	1	29	40	2932	5316	20
619	7	31	30	2936	13389	30
620	1	29	10	2940	3622	21
621	21	17	40	2944	1550	20
622	18	6	30	2948	1195	26
623	4	23	30	2952	3951	29
624	21	17	40	2956	19408	30
625	7	31	50	2960	705	27
626	21	17	50	2964	2620	22
627	7	31	30	2968	7688	22
628	7	31	30	2972	4896	20
629	4	23	50	2976	1004	20
630	1	29	30	2980	2581	20
631	18	6	20	2984	1334	22
632	21	17	40	2988	1447	30
633	1	29	50	2992	11329	23
634	4	23	10	2996	128	19
635	18	6	40	3000	3035	26
636	21	17	20	3004	4846	23
637	21	17	50	3008	94	25
638	21	17	30	3012	741	21
639	1	29	10	3016	2253	27
640	21	17	10	3020	14866	25
641	4	23	30	3024	13367	19
642	1	29	20	3028	29575	25
643	7	31	20	3032	879	26
644	18	6	40	3036	3200	24
645	21	17	10	3040	4418	23
646	7	31	40	3044	4319	26
647	18	6	10	3048	3047	22
648	18	6	10	3052	3136	29
649	4	23	50	3056	9374	25
650	4	23	50	3060	4698	22
651	4	23	30	3064	1687	21
652	7	31	10	3068	8642	24
653	18	6	40	3072	20927	20
654	18	6	20	3076	7072	24
655	7	31	50	3080	8826	30
656	18	6	10	3084	3216	25
657	21	17	40	3088	1472	21
658	7	31	30	3092	1912	25
659	1	29	50	3096	587	29
660	4	23	30	3100	5293	30
661	4	23	40	3104	11105	20
662	18	6	30	3108	5538	24
663	1	29	50	3112	13470	26
664	1	29	40	3116	22139	25
665	18	6	50	3120	14844	28
666	21	17	10	3124	3645	26
667	4	23	40	3128	13996	24
668	1	29	50	3132	33024	24
669	1	29	20	3136	12523	22
670	1	29	10	3140	12643	22
671	7	31	40	3144	629	22
672	21	17	50	3200	1452	20
673	1	29	40	3205	2195	23
674	21	17	20	3210	27630	24
675	4	23	30	3215	6427	20
676	7	31	30	3220	1794	25
677	4	23	20	3225	282	19
678	18	6	50	3230	495	24
679	1	29	40	3235	5343	25
680	1	29	20	3240	8802	20
681	4	23	40	3245	26283	30
682	4	23	20	3250	2775	23
683	18	6	40	3255	11673	25
684	21	17	50	3260	8961	28
685	4	23	50	3265	716	30
686	7	31	10	3270	5435	29
687	4	23	10	3275	2180	28
688	21	17	40	3280	1494	30
689	7	31	20	3285	3418	20
690	21	17	30	3290	33413	20
691	1	29	30	3295	2696	20
692	18	6	30	3300	12841	30
693	21	17	40	3305	143	23
694	4	23	40	3310	11465	28
695	18	6	30	3315	786	23
696	1	29	10	3320	2995	26
697	1	29	20	3325	1403	30
698	7	31	40	3330	1461	19
699	1	29	50	3335	5326	26
700	1	29	50	3340	480	28
701	1	29	10	3345	7153	20
702	18	6	20	3350	3238	29
703	1	29	40	3355	6097	26
704	4	23	50	3360	18113	21
705	7	31	20	3365	3677	19
706	7	31	40	3370	195	19
707	7	31	30	3375	4365	19
708	4	23	20	3380	25460	27
709	7	31	40	3385	282	22
710	21	17	20	3390	5037	24
711	21	17	50	3395	2812	25
712	4	23	50	3400	915	28
713	4	23	40	3405	10339	19
714	21	17	40	3410	4133	27
715	1	29	40	3415	5896	19
716	21	17	20	3420	4889	28
717	1	29	50	3425	10533	29
718	1	29	10	3430	1211	28
719	7	31	40	3435	15258	25
720	7	31	40	3440	3452	30
721	18	6	10	3445	1090	28
722	7	31	10	3450	8530	25
723	18	6	40	3455	8087	23
724	18	6	40	3460	13133	21
725	1	29	40	3465	5673	21
726	4	23	20	3470	2589	23
727	1	29	20	3475	1283	28
728	7	31	10	3480	5208	26
729	4	23	40	3485	16620	19
730	4	23	30	3490	2193	24
731	7	31	20	3495	327	26
732	21	17	40	3500	16184	30
733	18	6	10	3505	6824	28
734	1	29	50	3510	4482	27
735	21	17	10	3515	633	30
736	18	6	30	3520	7947	20
737	4	23	30	3525	11410	27
738	7	31	50	3530	16413	23
739	18	6	40	3535	2913	28
740	21	17	20	3540	507	30
741	1	29	40	3545	602	29
742	21	17	40	3550	2628	20
743	1	29	50	3555	1166	26
744	21	17	50	3560	16994	26
745	21	17	40	3565	9324	26
746	4	23	40	3570	1568	23
747	7	31	40	3575	612	29
748	21	17	50	3580	7619	26
749	18	6	50	3585	2195	27
750	18	6	20	3590	8091	26
751	1	29	20	3595	6947	28
752	1	29	20	3600	164	20
753	1	29	50	3606	3031	25
754	4	23	10	3612	1165	26
755	7	31	40	3618	21378	30
756	4	23	10	3624	21908	25
757	21	17	30	3630	9544	24
758	7	31	50	3636	10386	23
759	4	23	10	3642	3930	19
760	1	29	50	3648	772	26
761	4	23	20	3654	16696	21
762	21	17	30	3660	22784	23
763	1	29	40	3666	699	27
764	18	6	20	3672	12672	28
765	18	6	10	3678	4457	28
766	21	17	20	3684	4478	25
767	1	29	40	3690	6112	30
768	4	23	40	3696	2812	23
769	1	29	40	3702	3172	28
770	7	31	10	3708	17787	29
771	4	23	40	3714	9565	19
772	18	6	50	3720	15757	24
773	21	17	20	3726	14429	30
774	7	31	20	3732	12487	26
775	4	23	10	3738	2605	20
776	4	23	20	3744	15036	27
777	4	23	10	3750	5871	29
778	4	23	50	3756	11273	27
779	18	6	10	3762	1005	26
780	4	23	10	3768	3202	29
781	21	17	30	3774	1812	25
782	1	29	20	3780	6108	21
783	18	6	10	3786	2179	29
784	1	29	30	3792	2179	24
785	18	6	10	3798	8618	27
786	7	31	50	3804	160	24
787	21	17	40	3810	6429	23
788	21	17	50	3816	4614	21
789	18	6	10	3822	5513	27
790	18	6	10	3828	1214	23
791	4	23	10	3834	21624	26
792	7	31	40	3840	266	22
793	1	29	40	3846	5282	23
794	1	29	50	3852	1918	21
795	18	6	50	3858	1641	27
796	1	29	10	3864	1118	24
797	7	31	10	3870	1748	24
798	21	17	40	3876	3334	29
799	7	31	40	3882	4831	28
800	1	29	30	3888	2404	19
801	18	6	50	3894	8258	23
802	1	29	10	3900	12015	25
803	21	17	20	3906	2704	29
804	7	31	50	3912	3424	29
805	7	31	30	3918	22351	25
806	7	31	20	3924	10179	22
807	18	6	50	3930	1636	20
808	18	6	30	3936	5961	29
809	21	17	10	3942	15591	25
810	1	29	30	3948	698	22
811	21	17	10	3954	4293	27
812	4	23	40	3960	22649	28
813	4	23	50	3966	7510	28
814	21	17	10	3972	480	20
815	18	6	20	3978	17602	20
816	4	23	50	3984	3347	19
817	7	31	20	3990	9726	24
818	21	17	10	4000	14930	21
819	21	17	10	4005	1163	20
820	7	31	10	4010	4185	23
821	1	29	30	4015	16720	21
822	18	6	40	4020	806	28
823	1	29	40	4025	12812	26
824	7	31	40	4030	1651	23
825	18	6	10	4035	25507	22
826	21	17	10	4040	8742	27
827	1	29	20	4045	3787	20
828	7	31	30	4050	7784	28
829	18	6	30	4055	7421	30
830	4	23	50	4060	1276	26
831	7	31	20	4065	8422	22
832	7	31	20	4070	1579	19
833	21	17	10	4075	2880	29
834	18	6	40	4080	15645	25
835	1	29	10	4085	9268	24
836	7	31	30	4090	4433	30
837	18	6	10	4095	2271	22
838	7	31	20	4100	17680	19
839	18	6	50	4105	2849	29
840	4	23	50	4110	22455	23
841	4	23	10	4115	14406	23
842	4	23	10	4120	219	24
843	1	29	50	4125	6954	26
844	1	29	40	4130	4281	24
845	18	6	50	4135	10342	27
846	21	17	20	4140	38570	28
847	1	29	40	4145	4411	25
848	1	29	40	4150	4428	21
849	7	31	30	4155	3132	19
850	21	17	50	4160	14842	26
851	4	23	40	4165	4454	30
852	7	31	50	4170	3458	21
853	21	17	30	4175	1840	28
854	1	29	30	4180	376	24
855	21	17	50	4185	3866	29
856	1	29	10	4190	6351	26
857	21	17	30	4195	30865	29
858	18	6	40	4200	846	24
859	18	6	40	4205	3947	25
860	21	17	30	4210	2562	29
861	4	23	10	4215	3356	21
862	4	23	20	4220	6620	23
863	21	17	10	4225	20284	30
864	18	6	10	4230	9904	30
865	4	23	10	4235	4532	19
866	18	6	40	4240	2155	26
867	7	31	40	4245	8144	29
868	18	6	20	4250	11102	21
869	21	17	50	4255	3724	27
870	7	31	40	4260	4985	20
871	18	6	50	4265	796	27
872	1	29	10	4270	13422	24
873	7	31	20	4275	6311	23
874	4	23	20	4280	1742	27
875	1	29	10	4285	6798	19
876	4	23	20	4290	15140	27
877	1	29	50	4295	5791	21
878	21	17	50	4300	3875	21
879	18	6	40	4305	4944	27
880	18	6	40	4310	27245	24
881	21	17	20	4315	2204	21
882	21	17	40	4320	24310	29
883	1	29	50	4325	2831	27
884	4	23	30	4330	11448	22
885	1	29	10	4335	10199	26
886	21	17	20	4340	2853	19
887	21	17	50	4345	29082	22
888	7	31	30	4350	2369	23
889	18	6	40	4400	5159	27
890	1	29	50	4404	1189	29
891	7	31	10	4408	4732	19
892	1	29	20	4412	1269	29
893	18	6	30	4416	5558	24
894	4	23	30	4420	206	19
895	21	17	40	4424	7268	20
896	21	17	40	4428	2538	30
897	7	31	10	4432	898	25
898	21	17	50	4436	16364	27
899	7	31	30	4440	32110	23
900	1	29	20	4444	5375	20
901	18	6	40	4448	3486	30
902	21	17	30	4452	8954	22
903	18	6	40	4456	434	25
904	1	29	50	4460	15743	29
905	7	31	10	4464	11052	29
906	4	23	40	4468	7610	25
907	1	29	40	4472	13091	28
908	4	23	20	4476	78	19
909	21	17	30	4480	5131	24
910	18	6	30	4484	6107	20
911	21	17	20	4488	266	23
912	21	17	30	4492	7229	27
913	21	17	10	4496	8159	28
914	1	29	50	4500	4394	20
915	1	29	10	4504	270	26
916	7	31	30	4508	3962	22
917	4	23	30	4512	2461	26
918	4	23	40	4516	1393	26
919	1	29	50	4520	36461	22
920	4	23	50	4524	1137	30
921	4	23	50	4528	2436	23
922	21	17	10	4532	3854	25
923	21	17	30	4536	2573	24
924	7	31	50	4540	2133	28
925	21	17	40	4544	138	20
926	18	6	30	4548	23654	29
927	7	31	40	4552	2996	30
928	1	29	40	4556	5874	23
929	4	23	30	4560	7307	25
930	1	29	20	4564	2860	19
931	21	17	20	4568	10872	20
932	18	6	50	4572	8272	25
933	18	6	30	4576	4113	28
934	1	29	20	4580	28522	26
935	21	17	10	4584	7606	25
936	21	17	50	4588	6703	29
937	7	31	50	4592	18360	23
938	21	17	10	4596	4606	28
939	21	17	30	4600	97	24
940	7	31	30	4604	903	20
941	7	31	40	4608	5460	22
942	4	23	30	4612	26570	21
943	21	17	50	4616	12218	29
944	1	29	20	4620	22686	26
945	1	29	40	4624	890	24
946	7	31	30	4628	15263	22
947	1	29	20	4632	5664	20
948	18	6	30	4636	651	23
949	4	23	30	4640	38906	23
950	18	6	20	4644	1848	29
951	4	23	10	4648	56	23
952	18	6	30	4652	23408	30
953	7	31	50	4656	17041	23
954	1	29	40	4660	15145	24
955	7	31	30	4664	2056	27
956	4	23	30	4668	28283	24
957	1	29	10	4672	4065	28
958	4	23	40	4676	13665	27
959	1	29	10	4680	14814	28
960	4	23	30	4684	12907	19
961	7	31	50	4688	2869	25
962	21	17	50	4692	2685	23
963	21	17	50	4696	4232	24
964	7	31	10	4700	1518	24
965	18	6	10	4704	12517	19
966	7	31	20	4708	3932	29
967	7	31	10	4712	1714	30
968	7	31	40	4716	8813	20
969	1	29	50	4720	13245	26
970	1	29	20	4724	5016	28
971	21	17	30	4728	5407	30
972	4	23	30	4732	14039	29
973	4	23	10	4736	1278	20
974	4	23	30	4740	17145	21
975	7	31	10	4744	8124	27
976	1	29	20	4748	2838	20
977	1	29	10	4800	7320	26
978	7	31	20	4804	3248	29
979	7	31	20	4808	1102	22
980	18	6	10	4812	1448	28
981	1	29	20	4816	4647	27
982	4	23	20	4820	2134	26
983	7	31	20	4824	6004	19
984	1	29	10	4828	3987	27
985	7	31	10	4832	2779	27
986	7	31	50	4836	12744	21
987	7	31	10	4840	11526	20
988	1	29	40	4844	6434	23
989	4	23	50	4848	10932	29
990	4	23	40	4852	8234	20
991	7	31	40	4856	1480	19
992	1	29	20	4860	670	26
993	21	17	50	4864	7225	30
994	4	23	10	4868	1899	24
995	1	29	30	4872	13095	25
996	21	17	40	4876	1881	29
997	4	23	40	4880	6442	28
998	1	29	50	4884	7532	24
999	7	31	10	4888	1304	26
1000	4	23	20	4892	10097	26
1001	1	29	20	4896	8599	23
1002	18	6	30	4900	14646	30
1003	1	29	40	4904	2508	27
1004	18	6	10	4908	5979	26
1005	18	6	50	4912	10041	29
1006	1	29	40	4916	1587	25
1007	7	31	20	4920	12824	28
1008	1	29	20	4924	51856	20
1009	18	6	30	4928	1901	28
1010	7	31	10	4932	21046	26
1011	4	23	20	4936	3713	28
1012	18	6	40	4940	534	30
1013	21	17	20	4944	9371	24
1014	21	17	50	4948	9051	19
1015	18	6	10	4952	3572	22
1016	18	6	40	4956	556	30
1017	1	29	30	4960	11326	23
1018	21	17	40	4964	148	27
1019	1	29	50	4968	16918	28
1020	7	31	20	4972	41154	28
1021	1	29	20	4976	7848	27
1022	4	23	20	4980	8181	26
1023	1	29	50	4984	20474	22
1024	4	23	10	4988	1455	24
1025	4	23	30	4992	2817	27
1026	21	17	10	4996	4233	23
1027	4	23	30	5000	2115	29
1028	1	29	10	5004	22030	27
1029	4	23	50	5008	643	27
1030	21	17	30	5012	4472	28
1031	4	23	40	5016	10953	22
1032	21	17	20	5020	36436	20
1033	1	29	20	5024	1619	22
1034	18	6	10	5028	4244	27
1035	1	29	50	5032	5656	23
1036	7	31	50	5036	7348	28
1037	18	6	40	5040	26824	29
1038	4	23	10	5044	11	24
1039	7	31	20	5048	9054	28
1040	4	23	30	5052	964	21
1041	1	29	40	5056	49603	24
1042	4	23	40	5060	11578	30
1043	21	17	20	5064	3336	26
1044	21	17	40	5068	13588	21
1045	1	29	20	5072	2532	22
1046	4	23	50	5076	881	20
1047	1	29	10	5080	3958	21
1048	1	29	50	5084	19940	30
1049	1	29	50	5088	15241	20
1050	7	31	50	5092	10722	25
1051	7	31	10	5096	4815	25
1052	7	31	10	5100	6120	19
1053	1	29	50	5104	10494	26
1054	1	29	50	5108	1359	28
1055	4	23	10	5112	770	29
1056	4	23	50	5116	147	28
1057	1	29	30	5120	19917	26
1058	7	31	30	5124	868	22
1059	21	17	40	5128	2085	30
1060	4	23	40	5132	2899	25
1061	4	23	10	5136	23593	26
1062	7	31	20	5140	15867	19
1063	7	31	30	5144	20325	24
1064	4	23	10	5200	12234	30
1065	1	29	30	5204	1610	22
1066	7	31	10	5208	3848	27
1067	18	6	30	5212	17049	26
1068	7	31	20	5216	2609	27
1069	7	31	10	5220	1495	26
1070	4	23	20	5224	11391	25
1071	21	17	10	5228	862	19
1072	7	31	20	5232	11277	30
1073	1	29	20	5236	3333	29
1074	4	23	30	5240	11611	26
1075	4	23	30	5244	44573	23
1076	4	23	30	5248	15747	27
1077	7	31	10	5252	2846	30
1078	18	6	20	5256	892	20
1079	4	23	50	5260	18025	21
1080	1	29	30	5264	1710	25
1081	7	31	10	5268	166	20
1082	4	23	30	5272	3027	29
1083	21	17	10	5276	711	26
1084	7	31	10	5280	3312	20
1085	18	6	20	5284	29835	22
1086	21	17	40	5288	1895	22
1087	7	31	20	5292	2396	25
1088	21	17	20	5296	218	25
1089	21	17	10	5300	3083	29
1090	7	31	50	5304	5364	25
1091	4	23	20	5308	9212	20
1092	7	31	10	5312	15854	26
1093	7	31	30	5316	11826	25
1094	18	6	30	5320	3740	22
1095	21	17	20	5324	1451	25
1096	18	6	20	5328	1165	23
1097	21	17	20	5332	14842	25
1098	18	6	10	5336	6525	26
1099	21	17	10	5340	8057	29
1100	4	23	20	5344	17620	26
1101	1	29	30	5348	2019	24
1102	4	23	40	5352	950	24
1103	18	6	50	5356	10988	22
1104	7	31	40	5360	771	25
1105	21	17	40	5364	8086	24
1106	21	17	50	5368	9539	26
1107	4	23	40	5372	1724	20
1108	7	31	30	5376	26798	19
1109	4	23	20	5380	1395	23
1110	21	17	30	5384	2107	20
1111	7	31	50	5388	10154	28
1112	21	17	20	5392	13347	25
1113	18	6	40	5396	1864	19
1114	21	17	10	5400	301	23
1115	7	31	40	5404	2666	24
1116	1	29	30	5408	8009	27
1117	7	31	20	5412	12015	24
1118	21	17	20	5416	6980	23
1119	1	29	50	5420	13173	27
1120	18	6	50	5424	28413	19
1121	21	17	40	5428	1050	21
1122	18	6	20	5432	15410	20
1123	7	31	10	5436	25447	29
1124	21	17	20	5440	9163	20
1125	21	17	10	5444	626	24
1126	18	6	50	5448	2195	24
1127	1	29	50	5452	32984	24
1128	7	31	40	5456	27353	26
1129	4	23	10	5460	7326	20
1130	1	29	10	5464	15764	30
1131	7	31	10	5468	134	21
1132	18	6	50	5472	10828	23
1133	4	23	10	5476	5092	21
1134	21	17	30	5480	43	26
1135	21	17	10	5484	27896	19
1136	1	29	20	5488	19135	26
1137	1	29	40	5492	6719	26
1138	18	6	20	5496	39859	19
1139	21	17	20	5500	9711	26
1140	18	6	20	5504	2622	27
1141	18	6	50	5508	137	21
1142	1	29	50	5512	2784	24
1143	4	23	10	5516	16132	20
1144	21	17	30	5520	739	27
1145	21	17	50	5524	11745	28
1146	7	31	10	5528	16470	25
1147	4	23	30	5532	8496	26
1148	21	17	20	5536	10622	20
1149	7	31	50	5600	754	29
1150	21	17	40	5605	6098	28
1151	4	23	10	5610	3548	30
1152	21	17	10	5615	2424	20
1153	18	6	20	5620	11101	30
1154	4	23	20	5625	8711	29
1155	4	23	40	5630	11633	24
1156	21	17	10	5635	3680	22
1157	21	17	40	5640	1333	26
1158	18	6	30	5645	536	21
1159	7	31	40	5650	133	20
1160	4	23	50	5655	4034	19
1161	21	17	50	5660	9978	21
1162	21	17	50	5665	2056	24
1163	1	29	20	5670	3634	30
1164	18	6	10	5675	2847	24
1165	1	29	20	5680	1934	30
1166	4	23	50	5685	30278	24
1167	4	23	10	5690	3331	23
1168	18	6	10	5695	1809	23
1169	21	17	10	5700	560	22
1170	4	23	20	5705	3759	28
1171	21	17	40	5710	531	20
1172	4	23	50	5715	12265	23
1173	1	29	50	5720	16907	27
1174	21	17	30	5725	6003	19
1175	21	17	50	5730	24679	28
1176	21	17	40	5735	14136	27
1177	21	17	10	5740	35011	19
1178	7	31	30	5745	16329	21
1179	1	29	20	5750	19467	22
1180	18	6	10	5755	1814	29
1181	21	17	20	5760	7049	29
1182	18	6	30	5765	2289	22
1183	1	29	40	5770	16780	28
1184	7	31	30	5775	549	22
1185	4	23	10	5780	5582	19
1186	21	17	10	5785	11260	19
1187	1	29	40	5790	37974	23
1188	21	17	40	5795	13179	22
1189	4	23	50	5800	2185	21
1190	1	29	50	5805	7343	27
1191	18	6	40	5810	11251	19
1192	21	17	20	5815	5599	24
1193	7	31	40	5820	30022	30
1194	18	6	30	5825	2932	25
1195	4	23	30	5830	6691	25
1196	18	6	50	5835	12500	27
1197	21	17	40	5840	21137	25
1198	1	29	50	5845	6703	27
1199	7	31	20	5850	16540	28
1200	4	23	10	5855	12575	22
1201	1	29	50	5860	6070	21
1202	1	29	30	5865	4809	21
1203	21	17	20	5870	8804	28
1204	1	29	40	5875	10044	19
1205	21	17	50	5880	5064	27
1206	1	29	20	5885	6828	26
1207	7	31	10	5890	3853	24
1208	4	23	50	5895	2013	30
1209	7	31	30	5900	9879	19
1210	7	31	50	5905	22147	27
1211	21	17	10	5910	3841	22
1212	1	29	10	5915	2666	24
1213	18	6	10	5920	1324	29
1214	18	6	40	5925	13439	21
1215	7	31	30	5930	13301	21
1216	7	31	30	5935	4986	29
1217	21	17	10	5940	3439	27
1218	18	6	40	5945	2838	26
1219	7	31	10	5950	12761	24
1220	18	6	20	5955	4922	29
1221	18	6	20	5960	34130	19
1222	7	31	20	5965	6093	19
1223	7	31	20	5970	26455	21
1224	21	17	20	5975	5033	25
1225	18	6	30	5980	7740	28
1226	1	29	30	5985	6585	26
1227	21	17	10	6000	13185	24
1228	21	17	30	6004	6794	21
1229	18	6	10	6008	25968	24
1230	4	23	50	6012	1431	20
1231	21	17	10	6016	18450	20
1232	7	31	20	6020	4358	23
1233	21	17	20	6024	45506	24
1234	4	23	20	6028	1021	30
1235	1	29	10	6032	8897	27
1236	7	31	50	6036	1149	26
1237	4	23	20	6040	6970	24
1238	21	17	10	6044	1415	27
1239	21	17	30	6048	7277	26
1240	4	23	40	6052	21074	23
1241	18	6	50	6056	3734	26
1242	7	31	40	6060	11716	24
1243	18	6	20	6064	827	21
1244	21	17	50	6068	2874	24
1245	1	29	50	6072	1980	24
1246	18	6	30	6076	5102	25
1247	4	23	20	6080	3455	25
1248	18	6	10	6084	1422	27
1249	7	31	50	6088	5489	23
1250	21	17	50	6092	869	26
1251	4	23	40	6096	4652	19
1252	7	31	50	6100	7955	30
1253	18	6	50	6104	11767	21
1254	4	23	50	6108	4274	29
1255	1	29	40	6112	13135	22
1256	4	23	30	6116	52963	20
1257	4	23	10	6120	5362	30
1258	21	17	50	6124	1788	22
1259	21	17	10	6128	799	22
1260	21	17	30	6132	19096	19
1261	18	6	20	6136	11637	20
1262	7	31	40	6140	13285	21
1263	1	29	40	6144	2424	24
1264	1	29	30	6148	6304	30
1265	7	31	50	6152	300	26
1266	1	29	50	6156	26017	29
1267	1	29	40	6160	2704	19
1268	7	31	40	6164	266	29
1269	1	29	30	6168	1229	24
1270	21	17	40	6172	9028	25
1271	1	29	10	6176	17114	24
1272	21	17	10	6180	1658	30
1273	4	23	20	6184	9668	30
1274	18	6	30	6188	16254	19
1275	21	17	20	6192	724	21
1276	7	31	30	6196	1958	25
1277	18	6	50	6200	4565	29
1278	21	17	30	6204	8666	27
1279	21	17	20	6208	2276	20
1280	21	17	50	6212	1285	21
1281	7	31	20	6216	1887	19
1282	4	23	50	6220	8277	27
1283	18	6	40	6224	630	28
1284	4	23	10	6228	15623	29
1285	1	29	20	6232	10266	20
1286	1	29	10	6236	2520	21
1287	4	23	20	6240	8392	20
1288	4	23	30	6244	6990	25
1289	18	6	40	6248	3009	27
1290	4	23	30	6252	8930	26
1291	18	6	50	6256	8294	26
1292	4	23	20	6260	3840	21
1293	1	29	50	6264	555	24
1294	1	29	10	6268	9349	26
1295	18	6	20	6272	1411	21
1296	4	23	20	6276	6622	23
1297	4	23	50	6280	5664	19
1298	1	29	50	6284	6442	22
1299	1	29	50	6288	2462	29
1300	21	17	10	6292	2387	26
1301	1	29	50	6296	1633	25
1302	7	31	30	6300	3062	27
1303	18	6	40	6304	165	21
1304	7	31	20	6308	13720	28
1305	7	31	50	6312	1994	21
1306	7	31	40	6316	2341	19
1307	18	6	40	6320	21126	19
1308	1	29	20	6324	18532	21
1309	4	23	30	6328	3172	26
1310	4	23	20	6332	7117	27
1311	1	29	40	6336	6637	22
1312	4	23	40	6340	14032	22
1313	21	17	40	6344	24398	20
1314	21	17	10	6348	23449	19
1315	1	29	20	6352	9575	30
1316	7	31	30	6356	1039	24
1317	4	23	50	6400	10601	24
1318	4	23	40	6406	4130	26
1319	1	29	10	6412	13825	28
1320	4	23	50	6418	11638	23
1321	7	31	30	6424	2986	27
1322	4	23	20	6430	9743	24
1323	18	6	10	6436	10160	20
1324	4	23	10	6442	5078	29
1325	7	31	50	6448	252	30
1326	7	31	40	6454	5561	21
1327	21	17	10	6460	1024	24
1328	18	6	10	6466	97	22
1329	1	29	10	6472	9825	28
1330	18	6	10	6478	5931	28
1331	1	29	30	6484	9897	25
1332	18	6	10	6490	17083	25
1333	7	31	30	6496	4041	29
1334	1	29	20	6502	36599	25
1335	7	31	10	6508	26536	27
1336	21	17	40	6514	17817	23
1337	18	6	10	6520	7829	25
1338	7	31	30	6526	2362	19
1339	21	17	10	6532	8116	26
1340	18	6	40	6538	5066	19
1341	21	17	20	6544	3343	21
1342	4	23	50	6550	11038	30
1343	21	17	50	6556	2357	29
1344	21	17	20	6562	10306	19
1345	18	6	50	6568	920	23
1346	7	31	10	6574	13651	23
1347	7	31	40	6580	4477	19
1348	18	6	40	6586	1026	24
1349	21	17	50	6592	37991	27
1350	4	23	50	6598	325	28
1351	1	29	20	6604	14116	30
1352	21	17	20	6610	879	24
1353	1	29	40	6616	10493	25
1354	7	31	10	6622	5519	24
1355	1	29	30	6628	23413	29
1356	7	31	30	6634	5239	19
1357	18	6	20	6640	7307	25
1358	7	31	40	6646	6397	22
1359	1	29	30	6652	12446	29
1360	1	29	10	6658	10174	30
1361	21	17	30	6664	1146	25
1362	21	17	30	6670	19868	27
1363	1	29	20	6676	1727	24
1364	18	6	30	6682	13029	28
1365	18	6	40	6688	16925	20
1366	21	17	40	6694	9166	27
1367	7	31	10	6700	4501	23
1368	21	17	20	6706	26361	26
1369	1	29	10	6712	32561	23
1370	18	6	30	6718	13107	26
1371	4	23	20	6724	5507	29
1372	7	31	30	6730	5209	24
1373	7	31	30	6736	11614	30
1374	7	31	30	6742	3486	27
1375	7	31	30	6748	4426	21
1376	18	6	30	6754	6626	28
1377	7	31	30	6760	4766	25
1378	4	23	40	6800	42264	20
1379	1	29	10	6805	3586	25
1380	21	17	40	6810	1911	25
1381	21	17	10	6815	600	20
1382	7	31	30	6820	66906	19
1383	4	23	20	6825	168	26
1384	4	23	10	6830	8804	30
1385	1	29	40	6835	9495	29
1386	18	6	20	6840	7445	20
1387	18	6	20	6845	1311	19
1388	1	29	30	6850	18276	23
1389	21	17	40	6855	353	26
1390	1	29	40	6860	5280	26
1391	4	23	20	6865	2777	28
1392	4	23	30	6870	612	21
1393	4	23	10	6875	5029	20
1394	7	31	10	6880	19986	27
1395	4	23	20	6885	3270	25
1396	21	17	50	6890	4427	24
1397	4	23	40	6895	6462	24
1398	7	31	20	6900	4803	19
1399	7	31	40	6905	14906	29
1400	4	23	20	6910	4449	26
1401	1	29	10	6915	3930	30
1402	7	31	20	6920	5014	23
1403	1	29	40	6925	1183	19
1404	4	23	20	6930	1642	19
1405	1	29	40	6935	6250	29
1406	18	6	50	6940	3448	25
1407	1	29	40	6945	3302	24
1408	18	6	20	6950	3790	28
1409	1	29	40	6955	610	22
1410	21	17	10	6960	3866	19
1411	21	17	50	6965	257	25
1412	21	17	30	6970	7408	24
1413	4	23	30	6975	1678	28
1414	18	6	40	6980	6871	23
1415	1	29	10	6985	8337	28
1416	18	6	10	6990	1149	25
1417	18	6	20	6995	18087	19
1418	4	23	10	7000	5986	24
1419	1	29	50	7005	923	30
1420	1	29	30	7010	2558	19
1421	7	31	30	7015	6054	27
1422	4	23	40	7020	6077	30
1423	21	17	40	7025	20172	30
1424	21	17	20	7030	5540	28
1425	7	31	10	7035	5745	28
1426	21	17	40	7040	4413	27
1427	18	6	30	7045	95	22
1428	21	17	30	7050	15074	22
1429	18	6	20	7055	142	21
1430	7	31	40	7060	73164	27
1431	7	31	40	7065	72	23
1432	1	29	10	7070	47756	25
1433	7	31	10	7075	1301	21
1434	7	31	50	7080	21822	30
1435	7	31	30	7085	13917	25
1436	18	6	40	7090	7464	27
1437	4	23	40	7095	15860	30
1438	21	17	10	7100	14423	25
1439	18	6	30	7105	1069	19
1440	21	17	50	7110	3380	23
1441	1	29	30	7115	2490	26
1442	21	17	50	7120	11890	21
1443	1	29	40	7125	13931	20
1444	1	29	30	7130	8631	26
1445	18	6	40	7135	4805	20
1446	7	31	40	7140	9354	23
1447	21	17	10	7145	17262	24
1448	18	6	20	7200	17683	28
1449	7	31	10	7204	2522	29
1450	18	6	10	7208	1802	19
1451	7	31	30	7212	6028	24
1452	21	17	30	7216	221	30
1453	4	23	30	7220	3354	20
1454	7	31	10	7224	6772	29
1455	7	31	50	7228	18090	29
1456	4	23	20	7232	15502	30
1457	21	17	40	7236	6317	24
1458	18	6	30	7240	8123	22
1459	21	17	10	7244	8947	22
1460	1	29	50	7248	1006	21
1461	1	29	20	7252	3304	21
1462	1	29	20	7256	5389	21
1463	1	29	50	7260	3566	26
1464	18	6	50	7264	611	25
1465	1	29	20	7268	3749	27
1466	7	31	40	7272	278	30
1467	1	29	30	7276	4838	21
1468	21	17	40	7280	2350	28
1469	4	23	20	7284	11153	28
1470	21	17	20	7288	331	19
1471	7	31	20	7292	2534	25
1472	18	6	20	7296	499	24
1473	1	29	40	7300	4109	24
1474	18	6	50	7304	11562	26
1475	21	17	10	7308	50	24
1476	21	17	30	7312	11319	24
1477	18	6	50	7316	9832	29
1478	21	17	10	7320	2404	23
1479	4	23	30	7324	394	26
1480	1	29	30	7328	13850	24
1481	21	17	40	7332	6204	22
1482	21	17	20	7336	1036	24
1483	18	6	30	7340	6894	23
1484	21	17	10	7344	13538	21
1485	1	29	10	7348	5087	22
1486	21	17	20	7352	32016	23
1487	4	23	40	7356	8512	24
1488	1	29	10	7360	6920	23
1489	21	17	10	7364	316	19
1490	18	6	20	7368	27647	25
1491	4	23	10	7372	500	22
1492	1	29	20	7376	2034	26
1493	1	29	50	7380	1413	22
1494	18	6	30	7384	55	29
1495	7	31	30	7388	50	20
1496	21	17	10	7392	12016	23
1497	7	31	50	7396	4276	26
1498	7	31	40	7400	11127	26
1499	21	17	10	7404	2693	30
1500	4	23	50	7408	4322	20
1501	4	23	20	7412	2149	21
1502	1	29	30	7416	7949	26
1503	21	17	10	7420	1191	19
1504	21	17	40	7424	2089	28
1505	4	23	50	7428	21304	24
1506	18	6	20	7432	5060	30
1507	7	31	40	7436	7859	25
1508	18	6	30	7440	6905	24
1509	7	31	10	7444	6656	23
1510	21	17	20	7448	1194	24
1511	1	29	20	7452	1286	20
1512	21	17	40	7456	2699	19
1513	7	31	50	7460	7125	27
1514	7	31	40	7464	15191	29
1515	1	29	20	7468	6913	29
1516	18	6	10	7472	1955	28
1517	21	17	50	7476	19494	28
1518	1	29	50	7480	6278	23
1519	18	6	50	7484	7390	21
1520	18	6	10	7488	3986	22
1521	18	6	10	7492	3814	25
1522	1	29	20	7496	16624	28
1523	1	29	30	7500	1944	28
1524	18	6	50	7504	12242	21
1525	4	23	20	7508	31289	28
1526	7	31	10	7512	385	29
1527	18	6	20	7516	18308	21
1528	21	17	20	7520	4017	26
1529	4	23	30	7524	11351	25
1530	1	29	50	7528	2079	19
1531	1	29	30	7532	3360	29
1532	7	31	10	7600	25036	21
1533	1	29	50	7605	29130	23
1534	21	17	40	7610	7969	25
1535	4	23	10	7615	7081	21
1536	21	17	20	7620	19243	27
1537	21	17	20	7625	32642	24
1538	4	23	40	7630	3418	26
1539	4	23	20	7635	17346	27
1540	7	31	40	7640	14	23
1541	1	29	30	7645	3522	29
1542	1	29	10	7650	639	30
1543	18	6	10	7655	113	19
1544	21	17	40	7660	18429	26
1545	1	29	50	7665	13713	23
1546	4	23	30	7670	11906	21
1547	4	23	20	7675	8060	30
1548	4	23	20	7680	2988	24
1549	1	29	10	7685	4473	30
1550	18	6	30	7690	12462	23
1551	21	17	20	7695	16006	25
1552	4	23	10	7700	16338	21
1553	4	23	50	7705	1283	24
1554	4	23	10	7710	17907	27
1555	18	6	50	7715	311	26
1556	4	23	50	7720	3580	23
1557	1	29	50	7725	4276	28
1558	7	31	10	7730	3506	28
1559	4	23	30	7735	2299	19
1560	21	17	40	7740	17183	25
1561	21	17	10	7745	6755	28
1562	7	31	30	7750	2099	30
1563	21	17	10	7755	13725	30
1564	7	31	10	7760	3274	23
1565	21	17	50	7765	12707	26
1566	4	23	10	7770	1708	30
1567	7	31	40	7775	2998	27
1568	7	31	20	7780	25533	20
1569	18	6	30	7785	2440	26
1570	18	6	10	7790	8841	21
1571	18	6	50	7795	2130	22
1572	4	23	20	7800	6655	21
1573	7	31	30	7805	8587	27
1574	4	23	10	7810	7353	29
1575	18	6	40	7815	296	24
1576	1	29	50	7820	2881	26
1577	21	17	20	7825	15768	28
1578	1	29	40	7830	3034	20
1579	1	29	50	7835	26512	29
1580	21	17	40	7840	1842	25
1581	1	29	40	7845	4249	30
1582	21	17	50	7850	7072	27
1583	21	17	10	7855	27166	27
1584	1	29	10	7860	27687	21
1585	1	29	40	7865	3622	24
1586	4	23	20	7870	5119	26
1587	1	29	20	7875	13204	28
1588	7	31	50	7880	670	27
1589	7	31	40	7885	7182	30
1590	1	29	20	7890	2055	29
1591	21	17	20	7895	5476	29
1592	18	6	10	7900	7915	27
1593	21	17	10	7905	824	26
1594	4	23	40	7910	18	20
1595	21	17	40	7915	4520	25
1596	18	6	10	7920	1071	29
1597	18	6	10	7925	2372	30
1598	7	31	50	7930	9070	26
1599	1	29	50	7935	881	19
1600	4	23	40	7940	7902	24
1601	21	17	40	7945	4953	25
1602	7	31	10	7950	9015	28
1603	1	29	50	7955	400	28
1604	21	17	10	7960	11398	27
1605	1	29	30	7965	6488	19
1606	4	23	10	7970	2853	23
1607	21	17	30	7975	1907	25
1608	21	17	40	7980	6335	25
1609	1	29	30	8000	15561	21
1610	18	6	50	8005	10647	30
1611	7	31	30	8010	5546	26
1612	21	17	10	8015	828	26
1613	4	23	10	8020	3970	29
1614	4	23	40	8025	361	24
1615	7	31	50	8030	5096	26
1616	1	29	20	8035	32733	19
1617	21	17	20	8040	2455	22
1618	7	31	10	8045	15260	28
1619	4	23	30	8050	28543	29
1620	4	23	30	8055	3121	30
1621	18	6	50	8060	3878	20
1622	1	29	50	8065	2113	19
1623	1	29	30	8070	3649	21
1624	1	29	20	8075	296	28
1625	18	6	40	8080	1520	22
1626	1	29	40	8085	7442	26
1627	4	23	10	8090	5031	25
1628	18	6	50	8095	8532	25
1629	7	31	30	8100	1485	22
1630	21	17	40	8105	19350	25
1631	7	31	50	8110	374	26
1632	1	29	30	8115	1611	20
1633	1	29	50	8120	1898	20
1634	4	23	20	8125	3276	23
1635	1	29	10	8130	10902	30
1636	4	23	40	8135	10657	20
1637	7	31	10	8140	6179	30
1638	1	29	10	8145	1855	30
1639	1	29	30	8150	4261	20
1640	4	23	40	8155	530	20
1641	7	31	50	8160	2415	20
1642	18	6	30	8165	2420	21
1643	7	31	20	8170	2022	24
1644	4	23	40	8175	15548	30
1645	4	23	40	8180	10370	21
1646	21	17	20	8185	4050	22
1647	7	31	10	8190	2164	28
1648	18	6	30	8195	442	20
1649	21	17	40	8200	6060	25
1650	7	31	30	8205	4758	25
1651	4	23	40	8210	15789	26
1652	7	31	10	8215	4154	20
1653	1	29	30	8220	9804	27
1654	4	23	30	8225	12159	19
1655	18	6	50	8230	2231	23
1656	7	31	50	8235	2085	25
1657	4	23	40	8240	2964	26
1658	21	17	30	8245	100	19
1659	4	23	20	8250	7061	24
1660	21	17	50	8255	23978	24
1661	1	29	50	8260	14324	29
1662	4	23	40	8265	6500	30
1663	1	29	20	8270	3792	22
1664	1	29	50	8275	23361	26
1665	4	23	10	8280	9368	23
1666	4	23	10	8285	3057	24
1667	21	17	20	8290	17450	25
1668	21	17	50	8295	454	25
1669	4	23	40	8300	2853	25
1670	1	29	20	8305	10626	25
1671	4	23	10	8310	4712	20
1672	21	17	10	8315	471	22
1673	4	23	30	8320	4618	27
1674	1	29	40	8325	19054	28
1675	21	17	40	8330	516	29
1676	1	29	20	8335	1051	29
1677	18	6	30	8340	71	25
1678	7	31	40	8345	5699	22
1679	7	31	40	8400	2967	25
1680	18	6	20	8405	11962	19
1681	18	6	40	8410	3677	28
1682	1	29	30	8415	4262	23
1683	4	23	10	8420	1064	19
1684	1	29	10	8425	10217	28
1685	4	23	50	8430	409	29
1686	1	29	40	8435	8188	24
1687	1	29	50	8440	5171	24
1688	4	23	20	8445	4497	19
1689	18	6	20	8450	777	19
1690	18	6	20	8455	5782	24
1691	1	29	50	8460	4447	25
1692	7	31	30	8465	5967	29
1693	4	23	40	8470	7755	25
1694	18	6	40	8475	4972	27
1695	4	23	40	8480	2101	21
1696	1	29	10	8485	9747	20
1697	18	6	20	8490	17200	30
1698	4	23	30	8495	2597	29
1699	21	17	40	8500	1460	25
1700	21	17	40	8505	4205	28
1701	1	29	10	8510	5710	28
1702	7	31	10	8515	1605	21
1703	21	17	40	8520	11211	26
1704	7	31	30	8525	12721	30
1705	1	29	20	8530	25	24
1706	7	31	30	8535	13028	23
1707	18	6	30	8540	27169	24
1708	1	29	40	8545	12827	30
1709	7	31	50	8550	10149	21
1710	18	6	30	8555	1024	24
1711	4	23	20	8560	1993	19
1712	7	31	50	8565	12879	22
1713	18	6	50	8570	9699	25
1714	1	29	10	8575	13306	23
1715	7	31	10	8580	6969	26
1716	21	17	20	8585	4358	24
1717	1	29	30	8590	4520	30
1718	21	17	10	8595	8545	24
1719	4	23	50	8600	18119	28
1720	18	6	20	8605	404	30
1721	18	6	10	8610	14737	19
1722	18	6	50	8615	4886	24
1723	7	31	30	8620	26276	25
1724	18	6	30	8625	12312	19
1725	1	29	20	8630	2952	19
1726	21	17	40	8635	20156	21
1727	18	6	30	8640	4589	28
1728	18	6	50	8645	29739	30
1729	4	23	50	8650	9030	25
1730	7	31	30	8655	3547	27
1731	7	31	10	8660	2192	30
1732	21	17	50	8665	10520	27
1733	7	31	10	8670	3357	27
1734	7	31	50	8675	18502	28
1735	18	6	20	8680	2469	22
1736	7	31	40	8685	1653	25
1737	18	6	50	8690	8613	28
1738	7	31	30	8695	3186	19
1739	1	29	50	8700	10126	23
1740	21	17	30	8705	2260	25
1741	7	31	10	8710	8971	30
1742	1	29	20	8715	9047	25
1743	21	17	30	8720	9937	28
1744	1	29	50	8725	28739	26
1745	21	17	50	8730	2785	24
1746	18	6	50	8735	7875	21
1747	4	23	30	8740	13859	23
1748	18	6	40	8745	13294	20
1749	4	23	30	8750	17052	19
1750	4	23	20	8755	13326	28
1751	21	17	30	8760	2546	21
1752	18	6	10	8765	2061	24
1753	21	17	40	8770	3838	20
1754	7	31	20	8775	1000	26
1755	7	31	30	8800	6702	27
1756	7	31	10	8805	436	22
1757	1	29	30	8810	1980	27
1758	7	31	20	8815	27620	25
1759	4	23	20	8820	5347	30
1760	18	6	30	8825	699	21
1761	18	6	10	8830	3661	26
1762	1	29	40	8835	37503	25
1763	4	23	40	8840	1042	23
1764	21	17	20	8845	3577	24
1765	4	23	20	8850	16996	24
1766	4	23	20	8855	5372	23
1767	1	29	50	8860	4890	25
1768	4	23	50	8865	12936	27
1769	21	17	40	8870	6297	20
1770	21	17	30	8875	4017	19
1771	7	31	30	8880	11442	26
1772	18	6	10	8885	871	29
1773	21	17	20	8890	22290	20
1774	7	31	30	8895	8399	21
1775	4	23	20	8900	3761	30
1776	18	6	50	8905	1435	25
1777	4	23	30	8910	10958	26
1778	7	31	40	8915	36898	30
1779	18	6	30	8920	5408	26
1780	21	17	20	8925	9172	28
1781	4	23	20	8930	810	29
1782	1	29	40	8935	7875	26
1783	7	31	20	8940	792	29
1784	21	17	40	8945	16057	28
1785	7	31	50	8950	715	25
1786	4	23	10	8955	100	24
1787	21	17	20	8960	3451	26
1788	1	29	40	8965	2040	20
1789	1	29	20	8970	3247	20
1790	7	31	10	8975	1911	30
1791	4	23	10	8980	27407	29
1792	7	31	30	8985	9394	21
1793	1	29	10	8990	14711	20
1794	21	17	30	8995	8048	21
1795	4	23	20	9000	16887	30
1796	7	31	30	9005	9200	24
1797	4	23	30	9010	6478	20
1798	1	29	10	9015	3454	23
1799	7	31	30	9020	771	20
1800	18	6	40	9025	13076	20
1801	1	29	10	9030	1480	27
1802	21	17	30	9035	174	26
1803	4	23	50	9040	2466	19
1804	4	23	10	9045	5333	19
1805	21	17	40	9050	411	20
1806	7	31	30	9055	1485	22
1807	18	6	40	9060	2726	23
1808	18	6	20	9065	10506	29
1809	1	29	10	9070	10852	26
1810	18	6	40	9075	4127	20
1811	18	6	40	9080	2936	27
1812	4	23	40	9085	2082	28
1813	18	6	50	9090	5184	30
1814	7	31	10	9095	13086	20
1815	7	31	20	9100	34935	22
1816	18	6	20	9105	10803	19
1817	18	6	20	9110	18141	26
1818	4	23	10	9115	2372	25
1819	1	29	30	9120	2573	30
1820	21	17	20	9125	16200	19
1821	7	31	10	9130	1193	28
1822	1	29	20	9135	2113	24
1823	4	23	40	9140	5046	26
1824	1	29	40	9145	3231	20
1825	4	23	20	9150	4459	21
1826	1	29	10	9155	578	24
1827	1	29	50	9160	2432	27
1828	1	29	50	9165	2899	30
1829	1	29	10	9170	11798	22
1830	21	17	40	9175	9412	25
1831	7	31	30	9180	7516	23
1832	18	6	30	9185	4022	22
1833	21	17	20	9200	18271	28
1834	1	29	50	9204	9277	25
1835	7	31	20	9208	5761	20
1836	4	23	40	9212	621	22
1837	4	23	40	9216	3582	25
1838	1	29	20	9220	7487	29
1839	21	17	50	9224	13518	26
1840	1	29	30	9228	19823	22
1841	1	29	20	9232	10290	20
1842	4	23	50	9236	7726	27
1843	1	29	40	9240	5273	24
1844	7	31	40	9244	21340	30
1845	4	23	30	9248	18852	22
1846	1	29	20	9252	10724	19
1847	18	6	40	9256	1926	21
1848	4	23	10	9260	291	30
1849	1	29	20	9264	8330	29
1850	18	6	50	9268	1188	30
1851	18	6	10	9272	12370	28
1852	1	29	20	9276	2836	25
1853	21	17	40	9280	628	24
1854	7	31	10	9284	2028	20
1855	4	23	30	9288	8780	22
1856	1	29	40	9292	22083	22
1857	4	23	50	9296	6455	30
1858	18	6	20	9300	21622	30
1859	1	29	40	9304	488	29
1860	21	17	40	9308	31445	27
1861	4	23	30	9312	19029	25
1862	18	6	50	9316	33482	23
1863	18	6	10	9320	25733	26
1864	18	6	20	9324	416	20
1865	7	31	20	9328	12635	28
1866	21	17	10	9332	19449	23
1867	4	23	30	9336	3216	30
1868	1	29	50	9340	12504	24
1869	21	17	50	9344	2761	19
1870	1	29	30	9348	19495	30
1871	21	17	30	9352	3822	24
1872	18	6	10	9356	2724	28
1873	4	23	20	9360	4654	30
1874	21	17	50	9364	3557	26
1875	7	31	10	9368	1246	29
1876	18	6	10	9372	5860	19
1877	1	29	40	9376	11074	30
1878	7	31	50	9380	6164	27
1879	7	31	20	9384	4456	28
1880	18	6	10	9388	9344	20
1881	7	31	30	9392	15492	21
1882	7	31	50	9396	2053	27
1883	1	29	40	9400	8560	19
1884	21	17	10	9404	8022	23
1885	4	23	40	9408	18807	27
1886	7	31	10	9412	2976	28
1887	18	6	50	9416	3080	29
1888	18	6	10	9420	8971	27
1889	4	23	20	9424	162	21
1890	4	23	30	9428	6875	29
1891	1	29	50	9432	5887	23
1892	1	29	30	9436	4469	25
1893	21	17	30	9440	6362	19
1894	1	29	20	9444	14418	30
1895	7	31	50	9448	70	27
1896	21	17	30	9452	10743	28
1897	18	6	50	9456	8617	20
1898	7	31	20	9460	4523	22
1899	1	29	20	9464	1175	21
1900	4	23	20	9468	39909	30
1901	7	31	40	9472	4183	19
1902	18	6	40	9476	4406	28
1903	4	23	10	9480	10897	30
1904	21	17	40	9484	10607	30
1905	4	23	20	9488	11354	24
1906	1	29	50	9492	5518	19
1907	4	23	10	9496	15578	26
1908	1	29	40	9500	10088	28
1909	21	17	10	9504	663	21
1910	18	6	20	9508	1272	22
1911	1	29	10	9512	1658	22
1912	7	31	50	9516	133	21
1913	7	31	10	9520	5639	21
1914	21	17	40	9524	3699	27
1915	1	29	10	9600	1064	24
1916	21	17	40	9605	9139	29
1917	18	6	10	9610	3177	23
1918	18	6	50	9615	3165	21
1919	21	17	40	9620	1263	24
1920	21	17	20	9625	5280	30
1921	4	23	20	9630	7180	25
1922	18	6	30	9635	8557	22
1923	4	23	40	9640	11771	21
1924	18	6	30	9645	10050	21
1925	1	29	30	9650	3975	26
1926	7	31	10	9655	24265	30
1927	4	23	40	9660	10780	28
1928	4	23	10	9665	7452	30
1929	18	6	50	9670	3448	30
1930	21	17	40	9675	4158	20
1931	21	17	20	9680	15720	30
1932	18	6	20	9685	3057	26
1933	4	23	40	9690	4094	25
1934	1	29	50	9695	4552	28
1935	4	23	20	9700	2648	20
1936	4	23	50	9705	4529	24
1937	1	29	40	9710	5268	28
1938	1	29	50	9715	20466	19
1939	18	6	50	9720	16637	29
1940	18	6	40	9725	4172	27
1941	1	29	10	9730	4831	21
1942	18	6	10	9735	7389	20
1943	18	6	50	9740	7221	24
1944	18	6	50	9745	16513	30
1945	4	23	30	9750	3945	25
1946	4	23	10	9755	5617	20
1947	4	23	30	9760	20423	22
1948	21	17	50	9765	1570	22
1949	21	17	10	9770	9916	25
1950	21	17	10	9775	3177	29
1951	7	31	20	9780	4236	24
1952	21	17	50	9785	3236	29
1953	21	17	40	9790	2693	29
1954	1	29	10	9795	8478	21
1955	1	29	50	9800	4096	23
1956	4	23	20	9805	11100	28
1957	7	31	10	9810	8469	25
1958	18	6	40	9815	232	28
1959	21	17	20	9820	3358	23
1960	7	31	20	9825	13131	25
1961	7	31	10	9830	11356	22
1962	1	29	10	9835	2314	26
1963	21	17	40	9840	3651	28
1964	1	29	30	9845	8972	20
1965	4	23	10	9850	2708	22
1966	21	17	40	9855	16298	26
1967	1	29	20	9860	7654	27
1968	4	23	10	9865	597	23
1969	18	6	20	9870	740	26
1970	7	31	20	9875	9428	30
1971	7	31	50	9880	1770	19
1972	1	29	20	9885	4156	22
1973	1	29	10	9890	4807	23
1974	4	23	50	9895	10765	27
1975	7	31	10	9900	242	28
1976	1	29	10	9905	36441	24
1977	21	17	30	9910	515	28
1978	18	6	40	9915	18209	22
1979	21	17	10	9920	3155	26
1980	4	23	30	9925	17451	24
1981	18	6	40	9930	241	26
1982	4	23	50	9935	6601	24
1983	4	23	50	9940	18074	24
1984	18	6	40	9945	181	19
1985	18	6	20	9950	41281	27
1986	21	17	20	9955	5992	19
1987	18	6	40	9960	258	28
1988	4	23	40	9965	10998	22
1989	1	29	10	9970	270	24
1990	1	29	50	10000	6065	22
1991	21	17	50	10040	12083	30
1992	21	17	10	10080	4838	30
1993	18	6	40	10120	6934	27
1994	4	23	30	10160	569	23
1995	7	31	40	10200	8358	23
1996	1	29	10	10240	1806	25
1997	4	23	30	10280	2159	22
1998	18	6	30	10320	20236	22
1999	21	17	50	10360	7053	26
