0	18	6	40	0	471	40
1	21	17	20	12	112	55
2	1	29	30	24	1545	38
3	18	6	40	36	1154	31
4	21	17	20	48	401	50
5	7	31	50	60	2444	57
6	21	17	10	72	18498	45
7	21	17	30	84	4071	56
8	21	17	50	96	31814	57
9	18	6	50	108	685	45
10	18	6	20	120	3968	40
11	1	29	50	132	708	50
12	4	23	30	144	2864	56
13	7	31	40	156	13804	59
14	18	6	30	168	1829	54
15	1	29	10	180	981	38
16	4	23	50	192	10160	51
17	18	6	40	204	1605	52
18	4	23	10	216	253	47
19	18	6	50	228	5178	48
20	1	29	40	240	1717	56
21	1	29	40	252	280	59
22	1	29	10	264	763	55
23	7	31	30	276	200	56
24	4	23	40	288	746	57
25	7	31	30	300	2477	40
26	1	29	10	312	905	49
27	18	6	20	324	882	46
28	21	17	30	336	1722	55
29	21	17	40	348	3811	49
30	1	29	30	360	940	37
31	4	23	50	372	13377	37
32	7	31	20	384	3236	32
33	21	17	40	400	1701	56
34	18	6	10	408	2711	42
35	4	23	40	416	833	36
36	21	17	10	424	347	49
37	7	31	20	432	7508	37
38	7	31	40	440	7485	45
39	21	17	30	448	3207	36
40	18	6	10	456	360	58
41	18	6	10	464	2832	55
42	18	6	30	472	5230	31
43	21	17	40	480	427	36
44	18	6	10	488	7652	30
45	1	29	20	496	2793	47
46	4	23	30	504	1937	30
47	4	23	10	512	226	44
48	7	31	10	520	6882	55
49	1	29	40	528	6230	47
50	18	6	50	536	6667	32
51	7	31	10	544	1427	57
52	1	29	30	552	1521	38
53	4	23	40	560	8691	53
54	7	31	30	568	2031	49
55	18	6	10	576	177	41
56	7	31	10	584	7691	30
57	4	23	10	592	1267	43
58	7	31	10	600	335	35
59	1	29	50	608	4016	39
60	7	31	50	616	1176	38
61	4	23	50	624	6283	59
62	1	29	50	632	1362	31
63	1	29	20	640	1946	37
64	1	29	30	648	11821	37
65	7	31	30	656	4368	32
66	4	23	30	664	3741	47
67	7	31	50	672	720	30
68	18	6	40	680	2584	47
69	7	31	50	688	788	48
70	1	29	10	696	577	50
71	21	17	30	704	308	43
72	7	31	50	712	2650	36
73	4	23	30	720	2851	40
74	21	17	40	728	4083	51
75	21	17	40	736	7370	31
76	21	17	20	744	1651	58
77	18	6	20	752	301	48
78	4	23	30	760	875	55
79	18	6	30	768	4406	40
80	18	6	50	776	324	39
81	4	23	50	800	638	34
82	7	31	10	809	1892	52
83	7	31	40	818	3288	37
84	4	23	40	827	6502	47
85	4	23	30	836	9608	41
86	18	6	20	845	4180	60
87	1	29	40	854	4417	39
88	1	29	20	863	11844	37
89	1	29	10	872	2384	30
90	21	17	30	881	1627	36
91	4	23	50	890	6677	36
92	21	17	20	899	5818	32
93	7	31	40	908	955	36
94	18	6	40	917	1407	59
95	21	17	10	926	1392	59
96	1	29	10	935	987	54
97	1	29	10	944	1687	54
98	21	17	20	953	665	60
99	4	23	40	962	832	59
100	7	31	50	971	9016	60
101	21	17	40	980	989	30
102	18	6	30	989	3461	58
103	1	29	20	998	4109	36
104	1	29	40	1007	4255	58
105	4	23	20	1016	5342	50
106	21	17	10	1025	6762	50
107	7	31	50	1034	6570	58
108	4	23	50	1043	1131	32
109	21	17	50	1052	3253	47
110	18	6	40	1061	4883	43
111	4	23	40	1070	6080	42
112	1	29	30	1079	311	48
113	4	23	30	1088	2129	55
114	21	17	50	1097	3245	60
115	1	29	50	1106	453	33
116	21	17	40	1115	2145	37
117	4	23	10	1124	5210	54
118	7	31	30	1133	3489	51
119	4	23	10	1142	156	57
120	4	23	10	1151	64	33
121	18	6	40	1160	11181	38
122	4	23	40	1169	976	54
123	1	29	40	1178	109	46
124	7	31	20	1187	7450	41
125	4	23	10	1200	1559	44
126	1	29	20	1207	1470	41
127	1	29	20	1214	1269	30
128	18	6	50	1221	958	42
129	1	29	40	1228	1696	52
130	7	31	40	1235	3899	38
131	7	31	10	1242	20495	33
132	4	23	10	1249	10061	48
133	21	17	50	1256	34	57
134	4	23	30	1263	5924	40
135	18	6	20	1270	7828	39
136	1	29	30	1277	3361	37
137	4	23	50	1284	5310	46
138	4	23	10	1291	9442	39
139	21	17	30	1298	274	58
140	4	23	20	1305	394	51
141	7	31	20	1312	7377	31
142	4	23	50	1319	2194	37
143	1	29	30	1326	1987	50
144	21	17	20	1333	5450	48
145	18	6	40	1340	3220	54
146	4	23	30	1347	5336	49
147	18	6	40	1354	1745	37
148	21	17	40	1361	4275	36
149	1	29	50	1368	840	55
150	1	29	30	1375	8444	52
151	4	23	50	1382	2698	60
152	4	23	40	1389	5745	33
153	18	6	20	1396	488	33
154	1	29	30	1403	754	55
155	18	6	10	1410	12507	52
156	18	6	50	1417	10	37
157	18	6	40	1424	3212	42
158	18	6	50	1431	6385	55
159	4	23	40	1438	1613	44
160	4	23	10	1445	2243	38
161	21	17	50	1452	3137	50
162	4	23	10	1459	3600	46
163	4	23	10	1466	9238	40
164	1	29	10	1473	10862	39
165	4	23	40	1480	4964	39
166	1	29	40	1487	7925	54
167	1	29	40	1494	274	51
168	1	29	10	1501	4089	45
169	4	23	40	1508	4777	51
170	1	29	30	1515	3096	57
171	18	6	40	1522	4560	52
172	21	17	10	1529	6915	45
173	7	31	10	1536	2901	53
174	21	17	40	1543	11573	35
175	7	31	50	1550	765	32
176	21	17	40	1600	2908	30
177	4	23	20	1609	6971	33
178	18	6	30	1618	1330	59
179	18	6	40	1627	1380	48
180	1	29	40	1636	3529	55
181	7	31	30	1645	12313	34
182	18	6	30	1654	3821	54
183	1	29	50	1663	95	48
184	1	29	10	1672	2515	30
185	1	29	40	1681	567	38
186	18	6	20	1690	1054	30
187	1	29	50	1699	6524	45
188	7	31	30	1708	7251	32
189	1	29	30	1717	6781	49
190	21	17	20	1726	7757	31
191	21	17	40	1735	65	56
192	18	6	10	1744	11094	51
193	1	29	30	1753	3409	56
194	4	23	20	1762	4051	49
195	7	31	30	1771	3196	31
196	1	29	10	1780	1142	46
197	21	17	40	1789	2948	57
198	21	17	20	1798	2448	40
199	18	6	30	1807	134	38
200	18	6	10	1816	4695	60
201	18	6	40	1825	4437	59
202	18	6	40	1834	4999	53
203	18	6	10	1843	12831	46
204	1	29	20	1852	4206	58
205	7	31	40	1861	885	30
206	7	31	50	1870	4411	45
207	7	31	40	1879	1131	40
208	18	6	30	1888	746	59
209	18	6	30	1897	24067	53
210	4	23	20	1906	2315	51
211	21	17	40	1915	781	33
212	21	17	20	1924	1253	43
213	21	17	20	1933	2817	37
214	18	6	50	1942	5478	49
215	7	31	30	1951	2580	34
216	7	31	20	1960	10538	56
217	18	6	10	1969	3374	58
218	4	23	50	2000	2276	40
219	21	17	30	2011	6471	30
220	1	29	30	2022	2609	39
221	21	17	50	2033	238	39
222	18	6	20	2044	1043	48
223	21	17	30	2055	6944	56
224	7	31	20	2066	7352	50
225	1	29	50	2077	2956	31
226	1	29	30	2088	5429	30
227	21	17	40	2099	1144	49
228	18	6	40	2110	8446	34
229	18	6	10	2121	2005	34
230	4	23	40	2132	10405	47
231	21	17	50	2143	21347	34
232	4	23	10	2154	1830	54
233	1	29	50	2165	1150	51
234	1	29	30	2176	3675	48
235	21	17	50	2187	9905	57
236	4	23	50	2198	1100	41
237	21	17	20	2209	4266	38
238	1	29	30	2220	1867	50
239	18	6	30	2231	1248	30
240	4	23	50	2242	2495	54
241	7	31	30	2253	16911	50
242	21	17	20	2264	4021	47
243	4	23	50	2275	7311	40
244	4	23	10	2286	1892	58
245	21	17	40	2297	4541	58
246	21	17	20	2308	5501	42
247	18	6	50	2319	2262	43
248	7	31	30	2330	7037	36
249	7	31	40	2341	704	44
250	21	17	10	2352	3891	35
251	21	17	50	2363	4540	48
252	4	23	50	2400	366	46
253	21	17	50	2410	4269	39
254	1	29	10	2420	3229	59
255	4	23	20	2430	4009	51
256	21	17	30	2440	2324	40
257	18	6	10	2450	8815	57
258	7	31	50	2460	505	57
259	21	17	30	2470	548	56
260	7	31	10	2480	2434	60
261	7	31	10	2490	2173	56
262	18	6	10	2500	1832	36
263	21	17	20	2510	5982	54
264	7	31	50	2520	297	36
265	7	31	30	2530	2349	46
266	4	23	40	2540	6649	40
267	21	17	20	2550	77	53
268	21	17	40	2560	9395	50
269	4	23	50	2570	7084	52
270	18	6	40	2580	1070	53
271	7	31	10	2590	1272	48
272	18	6	30	2600	876	37
273	18	6	30	2610	725	40
274	4	23	30	2620	1647	37
275	4	23	50	2630	2722	50
276	21	17	30	2640	2204	53
277	21	17	20	2650	1979	38
278	18	6	30	2660	2368	58
279	7	31	30	2670	707	52
280	18	6	30	2680	5971	50
281	7	31	40	2690	1488	47
282	1	29	10	2700	2186	43
283	4	23	10	2710	5056	51
284	18	6	50	2720	5919	59
285	7	31	40	2730	1135	59
286	18	6	10	2740	9527	49
287	4	23	10	2750	4967	44
288	21	17	50	2760	4763	52
289	7	31	20	2770	13771	57
290	21	17	30	2800	2579	47
291	1	29	40	2810	1728	45
292	18	6	30	2820	3081	42
293	1	29	10	2830	1123	54
294	4	23	20	2840	6688	30
295	7	31	40	2850	183	58
296	18	6	30	2860	3848	43
297	21	17	10	2870	7811	53
298	7	31	10	2880	5835	33
299	21	17	40	2890	10796	41
300	4	23	50	2900	8111	48
301	21	17	50	2910	5208	49
302	4	23	20	2920	2998	54
303	18	6	30	2930	24815	44
304	4	23	10	2940	10448	51
305	18	6	10	2950	1720	48
306	7	31	30	2960	2629	40
307	1	29	20	2970	10193	35
308	4	23	20	2980	1533	32
309	7	31	10	2990	248	38
310	4	23	50	3000	938	59
311	1	29	10	3010	206	31
312	21	17	30	3020	2339	59
313	21	17	20	3030	12540	34
314	7	31	10	3040	1740	36
315	1	29	30	3050	628	42
316	7	31	50	3060	25194	43
317	21	17	50	3070	4199	45
318	4	23	20	3080	14	56
319	1	29	10	3090	6961	37
320	18	6	20	3100	3077	58
321	21	17	30	3110	417	57
322	1	29	30	3120	1561	30
323	18	6	30	3130	11026	53
324	4	23	20	3140	1751	35
325	1	29	50	3150	8615	38
326	18	6	30	3160	5317	35
327	1	29	30	3170	12132	44
328	21	17	20	3200	1745	40
329	7	31	40	3213	1385	40
330	1	29	20	3226	8341	36
331	21	17	20	3239	3335	60
332	1	29	20	3252	3899	35
333	4	23	50	3265	2886	46
334	18	6	40	3278	1391	34
335	18	6	30	3291	193	30
336	18	6	30	3304	6114	54
337	21	17	40	3317	2200	59
338	1	29	50	3330	6259	60
339	1	29	40	3343	2198	41
340	21	17	20	3356	5798	48
341	18	6	50	3369	17026	43
342	1	29	50	3382	1994	42
343	18	6	40	3395	4040	44
344	1	29	20	3408	5688	59
345	21	17	30	3421	2212	46
346	18	6	20	3434	9546	46
347	4	23	20	3447	3475	37
348	4	23	10	3460	8905	48
349	18	6	40	3473	4396	48
350	1	29	50	3486	191	44
351	4	23	30	3499	13765	59
352	4	23	40	3512	7713	57
353	7	31	50	3525	11458	56
354	4	23	20	3538	2017	44
355	4	23	30	3551	5865	52
356	21	17	30	3564	2076	48
357	1	29	40	3600	3576	31
358	7	31	10	3610	4124	39
359	4	23	10	3620	174	43
360	21	17	40	3630	3809	42
361	7	31	50	3640	3020	57
362	18	6	50	3650	3358	56
363	21	17	30	3660	104	52
364	4	23	50	3670	815	31
365	4	23	30	3680	4126	59
366	21	17	40	3690	2231	57
367	4	23	40	3700	10569	42
368	7	31	40	3710	4347	30
369	4	23	30	3720	1459	35
370	21	17	10	3730	1798	49
371	7	31	20	3740	3423	45
372	21	17	10	3750	7839	46
373	18	6	30	3760	3477	45
374	1	29	50	3770	243	50
375	1	29	20	3780	3201	45
376	21	17	40	3790	4903	44
377	7	31	40	3800	4650	47
378	1	29	10	3810	782	54
379	4	23	50	3820	10623	50
380	21	17	40	3830	14902	52
381	21	17	20	3840	672	58
382	7	31	30	3850	246	56
383	4	23	30	3860	4643	52
384	4	23	50	3870	1129	56
385	4	23	40	3880	9534	38
386	4	23	40	3890	4965	33
387	18	6	30	3900	4555	39
388	21	17	30	3910	502	32
389	7	31	10	3920	2974	42
390	18	6	10	3930	4112	43
391	1	29	40	3940	853	52
392	18	6	30	3950	6051	49
393	4	23	50	3960	5516	47
394	18	6	10	3970	6613	59
395	18	6	20	4000	1073	52
396	21	17	50	4008	2162	47
397	1	29	20	4016	1828	50
398	21	17	50	4024	2401	42
399	7	31	50	4032	489	30
400	1	29	50	4040	23544	49
401	21	17	30	4048	15501	34
402	7	31	30	4056	9999	37
403	21	17	30	4064	3531	42
404	4	23	40	4072	1453	60
405	4	23	30	4080	2551	60
406	7	31	30	4088	461	42
407	1	29	10	4096	1280	42
408	7	31	50	4104	8610	36
409	4	23	10	4112	7464	59
410	4	23	40	4120	259	37
411	18	6	40	4128	5056	30
412	21	17	40	4136	2133	38
413	1	29	20	4144	5001	50
414	4	23	30	4152	276	51
415	21	17	30	4160	2460	44
416	21	17	20	4168	2541	30
417	7	31	20	4176	8527	34
418	18	6	40	4184	6051	57
419	21	17	10	4192	1295	54
420	21	17	50	4200	10788	56
421	4	23	10	4208	5510	48
422	4	23	10	4216	6660	39
423	21	17	30	4224	594	48
424	1	29	30	4232	4354	53
425	7	31	30	4240	745	57
426	4	23	50	4248	6346	56
427	18	6	20	4256	470	59
428	1	29	30	4264	5916	47
429	7	31	30	4272	6945	59
430	1	29	20	4280	571	59
431	7	31	30	4288	1659	55
432	21	17	50	4296	1076	35
433	4	23	10	4304	258	53
434	4	23	10	4312	10784	30
435	1	29	10	4320	22797	48
436	1	29	40	4328	1081	51
437	7	31	10	4336	2564	44
438	21	17	50	4344	1925	52
439	21	17	30	4352	5956	56
440	21	17	20	4360	6416	56
441	4	23	30	4368	2298	51
442	7	31	30	4400	6357	32
443	4	23	30	4411	1273	33
444	1	29	20	4422	2478	35
445	1	29	20	4433	10350	42
446	1	29	50	4444	6034	44
447	1	29	10	4455	273	60
448	21	17	20	4466	4575	57
449	18	6	40	4477	1717	44
450	18	6	50	4488	5793	51
451	1	29	30	4499	3073	42
452	7	31	40	4510	3538	53
453	21	17	50	4521	767	49
454	7	31	10	4532	806	35
455	4	23	40	4543	1147	31
456	18	6	30	4554	737	55
457	21	17	10	4565	6053	49
458	21	17	10	4576	10261	50
459	21	17	10	4587	578	32
460	1	29	40	4598	4510	34
461	4	23	20	4609	24733	44
462	1	29	40	4620	2786	56
463	1	29	30	4631	247	38
464	18	6	40	4642	4980	30
465	7	31	20	4653	5135	43
466	4	23	50	4664	2627	56
467	4	23	40	4675	1728	45
468	4	23	20	4686	6076	49
469	4	23	20	4697	290	32
470	21	17	40	4708	1007	54
471	18	6	20	4719	23204	47
472	21	17	30	4730	2767	43
473	18	6	20	4741	21	31
474	1	29	40	4752	2598	58
475	4	23	30	4763	2736	34
476	21	17	40	4800	12134	45
477	21	17	40	4809	3090	36
478	21	17	10	4818	4510	43
479	21	17	10	4827	5365	40
480	4	23	30	4836	1985	42
481	18	6	40	4845	5226	56
482	18	6	50	4854	2244	32
483	7	31	40	4863	2200	32
484	18	6	30	4872	242	38
485	1	29	50	4881	3633	46
486	1	29	50	4890	5585	31
487	21	17	10	4899	253	46
488	7	31	10	4908	8476	47
489	1	29	20	4917	4597	59
490	7	31	40	4926	7046	54
491	18	6	30	4935	2442	32
492	7	31	50	4944	3195	55
493	1	29	40	4953	1136	49
494	21	17	40	4962	413	52
495	18	6	50	4971	6457	42
496	18	6	40	4980	10960	55
497	4	23	10	4989	5326	55
498	18	6	40	4998	3288	33
499	18	6	10	5007	5370	53
500	7	31	30	5016	2342	46
501	4	23	20	5025	2234	60
502	4	23	50	5034	1341	41
503	4	23	10	5043	3780	54
504	4	23	50	5052	540	51
505	1	29	40	5061	5845	33
506	18	6	10	5070	150	60
507	4	23	20	5079	3487	52
508	7	31	10	5088	4774	51
509	18	6	40	5097	4648	31
510	4	23	50	5106	1412	47
511	18	6	40	5115	3979	49
512	1	29	50	5124	437	35
513	1	29	50	5133	816	39
514	4	23	40	5142	5441	51
515	7	31	10	5151	11745	38
516	1	29	30	5160	3361	41
517	18	6	50	5169	327	53
518	7	31	50	5200	4	30
519	18	6	50	5209	489	44
520	7	31	30	5218	14095	41
521	4	23	50	5227	2179	39
522	21	17	30	5236	2547	58
523	4	23	50	5245	412	50
524	21	17	40	5254	1107	39
525	4	23	20	5263	5803	51
526	7	31	30	5272	2368	53
527	7	31	40	5281	1161	54
528	4	23	30	5290	9505	39
529	7	31	50	5299	4517	46
530	1	29	40	5308	3284	39
531	4	23	40	5317	972	51
532	7	31	50	5326	15196	32
533	4	23	10	5335	11081	51
534	18	6	40	5344	1399	55
535	21	17	20	5353	13218	43
536	21	17	40	5362	2349	45
537	21	17	50	5371	6818	39
538	18	6	50	5380	1407	42
539	1	29	50	5389	1373	34
540	7	31	40	5398	3283	47
541	4	23	30	5407	748	39
542	18	6	50	5416	1812	55
543	18	6	20	5425	856	46
544	7	31	30	5434	1948	42
545	18	6	50	5443	882	35
546	18	6	40	5452	1744	57
547	7	31	10	5461	1820	45
548	7	31	10	5470	2804	59
549	18	6	40	5479	655	43
550	1	29	30	5488	1058	30
551	1	29	40	5497	7774	32
552	7	31	10	5506	5308	54
553	1	29	50	5515	2357	49
554	4	23	30	5524	5849	41
555	1	29	40	5533	93	36
556	7	31	40	5542	12580	31
557	1	29	50	5551	828	51
558	7	31	20	5560	1844	45
559	21	17	40	5569	1789	60
560	4	23	10	5578	1550	40
561	4	23	30	5600	6148	36
562	21	17	50	5610	4491	42
563	21	17	20	5620	81	35
564	1	29	50	5630	543	52
565	1	29	20	5640	340	57
566	7	31	50	5650	4229	46
567	4	23	50	5660	727	45
568	7	31	20	5670	8806	44
569	4	23	20	5680	6059	37
570	21	17	20	5690	2793	54
571	18	6	40	5700	5549	32
572	21	17	10	5710	6092	40
573	4	23	10	5720	4959	56
574	4	23	10	5730	3241	58
575	1	29	10	5740	6433	32
576	18	6	50	5750	229	45
577	7	31	10	5760	1304	42
578	21	17	30	5770	4983	37
579	4	23	40	5780	179	33
580	18	6	40	5790	2125	55
581	21	17	20	5800	338	37
582	1	29	30	5810	5513	55
583	18	6	40	5820	5640	57
584	4	23	20	5830	2349	45
585	21	17	50	5840	4859	37
586	7	31	30	5850	2624	57
587	7	31	50	5860	3039	43
588	21	17	40	5870	740	39
589	1	29	50	5880	1270	48
590	18	6	30	5890	25	41
591	21	17	40	5900	1189	55
592	1	29	30	5910	2381	54
593	4	23	20	5920	10989	43
594	7	31	40	5930	13945	54
595	1	29	20	5940	5965	41
596	7	31	30	5950	2740	57
597	18	6	40	5960	1688	50
598	18	6	30	6000	271	55
599	4	23	10	6010	1449	46
600	7	31	10	6020	3153	49
601	7	31	40	6030	828	41
602	21	17	40	6040	2586	30
603	1	29	50	6050	5145	52
604	4	23	30	6060	4183	50
605	21	17	50	6070	2633	58
606	1	29	40	6080	311	52
607	1	29	10	6090	98	58
608	4	23	50	6100	8827	52
609	18	6	20	6110	13834	39
610	21	17	50	6120	13697	52
611	1	29	30	6130	4540	50
612	1	29	30	6140	2575	43
613	1	29	40	6150	1575	41
614	4	23	10	6160	11865	35
615	4	23	40	6170	1098	33
616	4	23	10	6180	150	41
617	7	31	10	6190	10044	46
618	18	6	50	6200	3431	51
619	1	29	10	6210	2205	44
620	4	23	50	6220	3670	60
621	21	17	50	6230	512	32
622	7	31	20	6240	23532	36
623	7	31	20	6250	3841	57
624	18	6	40	6260	5945	56
625	21	17	30	6270	1126	59
626	1	29	10	6280	1435	38
627	4	23	40	6290	7484	58
628	21	17	20	6300	5406	32
629	18	6	50	6310	6063	46
630	4	23	30	6320	1448	35
631	21	17	10	6330	4971	55
632	4	23	40	6340	956	47
633	18	6	30	6350	2099	52
634	21	17	40	6360	2760	44
635	7	31	50	6400	1019	43
636	1	29	40	6409	3715	36
637	21	17	40	6418	98	33
638	7	31	20	6427	453	36
639	7	31	30	6436	13080	48
640	21	17	10	6445	3959	45
641	4	23	30	6454	2442	59
642	1	29	10	6463	4112	51
643	4	23	20	6472	895	60
644	18	6	10	6481	1453	57
645	18	6	10	6490	1588	52
646	7	31	20	6499	6100	41
647	1	29	50	6508	525	43
648	21	17	20	6517	17492	38
649	1	29	50	6526	5226	51
650	7	31	20	6535	5357	60
651	21	17	30	6544	3443	41
652	21	17	50	6553	5851	60
653	1	29	20	6562	4105	40
654	1	29	20	6571	4862	46
655	21	17	10	6580	2213	47
656	21	17	30	6589	842	35
657	18	6	30	6598	7834	34
658	21	17	10	6607	11976	56
659	4	23	50	6616	2064	51
660	7	31	40	6625	797	49
661	7	31	50	6634	1039	55
662	18	6	40	6643	1331	56
663	18	6	10	6652	464	36
664	7	31	40	6661	4371	34
665	21	17	40	6670	1182	57
666	7	31	40	6679	2509	32
667	21	17	10	6688	275	51
668	18	6	50	6697	7020	57
669	7	31	20	6706	5141	53
670	4	23	10	6715	4032	57
671	7	31	20	6724	50	38
672	21	17	40	6733	6675	39
673	4	23	30	6742	3806	32
674	18	6	50	6751	6349	60
675	21	17	20	6760	619	31
676	7	31	50	6769	2600	41
677	1	29	50	6778	6372	36
678	4	23	10	6787	1499	60
679	1	29	40	6800	2363	34
680	18	6	20	6812	2487	48
681	1	29	20	6824	786	56
682	4	23	30	6836	7826	50
683	7	31	30	6848	47	41
684	7	31	30	6860	173	47
685	7	31	10	6872	5187	55
686	21	17	20	6884	11459	56
687	18	6	20	6896	3385	37
688	1	29	20	6908	4881	35
689	1	29	30	6920	305	58
690	21	17	20	6932	143	37
691	7	31	10	6944	5482	31
692	21	17	30	6956	309	38
693	18	6	30	6968	4871	46
694	1	29	40	6980	6080	59
695	1	29	10	6992	2040	51
696	1	29	50	7004	764	32
697	21	17	10	7016	3043	45
698	7	31	30	7028	3069	56
699	18	6	20	7040	199	60
700	7	31	20	7052	7914	49
701	7	31	10	7064	5034	50
702	21	17	50	7076	1403	47
703	18	6	10	7088	1225	46
704	7	31	40	7100	395	55
705	21	17	50	7112	5168	52
706	21	17	40	7124	5803	31
707	18	6	20	7136	671	57
708	7	31	30	7148	7487	41
709	18	6	50	7160	3282	45
710	1	29	20	7200	11754	35
711	21	17	40	7210	1998	59
712	21	17	20	7220	3161	34
713	21	17	20	7230	2802	51
714	18	6	40	7240	11259	33
715	4	23	30	7250	8	54
716	1	29	30	7260	1848	34
717	7	31	10	7270	1265	45
718	7	31	30	7280	278	49
719	1	29	30	7290	11132	40
720	1	29	30	7300	1501	30
721	18	6	30	7310	9012	55
722	21	17	50	7320	1795	45
723	18	6	30	7330	5604	59
724	21	17	50	7340	4662	45
725	7	31	10	7350	8795	55
726	21	17	40	7360	11140	60
727	7	31	20	7370	454	54
728	4	23	50	7380	7148	34
729	18	6	40	7390	2016	38
730	7	31	30	7400	13988	59
731	21	17	50	7410	11616	57
732	18	6	30	7420	1209	40
733	1	29	50	7430	1226	30
734	18	6	30	7440	3512	45
735	4	23	10	7450	5498	58
736	1	29	20	7460	8564	39
737	18	6	30	7470	3612	34
738	21	17	40	7480	9987	47
739	7	31	40	7490	1525	55
740	21	17	30	7500	12969	53
741	4	23	50	7510	6214	60
742	4	23	50	7520	5161	57
743	7	31	20	7530	626	51
744	21	17	10	7540	540	53
745	21	17	40	7550	4107	38
746	21	17	50	7560	891	58
747	21	17	20	7570	3381	47
748	1	29	40	7600	5776	42
749	7	31	20	7611	6041	35
750	21	17	40	7622	119	46
751	4	23	40	7633	9318	48
752	1	29	30	7644	2506	56
753	7	31	50	7655	3641	46
754	1	29	40	7666	5321	59
755	18	6	50	7677	13623	54
756	21	17	20	7688	1750	34
757	7	31	30	7699	3126	48
758	18	6	10	7710	3428	30
759	21	17	40	7721	918	30
760	21	17	10	7732	6187	52
761	18	6	20	7743	4295	38
762	21	17	30	7754	1554	53
763	4	23	50	7765	2393	33
764	4	23	30	7776	3568	46
765	18	6	30	7787	7	38
766	4	23	10	7798	567	49
767	7	31	30	7809	1326	34
768	4	23	50	7820	10071	35
769	7	31	30	7831	857	36
770	18	6	10	7842	509	44
771	21	17	50	7853	5973	30
772	7	31	30	7864	1744	59
773	21	17	40	7875	5547	55
774	18	6	10	7886	15128	47
775	4	23	30	7897	2973	31
776	7	31	30	7908	745	59
777	1	29	30	7919	976	55
778	18	6	20	7930	3947	36
779	21	17	20	7941	190	36
780	21	17	10	7952	4675	58
781	21	17	30	7963	1833	43
782	4	23	40	8000	1682	41
783	21	17	40	8009	219	59
784	18	6	50	8018	1825	52
785	1	29	40	8027	277	41
786	7	31	20	8036	2612	30
787	7	31	30	8045	4354	55
788	21	17	10	8054	3006	32
789	1	29	40	8063	3844	52
790	7	31	40	8072	1994	53
791	4	23	50	8081	1662	51
792	21	17	30	8090	77	33
793	21	17	50	8099	4986	46
794	21	17	30	8108	3019	33
795	4	23	20	8117	1441	44
796	4	23	30	8126	2513	37
797	1	29	50	8135	1284	54
798	18	6	50	8144	3236	35
799	4	23	40	8153	531	44
800	4	23	30	8162	2850	50
801	18	6	30	8171	9978	53
802	18	6	30	8180	4213	41
803	4	23	10	8189	3385	36
804	18	6	10	8198	4309	51
805	21	17	40	8207	1172	46
806	21	17	20	8216	3186	50
807	1	29	40	8225	5027	31
808	4	23	50	8234	3874	59
809	7	31	10	8243	948	58
810	7	31	20	8252	6373	56
811	7	31	40	8261	592	40
812	18	6	20	8270	9863	41
813	4	23	40	8279	3013	55
814	1	29	40	8288	2901	32
815	1	29	40	8297	2174	39
816	7	31	40	8306	1513	58
817	1	29	40	8315	1251	54
818	18	6	50	8324	350	41
819	18	6	40	8333	2962	34
820	7	31	20	8342	2954	38
821	21	17	30	8351	2531	54
822	7	31	20	8360	5608	32
823	4	23	20	8369	1436	44
824	1	29	50	8378	6444	43
825	21	17	10	8400	6048	53
826	1	29	30	8410	5647	58
827	7	31	30	8420	4097	42
828	1	29	20	8430	994	52
829	7	31	40	8440	4490	32
830	21	17	10	8450	238	54
831	7	31	40	8460	9033	34
832	21	17	40	8470	4337	49
833	21	17	30	8480	2794	52
834	4	23	50	8490	3078	46
835	4	23	40	8500	5910	34
836	4	23	10	8510	5041	32
837	1	29	30	8520	5918	34
838	4	23	30	8530	2002	38
839	18	6	10	8540	476	35
840	18	6	30	8550	2918	52
841	4	23	30	8560	5778	59
842	18	6	40	8570	175	56
843	18	6	50	8580	1526	34
844	18	6	20	8590	6877	56
845	21	17	10	8600	1177	42
846	1	29	30	8610	2214	39
847	18	6	40	8620	2692	38
848	21	17	20	8630	876	44
849	21	17	50	8640	468	54
850	21	17	30	8650	17581	47
851	4	23	40	8660	882	44
852	21	17	50	8670	846	42
853	21	17	10	8680	128	31
854	21	17	20	8690	3687	35
855	4	23	50	8700	165	56
856	4	23	10	8710	714	51
857	21	17	10	8720	1719	57
858	18	6	20	8730	5890	54
859	4	23	50	8740	8478	58
860	21	17	20	8750	2754	49
861	18	6	40	8760	9549	38
862	1	29	30	8800	2735	40
863	7	31	10	8808	11660	56
864	7	31	10	8816	664	33
865	1	29	40	8824	9262	51
866	21	17	10	8832	2583	52
867	4	23	40	8840	2126	50
868	21	17	50	8848	19503	39
869	7	31	50	8856	5449	59
870	4	23	30	8864	4855	36
871	7	31	10	8872	3129	53
872	4	23	20	8880	8307	46
873	21	17	40	8888	14233	35
874	1	29	20	8896	21	43
875	1	29	50	8904	5677	39
876	7	31	50	8912	2220	59
877	18	6	20	8920	2295	58
878	18	6	50	8928	2623	49
879	1	29	40	8936	3153	30
880	7	31	40	8944	1750	43
881	7	31	40	8952	1239	49
882	21	17	20	8960	2350	59
883	18	6	20	8968	464	58
884	21	17	20	8976	4645	46
885	4	23	20	8984	7865	40
886	7	31	40	8992	4879	53
887	21	17	30	9000	3979	48
888	21	17	20	9008	9229	46
889	1	29	10	9016	2742	50
890	1	29	40	9024	3749	44
891	7	31	50	9032	1829	35
892	7	31	10	9040	6	40
893	1	29	30	9048	2886	40
894	4	23	50	9056	3813	47
895	21	17	50	9064	3764	44
896	4	23	50	9072	1252	49
897	4	23	40	9080	408	60
898	7	31	50	9088	716	31
899	18	6	40	9096	10079	35
900	21	17	50	9104	6040	51
901	7	31	50	9112	51	50
902	4	23	50	9120	2752	60
903	18	6	30	9128	2411	45
904	18	6	20	9136	2094	48
905	18	6	30	9144	2354	54
906	21	17	30	9152	1561	58
907	21	17	20	9160	990	36
908	21	17	50	9168	107	48
909	21	17	30	9200	7435	57
910	7	31	10	9207	3814	58
911	18	6	40	9214	5191	54
912	4	23	20	9221	8113	38
913	18	6	30	9228	1021	53
914	7	31	20	9235	2981	44
915	1	29	30	9242	1052	30
916	4	23	20	9249	2493	39
917	21	17	20	9256	1949	42
918	7	31	50	9263	1198	40
919	18	6	50	9270	1387	53
920	18	6	50	9277	875	59
921	1	29	40	9284	7473	34
922	4	23	30	9291	2868	33
923	21	17	40	9298	2742	49
924	7	31	20	9305	583	45
925	7	31	40	9312	1637	31
926	21	17	50	9319	3116	43
927	4	23	40	9326	1789	35
928	18	6	50	9333	1766	49
929	1	29	30	9340	2013	60
930	7	31	50	9347	2687	50
931	1	29	10	9354	1594	59
932	7	31	30	9361	1272	56
933	21	17	10	9368	3297	43
934	18	6	50	9375	5814	40
935	21	17	40	9382	1672	54
936	18	6	50	9389	5860	49
937	7	31	50	9396	19109	43
938	21	17	50	9403	4842	40
939	7	31	40	9410	1108	52
940	4	23	40	9417	3078	42
941	21	17	30	9424	2657	46
942	21	17	40	9431	3703	60
943	1	29	40	9438	231	50
944	18	6	10	9445	8533	52
945	7	31	50	9452	8528	50
946	1	29	30	9459	2760	57
947	4	23	40	9466	5988	48
948	18	6	10	9473	17879	56
949	18	6	30	9480	1932	47
950	4	23	30	9487	631	34
951	4	23	30	9494	8586	36
952	7	31	50	9501	7287	49
953	18	6	50	9508	8190	39
954	1	29	50	9515	5134	37
955	21	17	20	9522	10840	47
956	1	29	30	9529	2779	47
957	4	23	10	9536	5	41
958	4	23	20	9543	1525	30
959	7	31	40	9550	297	46
960	18	6	30	9600	9366	41
961	4	23	40	9611	13142	53
962	4	23	20	9622	7929	48
963	7	31	30	9633	3987	49
964	1	29	40	9644	1753	36
965	4	23	50	9655	1346	59
966	4	23	10	9666	2422	58
967	7	31	10	9677	1467	55
968	1	29	40	9688	2457	43
969	21	17	40	9699	811	51
970	21	17	40	9710	2482	41
971	21	17	30	9721	2556	57
972	21	17	30	9732	4604	32
973	1	29	10	9743	68	49
974	7	31	10	9754	5648	40
975	4	23	30	9765	4967	42
976	1	29	10	9776	1107	34
977	4	23	50	9787	2431	43
978	7	31	40	9798	3813	57
979	21	17	20	9809	1173	55
980	4	23	10	9820	7267	34
981	4	23	20	9831	5790	55
982	1	29	30	9842	1861	40
983	1	29	30	9853	14568	31
984	7	31	10	9864	1148	55
985	1	29	20	9875	3727	44
986	4	23	20	9886	2697	40
987	18	6	40	9897	2054	47
988	21	17	20	9908	7292	36
989	18	6	40	9919	7154	54
990	7	31	20	9930	7351	36
991	7	31	40	9941	5837	38
992	1	29	40	9952	4489	43
993	1	29	10	9963	3981	54
994	18	6	20	9974	1650	40
995	1	29	50	10000	3414	50
996	18	6	10	10011	3903	59
997	1	29	10	10022	14431	40
998	1	29	50	10033	4835	44
999	7	31	10	10044	3623	54
1000	18	6	40	10055	2228	53
1001	4	23	20	10066	850	31
1002	4	23	50	10077	1526	34
1003	4	23	30	10088	6536	34
1004	4	23	40	10099	10142	35
1005	7	31	50	10110	4479	37
1006	7	31	10	10121	889	34
1007	7	31	50	10132	6889	30
1008	7	31	40	10143	486	59
1009	7	31	20	10154	47	55
1010	7	31	10	10165	4706	42
1011	7	31	30	10176	185	34
1012	21	17	30	10187	1955	44
1013	7	31	50	10198	259	35
1014	1	29	40	10209	1067	41
1015	21	17	10	10220	598	46
1016	18	6	20	10231	3570	42
1017	4	23	50	10242	8773	46
1018	1	29	30	10253	1921	54
1019	1	29	20	10264	5525	53
1020	1	29	40	10275	6343	49
1021	1	29	30	10286	216	41
1022	21	17	50	10297	2528	49
1023	7	31	50	10308	3936	50
1024	1	29	20	10319	1679	45
1025	1	29	10	10330	4746	33
1026	21	17	50	10341	6392	44
1027	7	31	20	10352	219	38
1028	7	31	40	10363	4542	38
1029	4	23	20	10400	804	51
1030	1	29	20	10410	368	44
1031	21	17	50	10420	1252	55
1032	4	23	50	10430	5611	60
1033	21	17	40	10440	76	33
1034	4	23	30	10450	7021	32
1035	1	29	40	10460	4153	32
1036	21	17	20	10470	2374	50
1037	4	23	10	10480	3350	35
1038	4	23	40	10490	217	56
1039	1	29	10	10500	3430	47
1040	4	23	10	10510	2088	39
1041	7	31	30	10520	4425	39
1042	7	31	50	10530	1353	48
1043	1	29	50	10540	7010	41
1044	7	31	30	10550	608	41
1045	1	29	40	10560	6348	32
1046	21	17	20	10570	1917	54
1047	18	6	40	10580	3784	37
1048	1	29	30	10590	2018	42
1049	4	23	20	10600	888	55
1050	7	31	40	10610	16473	38
1051	7	31	20	10620	5307	42
1052	1	29	40	10630	3580	46
1053	21	17	30	10640	12204	52
1054	4	23	30	10650	6448	34
1055	1	29	20	10660	1876	42
1056	7	31	30	10670	5134	43
1057	21	17	10	10680	4697	45
1058	4	23	10	10690	2479	50
1059	4	23	40	10700	1024	32
1060	7	31	50	10710	8349	54
1061	21	17	50	10720	631	56
1062	21	17	10	10730	615	53
1063	1	29	30	10740	10778	38
1064	4	23	50	10750	10299	41
1065	7	31	20	10760	2197	48
1066	18	6	40	10770	1377	34
1067	21	17	40	10780	1834	41
1068	18	6	20	10790	1074	33
1069	1	29	50	10800	3549	39
1070	21	17	40	10811	4701	56
1071	21	17	20	10822	93	36
1072	1	29	10	10833	7218	50
1073	1	29	20	10844	6550	37
1074	4	23	20	10855	1674	43
1075	18	6	20	10866	538	40
1076	4	23	40	10877	5804	53
1077	7	31	50	10888	4107	37
1078	1	29	30	10899	2654	38
1079	1	29	40	10910	3170	42
1080	1	29	50	10921	1506	40
1081	7	31	20	10932	822	36
1082	7	31	40	10943	4281	57
1083	18	6	30	10954	2612	43
1084	21	17	30	10965	884	43
1085	4	23	10	10976	1743	31
1086	21	17	10	10987	4525	38
1087	4	23	20	10998	6465	37
1088	4	23	10	11009	985	59
1089	18	6	20	11020	2411	50
1090	18	6	20	11031	10252	50
1091	1	29	20	11042	5653	35
1092	1	29	50	11053	444	46
1093	21	17	10	11064	7018	54
1094	18	6	20	11075	4813	54
1095	4	23	20	11086	1207	44
1096	21	17	20	11097	2991	46
1097	7	31	20	11108	1751	40
1098	7	31	50	11119	9326	30
1099	21	17	20	11130	5069	54
1100	7	31	10	11141	2806	58
1101	1	29	30	11152	52	43
1102	1	29	20	11163	1887	33
1103	21	17	40	11200	6601	33
1104	4	23	30	11208	2836	59
1105	21	17	30	11216	12930	31
1106	4	23	10	11224	9180	52
1107	21	17	30	11232	6165	39
1108	18	6	20	11240	3773	39
1109	1	29	20	11248	4489	55
1110	7	31	40	11256	3753	49
1111	21	17	30	11264	338	35
1112	21	17	30	11272	922	37
1113	4	23	30	11280	9845	37
1114	18	6	40	11288	9728	53
1115	1	29	40	11296	4685	47
1116	1	29	20	11304	2685	60
1117	7	31	30	11312	4350	39
1118	18	6	10	11320	5296	56
1119	21	17	50	11328	3381	39
1120	7	31	10	11336	5470	39
1121	21	17	20	11344	2692	58
1122	4	23	40	11352	647	43
1123	21	17	10	11360	6108	43
1124	7	31	40	11368	4377	49
1125	21	17	20	11376	10908	51
1126	21	17	20	11384	10000	51
1127	1	29	50	11392	33	57
1128	21	17	10	11400	447	43
1129	1	29	50	11408	339	59
1130	4	23	50	11416	3659	54
1131	21	17	20	11424	2118	43
1132	21	17	50	11432	5372	37
1133	1	29	20	11440	5821	44
1134	18	6	40	11448	176	45
1135	1	29	30	11456	1431	58
1136	4	23	50	11464	6639	32
1137	21	17	10	11472	7563	53
1138	7	31	50	11480	14249	45
1139	21	17	10	11488	1086	41
1140	21	17	50	11496	2420	40
1141	1	29	40	11504	8884	59
1142	1	29	50	11512	846	59
1143	18	6	50	11520	3139	33
1144	7	31	30	11528	7432	31
1145	4	23	40	11536	7375	45
1146	18	6	50	11544	3200	58
1147	4	23	30	11552	845	39
1148	7	31	20	11560	9854	31
1149	1	29	40	11568	39	36
1150	4	23	50	11576	5907	45
1151	18	6	40	11600	7969	36
1152	18	6	20	11610	3876	44
1153	21	17	10	11620	1615	52
1154	1	29	10	11630	14460	45
1155	7	31	40	11640	57	30
1156	4	23	40	11650	7964	60
1157	18	6	20	11660	3598	51
1158	1	29	50	11670	615	45
1159	7	31	20	11680	3407	37
1160	1	29	10	11690	174	40
1161	4	23	20	11700	8859	56
1162	1	29	30	11710	4559	56
1163	18	6	20	11720	3014	40
1164	7	31	30	11730	312	31
1165	21	17	20	11740	880	36
1166	1	29	30	11750	1675	59
1167	7	31	20	11760	2313	54
1168	1	29	50	11770	8209	52
1169	18	6	20	11780	3779	55
1170	4	23	40	11790	8487	45
1171	18	6	20	11800	4086	36
1172	21	17	40	11810	4702	55
1173	18	6	50	11820	2741	44
1174	21	17	50	11830	495	59
1175	7	31	30	11840	7691	40
1176	21	17	20	11850	1421	59
1177	1	29	50	11860	3722	39
1178	1	29	40	11870	11176	42
1179	18	6	10	11880	6937	34
1180	7	31	30	11890	1937	54
1181	18	6	50	11900	5198	42
1182	4	23	30	11910	392	56
1183	7	31	20	11920	403	37
1184	7	31	10	11930	1482	44
1185	18	6	10	11940	5323	47
1186	4	23	10	11950	6253	59
1187	1	29	50	11960	2088	45
1188	21	17	10	11970	6311	60
1189	4	23	50	12000	116	45
1190	4	23	40	12009	2300	58
1191	18	6	40	12018	976	42
1192	7	31	10	12027	4901	38
1193	1	29	40	12036	2031	38
1194	21	17	50	12045	869	31
1195	4	23	40	12054	3312	45
1196	21	17	10	12063	949	33
1197	7	31	40	12072	4331	49
1198	7	31	20	12081	2530	32
1199	7	31	10	12090	4158	55
1200	4	23	10	12099	2769	47
1201	4	23	30	12108	472	34
1202	18	6	40	12117	1536	47
1203	18	6	10	12126	1447	36
1204	4	23	50	12135	555	52
1205	1	29	40	12144	564	38
1206	18	6	10	12153	756	42
1207	1	29	20	12162	531	30
1208	21	17	20	12171	972	53
1209	18	6	30	12180	508	34
1210	21	17	30	12189	5023	31
1211	18	6	50	12198	1192	51
1212	1	29	30	12207	4250	38
1213	21	17	50	12216	1538	40
1214	1	29	40	12225	840	44
1215	7	31	20	12234	1515	59
1216	1	29	40	12243	6383	30
1217	4	23	10	12252	3510	49
1218	7	31	20	12261	991	57
1219	4	23	20	12270	1657	44
1220	4	23	20	12279	2090	37
1221	21	17	40	12288	10963	43
1222	21	17	10	12297	4150	54
1223	4	23	10	12306	7401	37
1224	7	31	40	12315	764	58
1225	1	29	10	12324	4358	32
1226	4	23	10	12333	10848	59
1227	7	31	50	12342	1387	47
1228	4	23	10	12351	1431	43
1229	4	23	10	12360	3224	44
1230	21	17	30	12369	4114	37
1231	1	29	40	12400	4062	40
1232	4	23	30	12409	589	37
1233	18	6	30	12418	1383	47
1234	21	17	50	12427	1565	48
1235	1	29	10	12436	1271	49
1236	21	17	20	12445	2099	55
1237	1	29	30	12454	6242	49
1238	1	29	30	12463	13565	46
1239	4	23	20	12472	784	35
1240	21	17	50	12481	3316	35
1241	18	6	40	12490	4387	59
1242	18	6	30	12499	847	53
1243	4	23	40	12508	4487	55
1244	7	31	20	12517	1504	43
1245	1	29	40	12526	791	36
1246	18	6	10	12535	3303	33
1247	21	17	10	12544	1958	58
1248	1	29	10	12553	936	54
1249	1	29	40	12562	8480	32
1250	18	6	10	12571	5808	45
1251	4	23	10	12580	3945	44
1252	1	29	20	12589	2331	53
1253	1	29	10	12598	554	48
1254	18	6	50	12607	1094	48
1255	4	23	20	12616	3321	34
1256	7	31	20	12625	2507	40
1257	21	17	40	12634	2586	39
1258	4	23	20	12643	555	38
1259	18	6	50	12652	2509	49
1260	7	31	30	12661	882	40
1261	4	23	20	12670	8453	55
1262	7	31	20	12679	6941	47
1263	18	6	10	12688	4343	39
1264	4	23	10	12697	2591	57
1265	21	17	40	12706	322	52
1266	21	17	30	12715	514	44
1267	7	31	10	12724	1798	52
1268	21	17	10	12733	21487	53
1269	21	17	40	12742	9962	55
1270	21	17	10	12751	9499	33
1271	21	17	20	12760	29	41
1272	18	6	40	12769	3848	33
1273	18	6	50	12778	169	51
1274	4	23	30	12787	5980	38
1275	1	29	30	12800	5403	39
1276	4	23	20	12814	5458	50
1277	18	6	30	12828	14215	59
1278	21	17	40	12842	3013	55
1279	7	31	50	12856	20674	51
1280	21	17	50	12870	428	60
1281	4	23	10	12884	3163	30
1282	7	31	50	12898	352	53
1283	18	6	20	12912	2184	41
1284	1	29	10	12926	6194	60
1285	18	6	20	12940	61	54
1286	1	29	30	12954	872	48
1287	18	6	30	12968	30	49
1288	1	29	30	12982	217	60
1289	18	6	40	12996	5704	44
1290	4	23	40	13010	6571	39
1291	1	29	40	13024	10758	46
1292	4	23	10	13038	4319	40
1293	7	31	40	13052	2775	57
1294	7	31	50	13066	15649	56
1295	18	6	40	13080	4612	40
1296	7	31	30	13094	7390	41
1297	1	29	30	13108	3007	44
1298	21	17	40	13122	879	59
1299	21	17	30	13136	1077	51
1300	18	6	20	13150	242	53
1301	4	23	50	13164	892	42
1302	1	29	10	13178	1988	35
1303	1	29	20	13200	1379	60
1304	18	6	40	13211	14447	59
1305	4	23	50	13222	5685	33
1306	1	29	30	13233	36	40
1307	21	17	20	13244	2044	31
1308	7	31	40	13255	1745	40
1309	18	6	20	13266	2760	39
1310	21	17	10	13277	6849	44
1311	4	23	40	13288	2728	42
1312	21	17	50	13299	11745	44
1313	21	17	30	13310	581	48
1314	4	23	50	13321	1812	50
1315	1	29	30	13332	4217	39
1316	21	17	20	13343	6335	32
1317	18	6	50	13354	2062	36
1318	1	29	10	13365	8315	40
1319	18	6	40	13376	2475	33
1320	7	31	20	13387	8525	34
1321	4	23	10	13398	480	55
1322	7	31	40	13409	1479	53
1323	4	23	20	13420	1074	39
1324	4	23	50	13431	468	46
1325	7	31	30	13442	14736	48
1326	18	6	10	13453	1704	30
1327	7	31	50	13464	500	36
1328	4	23	10	13475	254	55
1329	1	29	40	13486	383	59
1330	18	6	10	13497	9152	58
1331	4	23	40	13508	973	36
1332	18	6	50	13519	5947	30
1333	1	29	10	13530	1387	34
1334	18	6	40	13541	10961	58
1335	18	6	10	13552	9268	48
1336	4	23	50	13563	672	56
1337	4	23	30	13574	6293	54
1338	1	29	40	13600	2375	42
1339	7	31	20	13607	116	56
1340	18	6	50	13614	24	43
1341	18	6	10	13621	6355	46
1342	7	31	50	13628	4244	39
1343	21	17	20	13635	3234	51
1344	18	6	30	13642	11264	60
1345	21	17	50	13649	1496	58
1346	18	6	40	13656	16841	31
1347	4	23	40	13663	2977	53
1348	1	29	50	13670	584	37
1349	7	31	20	13677	1592	47
1350	4	23	20	13684	8811	38
1351	4	23	30	13691	2316	35
1352	1	29	30	13698	4240	34
1353	7	31	50	13705	5327	55
1354	1	29	20	13712	1752	47
1355	21	17	20	13719	11648	59
1356	21	17	20	13726	8864	49
1357	4	23	40	13733	679	56
1358	7	31	30	13740	798	43
1359	4	23	10	13747	25104	40
1360	1	29	40	13754	2122	32
1361	4	23	30	13761	8890	34
1362	18	6	10	13768	1654	36
1363	7	31	50	13775	1216	42
1364	21	17	10	13782	3664	41
1365	4	23	20	13789	3701	37
1366	18	6	50	13796	5099	41
1367	7	31	50	13803	4243	40
1368	7	31	40	13810	891	50
1369	1	29	50	13817	2486	32
1370	7	31	30	13824	2747	43
1371	18	6	50	13831	8	39
1372	18	6	20	13838	12403	54
1373	18	6	40	13845	7487	44
1374	21	17	40	13852	2429	51
1375	4	23	10	13859	357	48
1376	21	17	20	13866	2459	46
1377	21	17	20	13873	5619	32
1378	1	29	50	13880	1400	39
1379	4	23	50	13887	6406	49
1380	4	23	40	13894	18311	47
1381	21	17	20	13901	6901	38
1382	4	23	10	13908	15978	60
1383	7	31	40	13915	5283	38
1384	4	23	20	13922	902	50
1385	21	17	40	13929	2457	52
1386	4	23	20	13936	3305	32
1387	4	23	50	13943	154	36
1388	1	29	40	13950	11141	47
1389	4	23	30	13957	18350	60
1390	18	6	40	14000	42	59
1391	21	17	20	14008	26296	30
1392	21	17	10	14016	3783	40
1393	4	23	30	14024	2389	32
1394	4	23	30	14032	3839	53
1395	21	17	30	14040	486	39
1396	21	17	10	14048	2443	39
1397	1	29	50	14056	1988	58
1398	21	17	10	14064	12368	39
1399	21	17	20	14072	1641	52
1400	7	31	10	14080	3582	46
1401	4	23	40	14088	1609	51
1402	21	17	10	14096	1573	33
1403	21	17	10	14104	4470	35
1404	21	17	50	14112	7126	33
1405	18	6	30	14120	8733	59
1406	1	29	10	14128	2651	42
1407	7	31	40	14136	6589	50
1408	7	31	20	14144	1318	34
1409	4	23	10	14152	1255	59
1410	1	29	10	14160	2664	42
1411	1	29	50	14168	586	47
1412	18	6	50	14176	7884	46
1413	1	29	30	14184	1928	55
1414	21	17	30	14192	33	54
1415	18	6	30	14200	3564	55
1416	21	17	30	14208	9635	34
1417	4	23	20	14216	3721	59
1418	1	29	30	14224	248	52
1419	1	29	30	14232	607	49
1420	1	29	10	14240	168	35
1421	7	31	10	14248	4590	35
1422	7	31	10	14256	5028	54
1423	1	29	20	14264	943	50
1424	21	17	10	14272	2409	33
1425	7	31	20	14280	2758	43
1426	4	23	50	14288	1980	59
1427	7	31	40	14296	2815	52
1428	7	31	20	14304	1040	51
1429	1	29	20	14312	1666	42
1430	7	31	10	14320	3958	38
1431	21	17	20	14328	279	49
1432	21	17	20	14336	6437	53
1433	18	6	30	14344	12764	47
1434	21	17	50	14352	926	32
1435	1	29	50	14400	4296	56
1436	21	17	20	14407	2746	35
1437	4	23	10	14414	1476	54
1438	7	31	50	14421	9268	34
1439	18	6	50	14428	1510	51
1440	7	31	30	14435	14659	40
1441	7	31	30	14442	5625	43
1442	7	31	40	14449	5660	31
1443	7	31	40	14456	4422	49
1444	4	23	30	14463	2800	47
1445	18	6	50	14470	8288	41
1446	4	23	20	14477	593	44
1447	7	31	30	14484	1040	45
1448	7	31	10	14491	2328	38
1449	18	6	10	14498	110	59
1450	21	17	10	14505	914	34
1451	18	6	40	14512	7630	41
1452	21	17	20	14519	1610	35
1453	21	17	40	14526	6720	50
1454	7	31	20	14533	1400	47
1455	1	29	10	14540	9585	41
1456	7	31	40	14547	3826	58
1457	7	31	40	14554	489	43
1458	1	29	50	14561	996	31
1459	18	6	40	14568	1622	51
1460	7	31	30	14575	2747	30
1461	4	23	30	14582	15510	50
1462	21	17	20	14589	3454	59
1463	4	23	50	14596	11251	53
1464	7	31	50	14603	4097	50
1465	18	6	40	14610	2170	54
1466	1	29	40	14617	1640	54
1467	1	29	20	14624	9283	59
1468	18	6	40	14631	773	52
1469	7	31	30	14638	1723	58
1470	18	6	10	14645	390	49
1471	18	6	20	14652	3679	41
1472	21	17	30	14659	4871	54
1473	21	17	40	14666	5476	30
1474	18	6	50	14673	728	39
1475	18	6	30	14680	1348	52
1476	1	29	20	14687	10389	33
1477	21	17	30	14694	190	34
1478	7	31	50	14701	4904	32
1479	7	31	20	14708	3455	52
1480	1	29	50	14715	1786	59
1481	7	31	20	14722	704	44
1482	21	17	40	14729	264	43
1483	4	23	20	14736	901	53
1484	18	6	20	14743	586	37
1485	4	23	30	14750	5997	57
1486	21	17	50	14757	5327	43
1487	1	29	40	14800	17167	33
1488	4	23	20	14811	4356	30
1489	21	17	50	14822	1414	52
1490	18	6	20	14833	174	59
1491	18	6	30	14844	1922	52
1492	18	6	10	14855	369	53
1493	4	23	20	14866	3357	44
1494	4	23	20	14877	6810	51
1495	18	6	10	14888	21269	50
1496	21	17	20	14899	777	44
1497	1	29	40	14910	6796	39
1498	1	29	40	14921	113	59
1499	18	6	40	14932	353	54
1500	1	29	20	14943	3086	48
1501	4	23	50	14954	1077	45
1502	4	23	50	14965	218	54
1503	21	17	40	14976	383	41
1504	21	17	10	14987	10882	39
1505	4	23	40	14998	3695	54
1506	4	23	20	15009	638	48
1507	1	29	40	15020	3525	35
1508	7	31	40	15031	4166	41
1509	4	23	40	15042	36	55
1510	1	29	40	15053	16401	38
1511	7	31	10	15064	3368	53
1512	1	29	50	15075	2100	40
1513	4	23	40	15086	4108	39
1514	18	6	40	15097	14468	52
1515	1	29	20	15108	1633	46
1516	4	23	50	15119	9876	37
1517	4	23	10	15130	1889	36
1518	18	6	40	15141	6510	45
1519	1	29	30	15152	7987	54
1520	18	6	40	15163	4592	41
1521	1	29	50	15174	1723	51
1522	7	31	50	15185	1089	59
1523	4	23	40	15200	8411	30
1524	18	6	10	15210	1469	59
1525	1	29	30	15220	4971	57
1526	21	17	10	15230	2879	48
1527	18	6	10	15240	585	40
1528	18	6	20	15250	10518	39
1529	21	17	50	15260	752	49
1530	4	23	20	15270	464	38
1531	21	17	40	15280	458	54
1532	21	17	40	15290	75	36
1533	18	6	10	15300	3890	39
1534	4	23	10	15310	166	34
1535	7	31	50	15320	530	44
1536	18	6	30	15330	458	51
1537	1	29	10	15340	14395	31
1538	4	23	20	15350	1246	43
1539	7	31	30	15360	3048	44
1540	1	29	10	15370	3969	39
1541	21	17	20	15380	651	37
1542	4	23	50	15390	1657	52
1543	1	29	40	15400	4249	35
1544	21	17	20	15410	1510	44
1545	4	23	10	15420	2564	35
1546	1	29	40	15430	14466	42
1547	21	17	30	15440	2364	43
1548	18	6	40	15450	3614	52
1549	4	23	10	15460	2635	34
1550	21	17	20	15470	332	43
1551	18	6	10	15480	6438	38
1552	7	31	50	15490	54	55
1553	21	17	10	15500	715	35
1554	21	17	50	15510	2056	43
1555	1	29	20	15520	831	57
1556	21	17	10	15530	24378	46
1557	1	29	10	15540	771	53
1558	4	23	30	15550	6128	42
1559	21	17	30	15560	1007	42
1560	7	31	30	15570	376	35
1561	1	29	10	15580	45	37
1562	7	31	30	15600	4291	56
1563	7	31	50	15608	2582	53
1564	21	17	30	15616	9188	47
1565	1	29	50	15624	8319	44
1566	21	17	30	15632	3199	47
1567	7	31	40	15640	6179	31
1568	1	29	40	15648	3677	35
1569	7	31	40	15656	7560	38
1570	21	17	50	15664	1029	56
1571	18	6	40	15672	11437	35
1572	21	17	50	15680	461	53
1573	7	31	10	15688	1260	30
1574	1	29	30	15696	1071	44
1575	4	23	30	15704	3041	33
1576	4	23	10	15712	43	59
1577	4	23	20	15720	3508	54
1578	7	31	30	15728	3315	47
1579	21	17	10	15736	7184	54
1580	21	17	40	15744	5362	45
1581	1	29	40	15752	277	35
1582	1	29	30	15760	3116	48
1583	21	17	10	15768	2357	34
1584	21	17	40	15776	384	35
1585	1	29	10	15784	1482	30
1586	1	29	40	15792	398	59
1587	1	29	40	15800	7720	31
1588	18	6	20	15808	993	57
1589	4	23	40	15816	7673	38
1590	7	31	50	15824	540	58
1591	1	29	20	15832	10808	58
1592	4	23	30	15840	836	49
1593	7	31	40	15848	183	30
1594	1	29	50	15856	2345	39
1595	1	29	50	15864	3848	31
1596	1	29	40	15872	2711	41
1597	7	31	10	15880	7965	60
1598	18	6	10	15888	5623	48
1599	7	31	20	15896	2314	60
1600	7	31	40	15904	10239	49
1601	4	23	50	15912	825	41
1602	21	17	50	15920	7457	37
1603	7	31	10	15928	5480	44
1604	4	23	20	15936	1180	38
1605	4	23	30	15944	589	37
1606	4	23	10	15952	4699	45
1607	1	29	40	15960	5439	55
1608	21	17	40	16000	10566	51
1609	4	23	30	16008	8142	40
1610	4	23	20	16016	777	58
1611	18	6	40	16024	2135	52
1612	4	23	40	16032	3786	36
1613	7	31	30	16040	11970	49
1614	21	17	40	16048	2650	58
1615	4	23	50	16056	92	60
1616	1	29	40	16064	2540	50
1617	7	31	20	16072	955	52
1618	21	17	20	16080	1938	47
1619	7	31	20	16088	3564	46
1620	21	17	10	16096	6060	46
1621	7	31	40	16104	4760	46
1622	18	6	30	16112	3345	35
1623	4	23	50	16120	5514	58
1624	21	17	40	16128	5127	40
1625	7	31	30	16136	1392	59
1626	21	17	20	16144	5609	46
1627	18	6	20	16152	264	52
1628	7	31	10	16160	7008	51
1629	21	17	30	16168	3838	42
1630	18	6	40	16176	164	52
1631	7	31	10	16184	637	59
1632	18	6	20	16192	7067	35
1633	21	17	10	16200	529	47
1634	1	29	20	16208	9693	34
1635	4	23	50	16216	3210	34
1636	18	6	50	16224	1003	58
1637	4	23	30	16232	6344	34
1638	18	6	50	16240	841	56
1639	18	6	10	16248	12371	58
1640	7	31	10	16256	3854	46
1641	1	29	50	16264	1732	34
1642	18	6	50	16272	10421	40
1643	21	17	40	16280	1726	46
1644	21	17	30	16288	4513	40
1645	4	23	20	16296	4989	36
1646	7	31	40	16304	1548	51
1647	7	31	10	16312	1091	30
1648	7	31	50	16320	3288	33
1649	4	23	10	16328	2185	40
1650	1	29	10	16336	640	42
1651	4	23	30	16344	1312	50
1652	21	17	40	16352	2611	43
1653	4	23	40	16360	721	31
1654	7	31	10	16368	4305	44
1655	1	29	50	16376	1029	33
1656	1	29	20	16384	3868	35
1657	18	6	50	16392	407	40
1658	21	17	20	16400	95	34
1659	21	17	40	16407	13032	40
1660	7	31	10	16414	1932	52
1661	1	29	50	16421	3946	53
1662	18	6	30	16428	9941	33
1663	21	17	20	16435	1494	38
1664	18	6	40	16442	7067	49
1665	7	31	20	16449	119	60
1666	21	17	30	16456	3514	46
1667	4	23	30	16463	2676	49
1668	7	31	10	16470	156	44
1669	4	23	50	16477	10791	53
1670	18	6	50	16484	6453	31
1671	4	23	20	16491	4493	46
1672	18	6	30	16498	92	56
1673	4	23	10	16505	2244	49
1674	21	17	20	16512	14200	30
1675	21	17	20	16519	2239	41
1676	4	23	50	16526	5873	35
1677	4	23	40	16533	973	49
1678	7	31	30	16540	297	48
1679	18	6	30	16547	39	34
1680	21	17	50	16554	14445	37
1681	18	6	10	16561	2894	46
1682	7	31	20	16568	2800	49
1683	18	6	10	16575	2081	41
1684	21	17	20	16582	2532	30
1685	21	17	20	16589	5717	31
1686	21	17	20	16596	4409	46
1687	21	17	30	16603	4363	34
1688	1	29	10	16610	2500	33
1689	21	17	20	16617	4614	31
1690	18	6	40	16624	10751	59
1691	21	17	50	16631	534	47
1692	7	31	10	16638	5910	60
1693	4	23	10	16645	1036	46
1694	7	31	50	16652	3390	36
1695	7	31	10	16659	18991	53
1696	7	31	20	16666	2282	31
1697	18	6	40	16673	3811	31
1698	7	31	10	16680	2947	58
1699	18	6	20	16687	4166	40
1700	7	31	40	16694	548	50
1701	18	6	10	16701	7163	32
1702	21	17	50	16708	894	46
1703	18	6	10	16715	3953	40
1704	1	29	10	16722	3871	38
1705	4	23	50	16729	2562	57
1706	1	29	10	16736	1188	54
1707	4	23	40	16743	205	54
1708	4	23	30	16750	861	31
1709	21	17	50	16757	1048	32
1710	4	23	10	16764	2444	58
1711	7	31	30	16800	2068	47
1712	7	31	30	16809	102	53
1713	4	23	50	16818	55	30
1714	1	29	50	16827	17879	32
1715	4	23	10	16836	8100	35
1716	4	23	30	16845	528	34
1717	1	29	30	16854	2861	52
1718	21	17	10	16863	7396	38
1719	18	6	30	16872	284	47
1720	21	17	50	16881	1794	43
1721	1	29	50	16890	10129	42
1722	18	6	30	16899	93	46
1723	7	31	40	16908	1747	43
1724	1	29	20	16917	2	55
1725	4	23	50	16926	4505	44
1726	21	17	10	16935	9330	46
1727	21	17	20	16944	6328	40
1728	7	31	10	16953	7803	42
1729	18	6	10	16962	15637	38
1730	1	29	50	16971	20349	40
1731	1	29	20	16980	675	34
1732	21	17	40	16989	4745	51
1733	18	6	10	16998	2210	37
1734	7	31	40	17007	8535	45
1735	7	31	40	17016	602	35
1736	18	6	20	17025	1511	30
1737	4	23	20	17034	8339	38
1738	1	29	50	17043	6159	32
1739	4	23	20	17052	22142	34
1740	7	31	20	17061	2801	37
1741	4	23	40	17070	3847	52
1742	18	6	10	17079	2541	32
1743	18	6	10	17088	1068	30
1744	18	6	20	17097	1031	34
1745	7	31	10	17106	3005	41
1746	1	29	30	17115	419	55
1747	1	29	20	17124	5676	60
1748	18	6	20	17133	1096	43
1749	18	6	50	17142	4862	31
1750	1	29	40	17151	8088	49
1751	4	23	50	17160	10299	39
1752	18	6	40	17169	5909	53
1753	18	6	40	17200	2412	41
1754	18	6	20	17212	1345	58
1755	4	23	50	17224	930	37
1756	21	17	40	17236	6646	47
1757	18	6	10	17248	7494	33
1758	1	29	40	17260	3946	46
1759	7	31	10	17272	11552	55
1760	4	23	40	17284	3376	40
1761	18	6	40	17296	2483	44
1762	7	31	30	17308	853	41
1763	18	6	20	17320	962	53
1764	7	31	10	17332	1080	53
1765	18	6	50	17344	1437	53
1766	21	17	40	17356	4938	57
1767	18	6	20	17368	3673	46
1768	7	31	10	17380	566	46
1769	4	23	10	17392	7554	58
1770	18	6	50	17404	3224	35
1771	1	29	10	17416	1140	56
1772	1	29	30	17428	5169	50
1773	4	23	40	17440	7497	34
1774	7	31	10	17452	3329	39
1775	4	23	20	17464	5444	52
1776	7	31	50	17476	2393	39
1777	21	17	20	17488	6216	45
1778	18	6	30	17500	541	38
1779	4	23	10	17512	2557	43
1780	18	6	30	17524	3433	50
1781	21	17	50	17536	626	46
1782	4	23	50	17548	3236	57
1783	4	23	10	17560	670	41
1784	1	29	30	17572	476	50
1785	7	31	50	17600	290	31
1786	21	17	40	17609	1935	41
1787	7	31	10	17618	1107	40
1788	1	29	50	17627	597	40
1789	1	29	50	17636	4483	37
1790	7	31	50	17645	1599	49
1791	21	17	10	17654	2526	57
1792	18	6	40	17663	1143	53
1793	18	6	50	17672	7362	38
1794	21	17	40	17681	2220	54
1795	4	23	30	17690	167	54
1796	7	31	10	17699	2217	40
1797	1	29	50	17708	1185	40
1798	7	31	10	17717	24222	38
1799	1	29	30	17726	10381	42
1800	21	17	20	17735	6840	45
1801	21	17	10	17744	2763	38
1802	18	6	20	17753	3933	44
1803	21	17	10	17762	1983	46
1804	1	29	10	17771	650	57
1805	1	29	30	17780	3866	53
1806	4	23	20	17789	884	49
1807	7	31	50	17798	10372	49
1808	7	31	30	17807	8749	31
1809	21	17	50	17816	3124	35
1810	21	17	10	17825	5664	58
1811	21	17	30	17834	87	31
1812	21	17	40	17843	5087	55
1813	4	23	30	17852	672	32
1814	18	6	40	17861	1836	34
1815	7	31	50	17870	2215	54
1816	7	31	40	17879	9532	47
1817	18	6	20	17888	154	30
1818	1	29	50	17897	428	33
1819	21	17	10	17906	729	51
1820	4	23	20	17915	10021	41
1821	18	6	40	17924	2518	47
1822	18	6	30	17933	2479	36
1823	7	31	20	17942	2450	38
1824	7	31	10	17951	2928	38
1825	18	6	40	17960	356	38
1826	7	31	30	17969	30024	33
1827	7	31	40	17978	8620	41
1828	4	23	50	18000	2183	40
1829	1	29	30	18010	2969	46
1830	7	31	10	18020	1531	41
1831	7	31	50	18030	862	60
1832	1	29	10	18040	6261	37
1833	18	6	10	18050	899	57
1834	7	31	50	18060	4236	59
1835	4	23	20	18070	321	41
1836	4	23	40	18080	2926	32
1837	4	23	50	18090	715	41
1838	18	6	10	18100	17	45
1839	1	29	50	18110	2714	57
1840	1	29	40	18120	8208	42
1841	1	29	40	18130	2452	53
1842	21	17	30	18140	1747	38
1843	1	29	50	18150	3632	34
1844	18	6	50	18160	9941	40
1845	21	17	30	18170	1473	47
1846	1	29	20	18180	5521	31
1847	7	31	10	18190	394	50
1848	21	17	10	18200	2562	33
1849	18	6	50	18210	2	30
1850	7	31	50	18220	572	36
1851	4	23	50	18230	1962	40
1852	21	17	50	18240	673	36
1853	21	17	10	18250	7110	47
1854	4	23	20	18260	28	30
1855	7	31	30	18270	1734	59
1856	4	23	40	18280	150	31
1857	7	31	50	18290	735	36
1858	18	6	10	18300	8219	37
1859	21	17	20	18310	268	48
1860	18	6	10	18320	3872	50
1861	7	31	30	18330	1509	37
1862	18	6	10	18340	2809	39
1863	4	23	50	18350	1809	45
1864	18	6	40	18360	1014	54
1865	1	29	10	18400	3315	58
1866	7	31	20	18411	1048	55
1867	4	23	40	18422	2922	59
1868	21	17	40	18433	2784	34
1869	21	17	20	18444	1375	53
1870	18	6	10	18455	9471	52
1871	1	29	50	18466	5449	36
1872	21	17	20	18477	136	46
1873	21	17	10	18488	3754	37
1874	7	31	20	18499	1399	39
1875	18	6	30	18510	2464	49
1876	18	6	20	18521	480	38
1877	1	29	30	18532	8016	32
1878	18	6	20	18543	3118	59
1879	21	17	40	18554	948	51
1880	1	29	20	18565	1641	36
1881	1	29	30	18576	9439	44
1882	7	31	30	18587	2117	38
1883	18	6	10	18598	2178	40
1884	18	6	40	18609	1981	40
1885	18	6	20	18620	10655	31
1886	7	31	10	18631	159	54
1887	18	6	10	18642	12878	50
1888	21	17	50	18653	864	56
1889	1	29	20	18664	1434	30
1890	21	17	30	18675	165	40
1891	7	31	40	18686	1729	56
1892	18	6	40	18697	1380	33
1893	4	23	40	18708	11209	57
1894	7	31	40	18719	8239	37
1895	4	23	10	18730	3258	34
1896	21	17	40	18741	12293	43
1897	4	23	30	18752	18493	54
1898	21	17	10	18763	1865	40
1899	1	29	40	18774	1743	42
1900	1	29	10	18800	322	53
1901	7	31	40	18809	1046	33
1902	21	17	20	18818	3590	45
1903	1	29	40	18827	804	40
1904	1	29	40	18836	396	38
1905	7	31	50	18845	1973	60
1906	4	23	30	18854	1748	55
1907	21	17	50	18863	3158	60
1908	1	29	40	18872	3069	37
1909	1	29	40	18881	3167	42
1910	18	6	20	18890	1090	50
1911	18	6	20	18899	753	60
1912	18	6	40	18908	3939	38
1913	4	23	30	18917	4325	47
1914	7	31	50	18926	5211	42
1915	18	6	30	18935	5015	35
1916	21	17	50	18944	9346	60
1917	21	17	50	18953	354	60
1918	18	6	10	18962	14478	34
1919	21	17	20	18971	1390	53
1920	18	6	10	18980	2973	34
1921	18	6	20	18989	1261	34
1922	7	31	50	18998	1566	32
1923	21	17	30	19007	893	34
1924	21	17	50	19016	1153	43
1925	4	23	30	19025	3241	56
1926	21	17	10	19034	2406	33
1927	4	23	40	19043	395	49
1928	18	6	20	19052	5332	60
1929	18	6	10	19061	5356	34
1930	4	23	50	19070	2823	35
1931	21	17	50	19079	525	45
1932	18	6	20	19088	2713	52
1933	1	29	40	19097	833	46
1934	7	31	30	19106	573	59
1935	4	23	40	19115	450	33
1936	18	6	10	19124	1502	59
1937	7	31	50	19133	1039	58
1938	18	6	20	19142	1575	31
1939	7	31	50	19151	5	40
1940	21	17	50	19160	3433	37
1941	7	31	10	19200	2716	54
1942	18	6	20	19208	2208	42
1943	7	31	10	19216	4168	44
1944	7	31	10	19224	258	40
1945	7	31	20	19232	8124	40
1946	18	6	10	19240	5156	48
1947	21	17	20	19248	3988	47
1948	7	31	40	19256	948	45
1949	4	23	10	19264	687	31
1950	4	23	20	19272	4243	34
1951	21	17	40	19280	8130	44
1952	1	29	20	19288	68	49
1953	21	17	40	19296	329	47
1954	21	17	40	19304	7059	37
1955	21	17	40	19312	6579	48
1956	21	17	50	19320	9459	30
1957	21	17	50	19328	1992	41
1958	1	29	50	19336	10735	58
1959	4	23	20	19344	3098	42
1960	21	17	40	19352	11078	57
1961	21	17	50	19360	1203	36
1962	7	31	30	19368	6636	60
1963	7	31	30	19376	6395	33
1964	7	31	40	19384	166	36
1965	4	23	20	19392	491	35
1966	21	17	50	19400	4546	38
1967	18	6	50	19408	2307	52
1968	7	31	50	19416	2997	49
1969	18	6	20	19424	3888	38
1970	1	29	20	19432	2053	37
1971	18	6	10	19440	4490	32
1972	7	31	40	19448	5695	58
1973	7	31	20	19456	14296	55
1974	1	29	30	19464	5056	46
1975	4	23	50	19472	128	41
1976	21	17	10	19480	7491	53
1977	21	17	40	19488	4517	48
1978	18	6	20	19496	591	55
1979	18	6	30	19504	1922	33
1980	18	6	30	19512	7106	38
1981	21	17	50	19520	6882	46
1982	7	31	50	19528	8588	33
1983	7	31	10	19536	3454	58
1984	21	17	50	19544	351	30
1985	4	23	10	19552	4056	52
1986	7	31	30	19560	448	56
1987	4	23	30	19568	2134	34
1988	18	6	50	19576	1781	39
1989	21	17	40	19584	1581	40
1990	4	23	40	19600	895	32
1991	18	6	20	19640	10142	48
1992	4	23	50	19680	1410	30
1993	21	17	10	19720	6174	50
1994	21	17	10	19760	264	43
1995	21	17	50	19800	1520	31
1996	1	29	30	19840	4598	55
1997	7	31	40	19880	3937	39
1998	1	29	20	19920	3731	38
1999	1	29	40	19960	11750	34
