0	1	29	10	0	12410	61
1	18	6	40	8	69	66
2	4	23	50	16	1467	60
3	21	17	20	24	10629	80
4	18	6	40	32	2473	86
5	1	29	10	40	938	71
6	4	23	20	48	1799	81
7	18	6	10	56	1008	69
8	18	6	20	64	37	67
9	1	29	30	72	2519	90
10	1	29	20	80	2912	88
11	4	23	30	88	8411	81
12	21	17	40	96	2115	64
13	4	23	10	104	435	79
14	1	29	10	112	75	88
15	21	17	50	120	6333	70
16	1	29	40	128	11503	81
17	18	6	20	136	356	74
18	18	6	20	144	8144	62
19	1	29	40	152	47	69
20	7	31	10	160	1961	85
21	1	29	10	168	6440	85
22	18	6	30	176	5815	90
23	18	6	30	184	293	63
24	18	6	10	192	4097	66
25	21	17	30	200	4240	62
26	21	17	30	208	10650	63
27	18	6	30	216	4797	84
28	7	31	50	224	572	79
29	21	17	20	232	1218	61
30	21	17	50	240	1348	81
31	7	31	40	248	470	63
32	1	29	10	256	49	66
33	7	31	50	264	818	68
34	21	17	30	272	9613	89
35	1	29	20	280	3373	68
36	7	31	30	288	7015	73
37	21	17	40	296	2710	65
38	21	17	50	304	3475	75
39	7	31	30	312	1028	73
40	21	17	30	320	15991	68
41	4	23	40	328	2021	78
42	21	17	40	336	1377	71
43	1	29	40	344	3393	82
44	18	6	10	352	986	78
45	18	6	50	360	10469	73
46	1	29	50	368	8121	72
47	1	29	30	376	79	62
48	4	23	20	400	5360	67
49	7	31	30	410	383	74
50	1	29	10	420	227	81
51	21	17	40	430	208	73
52	18	6	50	440	2881	61
53	4	23	40	450	6425	80
54	4	23	50	460	8856	79
55	1	29	50	470	673	66
56	21	17	20	480	1155	67
57	1	29	20	490	1078	87
58	4	23	10	500	1363	74
59	18	6	20	510	6591	83
60	18	6	40	520	1308	68
61	1	29	50	530	4357	88
62	4	23	10	540	375	80
63	18	6	10	550	5495	65
64	18	6	40	560	800	68
65	4	23	40	570	2084	84
66	4	23	30	580	8024	75
67	1	29	50	590	1023	86
68	4	23	30	600	860	81
69	1	29	40	610	2383	80
70	18	6	20	620	13740	88
71	1	29	50	630	2401	75
72	4	23	20	640	2810	89
73	7	31	50	650	4116	80
74	1	29	20	660	122	60
75	1	29	20	670	18772	66
76	1	29	30	680	2843	74
77	18	6	50	690	865	67
78	21	17	20	700	7646	76
79	1	29	20	710	5006	83
80	21	17	30	720	6146	81
81	21	17	50	730	9653	61
82	21	17	10	740	12923	76
83	21	17	30	750	171	65
84	21	17	10	760	928	71
85	1	29	10	770	1072	68
86	4	23	40	780	3641	62
87	4	23	20	800	958	77
88	18	6	50	808	1393	80
89	21	17	40	816	5620	82
90	1	29	10	824	1536	61
91	4	23	20	832	3571	77
92	18	6	30	840	909	82
93	4	23	40	848	5931	82
94	4	23	40	856	11814	65
95	21	17	40	864	1531	71
96	21	17	30	872	1467	89
97	4	23	30	880	3145	66
98	21	17	10	888	1980	73
99	21	17	30	896	6693	84
100	7	31	20	904	253	89
101	21	17	10	912	4119	76
102	4	23	10	920	6999	71
103	18	6	30	928	1365	78
104	4	23	10	936	527	77
105	21	17	10	944	3705	65
106	18	6	20	952	3159	74
107	4	23	10	960	8181	72
108	18	6	30	968	5866	79
109	18	6	30	976	9206	72
110	21	17	20	984	4155	82
111	7	31	30	992	231	90
112	1	29	50	1000	1939	71
113	18	6	50	1008	3422	81
114	4	23	40	1016	91	61
115	18	6	50	1024	1838	66
116	1	29	40	1032	4857	71
117	7	31	40	1040	195	74
118	4	23	50	1048	3103	84
119	1	29	30	1056	11676	60
120	21	17	50	1064	6611	82
121	21	17	10	1072	4227	89
122	7	31	50	1080	10725	66
123	7	31	50	1088	2311	89
124	21	17	40	1096	557	78
125	7	31	10	1104	1894	71
126	7	31	30	1112	1140	84
127	21	17	40	1120	5262	66
128	18	6	10	1128	4747	75
129	18	6	40	1136	4980	80
130	1	29	50	1144	4604	68
131	7	31	10	1152	13317	68
132	4	23	50	1160	6516	85
133	21	17	40	1168	162	82
134	18	6	50	1176	4227	85
135	21	17	30	1200	612	65
136	18	6	50	1210	352	80
137	7	31	30	1220	4450	88
138	4	23	20	1230	10019	79
139	21	17	50	1240	3697	66
140	7	31	40	1250	4674	85
141	1	29	40	1260	5192	80
142	18	6	50	1270	2345	88
143	21	17	30	1280	2005	68
144	1	29	20	1290	459	90
145	18	6	40	1300	1218	62
146	18	6	20	1310	924	65
147	21	17	30	1320	3959	60
148	1	29	50	1330	5550	80
149	1	29	50	1340	3464	89
150	7	31	50	1350	3817	90
151	18	6	40	1360	1201	74
152	21	17	30	1370	19	72
153	7	31	30	1380	2351	73
154	1	29	40	1390	15	62
155	21	17	20	1400	2104	90
156	18	6	10	1410	4971	69
157	21	17	10	1420	1959	72
158	18	6	50	1430	693	90
159	7	31	10	1440	5487	66
160	1	29	40	1450	1759	72
161	4	23	40	1460	6736	67
162	18	6	50	1470	773	87
163	21	17	40	1480	235	89
164	18	6	40	1490	974	64
165	18	6	20	1500	4582	74
166	18	6	30	1510	1163	64
167	1	29	10	1520	1689	79
168	1	29	10	1530	10232	87
169	7	31	10	1540	8506	87
170	21	17	10	1550	1337	76
171	4	23	10	1560	129	74
172	1	29	30	1570	553	86
173	4	23	50	1580	11029	78
174	4	23	40	1600	1187	66
175	21	17	10	1610	340	61
176	7	31	10	1620	936	60
177	21	17	30	1630	3082	89
178	7	31	30	1640	1604	89
179	4	23	50	1650	8083	76
180	18	6	40	1660	750	65
181	7	31	50	1670	3867	83
182	21	17	40	1680	15930	77
183	18	6	20	1690	490	77
184	7	31	40	1700	408	81
185	7	31	10	1710	2207	85
186	7	31	30	1720	12810	86
187	21	17	20	1730	1781	72
188	21	17	10	1740	146	80
189	4	23	30	1750	1115	86
190	4	23	20	1760	2251	86
191	4	23	40	1770	4775	67
192	18	6	40	1780	2871	88
193	21	17	20	1790	754	72
194	21	17	20	1800	1136	84
195	18	6	10	1810	8311	77
196	7	31	50	1820	3204	84
197	18	6	20	1830	1954	90
198	7	31	40	1840	784	63
199	7	31	10	1850	2223	76
200	1	29	10	1860	40	88
201	18	6	10	1870	7917	77
202	21	17	30	1880	4893	64
203	18	6	40	1890	8148	84
204	1	29	50	1900	1399	72
205	18	6	50	1910	3499	76
206	18	6	20	1920	557	78
207	18	6	40	1930	282	85
208	1	29	40	1940	831	66
209	18	6	30	1950	10219	60
210	18	6	20	1960	894	89
211	4	23	40	1970	765	71
212	18	6	40	2000	234	74
213	7	31	50	2008	1379	74
214	18	6	20	2016	3425	60
215	18	6	50	2024	5329	79
216	4	23	50	2032	7159	81
217	1	29	30	2040	249	70
218	18	6	10	2048	12886	67
219	4	23	30	2056	6281	69
220	4	23	40	2064	5130	78
221	4	23	20	2072	8941	83
222	18	6	10	2080	1475	89
223	7	31	30	2088	4547	60
224	1	29	50	2096	2393	60
225	4	23	20	2104	3539	69
226	1	29	30	2112	2933	76
227	1	29	20	2120	12620	73
228	7	31	40	2128	4675	84
229	18	6	40	2136	1925	79
230	1	29	20	2144	3023	68
231	4	23	50	2152	6910	61
232	1	29	40	2160	1779	85
233	21	17	20	2168	9371	73
234	4	23	50	2176	7786	78
235	1	29	40	2184	1479	79
236	21	17	20	2192	9813	79
237	4	23	50	2200	474	83
238	1	29	30	2208	6863	64
239	4	23	50	2216	2886	65
240	4	23	50	2224	1392	66
241	18	6	50	2232	8867	61
242	7	31	30	2240	753	65
243	4	23	40	2248	482	80
244	18	6	20	2256	176	88
245	1	29	40	2264	1184	74
246	18	6	50	2272	4087	84
247	4	23	40	2280	996	74
248	4	23	50	2288	3631	72
249	4	23	20	2296	2862	65
250	7	31	10	2304	170	87
251	7	31	20	2312	2699	74
252	21	17	10	2320	2222	82
253	1	29	20	2328	1951	85
254	1	29	20	2336	4866	89
255	4	23	40	2344	498	65
256	21	17	10	2352	3223	78
257	18	6	50	2360	107	63
258	1	29	50	2368	2174	83
259	7	31	30	2400	4924	63
260	1	29	30	2412	262	90
261	1	29	10	2424	758	64
262	7	31	50	2436	1905	61
263	21	17	10	2448	6553	77
264	18	6	10	2460	1989	83
265	21	17	20	2472	1899	87
266	18	6	50	2484	6750	77
267	4	23	30	2496	664	61
268	18	6	10	2508	2279	86
269	18	6	40	2520	1237	72
270	4	23	30	2532	6906	60
271	1	29	50	2544	5109	88
272	21	17	10	2556	1098	65
273	21	17	10	2568	2362	62
274	1	29	40	2580	2756	63
275	18	6	50	2592	7125	77
276	7	31	40	2604	5111	77
277	21	17	30	2616	866	69
278	4	23	10	2628	4043	63
279	1	29	10	2640	862	77
280	18	6	20	2652	11760	75
281	7	31	40	2664	1421	62
282	7	31	20	2676	1789	61
283	1	29	20	2688	784	79
284	4	23	30	2700	1663	83
285	18	6	50	2712	161	85
286	4	23	40	2724	2016	69
287	21	17	20	2736	14464	60
288	7	31	50	2748	893	74
289	21	17	10	2760	5389	73
290	18	6	30	2800	5639	60
291	7	31	20	2810	8736	75
292	18	6	50	2820	4715	90
293	4	23	50	2830	475	61
294	4	23	30	2840	2395	65
295	18	6	40	2850	516	61
296	7	31	50	2860	2870	60
297	21	17	30	2870	1822	79
298	18	6	30	2880	5117	87
299	18	6	50	2890	4375	60
300	21	17	40	2900	2328	88
301	7	31	30	2910	2670	83
302	18	6	40	2920	6168	78
303	18	6	20	2930	1604	90
304	1	29	50	2940	4672	65
305	7	31	20	2950	1545	89
306	21	17	20	2960	1153	68
307	1	29	10	2970	15708	79
308	1	29	40	2980	8757	81
309	21	17	30	2990	8229	71
310	7	31	50	3000	2015	78
311	1	29	40	3010	1775	68
312	21	17	50	3020	1980	60
313	1	29	50	3030	1021	66
314	4	23	10	3040	5723	78
315	18	6	40	3050	5780	88
316	4	23	50	3060	6686	63
317	4	23	30	3070	897	73
318	18	6	30	3080	2505	84
319	1	29	20	3090	1736	89
320	4	23	40	3100	16078	77
321	18	6	30	3110	7378	77
322	7	31	30	3120	12214	77
323	18	6	50	3130	4740	73
324	1	29	10	3140	2856	71
325	21	17	10	3150	10916	75
326	7	31	50	3160	117	89
327	4	23	10	3170	548	64
328	18	6	40	3180	21568	88
329	21	17	50	3200	1891	61
330	4	23	10	3211	1540	77
331	21	17	20	3222	1756	89
332	4	23	10	3233	2562	73
333	1	29	20	3244	14167	62
334	18	6	20	3255	5587	80
335	4	23	50	3266	2465	83
336	4	23	50	3277	2878	74
337	4	23	10	3288	123	62
338	1	29	30	3299	2686	73
339	21	17	20	3310	79	85
340	18	6	40	3321	6226	76
341	18	6	40	3332	2149	81
342	21	17	40	3343	355	69
343	21	17	30	3354	1589	62
344	1	29	10	3365	1688	86
345	1	29	50	3376	2025	83
346	7	31	30	3387	2748	75
347	18	6	10	3398	2516	84
348	21	17	40	3409	1730	73
349	1	29	40	3420	4637	67
350	21	17	50	3431	1479	89
351	1	29	30	3442	1490	77
352	4	23	10	3453	9230	85
353	18	6	20	3464	1845	89
354	21	17	20	3475	4595	73
355	4	23	10	3486	3659	70
356	1	29	10	3497	3056	65
357	21	17	40	3508	385	65
358	18	6	10	3519	6861	78
359	18	6	40	3530	5614	80
360	1	29	30	3541	1379	60
361	18	6	10	3552	522	63
362	21	17	20	3563	16759	82
363	1	29	40	3574	2863	79
364	18	6	20	3600	3217	85
365	21	17	40	3609	164	79
366	4	23	40	3618	8665	86
367	7	31	40	3627	2174	88
368	21	17	30	3636	2560	77
369	21	17	20	3645	1431	86
370	21	17	50	3654	1157	74
371	21	17	40	3663	6088	60
372	4	23	50	3672	4977	90
373	4	23	20	3681	2360	90
374	7	31	30	3690	3311	72
375	1	29	50	3699	3342	87
376	18	6	50	3708	5655	67
377	21	17	50	3717	3921	74
378	1	29	40	3726	1723	77
379	21	17	10	3735	479	79
380	1	29	40	3744	2303	60
381	18	6	40	3753	3300	64
382	4	23	20	3762	6001	82
383	18	6	10	3771	1479	80
384	21	17	10	3780	280	63
385	18	6	30	3789	33	90
386	18	6	10	3798	2427	64
387	18	6	40	3807	436	74
388	1	29	50	3816	1358	80
389	7	31	20	3825	665	69
390	18	6	40	3834	10402	77
391	4	23	10	3843	2187	68
392	18	6	50	3852	944	74
393	7	31	50	3861	5308	84
394	7	31	40	3870	5207	85
395	1	29	30	3879	4395	72
396	18	6	20	3888	2254	89
397	7	31	50	3897	3412	80
398	4	23	10	3906	5972	68
399	18	6	20	3915	1449	66
400	7	31	20	3924	2869	87
401	21	17	50	3933	322	77
402	18	6	30	3942	20601	66
403	1	29	30	3951	206	78
404	18	6	50	3960	2284	84
405	21	17	10	4000	2998	88
406	7	31	30	4010	3657	78
407	1	29	50	4020	2425	85
408	7	31	40	4030	6571	76
409	21	17	20	4040	496	77
410	1	29	20	4050	7395	62
411	1	29	10	4060	9605	82
412	21	17	50	4070	5416	78
413	18	6	50	4080	4911	89
414	18	6	10	4090	1522	79
415	7	31	40	4100	5234	86
416	7	31	40	4110	1695	72
417	7	31	20	4120	4504	61
418	18	6	40	4130	2344	76
419	1	29	50	4140	3142	86
420	4	23	40	4150	3522	75
421	18	6	50	4160	6091	71
422	7	31	40	4170	563	68
423	18	6	20	4180	1539	68
424	4	23	40	4190	1880	69
425	4	23	40	4200	7086	65
426	7	31	50	4210	3389	77
427	7	31	10	4220	15103	65
428	7	31	30	4230	5060	65
429	4	23	10	4240	9063	90
430	21	17	40	4250	582	88
431	4	23	50	4260	808	78
432	4	23	50	4270	7576	66
433	7	31	30	4280	188	71
434	18	6	50	4290	3675	83
435	1	29	40	4300	1786	73
436	1	29	20	4310	3354	88
437	4	23	50	4320	5187	63
438	21	17	20	4330	8286	87
439	1	29	10	4340	3108	65
440	7	31	10	4350	2105	71
441	1	29	20	4360	0	69
442	7	31	10	4370	1409	89
443	18	6	30	4380	751	62
444	4	23	50	4400	1488	66
445	1	29	40	4409	65	85
446	4	23	10	4418	4551	81
447	21	17	50	4427	2797	75
448	4	23	50	4436	2166	64
449	1	29	10	4445	25183	89
450	18	6	40	4454	1550	60
451	7	31	10	4463	5627	88
452	4	23	20	4472	558	64
453	4	23	20	4481	1051	72
454	7	31	40	4490	5070	81
455	18	6	30	4499	5237	75
456	18	6	10	4508	11684	69
457	1	29	20	4517	4491	89
458	4	23	50	4526	4498	68
459	7	31	10	4535	3716	78
460	1	29	20	4544	12484	71
461	1	29	30	4553	3893	72
462	4	23	20	4562	5341	80
463	1	29	40	4571	9645	76
464	1	29	40	4580	15864	79
465	4	23	20	4589	4311	75
466	7	31	20	4598	246	75
467	1	29	30	4607	4760	67
468	1	29	10	4616	448	66
469	18	6	20	4625	12523	65
470	4	23	30	4634	707	88
471	18	6	50	4643	3858	68
472	7	31	10	4652	6471	65
473	1	29	40	4661	9343	70
474	18	6	40	4670	579	75
475	4	23	20	4679	3520	66
476	7	31	40	4688	2654	73
477	4	23	20	4697	12882	65
478	7	31	20	4706	35	61
479	18	6	50	4715	1777	74
480	21	17	30	4724	652	75
481	21	17	50	4733	283	61
482	1	29	10	4742	3273	60
483	4	23	20	4751	5086	67
484	18	6	20	4760	3422	90
485	1	29	30	4769	1915	60
486	1	29	30	4800	215	74
487	1	29	30	4809	3853	85
488	1	29	40	4818	1587	81
489	21	17	30	4827	8193	68
490	21	17	30	4836	2138	64
491	21	17	50	4845	8939	89
492	1	29	10	4854	211	86
493	18	6	10	4863	1252	68
494	21	17	50	4872	3511	85
495	4	23	40	4881	6186	89
496	7	31	50	4890	1221	80
497	4	23	20	4899	1954	73
498	18	6	40	4908	844	74
499	1	29	30	4917	4211	82
500	4	23	30	4926	12538	69
501	18	6	30	4935	16460	73
502	7	31	50	4944	2023	69
503	18	6	30	4953	2478	90
504	4	23	40	4962	7231	60
505	21	17	50	4971	4848	82
506	1	29	50	4980	12262	82
507	4	23	40	4989	1030	84
508	1	29	40	4998	404	88
509	18	6	30	5007	571	74
510	7	31	40	5016	1124	61
511	7	31	50	5025	17090	63
512	4	23	50	5034	4384	88
513	1	29	50	5043	1521	85
514	7	31	30	5052	2425	63
515	18	6	20	5061	8739	69
516	21	17	20	5070	261	71
517	1	29	10	5079	69	73
518	7	31	30	5088	1633	76
519	21	17	10	5097	3670	78
520	4	23	50	5106	3736	61
521	7	31	40	5115	2329	81
522	1	29	50	5124	1837	77
523	18	6	30	5133	1071	88
524	18	6	50	5142	3125	61
525	7	31	30	5151	1254	89
526	18	6	40	5160	3351	73
527	18	6	50	5200	3043	88
528	1	29	50	5208	1536	76
529	21	17	50	5216	1710	76
530	21	17	20	5224	1554	77
531	1	29	20	5232	414	60
532	18	6	30	5240	5874	82
533	7	31	40	5248	1771	70
534	21	17	30	5256	2058	64
535	7	31	10	5264	730	61
536	1	29	50	5272	4450	82
537	21	17	30	5280	407	61
538	21	17	40	5288	8604	66
539	18	6	20	5296	8239	68
540	21	17	30	5304	2228	69
541	4	23	50	5312	6982	80
542	21	17	50	5320	2954	88
543	7	31	20	5328	864	66
544	1	29	40	5336	3934	66
545	1	29	30	5344	2234	61
546	4	23	10	5352	1030	61
547	21	17	20	5360	5312	60
548	4	23	40	5368	6733	64
549	7	31	30	5376	4774	75
550	4	23	30	5384	5145	77
551	7	31	50	5392	1128	67
552	7	31	50	5400	210	87
553	18	6	30	5408	3564	86
554	4	23	40	5416	179	80
555	7	31	40	5424	2894	79
556	18	6	40	5432	3822	87
557	4	23	30	5440	707	71
558	21	17	40	5448	10086	89
559	21	17	20	5456	3346	62
560	7	31	20	5464	580	68
561	7	31	10	5472	2182	85
562	18	6	50	5480	9552	68
563	1	29	40	5488	5517	71
564	4	23	10	5496	6666	88
565	7	31	20	5504	633	61
566	18	6	30	5512	974	71
567	21	17	10	5520	1473	78
568	18	6	20	5528	9821	81
569	1	29	30	5536	1357	62
570	1	29	20	5544	974	78
571	1	29	40	5552	13569	70
572	1	29	30	5600	573	66
573	4	23	10	5606	2485	67
574	21	17	30	5612	761	69
575	21	17	50	5618	6085	71
576	7	31	40	5624	10065	84
577	18	6	40	5630	764	70
578	1	29	40	5636	3755	82
579	18	6	20	5642	485	90
580	1	29	30	5648	171	88
581	4	23	20	5654	7144	73
582	21	17	20	5660	5070	83
583	4	23	20	5666	3891	60
584	18	6	30	5672	3914	90
585	1	29	30	5678	316	70
586	18	6	30	5684	193	63
587	1	29	50	5690	793	87
588	1	29	10	5696	1506	80
589	1	29	40	5702	8730	75
590	18	6	20	5708	3206	65
591	7	31	30	5714	2847	70
592	21	17	50	5720	780	63
593	1	29	30	5726	1523	64
594	7	31	10	5732	5349	60
595	18	6	30	5738	26	74
596	18	6	50	5744	9968	71
597	7	31	20	5750	5947	76
598	18	6	10	5756	1933	69
599	4	23	30	5762	2611	64
600	7	31	10	5768	951	80
601	7	31	50	5774	10056	74
602	7	31	10	5780	6878	69
603	18	6	10	5786	2990	62
604	4	23	10	5792	2620	88
605	4	23	40	5798	5664	67
606	4	23	30	5804	476	60
607	18	6	50	5810	3551	79
608	18	6	10	5816	2154	76
609	4	23	50	5822	1217	68
610	21	17	10	5828	3623	85
611	21	17	10	5834	2329	76
612	18	6	40	5840	3221	80
613	7	31	30	5846	6548	89
614	21	17	40	5852	2975	64
615	18	6	50	5858	1442	86
616	7	31	40	5864	4843	61
617	7	31	40	5870	1348	68
618	21	17	10	5876	530	72
619	18	6	40	5882	5310	77
620	18	6	50	5888	418	88
621	18	6	40	5894	147	75
622	7	31	10	5900	20622	88
623	1	29	30	5906	109	65
624	21	17	10	5912	5333	87
625	4	23	50	5918	4909	67
626	1	29	50	5924	6225	66
627	1	29	10	5930	6789	62
628	7	31	50	5936	5168	67
629	7	31	50	5942	729	85
630	7	31	10	6000	7990	90
631	21	17	20	6009	628	68
632	1	29	30	6018	6255	61
633	7	31	20	6027	554	77
634	4	23	20	6036	9309	70
635	18	6	30	6045	524	74
636	7	31	20	6054	46	63
637	4	23	10	6063	853	80
638	21	17	10	6072	609	62
639	7	31	40	6081	8063	82
640	7	31	50	6090	13290	70
641	1	29	30	6099	2455	74
642	7	31	50	6108	5769	71
643	7	31	10	6117	211	71
644	1	29	40	6126	1378	81
645	18	6	20	6135	465	79
646	4	23	50	6144	12504	81
647	18	6	20	6153	1859	65
648	1	29	40	6162	6281	90
649	4	23	20	6171	2282	65
650	4	23	50	6180	1452	72
651	7	31	20	6189	3988	63
652	21	17	10	6198	4197	64
653	21	17	30	6207	4180	82
654	18	6	30	6216	1913	66
655	4	23	30	6225	772	65
656	1	29	50	6234	10351	76
657	7	31	30	6243	6318	64
658	4	23	10	6252	6244	65
659	1	29	20	6261	5944	80
660	18	6	50	6270	13801	61
661	4	23	30	6279	1400	88
662	4	23	50	6288	7955	72
663	7	31	10	6297	1148	81
664	21	17	40	6306	2029	68
665	1	29	40	6315	2394	77
666	21	17	40	6324	4208	75
667	4	23	20	6333	2204	62
668	1	29	20	6342	9333	78
669	4	23	20	6351	2055	81
670	4	23	30	6360	1376	82
671	1	29	40	6369	2853	72
672	7	31	30	6378	625	65
673	1	29	30	6400	1189	80
674	7	31	40	6408	5895	67
675	18	6	20	6416	4093	74
676	7	31	40	6424	1273	63
677	21	17	50	6432	11440	77
678	21	17	50	6440	5318	75
679	4	23	50	6448	3938	68
680	21	17	50	6456	5558	77
681	21	17	30	6464	2160	60
682	21	17	20	6472	100	62
683	18	6	40	6480	1372	62
684	1	29	10	6488	7929	73
685	21	17	40	6496	1062	87
686	1	29	20	6504	2737	63
687	1	29	50	6512	614	69
688	4	23	40	6520	5533	70
689	1	29	40	6528	5191	65
690	18	6	30	6536	883	89
691	1	29	40	6544	981	89
692	1	29	10	6552	2056	74
693	21	17	50	6560	1832	73
694	18	6	40	6568	9152	81
695	1	29	30	6576	4417	72
696	4	23	40	6584	3621	62
697	21	17	50	6592	2886	81
698	7	31	30	6600	4239	62
699	1	29	50	6608	7356	63
700	4	23	40	6616	2458	64
701	21	17	30	6624	3040	78
702	1	29	10	6632	2530	78
703	7	31	20	6640	1978	69
704	21	17	40	6648	620	73
705	18	6	20	6656	6330	60
706	21	17	50	6664	2664	89
707	7	31	40	6672	1993	74
708	18	6	50	6680	8394	75
709	21	17	20	6688	5380	83
710	21	17	40	6696	9329	61
711	1	29	10	6704	16089	90
712	7	31	40	6712	241	80
713	1	29	20	6720	714	88
714	1	29	20	6728	92	63
715	4	23	30	6736	3202	60
716	7	31	10	6744	1262	86
717	18	6	20	6752	3400	69
718	7	31	50	6800	1959	68
719	21	17	50	6810	720	72
720	21	17	30	6820	12395	73
721	21	17	40	6830	2840	65
722	1	29	40	6840	4488	82
723	1	29	30	6850	774	73
724	1	29	50	6860	910	83
725	18	6	50	6870	305	84
726	1	29	30	6880	457	88
727	21	17	30	6890	6006	83
728	7	31	40	6900	1777	90
729	4	23	10	6910	432	86
730	7	31	40	6920	184	71
731	7	31	50	6930	5684	73
732	1	29	30	6940	1365	74
733	7	31	50	6950	8992	71
734	1	29	20	6960	732	63
735	1	29	30	6970	985	89
736	7	31	30	6980	11867	73
737	1	29	10	6990	4026	84
738	18	6	50	7000	635	80
739	7	31	50	7010	280	72
740	1	29	50	7020	5497	88
741	18	6	30	7030	435	80
742	7	31	10	7040	1231	85
743	4	23	30	7050	39	78
744	18	6	10	7060	6948	63
745	1	29	30	7070	973	89
746	18	6	50	7080	693	69
747	1	29	50	7090	1089	76
748	7	31	40	7100	1690	69
749	21	17	20	7110	1708	80
750	4	23	30	7120	2029	76
751	18	6	20	7130	92	84
752	18	6	50	7140	542	72
753	21	17	30	7150	2683	81
754	1	29	20	7160	8691	81
755	4	23	50	7170	12035	90
756	7	31	50	7180	7807	86
757	21	17	30	7190	1384	64
758	4	23	30	7200	826	77
759	4	23	50	7209	290	80
760	18	6	40	7218	4640	63
761	21	17	30	7227	4938	66
762	21	17	10	7236	137	74
763	7	31	40	7245	5965	79
764	18	6	30	7254	4742	72
765	1	29	40	7263	623	79
766	1	29	40	7272	4721	75
767	1	29	50	7281	716	69
768	21	17	50	7290	22359	85
769	1	29	50	7299	6528	65
770	7	31	50	7308	3689	78
771	4	23	50	7317	4042	61
772	21	17	20	7326	2218	80
773	21	17	50	7335	1540	87
774	7	31	10	7344	2163	74
775	7	31	10	7353	7637	84
776	1	29	30	7362	1116	71
777	7	31	10	7371	4370	64
778	21	17	30	7380	1736	69
779	1	29	20	7389	17548	84
780	1	29	50	7398	9837	74
781	21	17	40	7407	8149	71
782	18	6	50	7416	2266	73
783	21	17	20	7425	45	70
784	21	17	40	7434	4875	69
785	4	23	20	7443	89	77
786	18	6	10	7452	3996	60
787	18	6	50	7461	6447	84
788	4	23	30	7470	33	81
789	4	23	20	7479	976	64
790	18	6	30	7488	1787	62
791	21	17	50	7497	4267	68
792	7	31	40	7506	2376	67
793	21	17	10	7515	319	60
794	4	23	20	7524	1919	68
795	18	6	30	7533	154	82
796	18	6	30	7542	287	65
797	21	17	30	7551	2693	65
798	1	29	50	7560	1515	65
799	1	29	30	7569	4552	75
800	1	29	50	7600	2962	74
801	18	6	10	7610	21184	60
802	1	29	50	7620	1108	82
803	4	23	50	7630	3107	64
804	1	29	30	7640	5468	62
805	1	29	30	7650	5740	74
806	4	23	10	7660	3636	64
807	4	23	50	7670	6582	76
808	1	29	30	7680	294	66
809	4	23	20	7690	139	87
810	4	23	30	7700	4912	79
811	1	29	40	7710	859	82
812	1	29	10	7720	11289	85
813	4	23	10	7730	887	83
814	4	23	50	7740	676	65
815	18	6	50	7750	6791	83
816	7	31	40	7760	1294	83
817	1	29	40	7770	90	64
818	7	31	50	7780	292	70
819	21	17	20	7790	4462	85
820	21	17	40	7800	2874	78
821	7	31	40	7810	8915	82
822	4	23	20	7820	677	78
823	4	23	40	7830	6048	81
824	7	31	20	7840	2348	62
825	21	17	50	7850	11714	69
826	7	31	20	7860	833	85
827	21	17	10	7870	1716	79
828	18	6	40	7880	11153	78
829	4	23	30	7890	1910	83
830	18	6	30	7900	6101	78
831	18	6	10	7910	5600	65
832	4	23	20	7920	1719	90
833	21	17	10	7930	4465	85
834	21	17	20	7940	2497	70
835	7	31	50	7950	10079	74
836	21	17	50	7960	3950	79
837	7	31	50	7970	8915	69
838	7	31	50	7980	1237	67
839	21	17	20	8000	11428	85
840	21	17	20	8012	2213	73
841	7	31	10	8024	6965	74
842	1	29	30	8036	5229	78
843	1	29	20	8048	14592	84
844	1	29	40	8060	2849	76
845	18	6	40	8072	731	71
846	7	31	50	8084	5026	74
847	18	6	30	8096	1144	74
848	18	6	20	8108	10168	85
849	18	6	20	8120	3322	75
850	4	23	50	8132	5733	90
851	18	6	40	8144	192	61
852	1	29	30	8156	2175	86
853	18	6	40	8168	4120	70
854	1	29	40	8180	731	88
855	18	6	20	8192	3986	82
856	21	17	50	8204	7309	72
857	4	23	10	8216	2483	61
858	21	17	30	8228	404	61
859	18	6	30	8240	6410	83
860	18	6	10	8252	3411	80
861	4	23	50	8264	1141	75
862	18	6	20	8276	8118	88
863	4	23	50	8288	4700	73
864	1	29	40	8300	1160	69
865	1	29	30	8312	12291	73
866	7	31	30	8324	7431	83
867	18	6	10	8336	1248	60
868	4	23	50	8348	5307	73
869	7	31	50	8360	1076	81
870	4	23	50	8372	839	64
871	21	17	40	8384	1939	73
872	18	6	50	8400	5649	87
873	21	17	40	8412	547	75
874	21	17	50	8424	1136	72
875	1	29	30	8436	4657	63
876	4	23	20	8448	711	64
877	18	6	50	8460	802	85
878	4	23	10	8472	1259	64
879	4	23	30	8484	1297	82
880	1	29	10	8496	1051	85
881	4	23	50	8508	11205	71
882	4	23	50	8520	2232	85
883	1	29	20	8532	1875	63
884	21	17	40	8544	3852	84
885	1	29	50	8556	5321	77
886	1	29	30	8568	1625	69
887	1	29	30	8580	4901	79
888	7	31	20	8592	2816	88
889	4	23	10	8604	7170	78
890	21	17	50	8616	335	62
891	18	6	50	8628	721	78
892	7	31	30	8640	6363	68
893	18	6	30	8652	2519	75
894	4	23	20	8664	1840	65
895	4	23	30	8676	778	88
896	4	23	50	8688	12503	77
897	7	31	30	8700	156	64
898	1	29	30	8712	5122	75
899	21	17	20	8724	3245	62
900	7	31	10	8736	1560	79
901	4	23	40	8748	2371	73
902	7	31	40	8760	2887	60
903	4	23	20	8772	4624	63
904	21	17	30	8784	1878	71
905	4	23	20	8800	1894	77
906	21	17	50	8810	1372	64
907	18	6	50	8820	1379	71
908	4	23	40	8830	2014	89
909	1	29	20	8840	2609	84
910	21	17	50	8850	2524	77
911	4	23	50	8860	4283	77
912	1	29	10	8870	855	87
913	4	23	50	8880	6839	70
914	18	6	20	8890	3352	88
915	21	17	10	8900	4025	68
916	21	17	50	8910	6870	81
917	18	6	50	8920	2727	85
918	4	23	10	8930	302	80
919	21	17	50	8940	2904	82
920	1	29	50	8950	3868	63
921	4	23	10	8960	592	63
922	7	31	50	8970	5751	63
923	21	17	40	8980	9260	86
924	21	17	10	8990	676	79
925	1	29	10	9000	98	76
926	18	6	20	9010	3546	65
927	1	29	20	9020	1364	72
928	18	6	20	9030	5694	69
929	4	23	30	9040	292	74
930	7	31	40	9050	5263	77
931	21	17	40	9060	532	60
932	18	6	30	9070	2462	70
933	4	23	40	9080	5010	62
934	7	31	20	9090	12309	62
935	4	23	20	9100	6127	72
936	21	17	20	9110	2214	71
937	1	29	40	9120	5425	81
938	1	29	50	9130	29826	83
939	4	23	30	9140	1102	67
940	18	6	10	9150	2356	73
941	21	17	30	9160	172	89
942	7	31	40	9170	1487	80
943	4	23	50	9180	106	63
944	7	31	20	9200	1819	60
945	18	6	50	9213	2200	75
946	1	29	50	9226	14377	82
947	18	6	30	9239	15111	88
948	1	29	10	9252	9207	77
949	7	31	10	9265	5301	87
950	4	23	30	9278	1762	67
951	18	6	50	9291	2477	82
952	1	29	30	9304	13446	74
953	1	29	40	9317	922	83
954	21	17	20	9330	10995	90
955	1	29	10	9343	820	75
956	21	17	50	9356	4617	70
957	21	17	50	9369	3796	65
958	7	31	20	9382	3017	75
959	7	31	30	9395	1725	85
960	18	6	50	9408	6231	71
961	21	17	30	9421	5	82
962	21	17	30	9434	3041	61
963	21	17	20	9447	1573	75
964	18	6	40	9460	5504	66
965	21	17	10	9473	1682	77
966	18	6	30	9486	880	67
967	4	23	20	9499	2601	85
968	7	31	40	9512	8015	67
969	7	31	50	9525	6122	76
970	1	29	40	9538	939	88
971	21	17	20	9551	325	60
972	1	29	10	9564	2732	62
973	1	29	40	9577	7134	73
974	7	31	40	9600	294	69
975	1	29	30	9615	3446	64
976	21	17	30	9630	7017	74
977	1	29	50	9645	5331	90
978	1	29	20	9660	3069	85
979	4	23	10	9675	5275	63
980	21	17	10	9690	213	85
981	21	17	50	9705	3774	67
982	21	17	20	9720	1971	86
983	7	31	20	9735	100	72
984	21	17	10	9750	5009	66
985	4	23	40	9765	1258	85
986	21	17	20	9780	694	76
987	18	6	40	9795	1170	77
988	7	31	20	9810	6025	63
989	7	31	20	9825	5851	78
990	4	23	30	9840	417	61
991	21	17	20	9855	6690	65
992	18	6	20	9870	956	65
993	4	23	20	9885	4187	88
994	1	29	30	9900	2402	86
995	4	23	40	9915	2346	81
996	1	29	50	9930	2852	88
997	7	31	20	9945	16903	65
998	1	29	20	9960	1307	87
999	7	31	10	9975	89	74
1000	1	29	30	10000	1022	68
1001	7	31	30	10012	2727	88
1002	4	23	50	10024	474	81
1003	18	6	10	10036	494	60
1004	7	31	20	10048	2977	90
1005	7	31	10	10060	1303	67
1006	1	29	50	10072	13619	80
1007	21	17	40	10084	572	61
1008	4	23	50	10096	579	73
1009	7	31	50	10108	1775	85
1010	18	6	40	10120	1775	61
1011	21	17	10	10132	11863	70
1012	7	31	40	10144	320	71
1013	1	29	10	10156	6379	71
1014	7	31	20	10168	1418	60
1015	18	6	10	10180	787	64
1016	21	17	20	10192	3789	87
1017	1	29	20	10204	2834	79
1018	1	29	20	10216	3777	68
1019	21	17	50	10228	2596	71
1020	1	29	50	10240	813	61
1021	1	29	50	10252	11514	80
1022	21	17	10	10264	4815	81
1023	1	29	20	10276	406	80
1024	18	6	30	10288	4614	75
1025	1	29	30	10300	2024	82
1026	4	23	50	10312	8021	85
1027	4	23	40	10324	7481	64
1028	21	17	10	10336	1914	78
1029	1	29	10	10348	3946	79
1030	1	29	40	10360	280	67
1031	1	29	10	10400	7370	68
1032	21	17	30	10412	2445	63
1033	4	23	20	10424	2884	70
1034	4	23	40	10436	2829	86
1035	18	6	40	10448	3261	88
1036	18	6	10	10460	2763	77
1037	7	31	10	10472	1274	85
1038	1	29	50	10484	2771	73
1039	18	6	50	10496	2290	90
1040	18	6	50	10508	1445	65
1041	21	17	30	10520	105	75
1042	7	31	40	10532	506	63
1043	21	17	30	10544	2177	68
1044	4	23	40	10556	2110	76
1045	7	31	20	10568	652	81
1046	18	6	40	10580	5314	85
1047	18	6	20	10592	2149	85
1048	7	31	10	10604	1725	88
1049	7	31	20	10616	1274	81
1050	7	31	20	10628	7126	84
1051	21	17	30	10640	8	69
1052	7	31	10	10652	1875	88
1053	18	6	30	10664	6465	75
1054	4	23	20	10676	7279	73
1055	1	29	40	10688	1323	78
1056	7	31	30	10700	6326	66
1057	4	23	30	10712	61	60
1058	1	29	30	10724	2260	76
1059	7	31	50	10736	546	68
1060	1	29	10	10748	2129	73
1061	4	23	10	10760	515	75
1062	21	17	40	10772	5591	73
1063	18	6	50	10800	2835	85
1064	7	31	20	10810	1374	78
1065	1	29	30	10820	2909	84
1066	1	29	30	10830	2701	67
1067	1	29	20	10840	3314	60
1068	7	31	30	10850	1370	76
1069	18	6	40	10860	5403	62
1070	1	29	10	10870	4555	78
1071	1	29	10	10880	1658	61
1072	1	29	30	10890	31	66
1073	7	31	20	10900	770	68
1074	7	31	10	10910	765	66
1075	18	6	20	10920	688	76
1076	18	6	10	10930	6970	76
1077	21	17	30	10940	1315	73
1078	4	23	30	10950	4642	63
1079	7	31	10	10960	3053	84
1080	7	31	40	10970	4338	87
1081	18	6	40	10980	2389	60
1082	21	17	40	10990	2736	67
1083	18	6	40	11000	454	87
1084	4	23	40	11010	6349	85
1085	1	29	10	11020	270	89
1086	4	23	50	11030	2519	70
1087	4	23	10	11040	4269	78
1088	21	17	10	11050	4505	88
1089	18	6	50	11060	1021	67
1090	7	31	10	11070	5762	82
1091	7	31	30	11080	2643	76
1092	7	31	30	11090	7356	69
1093	18	6	10	11100	1861	64
1094	18	6	50	11110	93	77
1095	7	31	40	11120	805	80
1096	21	17	50	11130	1275	61
1097	4	23	50	11140	3777	69
1098	18	6	20	11150	551	81
1099	18	6	10	11160	8944	83
1100	4	23	50	11170	4309	74
1101	1	29	30	11180	754	85
1102	7	31	40	11200	537	68
1103	4	23	30	11209	3761	85
1104	7	31	20	11218	3597	63
1105	4	23	20	11227	2710	83
1106	21	17	10	11236	20789	62
1107	1	29	50	11245	888	80
1108	7	31	20	11254	3946	69
1109	18	6	50	11263	4555	87
1110	21	17	40	11272	2441	61
1111	21	17	10	11281	2887	84
1112	1	29	50	11290	1592	88
1113	4	23	20	11299	9123	82
1114	21	17	10	11308	2508	71
1115	21	17	20	11317	13190	72
1116	7	31	30	11326	3927	68
1117	7	31	50	11335	4146	76
1118	7	31	10	11344	4982	60
1119	7	31	10	11353	1021	80
1120	7	31	40	11362	203	73
1121	4	23	30	11371	7207	80
1122	18	6	20	11380	8741	62
1123	18	6	40	11389	267	68
1124	7	31	30	11398	15227	71
1125	18	6	40	11407	873	61
1126	4	23	40	11416	2759	82
1127	7	31	20	11425	4038	61
1128	18	6	30	11434	659	81
1129	21	17	30	11443	19225	76
1130	4	23	20	11452	8655	74
1131	7	31	10	11461	962	67
1132	7	31	10	11470	656	82
1133	18	6	30	11479	6311	70
1134	1	29	20	11488	8298	70
1135	4	23	20	11497	2694	62
1136	4	23	10	11506	1566	82
1137	18	6	20	11515	8686	72
1138	4	23	30	11524	2889	84
1139	1	29	30	11533	1445	61
1140	18	6	50	11542	294	86
1141	18	6	50	11551	1248	80
1142	21	17	40	11560	117	69
1143	4	23	10	11569	22074	60
1144	4	23	20	11578	5853	66
1145	7	31	10	11600	1145	88
1146	7	31	30	11609	674	79
1147	1	29	10	11618	11476	78
1148	4	23	50	11627	9468	84
1149	4	23	30	11636	248	64
1150	21	17	10	11645	3257	72
1151	1	29	50	11654	3951	76
1152	21	17	40	11663	9166	68
1153	4	23	10	11672	9351	61
1154	4	23	20	11681	7421	69
1155	1	29	20	11690	6961	85
1156	21	17	10	11699	1337	82
1157	18	6	10	11708	251	90
1158	7	31	50	11717	3995	74
1159	4	23	40	11726	2023	61
1160	21	17	30	11735	20386	60
1161	1	29	40	11744	1778	61
1162	7	31	30	11753	193	89
1163	7	31	50	11762	4035	83
1164	21	17	30	11771	6332	72
1165	1	29	30	11780	1113	85
1166	18	6	50	11789	1802	61
1167	7	31	30	11798	3061	77
1168	18	6	10	11807	94	72
1169	4	23	50	11816	14877	69
1170	18	6	20	11825	4074	81
1171	4	23	20	11834	5378	86
1172	18	6	30	11843	561	82
1173	4	23	40	11852	2102	89
1174	4	23	20	11861	670	84
1175	4	23	40	11870	6081	83
1176	4	23	40	11879	6562	70
1177	7	31	10	11888	8886	61
1178	21	17	20	11897	1404	62
1179	21	17	20	11906	5219	73
1180	4	23	10	11915	167	73
1181	18	6	40	11924	3239	64
1182	18	6	30	11933	5227	67
1183	21	17	10	11942	385	77
1184	21	17	20	11951	2282	63
1185	18	6	30	11960	1190	89
1186	21	17	30	11969	1512	89
1187	1	29	10	12000	1139	80
1188	7	31	10	12011	11984	61
1189	1	29	50	12022	204	76
1190	7	31	10	12033	921	70
1191	1	29	10	12044	1221	82
1192	4	23	20	12055	1173	89
1193	21	17	40	12066	499	83
1194	18	6	50	12077	1481	60
1195	1	29	10	12088	4981	84
1196	4	23	30	12099	998	82
1197	18	6	50	12110	2000	76
1198	7	31	30	12121	899	79
1199	18	6	50	12132	2982	71
1200	4	23	20	12143	8692	87
1201	1	29	10	12154	3872	61
1202	7	31	10	12165	10095	65
1203	1	29	50	12176	10665	75
1204	18	6	10	12187	2187	74
1205	4	23	50	12198	6808	77
1206	21	17	20	12209	2745	84
1207	18	6	10	12220	2693	70
1208	1	29	50	12231	5529	67
1209	1	29	40	12242	256	76
1210	4	23	40	12253	74	74
1211	1	29	10	12264	1995	80
1212	4	23	40	12275	5790	88
1213	21	17	30	12286	9329	61
1214	1	29	30	12297	1759	78
1215	4	23	50	12308	2310	87
1216	7	31	20	12319	3971	84
1217	21	17	20	12330	12440	72
1218	7	31	30	12341	895	79
1219	7	31	10	12352	3082	74
1220	18	6	10	12363	10527	86
1221	1	29	40	12374	488	72
1222	1	29	30	12385	3516	76
1223	18	6	10	12400	14530	87
1224	7	31	50	12408	5877	89
1225	1	29	10	12416	1885	89
1226	21	17	50	12424	2654	88
1227	18	6	40	12432	54	90
1228	18	6	40	12440	418	88
1229	18	6	10	12448	2335	60
1230	21	17	20	12456	3287	61
1231	18	6	50	12464	2128	84
1232	1	29	40	12472	4688	73
1233	4	23	20	12480	5888	81
1234	4	23	10	12488	7395	77
1235	4	23	10	12496	2184	72
1236	4	23	30	12504	4033	89
1237	18	6	30	12512	6415	83
1238	7	31	50	12520	4441	62
1239	4	23	30	12528	3840	77
1240	18	6	10	12536	5721	65
1241	4	23	20	12544	6969	79
1242	1	29	20	12552	2763	72
1243	4	23	30	12560	8749	75
1244	7	31	20	12568	127	61
1245	4	23	10	12576	6709	81
1246	7	31	20	12584	2758	85
1247	7	31	40	12592	1731	88
1248	21	17	20	12600	5734	65
1249	7	31	10	12608	8181	64
1250	4	23	50	12616	345	90
1251	7	31	10	12624	1234	69
1252	4	23	20	12632	857	88
1253	1	29	20	12640	4363	64
1254	1	29	50	12648	3640	76
1255	4	23	30	12656	5899	74
1256	1	29	40	12664	144	76
1257	4	23	50	12672	11697	69
1258	18	6	10	12680	700	76
1259	1	29	50	12688	185	76
1260	7	31	50	12696	1617	80
1261	7	31	40	12704	2639	85
1262	21	17	20	12712	1981	72
1263	21	17	40	12720	1465	67
1264	18	6	20	12728	2787	75
1265	1	29	40	12736	3723	80
1266	1	29	30	12744	4848	66
1267	21	17	20	12752	20693	66
1268	4	23	30	12760	248	74
1269	4	23	30	12768	10938	66
1270	21	17	20	12800	6509	88
1271	18	6	40	12814	7102	61
1272	18	6	30	12828	1340	70
1273	18	6	10	12842	3503	61
1274	18	6	10	12856	5992	68
1275	7	31	40	12870	435	66
1276	1	29	30	12884	3829	90
1277	4	23	50	12898	4777	60
1278	7	31	40	12912	11397	85
1279	18	6	50	12926	12567	68
1280	18	6	40	12940	8401	63
1281	1	29	10	12954	573	90
1282	18	6	30	12968	1161	84
1283	4	23	40	12982	1039	83
1284	7	31	20	12996	1782	60
1285	1	29	10	13010	1397	82
1286	21	17	30	13024	992	87
1287	21	17	20	13038	106	68
1288	4	23	30	13052	759	64
1289	21	17	30	13066	296	62
1290	4	23	30	13080	1947	86
1291	1	29	30	13094	4670	80
1292	1	29	20	13108	4067	66
1293	4	23	50	13122	3925	77
1294	7	31	30	13136	1338	88
1295	7	31	30	13150	1301	71
1296	7	31	50	13164	2278	66
1297	18	6	30	13178	853	65
1298	18	6	10	13200	1950	60
1299	7	31	30	13207	2217	72
1300	18	6	40	13214	469	74
1301	7	31	10	13221	2803	79
1302	18	6	20	13228	1375	73
1303	18	6	40	13235	7005	90
1304	7	31	40	13242	277	67
1305	1	29	10	13249	1161	89
1306	4	23	40	13256	15799	90
1307	1	29	20	13263	3760	86
1308	7	31	20	13270	8744	87
1309	18	6	10	13277	2727	69
1310	4	23	10	13284	673	74
1311	4	23	40	13291	1651	75
1312	7	31	20	13298	16	75
1313	21	17	20	13305	911	68
1314	21	17	10	13312	734	72
1315	7	31	50	13319	887	80
1316	18	6	10	13326	1050	60
1317	18	6	40	13333	706	79
1318	1	29	20	13340	11756	66
1319	18	6	20	13347	927	83
1320	1	29	20	13354	1951	83
1321	1	29	10	13361	4511	89
1322	18	6	40	13368	6888	61
1323	4	23	10	13375	18022	71
1324	1	29	10	13382	3190	70
1325	7	31	40	13389	487	68
1326	18	6	30	13396	854	85
1327	21	17	30	13403	4311	84
1328	7	31	40	13410	1420	63
1329	4	23	30	13417	2762	88
1330	1	29	50	13424	4420	90
1331	7	31	50	13431	2206	85
1332	1	29	50	13438	1490	60
1333	1	29	10	13445	2906	73
1334	21	17	10	13452	7486	84
1335	7	31	40	13459	1871	75
1336	7	31	50	13466	7396	77
1337	21	17	50	13473	2217	85
1338	21	17	50	13480	705	76
1339	7	31	20	13487	455	62
1340	7	31	20	13494	1507	82
1341	7	31	20	13501	3769	61
1342	18	6	10	13508	596	72
1343	1	29	30	13515	4540	86
1344	4	23	30	13522	9923	79
1345	21	17	40	13529	193	70
1346	18	6	20	13536	4617	65
1347	18	6	10	13543	2280	89
1348	7	31	40	13550	2445	64
1349	21	17	40	13600	357	68
1350	4	23	30	13613	191	70
1351	18	6	10	13626	1272	78
1352	18	6	20	13639	1124	89
1353	1	29	40	13652	788	67
1354	4	23	20	13665	161	79
1355	18	6	30	13678	2279	76
1356	18	6	20	13691	4590	77
1357	21	17	10	13704	1438	61
1358	18	6	40	13717	1296	79
1359	21	17	50	13730	12184	90
1360	21	17	40	13743	246	64
1361	7	31	10	13756	1548	66
1362	4	23	40	13769	1486	82
1363	1	29	40	13782	1970	89
1364	18	6	20	13795	6984	70
1365	7	31	10	13808	5252	80
1366	18	6	50	13821	110	75
1367	7	31	10	13834	2675	62
1368	21	17	10	13847	1770	74
1369	1	29	30	13860	6322	88
1370	1	29	50	13873	1762	62
1371	18	6	20	13886	6547	65
1372	4	23	50	13899	0	63
1373	18	6	10	13912	7316	64
1374	4	23	50	13925	8938	60
1375	18	6	10	13938	5981	82
1376	21	17	10	13951	3086	76
1377	1	29	20	13964	615	66
1378	21	17	40	13977	301	83
1379	1	29	20	14000	2792	90
1380	4	23	30	14008	2247	63
1381	1	29	20	14016	5672	87
1382	1	29	50	14024	904	79
1383	7	31	10	14032	960	86
1384	1	29	10	14040	2405	78
1385	21	17	40	14048	2019	72
1386	4	23	40	14056	789	86
1387	1	29	10	14064	567	84
1388	7	31	50	14072	2592	84
1389	7	31	40	14080	2122	68
1390	18	6	30	14088	4698	88
1391	7	31	50	14096	3111	75
1392	7	31	20	14104	644	66
1393	21	17	50	14112	938	76
1394	21	17	40	14120	196	89
1395	1	29	10	14128	19841	76
1396	1	29	40	14136	1425	69
1397	1	29	20	14144	5539	74
1398	21	17	10	14152	7671	75
1399	21	17	20	14160	819	89
1400	4	23	50	14168	80	86
1401	7	31	10	14176	877	62
1402	18	6	50	14184	319	74
1403	4	23	20	14192	4353	66
1404	21	17	40	14200	5225	66
1405	1	29	20	14208	1104	64
1406	7	31	20	14216	1271	74
1407	21	17	20	14224	2080	85
1408	4	23	50	14232	1347	66
1409	1	29	20	14240	1224	88
1410	18	6	30	14248	9080	90
1411	1	29	50	14256	3105	71
1412	21	17	30	14264	1042	68
1413	1	29	20	14272	5954	79
1414	4	23	30	14280	2957	87
1415	7	31	20	14288	1437	68
1416	4	23	20	14296	505	77
1417	21	17	40	14304	408	87
1418	1	29	30	14312	11054	71
1419	4	23	40	14320	2242	88
1420	1	29	20	14328	3211	84
1421	18	6	40	14336	9013	81
1422	1	29	10	14344	43	68
1423	18	6	30	14352	11668	66
1424	21	17	50	14360	435	60
1425	18	6	10	14368	6766	77
1426	7	31	10	14376	4275	90
1427	7	31	50	14384	6260	77
1428	4	23	20	14400	6271	66
1429	4	23	40	14411	9209	75
1430	18	6	20	14422	2585	72
1431	21	17	40	14433	6206	62
1432	18	6	10	14444	1367	81
1433	1	29	20	14455	8731	84
1434	7	31	20	14466	2635	64
1435	7	31	20	14477	1060	60
1436	7	31	30	14488	4570	72
1437	7	31	30	14499	3098	73
1438	7	31	20	14510	2649	80
1439	1	29	50	14521	946	73
1440	1	29	30	14532	529	88
1441	7	31	30	14543	5940	61
1442	7	31	20	14554	7489	77
1443	4	23	40	14565	959	87
1444	4	23	20	14576	2894	68
1445	1	29	30	14587	655	76
1446	21	17	30	14598	1490	67
1447	4	23	50	14609	1876	77
1448	18	6	30	14620	4641	80
1449	1	29	20	14631	5483	80
1450	4	23	50	14642	8293	89
1451	1	29	10	14653	906	73
1452	1	29	50	14664	6699	62
1453	4	23	30	14675	2205	78
1454	7	31	10	14686	4013	65
1455	18	6	20	14697	534	64
1456	7	31	10	14708	824	85
1457	1	29	30	14719	561	68
1458	4	23	20	14730	3285	66
1459	7	31	40	14741	9786	79
1460	4	23	20	14752	3514	64
1461	21	17	20	14763	2626	88
1462	4	23	50	14774	3808	79
1463	21	17	10	14800	1951	82
1464	21	17	50	14809	6198	75
1465	4	23	40	14818	459	88
1466	21	17	40	14827	1152	80
1467	21	17	10	14836	1675	75
1468	4	23	50	14845	1380	75
1469	21	17	10	14854	1368	87
1470	21	17	50	14863	3879	86
1471	7	31	50	14872	3466	64
1472	18	6	20	14881	3793	67
1473	21	17	30	14890	5181	88
1474	18	6	20	14899	1456	90
1475	4	23	40	14908	6027	83
1476	4	23	30	14917	199	64
1477	4	23	30	14926	6388	72
1478	7	31	20	14935	2254	88
1479	7	31	20	14944	12135	74
1480	4	23	40	14953	2809	70
1481	1	29	10	14962	1325	73
1482	4	23	20	14971	440	87
1483	4	23	50	14980	185	76
1484	21	17	50	14989	104	77
1485	1	29	20	14998	1276	89
1486	21	17	50	15007	14819	90
1487	21	17	40	15016	8029	63
1488	4	23	10	15025	1171	79
1489	18	6	10	15034	1769	90
1490	1	29	20	15043	190	65
1491	7	31	50	15052	3194	64
1492	1	29	10	15061	15449	67
1493	1	29	30	15070	3384	60
1494	4	23	40	15079	3934	68
1495	18	6	10	15088	4115	60
1496	18	6	40	15097	694	72
1497	7	31	10	15106	2466	86
1498	7	31	40	15115	2217	71
1499	1	29	30	15124	2086	71
1500	18	6	50	15133	9243	87
1501	1	29	20	15142	13887	82
1502	1	29	50	15151	345	62
1503	18	6	20	15160	2022	84
1504	1	29	30	15169	535	85
1505	21	17	10	15200	1396	85
1506	21	17	40	15209	3567	66
1507	1	29	20	15218	361	64
1508	1	29	20	15227	505	78
1509	18	6	20	15236	7723	73
1510	7	31	40	15245	317	60
1511	1	29	30	15254	1969	73
1512	18	6	20	15263	4816	70
1513	7	31	10	15272	3748	83
1514	18	6	10	15281	2102	68
1515	18	6	10	15290	1441	82
1516	4	23	10	15299	1893	60
1517	1	29	50	15308	3363	63
1518	1	29	10	15317	1786	64
1519	7	31	30	15326	2890	76
1520	4	23	40	15335	571	89
1521	21	17	10	15344	1942	77
1522	18	6	50	15353	369	86
1523	1	29	50	15362	10888	75
1524	21	17	50	15371	1115	81
1525	18	6	50	15380	293	81
1526	4	23	40	15389	3671	88
1527	18	6	50	15398	170	66
1528	18	6	40	15407	422	80
1529	1	29	10	15416	4345	90
1530	18	6	10	15425	3859	70
1531	21	17	20	15434	3551	69
1532	21	17	40	15443	1861	60
1533	7	31	40	15452	99	77
1534	4	23	30	15461	209	78
1535	4	23	20	15470	3068	78
1536	21	17	20	15479	889	70
1537	1	29	50	15488	4915	63
1538	18	6	20	15497	10105	81
1539	1	29	50	15506	5253	82
1540	1	29	40	15515	4596	83
1541	7	31	40	15524	8791	85
1542	7	31	20	15533	5496	75
1543	18	6	40	15542	2035	65
1544	4	23	30	15551	1320	90
1545	21	17	50	15560	4288	83
1546	4	23	40	15569	7588	85
1547	4	23	10	15578	1852	74
1548	7	31	30	15587	707	83
1549	18	6	40	15600	1563	77
1550	21	17	10	15610	1234	90
1551	1	29	40	15620	3574	69
1552	7	31	10	15630	421	81
1553	21	17	20	15640	9678	85
1554	4	23	50	15650	1276	73
1555	18	6	40	15660	2904	69
1556	7	31	20	15670	8502	87
1557	21	17	10	15680	642	78
1558	4	23	30	15690	666	62
1559	21	17	40	15700	224	63
1560	18	6	20	15710	4736	87
1561	7	31	50	15720	3179	60
1562	7	31	30	15730	17153	75
1563	1	29	10	15740	2436	79
1564	21	17	20	15750	1076	62
1565	21	17	20	15760	2676	82
1566	18	6	40	15770	67	73
1567	4	23	40	15780	4502	84
1568	18	6	40	15790	3259	64
1569	7	31	40	15800	8256	80
1570	18	6	50	15810	435	71
1571	18	6	10	15820	4431	88
1572	7	31	30	15830	4183	72
1573	1	29	20	15840	3967	73
1574	7	31	50	15850	7120	84
1575	21	17	10	15860	1120	63
1576	18	6	50	15870	4061	62
1577	1	29	10	15880	4676	81
1578	4	23	20	15890	4234	75
1579	21	17	50	15900	3523	89
1580	7	31	10	15910	997	87
1581	1	29	40	15920	1045	73
1582	4	23	30	15930	8469	74
1583	1	29	10	15940	5996	62
1584	18	6	10	15950	2023	60
1585	1	29	20	15960	114	60
1586	18	6	20	15970	2681	78
1587	21	17	30	15980	2471	65
1588	18	6	50	15990	5566	64
1589	18	6	40	16000	3061	69
1590	7	31	50	16012	4257	82
1591	21	17	10	16024	209	83
1592	7	31	30	16036	3228	60
1593	4	23	40	16048	8026	78
1594	7	31	30	16060	151	85
1595	4	23	50	16072	578	83
1596	1	29	10	16084	9318	70
1597	7	31	10	16096	1374	87
1598	18	6	30	16108	711	62
1599	7	31	10	16120	6308	68
1600	7	31	10	16132	4097	70
1601	21	17	10	16144	766	60
1602	1	29	30	16156	6716	70
1603	21	17	40	16168	1364	62
1604	21	17	50	16180	995	65
1605	4	23	50	16192	3622	61
1606	4	23	10	16204	11399	88
1607	4	23	40	16216	2545	68
1608	18	6	30	16228	332	61
1609	7	31	40	16240	117	69
1610	1	29	40	16252	8428	66
1611	4	23	10	16264	849	66
1612	4	23	40	16276	2735	62
1613	4	23	30	16288	3357	64
1614	1	29	40	16300	7175	67
1615	18	6	40	16312	2494	74
1616	1	29	30	16324	4419	76
1617	4	23	20	16336	940	72
1618	21	17	10	16348	243	79
1619	21	17	50	16360	932	62
1620	7	31	50	16372	29117	63
1621	18	6	10	16384	3245	67
1622	18	6	40	16400	10319	80
1623	1	29	50	16409	90	86
1624	1	29	50	16418	983	89
1625	18	6	40	16427	214	78
1626	7	31	40	16436	492	88
1627	1	29	50	16445	6113	84
1628	18	6	50	16454	3586	78
1629	1	29	50	16463	4772	61
1630	21	17	50	16472	1671	84
1631	4	23	50	16481	1704	66
1632	21	17	40	16490	2990	78
1633	21	17	20	16499	7854	66
1634	18	6	50	16508	11575	79
1635	21	17	50	16517	189	86
1636	21	17	10	16526	2154	63
1637	4	23	40	16535	3572	72
1638	18	6	20	16544	3249	88
1639	7	31	10	16553	6464	89
1640	4	23	10	16562	359	63
1641	7	31	40	16571	71	69
1642	7	31	10	16580	1920	64
1643	7	31	10	16589	5127	85
1644	18	6	10	16598	4273	62
1645	18	6	40	16607	2492	76
1646	4	23	30	16616	3243	81
1647	1	29	50	16625	17022	86
1648	4	23	10	16634	129	71
1649	4	23	40	16643	3404	71
1650	4	23	30	16652	2509	66
1651	4	23	40	16661	4724	88
1652	21	17	50	16670	1053	67
1653	18	6	30	16679	12401	60
1654	21	17	10	16688	6321	65
1655	4	23	10	16697	356	62
1656	4	23	20	16706	1151	71
1657	1	29	40	16715	6262	74
1658	21	17	40	16724	294	64
1659	4	23	20	16733	736	78
1660	21	17	20	16742	2614	64
1661	18	6	20	16751	692	63
1662	18	6	50	16760	8440	81
1663	18	6	30	16769	1931	90
1664	7	31	40	16778	4649	76
1665	4	23	50	16800	3032	60
1666	4	23	30	16810	4371	78
1667	4	23	20	16820	4039	86
1668	18	6	40	16830	3905	76
1669	18	6	40	16840	6191	71
1670	18	6	40	16850	194	71
1671	7	31	40	16860	325	64
1672	18	6	10	16870	4237	75
1673	1	29	50	16880	1192	80
1674	18	6	50	16890	519	89
1675	21	17	20	16900	15985	84
1676	4	23	10	16910	766	62
1677	7	31	40	16920	901	85
1678	7	31	50	16930	1822	84
1679	7	31	10	16940	5613	72
1680	7	31	10	16950	2745	88
1681	4	23	40	16960	557	61
1682	7	31	50	16970	5565	73
1683	7	31	10	16980	76	66
1684	7	31	30	16990	1049	85
1685	18	6	10	17000	4182	86
1686	7	31	50	17010	490	89
1687	7	31	20	17020	3390	77
1688	21	17	10	17030	271	61
1689	21	17	40	17040	7849	76
1690	18	6	40	17050	6362	75
1691	7	31	30	17060	3927	79
1692	4	23	50	17070	2932	67
1693	7	31	10	17080	1964	69
1694	7	31	40	17090	1551	85
1695	18	6	50	17100	10466	90
1696	18	6	40	17110	598	79
1697	4	23	40	17120	25654	64
1698	21	17	20	17130	143	68
1699	7	31	10	17140	534	62
1700	7	31	20	17150	6419	88
1701	1	29	10	17160	10092	85
1702	21	17	10	17170	1800	70
1703	1	29	30	17180	1121	90
1704	1	29	10	17200	2982	90
1705	7	31	50	17210	1963	61
1706	1	29	40	17220	161	73
1707	7	31	10	17230	14571	78
1708	1	29	40	17240	7161	62
1709	21	17	40	17250	6695	71
1710	21	17	10	17260	9663	90
1711	7	31	40	17270	198	76
1712	18	6	50	17280	2214	81
1713	18	6	40	17290	1524	82
1714	7	31	10	17300	4454	81
1715	4	23	30	17310	1721	62
1716	4	23	30	17320	2095	80
1717	4	23	40	17330	7858	74
1718	4	23	10	17340	660	64
1719	18	6	30	17350	157	80
1720	21	17	10	17360	2151	61
1721	21	17	10	17370	391	61
1722	4	23	10	17380	3377	84
1723	4	23	10	17390	5773	60
1724	1	29	10	17400	18903	86
1725	4	23	10	17410	2193	82
1726	1	29	40	17420	3270	87
1727	4	23	10	17430	1233	65
1728	4	23	10	17440	11014	86
1729	1	29	50	17450	867	89
1730	7	31	30	17460	7398	65
1731	1	29	30	17470	774	89
1732	21	17	20	17480	728	76
1733	1	29	40	17490	1102	81
1734	21	17	40	17500	12417	74
1735	7	31	10	17510	3439	62
1736	7	31	40	17520	5838	82
1737	7	31	30	17530	2826	73
1738	7	31	10	17540	2720	67
1739	21	17	40	17550	7401	84
1740	18	6	30	17560	3754	73
1741	21	17	40	17570	610	71
1742	7	31	40	17580	5364	75
1743	1	29	30	17590	1167	81
1744	21	17	40	17600	11884	76
1745	4	23	50	17609	5509	89
1746	18	6	40	17618	894	89
1747	18	6	20	17627	906	75
1748	1	29	50	17636	5040	79
1749	18	6	20	17645	14271	83
1750	7	31	20	17654	2928	70
1751	21	17	10	17663	1309	65
1752	21	17	30	17672	7486	90
1753	4	23	50	17681	22607	79
1754	21	17	50	17690	4937	60
1755	21	17	10	17699	4895	87
1756	7	31	50	17708	1720	61
1757	4	23	10	17717	3650	69
1758	1	29	20	17726	1168	63
1759	4	23	50	17735	436	67
1760	7	31	20	17744	7072	64
1761	7	31	30	17753	5954	67
1762	18	6	50	17762	152	82
1763	21	17	40	17771	4066	63
1764	18	6	20	17780	13998	66
1765	21	17	30	17789	5306	61
1766	21	17	30	17798	8544	90
1767	18	6	10	17807	814	90
1768	18	6	10	17816	1795	68
1769	1	29	10	17825	398	78
1770	21	17	50	17834	3489	70
1771	21	17	10	17843	9255	66
1772	21	17	40	17852	1824	67
1773	7	31	20	17861	1480	71
1774	1	29	10	17870	2247	67
1775	21	17	20	17879	1283	81
1776	18	6	30	17888	1752	77
1777	4	23	40	17897	1526	62
1778	4	23	20	17906	6752	74
1779	4	23	10	17915	1115	88
1780	18	6	30	17924	1003	84
1781	21	17	30	17933	1758	72
1782	4	23	10	17942	3185	76
1783	18	6	50	17951	13354	63
1784	4	23	40	17960	4505	79
1785	21	17	30	17969	3316	90
1786	1	29	50	17978	1601	89
1787	4	23	30	18000	745	88
1788	1	29	40	18013	3036	81
1789	1	29	30	18026	1146	78
1790	21	17	10	18039	1031	61
1791	1	29	40	18052	740	73
1792	4	23	10	18065	1168	70
1793	1	29	10	18078	1977	90
1794	18	6	30	18091	54	79
1795	4	23	10	18104	7196	65
1796	4	23	50	18117	439	79
1797	7	31	10	18130	422	71
1798	7	31	20	18143	1332	75
1799	1	29	10	18156	963	74
1800	4	23	30	18169	8034	89
1801	1	29	40	18182	64	90
1802	21	17	10	18195	7357	67
1803	1	29	50	18208	3886	61
1804	18	6	30	18221	1975	73
1805	7	31	20	18234	3849	63
1806	21	17	30	18247	9758	88
1807	1	29	20	18260	3077	79
1808	18	6	40	18273	3344	71
1809	1	29	40	18286	2280	70
1810	4	23	30	18299	1730	69
1811	18	6	10	18312	131	89
1812	1	29	40	18325	6119	85
1813	4	23	20	18338	40	66
1814	18	6	30	18351	8534	74
1815	7	31	50	18364	2566	83
1816	18	6	20	18377	1021	81
1817	1	29	10	18400	303	79
1818	4	23	10	18410	13115	74
1819	4	23	40	18420	2085	66
1820	7	31	40	18430	2074	63
1821	4	23	50	18440	4976	62
1822	18	6	20	18450	4226	69
1823	1	29	30	18460	477	80
1824	1	29	50	18470	8088	77
1825	7	31	10	18480	2130	87
1826	4	23	10	18490	4174	87
1827	7	31	30	18500	14967	67
1828	4	23	50	18510	1403	82
1829	4	23	10	18520	3618	61
1830	18	6	30	18530	747	62
1831	7	31	30	18540	1174	65
1832	7	31	30	18550	137	78
1833	18	6	10	18560	3675	60
1834	21	17	30	18570	1896	89
1835	18	6	40	18580	921	84
1836	21	17	20	18590	2892	64
1837	18	6	20	18600	10497	75
1838	21	17	30	18610	3420	80
1839	7	31	20	18620	238	76
1840	21	17	50	18630	4207	61
1841	21	17	40	18640	6305	69
1842	1	29	40	18650	3699	76
1843	1	29	10	18660	409	70
1844	7	31	50	18670	9134	68
1845	7	31	50	18680	866	62
1846	1	29	50	18690	1948	78
1847	21	17	40	18700	1115	63
1848	7	31	40	18710	2840	76
1849	4	23	30	18720	3105	87
1850	18	6	40	18730	3758	74
1851	4	23	40	18740	126	90
1852	1	29	10	18750	593	88
1853	18	6	30	18760	8383	68
1854	4	23	20	18770	6632	70
1855	1	29	30	18780	669	87
1856	7	31	20	18800	1808	81
1857	21	17	40	18809	5217	77
1858	21	17	10	18818	5607	74
1859	7	31	20	18827	15044	76
1860	18	6	20	18836	14049	66
1861	18	6	10	18845	11027	81
1862	7	31	20	18854	1101	87
1863	7	31	40	18863	14209	70
1864	7	31	20	18872	1226	67
1865	21	17	10	18881	407	63
1866	4	23	40	18890	26056	70
1867	7	31	40	18899	805	85
1868	7	31	50	18908	4003	67
1869	1	29	40	18917	4506	80
1870	21	17	30	18926	12759	79
1871	21	17	10	18935	1414	66
1872	18	6	40	18944	2758	89
1873	21	17	40	18953	9394	89
1874	7	31	40	18962	5634	64
1875	7	31	10	18971	3780	85
1876	18	6	20	18980	458	76
1877	1	29	20	18989	3238	89
1878	4	23	30	18998	964	72
1879	18	6	50	19007	4469	75
1880	4	23	20	19016	110	69
1881	4	23	20	19025	2073	84
1882	21	17	50	19034	2523	81
1883	21	17	20	19043	5641	86
1884	18	6	20	19052	17092	77
1885	21	17	40	19061	600	63
1886	4	23	30	19070	495	68
1887	4	23	10	19079	682	69
1888	21	17	40	19088	6270	80
1889	7	31	50	19097	1012	62
1890	4	23	30	19106	7380	63
1891	21	17	30	19115	6168	77
1892	18	6	10	19124	762	61
1893	1	29	20	19133	3645	64
1894	18	6	50	19142	366	69
1895	7	31	50	19151	5010	71
1896	18	6	20	19160	3215	72
1897	4	23	50	19200	3999	66
1898	4	23	50	19207	7167	62
1899	21	17	50	19214	6463	64
1900	18	6	20	19221	874	82
1901	4	23	10	19228	908	83
1902	18	6	40	19235	3775	87
1903	7	31	50	19242	7149	87
1904	4	23	10	19249	3480	67
1905	18	6	40	19256	1492	68
1906	18	6	10	19263	3043	60
1907	18	6	20	19270	1063	90
1908	4	23	40	19277	518	64
1909	7	31	20	19284	883	76
1910	21	17	20	19291	186	70
1911	7	31	10	19298	6617	82
1912	4	23	20	19305	2888	65
1913	7	31	10	19312	337	90
1914	1	29	50	19319	11938	66
1915	7	31	50	19326	3335	73
1916	18	6	10	19333	2529	90
1917	7	31	50	19340	2653	61
1918	18	6	20	19347	16874	84
1919	7	31	30	19354	532	64
1920	18	6	30	19361	15726	86
1921	1	29	30	19368	7371	60
1922	7	31	50	19375	1983	65
1923	21	17	10	19382	2102	64
1924	7	31	20	19389	7179	76
1925	21	17	10	19396	758	61
1926	4	23	50	19403	530	65
1927	1	29	20	19410	9216	85
1928	4	23	40	19417	6789	79
1929	1	29	40	19424	168	84
1930	4	23	40	19431	242	72
1931	7	31	20	19438	2587	70
1932	7	31	30	19445	5114	86
1933	4	23	30	19452	2131	67
1934	1	29	30	19459	2589	83
1935	21	17	10	19466	6950	76
1936	18	6	30	19473	6312	88
1937	18	6	10	19480	4034	85
1938	18	6	20	19487	768	78
1939	21	17	40	19494	4491	68
1940	4	23	40	19501	3732	62
1941	1	29	20	19508	8580	69
1942	21	17	20	19515	143	65
1943	18	6	30	19522	3598	63
1944	21	17	30	19529	783	83
1945	21	17	30	19536	135	72
1946	4	23	20	19543	1268	72
1947	7	31	10	19550	388	61
1948	21	17	20	19557	4183	89
1949	7	31	10	19600	2952	86
1950	18	6	50	19608	1127	71
1951	4	23	30	19616	280	71
1952	1	29	40	19624	4162	72
1953	7	31	20	19632	4934	88
1954	4	23	30	19640	6879	69
1955	1	29	40	19648	1751	82
1956	7	31	20	19656	6691	78
1957	18	6	40	19664	902	82
1958	1	29	30	19672	26761	70
1959	7	31	50	19680	2099	66
1960	21	17	40	19688	829	63
1961	18	6	40	19696	4005	66
1962	21	17	30	19704	2155	70
1963	4	23	50	19712	334	70
1964	18	6	30	19720	599	64
1965	1	29	50	19728	3369	90
1966	21	17	30	19736	364	87
1967	21	17	40	19744	426	89
1968	4	23	40	19752	3710	67
1969	18	6	40	19760	535	80
1970	4	23	20	19768	5914	76
1971	21	17	10	19776	7169	65
1972	4	23	30	19784	1484	73
1973	4	23	30	19792	1488	75
1974	18	6	50	19800	2918	62
1975	1	29	20	19808	410	77
1976	1	29	20	19816	6566	85
1977	4	23	30	19824	6390	61
1978	1	29	30	19832	1050	72
1979	7	31	50	19840	6449	64
1980	4	23	40	19848	9249	80
1981	21	17	50	19856	128	63
1982	1	29	10	19864	1158	86
1983	21	17	40	19872	1397	84
1984	7	31	50	19880	6352	72
1985	1	29	10	19888	18970	60
1986	7	31	40	19896	7076	88
1987	1	29	10	19904	51	88
1988	21	17	10	19912	3587	88
1989	21	17	40	19920	520	60
1990	18	6	50	19928	47	89
1991	21	17	50	19936	3582	65
1992	1	29	30	19944	4047	74
1993	7	31	20	19952	5817	72
1994	1	29	10	19960	2672	65
1995	18	6	50	19968	14599	87
1996	18	6	40	19976	2511	90
1997	4	23	20	20000	12409	85
1998	1	29	50	20133	2420	90
1999	7	31	30	20266	3752	83
