0	1	29	20	0	763	122
1	1	29	40	10	1301	150
2	4	23	30	20	5105	149
3	21	17	30	30	569	165
4	21	17	40	40	286	138
5	1	29	20	50	3133	150
6	4	23	50	60	14803	147
7	1	29	40	70	6964	127
8	18	6	50	80	3019	158
9	21	17	30	90	2411	165
10	1	29	20	100	5077	123
11	1	29	50	110	5984	159
12	18	6	30	120	758	147
13	18	6	10	130	4070	163
14	4	23	40	140	998	170
15	4	23	30	150	257	129
16	1	29	50	160	1331	121
17	21	17	30	170	258	158
18	18	6	20	180	276	166
19	7	31	10	190	4437	149
20	7	31	40	200	2844	166
21	1	29	20	210	95	126
22	1	29	40	220	3105	141
23	18	6	40	230	4143	149
24	4	23	40	240	2473	150
25	18	6	50	250	1047	158
26	4	23	10	260	669	151
27	21	17	40	270	7057	160
28	7	31	50	280	1053	129
29	1	29	50	290	1127	130
30	1	29	50	300	6364	153
31	21	17	20	310	88	126
32	21	17	10	320	2510	137
33	21	17	20	330	4974	156
34	1	29	50	340	2922	167
35	21	17	50	350	293	150
36	4	23	30	360	9969	166
37	18	6	20	370	3188	135
38	1	29	50	380	1960	148
39	7	31	30	400	156	158
40	4	23	20	408	5670	128
41	18	6	10	416	293	168
42	4	23	20	424	245	143
43	21	17	10	432	5763	131
44	7	31	40	440	15384	122
45	21	17	40	448	3820	163
46	21	17	20	456	2925	126
47	21	17	50	464	3758	136
48	4	23	30	472	2126	149
49	1	29	30	480	447	167
50	7	31	50	488	634	126
51	4	23	10	496	2385	129
52	1	29	30	504	243	170
53	18	6	50	512	289	131
54	18	6	50	520	5604	135
55	21	17	50	528	650	166
56	21	17	10	536	5353	128
57	1	29	40	544	315	170
58	4	23	40	552	4453	134
59	7	31	40	560	7294	151
60	4	23	20	568	1971	170
61	4	23	20	576	633	158
62	4	23	50	584	3596	168
63	1	29	50	592	1337	148
64	21	17	40	600	4274	131
65	18	6	10	608	4776	167
66	18	6	40	616	1483	141
67	4	23	20	624	2473	162
68	18	6	10	632	512	166
69	7	31	50	640	650	140
70	1	29	10	648	626	134
71	21	17	30	656	5291	156
72	21	17	40	664	4498	129
73	4	23	40	672	115	128
74	1	29	50	680	9747	140
75	4	23	30	688	2305	168
76	4	23	10	696	13305	153
77	18	6	40	704	5996	129
78	7	31	10	712	4391	146
79	7	31	10	720	7482	157
80	4	23	40	728	4974	151
81	7	31	20	736	3148	135
82	18	6	20	744	2153	130
83	4	23	30	752	537	132
84	4	23	10	760	417	124
85	4	23	40	768	1705	143
86	21	17	40	800	13189	127
87	4	23	20	809	2019	126
88	7	31	20	818	12678	141
89	1	29	10	827	1836	120
90	21	17	50	836	1620	141
91	18	6	50	845	7365	166
92	7	31	30	854	8410	120
93	4	23	10	863	3183	168
94	18	6	20	872	4190	158
95	1	29	10	881	3778	141
96	21	17	20	890	2598	120
97	18	6	20	899	5970	166
98	1	29	30	908	451	170
99	4	23	30	917	1322	125
100	7	31	10	926	1457	142
101	18	6	50	935	237	135
102	4	23	40	944	2685	140
103	21	17	40	953	1217	129
104	1	29	30	962	12959	153
105	21	17	20	971	2130	140
106	7	31	30	980	5949	170
107	4	23	40	989	123	162
108	1	29	50	998	684	161
109	7	31	20	1007	1516	137
110	4	23	40	1016	823	133
111	7	31	20	1025	12977	170
112	4	23	30	1034	2106	144
113	21	17	40	1043	6985	147
114	1	29	10	1052	542	170
115	7	31	10	1061	7436	155
116	1	29	10	1070	5240	147
117	21	17	30	1079	2519	156
118	7	31	50	1088	819	144
119	18	6	50	1097	1480	158
120	4	23	20	1106	5297	160
121	7	31	20	1115	9791	135
122	21	17	50	1124	2798	141
123	18	6	10	1133	5577	165
124	7	31	10	1142	6791	170
125	7	31	10	1151	1447	139
126	1	29	50	1160	7746	156
127	18	6	30	1169	540	132
128	18	6	30	1178	1907	140
129	1	29	40	1200	1434	170
130	7	31	20	1210	12913	168
131	18	6	50	1220	837	158
132	18	6	20	1230	4433	129
133	1	29	40	1240	1943	140
134	21	17	10	1250	3110	135
135	1	29	40	1260	4245	136
136	18	6	30	1270	230	165
137	4	23	30	1280	669	121
138	4	23	50	1290	720	150
139	4	23	40	1300	4635	154
140	21	17	20	1310	3404	143
141	18	6	50	1320	10786	135
142	4	23	20	1330	1093	135
143	21	17	10	1340	4113	123
144	7	31	20	1350	804	158
145	18	6	30	1360	1861	141
146	7	31	20	1370	2262	141
147	21	17	50	1380	214	143
148	18	6	10	1390	2192	169
149	7	31	10	1400	6540	123
150	21	17	10	1410	8512	164
151	21	17	50	1420	41	134
152	7	31	30	1430	3566	142
153	21	17	30	1440	6385	131
154	1	29	10	1450	3172	136
155	1	29	40	1460	1989	127
156	4	23	10	1470	3233	165
157	18	6	30	1480	5342	145
158	1	29	40	1490	2358	130
159	18	6	20	1500	4282	133
160	7	31	30	1510	3257	155
161	18	6	50	1520	4172	158
162	1	29	20	1530	4213	141
163	1	29	20	1540	7745	162
164	1	29	10	1550	1755	139
165	1	29	50	1560	23552	146
166	4	23	10	1570	1376	160
167	4	23	50	1580	99	123
168	21	17	40	1590	1342	132
169	21	17	30	1600	2561	154
170	18	6	30	1608	6210	160
171	7	31	30	1616	3433	146
172	4	23	30	1624	1440	126
173	1	29	10	1632	2764	160
174	18	6	40	1640	5332	135
175	1	29	20	1648	6467	145
176	18	6	50	1656	4488	170
177	1	29	50	1664	7887	137
178	4	23	50	1672	3374	127
179	4	23	30	1680	2353	148
180	1	29	50	1688	8211	168
181	18	6	10	1696	6509	132
182	21	17	30	1704	4874	133
183	7	31	20	1712	3414	137
184	18	6	30	1720	2182	126
185	7	31	30	1728	11981	154
186	4	23	30	1736	3653	135
187	4	23	50	1744	8239	168
188	1	29	30	1752	7263	124
189	21	17	20	1760	643	127
190	7	31	40	1768	419	142
191	21	17	50	1776	1536	139
192	18	6	50	1784	4932	162
193	1	29	30	1792	2834	136
194	7	31	20	1800	552	169
195	7	31	20	1808	10381	156
196	18	6	40	1816	1321	165
197	18	6	10	1824	1933	144
198	7	31	50	1832	1354	155
199	4	23	30	1840	817	132
200	7	31	30	1848	337	151
201	18	6	30	1856	2093	138
202	21	17	10	1864	5831	130
203	4	23	40	1872	11910	134
204	18	6	30	1880	67	133
205	1	29	40	1888	1454	138
206	18	6	20	1896	4923	128
207	4	23	20	1904	381	152
208	4	23	40	1912	251	167
209	1	29	50	1920	5482	161
210	7	31	50	1928	5056	127
211	18	6	10	1936	4731	147
212	7	31	40	1944	731	138
213	7	31	10	1952	2	152
214	18	6	30	1960	6158	136
215	4	23	30	1968	5603	142
216	18	6	20	1976	11479	144
217	4	23	50	1984	320	124
218	7	31	40	2000	2285	155
219	18	6	30	2010	2078	156
220	7	31	30	2020	2032	130
221	1	29	10	2030	2169	163
222	4	23	30	2040	829	170
223	21	17	30	2050	586	125
224	18	6	40	2060	1868	132
225	4	23	40	2070	2535	141
226	18	6	30	2080	8086	154
227	18	6	10	2090	6333	160
228	18	6	40	2100	1847	162
229	7	31	20	2110	6663	149
230	21	17	40	2120	2936	150
231	21	17	50	2130	1375	146
232	18	6	50	2140	3409	152
233	1	29	30	2150	1944	165
234	21	17	50	2160	1808	167
235	21	17	30	2170	2496	150
236	18	6	50	2180	147	122
237	4	23	50	2190	5630	170
238	4	23	40	2200	3260	123
239	1	29	50	2210	492	159
240	18	6	10	2220	1108	145
241	1	29	10	2230	2834	154
242	21	17	10	2240	6674	120
243	21	17	40	2250	382	133
244	1	29	20	2260	2256	170
245	18	6	40	2270	2083	165
246	18	6	20	2280	658	121
247	7	31	50	2290	4923	129
248	21	17	50	2300	5123	120
249	18	6	50	2310	1882	147
250	18	6	10	2320	16089	131
251	7	31	40	2330	914	161
252	4	23	20	2340	11833	159
253	18	6	30	2350	8549	170
254	21	17	10	2360	6176	121
255	7	31	20	2370	4343	159
256	21	17	10	2380	994	138
257	21	17	40	2400	3986	125
258	18	6	50	2408	3430	122
259	21	17	50	2416	3170	163
260	7	31	20	2424	2299	154
261	1	29	20	2432	9780	139
262	1	29	30	2440	5107	161
263	21	17	20	2448	1150	137
264	18	6	20	2456	1024	130
265	21	17	10	2464	2223	152
266	1	29	10	2472	511	166
267	7	31	10	2480	6097	143
268	21	17	10	2488	4051	156
269	18	6	10	2496	1550	156
270	18	6	30	2504	5053	140
271	7	31	20	2512	832	145
272	1	29	10	2520	2932	120
273	7	31	50	2528	1539	167
274	1	29	30	2536	712	130
275	4	23	20	2544	8855	146
276	1	29	50	2552	3736	162
277	4	23	40	2560	403	156
278	7	31	10	2568	4885	125
279	21	17	10	2576	13673	138
280	1	29	20	2584	1528	139
281	7	31	40	2592	695	145
282	4	23	10	2600	301	159
283	1	29	50	2608	20793	134
284	18	6	20	2616	7061	138
285	1	29	50	2624	1518	160
286	18	6	30	2632	1679	157
287	21	17	30	2640	4704	153
288	1	29	30	2648	3649	163
289	1	29	40	2656	4834	127
290	1	29	30	2664	1119	131
291	18	6	10	2672	2079	167
292	18	6	10	2680	791	167
293	7	31	50	2688	40	131
294	18	6	30	2696	4539	124
295	18	6	50	2704	1594	126
296	21	17	30	2712	6178	164
297	1	29	50	2720	3297	154
298	7	31	30	2728	8017	122
299	18	6	20	2736	18	138
300	18	6	30	2744	1347	169
301	4	23	10	2752	1845	148
302	21	17	40	2760	295	144
303	4	23	50	2800	2049	134
304	21	17	20	2809	4293	126
305	4	23	40	2818	6321	156
306	7	31	30	2827	4616	160
307	21	17	20	2836	3961	162
308	18	6	50	2845	5075	159
309	18	6	40	2854	9044	146
310	4	23	20	2863	227	168
311	18	6	20	2872	529	153
312	18	6	40	2881	10398	170
313	18	6	40	2890	3752	155
314	7	31	30	2899	1043	143
315	1	29	40	2908	1300	128
316	4	23	10	2917	7349	150
317	1	29	40	2926	5188	146
318	4	23	10	2935	2186	170
319	1	29	20	2944	9637	141
320	7	31	30	2953	349	166
321	18	6	30	2962	2238	132
322	4	23	40	2971	812	151
323	7	31	30	2980	10960	148
324	18	6	30	2989	321	145
325	21	17	30	2998	1495	144
326	4	23	20	3007	34	149
327	4	23	20	3016	2849	159
328	18	6	20	3025	4097	163
329	7	31	30	3034	7194	124
330	7	31	50	3043	439	153
331	1	29	10	3052	186	128
332	7	31	20	3061	1049	153
333	4	23	50	3070	4822	158
334	7	31	30	3079	4574	139
335	7	31	20	3088	11838	162
336	21	17	50	3097	370	121
337	21	17	10	3106	4454	144
338	1	29	40	3115	1639	128
339	21	17	30	3124	141	152
340	4	23	20	3133	3989	120
341	18	6	20	3142	5011	165
342	4	23	30	3151	14399	165
343	21	17	40	3160	4851	137
344	7	31	20	3200	4154	129
345	7	31	20	3211	511	149
346	1	29	30	3222	2613	167
347	1	29	20	3233	3383	131
348	21	17	20	3244	6064	158
349	18	6	50	3255	2049	166
350	21	17	40	3266	2677	146
351	7	31	50	3277	247	138
352	4	23	40	3288	604	154
353	7	31	10	3299	12416	152
354	4	23	50	3310	10156	142
355	21	17	50	3321	7790	157
356	1	29	30	3332	821	168
357	18	6	10	3343	583	166
358	18	6	20	3354	1564	160
359	21	17	40	3365	1700	153
360	1	29	30	3376	6159	127
361	18	6	20	3387	770	120
362	4	23	50	3398	17558	170
363	7	31	30	3409	8629	154
364	7	31	50	3420	6274	163
365	18	6	10	3431	39	160
366	4	23	50	3442	8951	170
367	7	31	50	3453	1020	132
368	7	31	10	3464	10486	136
369	21	17	20	3475	1322	151
370	18	6	40	3486	839	127
371	4	23	50	3497	741	125
372	21	17	50	3508	1979	137
373	7	31	30	3519	1953	137
374	7	31	10	3530	1308	141
375	18	6	10	3541	1843	120
376	7	31	50	3552	2434	137
377	7	31	50	3563	2624	133
378	21	17	20	3574	1366	139
379	4	23	20	3585	12605	166
380	21	17	10	3600	7139	147
381	4	23	50	3610	2302	137
382	4	23	10	3620	5223	121
383	1	29	30	3630	1098	167
384	21	17	40	3640	1701	148
385	21	17	50	3650	180	134
386	4	23	30	3660	9427	144
387	1	29	20	3670	1289	121
388	21	17	50	3680	6046	135
389	7	31	30	3690	6947	152
390	4	23	40	3700	5749	165
391	4	23	50	3710	12204	125
392	7	31	40	3720	1710	154
393	1	29	50	3730	18428	146
394	7	31	10	3740	1146	145
395	18	6	10	3750	2434	170
396	21	17	20	3760	5189	165
397	7	31	10	3770	369	131
398	18	6	50	3780	9677	144
399	18	6	10	3790	4045	140
400	18	6	30	3800	1028	149
401	4	23	40	3810	1174	155
402	18	6	10	3820	4126	166
403	1	29	50	3830	2764	126
404	21	17	20	3840	951	159
405	18	6	50	3850	1535	140
406	21	17	50	3860	4429	120
407	21	17	20	3870	5608	137
408	21	17	10	3880	4509	131
409	18	6	40	3890	3210	142
410	1	29	10	3900	2053	140
411	4	23	30	3910	4877	154
412	18	6	50	3920	7491	147
413	7	31	10	3930	1825	165
414	1	29	40	3940	2886	126
415	7	31	30	3950	1710	160
416	7	31	10	3960	2363	170
417	18	6	30	3970	5505	123
418	21	17	40	3980	3087	125
419	7	31	50	3990	5505	149
420	21	17	40	4000	441	136
421	18	6	30	4008	3845	169
422	7	31	50	4016	2360	167
423	1	29	30	4024	436	155
424	18	6	30	4032	2927	157
425	7	31	50	4040	1079	121
426	21	17	20	4048	6884	141
427	7	31	10	4056	2045	162
428	21	17	30	4064	590	162
429	4	23	50	4072	6927	141
430	4	23	40	4080	4114	125
431	1	29	40	4088	1832	126
432	4	23	50	4096	3376	159
433	4	23	20	4104	4234	169
434	18	6	50	4112	5244	136
435	4	23	20	4120	3447	163
436	1	29	50	4128	6321	142
437	4	23	20	4136	1046	165
438	18	6	10	4144	115	128
439	7	31	50	4152	112	128
440	1	29	10	4160	1877	134
441	4	23	10	4168	656	126
442	1	29	20	4176	3660	160
443	7	31	20	4184	1033	164
444	4	23	30	4192	2195	131
445	1	29	20	4200	238	130
446	18	6	50	4208	449	149
447	1	29	40	4216	15966	160
448	1	29	10	4224	2584	140
449	1	29	30	4232	9262	156
450	4	23	10	4240	39	170
451	4	23	50	4248	15496	162
452	21	17	30	4256	3198	125
453	4	23	10	4264	714	166
454	4	23	20	4272	3035	123
455	21	17	50	4280	3756	151
456	7	31	50	4288	6618	158
457	18	6	30	4296	3107	130
458	7	31	20	4304	15625	140
459	18	6	30	4312	14778	157
460	18	6	30	4320	2754	169
461	1	29	50	4328	1254	129
462	1	29	40	4336	3836	145
463	4	23	10	4344	7672	160
464	7	31	50	4352	9600	136
465	1	29	20	4360	138	133
466	1	29	30	4400	577	165
467	21	17	40	4410	858	148
468	18	6	10	4420	4041	148
469	7	31	30	4430	11023	134
470	4	23	40	4440	3227	137
471	18	6	50	4450	973	125
472	1	29	30	4460	5079	166
473	18	6	40	4470	2854	168
474	7	31	40	4480	1866	134
475	18	6	30	4490	12238	129
476	18	6	20	4500	73	128
477	21	17	30	4510	983	123
478	4	23	10	4520	4570	143
479	18	6	20	4530	2473	146
480	4	23	50	4540	557	143
481	21	17	30	4550	7320	151
482	7	31	50	4560	10329	142
483	7	31	10	4570	1076	126
484	21	17	50	4580	6710	142
485	1	29	50	4590	4354	134
486	1	29	20	4600	6795	121
487	21	17	50	4610	2087	164
488	1	29	50	4620	516	165
489	4	23	10	4630	518	155
490	7	31	30	4640	5858	124
491	21	17	20	4650	1171	132
492	21	17	50	4660	1152	144
493	21	17	40	4670	218	141
494	18	6	20	4680	3019	129
495	21	17	20	4690	444	125
496	4	23	30	4700	3059	152
497	4	23	10	4710	5487	120
498	1	29	30	4720	1532	147
499	18	6	20	4730	1967	169
500	1	29	40	4740	10274	136
501	4	23	20	4750	9773	121
502	7	31	30	4760	1696	132
503	18	6	40	4770	3101	125
504	4	23	40	4800	1707	138
505	1	29	10	4810	6317	164
506	18	6	30	4820	1205	166
507	7	31	40	4830	164	127
508	7	31	20	4840	6254	151
509	1	29	40	4850	3458	165
510	4	23	30	4860	3574	143
511	7	31	20	4870	3573	155
512	21	17	30	4880	7840	158
513	18	6	10	4890	2924	165
514	21	17	30	4900	7456	134
515	4	23	50	4910	4293	138
516	4	23	50	4920	1691	157
517	18	6	40	4930	1918	139
518	7	31	20	4940	163	137
519	7	31	50	4950	1129	122
520	21	17	50	4960	977	132
521	1	29	40	4970	5207	121
522	7	31	40	4980	298	153
523	21	17	10	4990	2890	163
524	21	17	50	5000	733	129
525	7	31	30	5010	1425	125
526	4	23	50	5020	13492	152
527	18	6	40	5030	4384	144
528	1	29	20	5040	15698	159
529	21	17	30	5050	1245	129
530	21	17	10	5060	2168	148
531	7	31	20	5070	1268	128
532	21	17	10	5080	9198	146
533	1	29	40	5090	1384	145
534	1	29	30	5100	3087	130
535	1	29	40	5110	978	141
536	18	6	10	5120	2724	139
537	18	6	20	5130	1944	136
538	1	29	20	5140	8769	158
539	21	17	40	5150	77	148
540	7	31	30	5160	2064	138
541	4	23	30	5170	5999	164
542	18	6	30	5180	3827	132
543	21	17	20	5190	3127	120
544	21	17	30	5200	3025	132
545	1	29	10	5210	784	139
546	1	29	40	5220	2008	144
547	4	23	50	5230	5260	149
548	21	17	10	5240	934	127
549	7	31	20	5250	8216	162
550	4	23	30	5260	5715	138
551	1	29	50	5270	667	132
552	21	17	50	5280	4902	153
553	4	23	30	5290	300	145
554	4	23	20	5300	753	156
555	1	29	10	5310	869	134
556	7	31	40	5320	7358	139
557	21	17	20	5330	7113	140
558	4	23	40	5340	1859	167
559	21	17	20	5350	195	133
560	4	23	20	5360	7045	132
561	1	29	40	5370	3608	142
562	4	23	20	5380	247	138
563	21	17	50	5390	2960	141
564	18	6	40	5400	698	137
565	21	17	20	5410	1537	135
566	21	17	20	5420	4698	128
567	7	31	40	5430	3344	133
568	18	6	30	5440	15820	155
569	21	17	50	5450	3954	163
570	18	6	50	5460	717	169
571	1	29	30	5470	12869	140
572	18	6	20	5480	2713	151
573	7	31	30	5490	83	160
574	21	17	30	5500	7401	154
575	4	23	30	5510	2319	138
576	21	17	10	5520	475	160
577	7	31	30	5530	3016	152
578	21	17	40	5540	16511	150
579	21	17	40	5550	18235	160
580	7	31	40	5560	9416	151
581	1	29	50	5570	1067	122
582	18	6	30	5600	2446	136
583	18	6	10	5609	459	168
584	18	6	50	5618	2830	162
585	21	17	20	5627	1230	135
586	7	31	20	5636	3332	145
587	18	6	40	5645	7026	121
588	7	31	20	5654	515	159
589	1	29	20	5663	1676	166
590	18	6	10	5672	1885	121
591	18	6	40	5681	4349	169
592	21	17	30	5690	52	140
593	18	6	50	5699	7346	144
594	18	6	30	5708	848	136
595	7	31	40	5717	6619	167
596	21	17	20	5726	5046	145
597	18	6	30	5735	390	161
598	7	31	40	5744	1926	153
599	1	29	10	5753	950	167
600	1	29	50	5762	2670	130
601	18	6	10	5771	7045	130
602	1	29	20	5780	5556	165
603	1	29	20	5789	3473	135
604	4	23	30	5798	4919	163
605	4	23	50	5807	6447	168
606	21	17	30	5816	4327	151
607	18	6	20	5825	4631	164
608	4	23	50	5834	1043	161
609	21	17	50	5843	5260	137
610	1	29	10	5852	348	145
611	21	17	10	5861	1493	157
612	21	17	40	5870	7514	160
613	4	23	50	5879	1927	126
614	1	29	40	5888	615	152
615	4	23	20	5897	3605	129
616	7	31	10	5906	588	125
617	18	6	20	5915	12110	141
618	7	31	10	5924	63	150
619	18	6	30	5933	9027	122
620	1	29	50	5942	5606	160
621	4	23	40	5951	7970	127
622	1	29	20	5960	2360	144
623	1	29	20	5969	4068	159
624	4	23	50	5978	1161	161
625	21	17	20	5987	2782	120
626	1	29	50	6000	11740	120
627	21	17	30	6011	4221	127
628	4	23	10	6022	7076	143
629	18	6	40	6033	138	158
630	4	23	20	6044	5138	164
631	4	23	40	6055	77	169
632	1	29	50	6066	637	169
633	7	31	40	6077	5920	154
634	7	31	50	6088	2792	150
635	18	6	40	6099	319	140
636	21	17	40	6110	2642	128
637	1	29	20	6121	8388	121
638	21	17	30	6132	2048	125
639	21	17	50	6143	4907	164
640	1	29	40	6154	3703	154
641	4	23	10	6165	8463	152
642	21	17	40	6176	3643	131
643	7	31	30	6187	1972	142
644	21	17	20	6198	1199	141
645	4	23	50	6209	265	135
646	18	6	50	6220	6764	129
647	4	23	40	6231	3984	134
648	1	29	20	6242	4789	162
649	21	17	10	6253	3636	126
650	21	17	30	6264	4460	162
651	7	31	50	6275	5796	124
652	7	31	30	6286	321	131
653	18	6	10	6297	2669	151
654	21	17	10	6308	2447	127
655	7	31	20	6319	3906	123
656	18	6	40	6330	1928	157
657	21	17	10	6341	476	125
658	4	23	20	6352	1591	144
659	7	31	10	6363	924	162
660	4	23	10	6374	7685	168
661	21	17	10	6400	36	144
662	21	17	20	6408	7759	140
663	18	6	10	6416	870	122
664	4	23	40	6424	33	144
665	7	31	20	6432	265	147
666	21	17	20	6440	717	159
667	18	6	10	6448	310	126
668	7	31	10	6456	8476	147
669	7	31	10	6464	272	132
670	4	23	40	6472	468	121
671	4	23	50	6480	1201	123
672	4	23	40	6488	3200	135
673	7	31	10	6496	1478	157
674	18	6	40	6504	1378	138
675	7	31	50	6512	8296	128
676	7	31	50	6520	1236	166
677	18	6	50	6528	231	122
678	18	6	50	6536	1907	138
679	1	29	10	6544	831	146
680	4	23	20	6552	4627	162
681	4	23	20	6560	1520	157
682	21	17	10	6568	12311	135
683	4	23	50	6576	1058	137
684	18	6	20	6584	1796	167
685	7	31	20	6592	12682	159
686	21	17	10	6600	11386	158
687	7	31	40	6608	4319	137
688	7	31	30	6616	1512	147
689	1	29	40	6624	8450	146
690	1	29	50	6632	4741	154
691	21	17	30	6640	1855	122
692	7	31	50	6648	3184	147
693	1	29	20	6656	864	133
694	4	23	50	6664	7674	167
695	1	29	40	6672	3612	129
696	7	31	50	6680	93	132
697	4	23	30	6688	2058	128
698	18	6	40	6696	1918	168
699	18	6	50	6704	867	165
700	7	31	30	6712	9210	147
701	1	29	50	6720	5402	122
702	7	31	30	6728	5559	157
703	18	6	10	6736	4000	150
704	18	6	30	6744	2666	125
705	18	6	40	6752	2128	158
706	18	6	10	6760	965	159
707	21	17	30	6800	5846	144
708	21	17	30	6809	869	133
709	18	6	10	6818	3501	169
710	21	17	20	6827	1769	127
711	21	17	40	6836	1579	154
712	7	31	20	6845	5282	157
713	4	23	20	6854	605	169
714	1	29	50	6863	2943	120
715	21	17	40	6872	3083	130
716	21	17	50	6881	227	129
717	18	6	20	6890	3910	123
718	1	29	50	6899	7178	126
719	7	31	20	6908	206	155
720	7	31	20	6917	521	159
721	1	29	40	6926	2803	141
722	4	23	30	6935	5708	150
723	4	23	30	6944	3	120
724	7	31	10	6953	1857	148
725	7	31	10	6962	5380	169
726	21	17	50	6971	4960	147
727	18	6	20	6980	1762	122
728	18	6	10	6989	2433	160
729	1	29	10	6998	4772	129
730	1	29	10	7007	7619	166
731	18	6	30	7016	7970	158
732	1	29	10	7025	4499	124
733	1	29	50	7034	815	144
734	4	23	30	7043	1357	170
735	18	6	20	7052	11574	159
736	21	17	40	7061	3332	170
737	7	31	10	7070	1553	155
738	18	6	20	7079	5480	131
739	21	17	30	7088	11916	129
740	4	23	20	7097	5443	120
741	21	17	40	7106	763	133
742	7	31	10	7115	2501	124
743	4	23	30	7124	5259	148
744	18	6	20	7133	2949	138
745	1	29	20	7142	1836	120
746	18	6	10	7151	4065	135
747	1	29	30	7160	2099	149
748	1	29	30	7169	4476	132
749	4	23	20	7178	1517	156
750	1	29	40	7187	3102	120
751	18	6	30	7200	2039	128
752	18	6	30	7211	3360	122
753	4	23	20	7222	1606	132
754	4	23	40	7233	301	125
755	4	23	50	7244	2017	125
756	4	23	30	7255	15826	143
757	18	6	10	7266	5546	157
758	7	31	10	7277	1208	122
759	4	23	20	7288	5497	126
760	4	23	40	7299	4842	130
761	21	17	40	7310	7809	157
762	4	23	20	7321	1497	154
763	21	17	30	7332	2761	124
764	18	6	10	7343	5269	122
765	7	31	40	7354	2723	140
766	21	17	40	7365	4208	149
767	7	31	20	7376	3182	133
768	1	29	50	7387	7664	170
769	7	31	30	7398	3434	132
770	21	17	50	7409	14327	131
771	18	6	50	7420	5287	144
772	21	17	50	7431	8411	162
773	1	29	30	7442	8639	168
774	1	29	10	7453	1465	155
775	7	31	40	7464	11862	146
776	4	23	30	7475	158	136
777	1	29	50	7486	115	121
778	18	6	10	7497	2609	153
779	4	23	50	7508	13	148
780	4	23	50	7519	427	153
781	21	17	30	7530	1440	169
782	1	29	50	7541	4594	160
783	7	31	50	7552	603	124
784	1	29	20	7563	684	128
785	7	31	40	7574	2404	158
786	21	17	50	7600	1399	155
787	4	23	40	7610	1690	163
788	4	23	20	7620	474	138
789	21	17	30	7630	8889	164
790	7	31	40	7640	13268	135
791	7	31	40	7650	6753	133
792	21	17	50	7660	252	153
793	21	17	10	7670	27384	125
794	4	23	40	7680	1135	169
795	7	31	30	7690	8668	134
796	4	23	20	7700	7906	149
797	21	17	40	7710	13563	120
798	1	29	30	7720	29264	145
799	7	31	40	7730	112	168
800	18	6	30	7740	5054	142
801	4	23	50	7750	374	121
802	1	29	40	7760	3243	150
803	18	6	50	7770	408	120
804	7	31	20	7780	1683	144
805	21	17	50	7790	6562	146
806	4	23	30	7800	2948	137
807	1	29	10	7810	4604	125
808	18	6	20	7820	96	148
809	21	17	10	7830	530	150
810	1	29	30	7840	1767	160
811	4	23	30	7850	12173	141
812	21	17	50	7860	1263	123
813	1	29	10	7870	1190	145
814	1	29	20	7880	4148	143
815	4	23	20	7890	2040	132
816	7	31	40	7900	770	167
817	7	31	30	7910	756	150
818	21	17	10	7920	1670	166
819	7	31	20	7930	1315	135
820	7	31	50	7940	885	156
821	18	6	50	7950	1462	157
822	18	6	10	7960	2297	166
823	1	29	30	7970	12994	125
824	21	17	50	8000	3792	167
825	18	6	20	8009	683	169
826	4	23	50	8018	4462	161
827	1	29	50	8027	8446	156
828	7	31	40	8036	4058	169
829	4	23	30	8045	2187	141
830	18	6	20	8054	364	168
831	4	23	40	8063	301	136
832	1	29	30	8072	118	147
833	7	31	30	8081	2401	155
834	1	29	20	8090	1347	126
835	21	17	10	8099	48	151
836	21	17	40	8108	5494	138
837	21	17	10	8117	3525	160
838	1	29	40	8126	6369	150
839	18	6	30	8135	1729	152
840	1	29	10	8144	10655	141
841	7	31	50	8153	3782	149
842	18	6	30	8162	1546	134
843	7	31	10	8171	17562	159
844	21	17	50	8180	3058	124
845	18	6	20	8189	45	165
846	7	31	40	8198	3143	129
847	21	17	40	8207	6513	128
848	7	31	40	8216	1743	153
849	21	17	30	8225	7523	156
850	21	17	40	8234	4956	137
851	7	31	40	8243	4674	169
852	1	29	40	8252	3921	124
853	18	6	10	8261	5077	129
854	21	17	50	8270	7067	132
855	1	29	40	8279	2118	155
856	18	6	40	8288	4227	126
857	21	17	10	8297	3608	144
858	4	23	10	8306	2651	123
859	18	6	10	8315	825	146
860	18	6	50	8324	574	156
861	4	23	30	8333	4114	151
862	4	23	30	8342	189	126
863	21	17	40	8351	3692	126
864	4	23	40	8360	151	153
865	4	23	40	8369	1339	143
866	4	23	10	8378	10261	165
867	18	6	30	8387	6847	138
868	1	29	50	8400	14222	139
869	18	6	20	8410	4015	162
870	7	31	30	8420	4231	164
871	21	17	40	8430	3560	126
872	4	23	50	8440	1884	170
873	7	31	30	8450	18585	133
874	7	31	20	8460	1723	165
875	1	29	50	8470	3537	126
876	1	29	30	8480	16952	142
877	4	23	50	8490	2386	127
878	18	6	30	8500	2225	121
879	7	31	30	8510	3676	122
880	7	31	30	8520	3794	159
881	7	31	10	8530	8116	152
882	18	6	20	8540	2982	123
883	21	17	10	8550	6240	133
884	7	31	40	8560	4964	123
885	7	31	30	8570	2028	169
886	4	23	10	8580	2375	131
887	7	31	30	8590	1485	138
888	7	31	40	8600	3894	143
889	1	29	40	8610	8312	141
890	4	23	30	8620	1782	145
891	21	17	40	8630	661	165
892	4	23	50	8640	426	156
893	21	17	30	8650	3766	124
894	21	17	40	8660	979	167
895	7	31	30	8670	1357	160
896	18	6	20	8680	3332	143
897	4	23	40	8690	5063	127
898	1	29	20	8700	12020	126
899	18	6	10	8710	1150	151
900	21	17	20	8720	369	120
901	4	23	10	8730	5160	161
902	7	31	50	8740	7142	160
903	4	23	30	8750	5089	161
904	1	29	50	8760	866	162
905	21	17	10	8800	515	130
906	1	29	50	8807	1504	170
907	4	23	10	8814	4025	162
908	7	31	40	8821	1841	134
909	21	17	50	8828	1108	125
910	1	29	20	8835	2217	133
911	21	17	40	8842	908	170
912	4	23	40	8849	733	143
913	7	31	30	8856	8598	120
914	7	31	30	8863	3411	157
915	7	31	40	8870	1233	123
916	1	29	20	8877	497	147
917	4	23	20	8884	1184	164
918	1	29	50	8891	8893	122
919	21	17	20	8898	4079	155
920	1	29	40	8905	7251	131
921	7	31	30	8912	3796	147
922	4	23	50	8919	878	166
923	1	29	20	8926	406	168
924	7	31	40	8933	1280	137
925	21	17	50	8940	2774	170
926	4	23	50	8947	2679	140
927	7	31	20	8954	5804	166
928	7	31	50	8961	5935	137
929	21	17	40	8968	256	124
930	7	31	40	8975	88	154
931	4	23	40	8982	1245	134
932	4	23	40	8989	2763	121
933	1	29	20	8996	777	140
934	7	31	20	9003	2876	122
935	18	6	20	9010	8756	168
936	21	17	20	9017	147	163
937	21	17	50	9024	6554	133
938	7	31	10	9031	3617	141
939	7	31	40	9038	3566	163
940	4	23	40	9045	352	169
941	21	17	50	9052	6712	140
942	21	17	40	9059	11338	123
943	21	17	50	9066	1913	137
944	21	17	30	9073	2386	128
945	7	31	40	9080	680	145
946	18	6	50	9087	16767	141
947	7	31	30	9094	981	156
948	18	6	50	9101	147	137
949	1	29	50	9108	12131	163
950	4	23	20	9115	749	132
951	7	31	10	9122	1477	149
952	18	6	50	9129	7000	125
953	18	6	10	9136	1490	141
954	1	29	30	9143	2131	139
955	18	6	40	9150	2580	144
956	21	17	20	9157	2999	166
957	7	31	40	9164	5322	162
958	7	31	40	9171	2361	144
959	18	6	10	9178	4742	163
960	4	23	10	9200	4006	161
961	4	23	40	9207	3174	124
962	7	31	20	9214	7899	144
963	7	31	50	9221	1465	130
964	1	29	10	9228	995	142
965	4	23	30	9235	687	169
966	18	6	10	9242	4874	169
967	4	23	30	9249	18803	123
968	1	29	10	9256	1852	169
969	4	23	20	9263	4631	159
970	21	17	30	9270	1040	131
971	18	6	30	9277	1490	134
972	21	17	10	9284	4329	143
973	4	23	10	9291	1436	130
974	4	23	30	9298	3238	156
975	18	6	50	9305	95	162
976	7	31	40	9312	4454	143
977	7	31	10	9319	6792	148
978	1	29	40	9326	4168	160
979	1	29	10	9333	500	162
980	4	23	50	9340	2897	148
981	21	17	20	9347	1261	155
982	4	23	20	9354	5229	148
983	7	31	10	9361	6890	144
984	4	23	30	9368	8875	162
985	1	29	30	9375	4991	125
986	18	6	50	9382	2328	129
987	1	29	30	9389	831	150
988	21	17	50	9396	5768	120
989	4	23	40	9403	152	149
990	18	6	10	9410	1787	122
991	1	29	40	9417	1429	120
992	1	29	10	9424	1784	160
993	4	23	10	9431	9238	148
994	18	6	30	9438	12610	122
995	21	17	50	9445	3076	164
996	18	6	40	9452	12152	166
997	18	6	50	9459	4025	163
998	21	17	40	9466	696	166
999	4	23	50	9473	1377	129
1000	18	6	40	9480	2405	147
1001	7	31	30	9487	20442	138
1002	4	23	20	9494	7509	157
1003	7	31	40	9501	1725	148
1004	1	29	30	9508	5130	152
1005	1	29	40	9515	7857	169
1006	21	17	50	9522	4172	125
1007	21	17	40	9529	2973	166
1008	21	17	30	9536	5644	156
1009	7	31	30	9543	1974	148
1010	4	23	50	9550	6514	120
1011	18	6	10	9557	4960	137
1012	7	31	50	9564	370	122
1013	7	31	40	9571	1591	152
1014	7	31	10	9578	789	134
1015	7	31	50	9585	1798	125
1016	1	29	20	9592	6821	147
1017	21	17	10	9600	162	120
1018	18	6	20	9609	2147	138
1019	1	29	40	9618	2832	137
1020	18	6	30	9627	5043	159
1021	18	6	40	9636	2908	139
1022	4	23	30	9645	1031	123
1023	7	31	30	9654	1621	139
1024	1	29	20	9663	1574	157
1025	7	31	40	9672	10557	131
1026	18	6	20	9681	12087	145
1027	18	6	10	9690	5716	165
1028	1	29	30	9699	1689	127
1029	4	23	40	9708	74	162
1030	1	29	20	9717	296	166
1031	4	23	50	9726	151	150
1032	7	31	30	9735	4281	153
1033	7	31	50	9744	1760	150
1034	21	17	30	9753	4381	135
1035	7	31	30	9762	2947	130
1036	18	6	50	9771	2203	169
1037	7	31	40	9780	1906	170
1038	7	31	30	9789	415	162
1039	18	6	50	9798	128	164
1040	18	6	40	9807	269	170
1041	4	23	20	9816	9949	134
1042	18	6	50	9825	2259	164
1043	18	6	20	9834	1873	142
1044	21	17	40	9843	1064	149
1045	1	29	50	9852	4195	155
1046	4	23	40	9861	953	168
1047	4	23	30	9870	128	127
1048	21	17	50	9879	5115	134
1049	7	31	40	9888	3616	168
1050	21	17	40	9897	5066	137
1051	18	6	30	9906	9733	165
1052	21	17	30	9915	988	145
1053	7	31	50	9924	4226	149
1054	18	6	30	9933	3419	141
1055	1	29	50	9942	10953	128
1056	18	6	50	9951	5820	134
1057	21	17	50	9960	2884	137
1058	7	31	30	9969	101	162
1059	18	6	40	9978	6321	141
1060	21	17	30	9987	9564	144
1061	4	23	50	10000	8728	130
1062	7	31	10	10011	793	158
1063	4	23	50	10022	5351	164
1064	7	31	20	10033	1532	152
1065	1	29	10	10044	5821	140
1066	4	23	40	10055	220	155
1067	21	17	10	10066	5272	143
1068	7	31	20	10077	4346	137
1069	21	17	30	10088	4287	123
1070	18	6	50	10099	11162	127
1071	18	6	40	10110	2313	147
1072	1	29	40	10121	11327	128
1073	1	29	30	10132	1937	144
1074	21	17	10	10143	2335	137
1075	21	17	20	10154	6432	145
1076	21	17	40	10165	355	145
1077	18	6	20	10176	7679	151
1078	7	31	40	10187	419	161
1079	1	29	20	10198	4505	121
1080	18	6	10	10209	5041	133
1081	7	31	50	10220	10087	137
1082	18	6	10	10231	158	151
1083	4	23	40	10242	5535	129
1084	4	23	10	10253	1428	144
1085	7	31	50	10264	693	120
1086	7	31	30	10275	6817	125
1087	1	29	30	10286	19	123
1088	18	6	20	10297	6080	129
1089	7	31	30	10308	5241	126
1090	4	23	40	10319	5622	167
1091	18	6	10	10330	9620	151
1092	1	29	10	10341	1748	128
1093	4	23	50	10352	1453	141
1094	18	6	30	10363	525	140
1095	7	31	40	10374	784	160
1096	7	31	10	10385	5341	146
1097	21	17	50	10400	4736	120
1098	4	23	10	10409	229	161
1099	21	17	40	10418	2516	129
1100	4	23	20	10427	3627	170
1101	4	23	40	10436	2614	145
1102	7	31	20	10445	1841	161
1103	1	29	20	10454	264	130
1104	18	6	40	10463	4274	161
1105	7	31	50	10472	1308	161
1106	1	29	40	10481	14185	157
1107	21	17	50	10490	7208	121
1108	21	17	50	10499	943	132
1109	4	23	10	10508	5965	167
1110	1	29	10	10517	7594	153
1111	21	17	40	10526	9778	154
1112	18	6	10	10535	2138	147
1113	4	23	10	10544	1717	160
1114	1	29	40	10553	323	127
1115	18	6	30	10562	17959	126
1116	1	29	40	10571	7545	149
1117	1	29	20	10580	2252	149
1118	21	17	50	10589	2300	139
1119	21	17	30	10598	692	151
1120	4	23	30	10607	11869	135
1121	4	23	10	10616	199	152
1122	4	23	40	10625	12067	133
1123	1	29	50	10634	10774	130
1124	18	6	50	10643	9324	127
1125	21	17	50	10652	117	146
1126	18	6	30	10661	355	139
1127	7	31	40	10670	4047	158
1128	7	31	10	10679	1209	124
1129	18	6	20	10688	1227	147
1130	1	29	20	10697	259	169
1131	1	29	50	10706	1984	145
1132	21	17	10	10715	6390	161
1133	7	31	10	10724	4005	152
1134	4	23	10	10733	331	121
1135	7	31	20	10742	1080	159
1136	1	29	30	10751	3200	147
1137	18	6	40	10760	14719	140
1138	18	6	50	10769	390	139
1139	21	17	10	10778	85	154
1140	7	31	10	10800	833	134
1141	7	31	30	10807	16311	123
1142	1	29	30	10814	6331	162
1143	21	17	20	10821	25	133
1144	7	31	20	10828	8483	143
1145	7	31	50	10835	7369	132
1146	1	29	50	10842	2737	123
1147	4	23	10	10849	19	138
1148	18	6	20	10856	1029	134
1149	1	29	50	10863	576	134
1150	4	23	10	10870	1599	130
1151	4	23	40	10877	1463	168
1152	21	17	10	10884	1186	151
1153	4	23	40	10891	9081	129
1154	4	23	10	10898	2922	165
1155	1	29	10	10905	3171	138
1156	21	17	10	10912	3009	131
1157	7	31	30	10919	2294	150
1158	7	31	20	10926	703	123
1159	4	23	50	10933	3951	134
1160	18	6	20	10940	862	142
1161	18	6	10	10947	1629	170
1162	1	29	50	10954	3414	168
1163	7	31	40	10961	11664	155
1164	18	6	50	10968	4981	168
1165	1	29	20	10975	2458	128
1166	1	29	30	10982	491	164
1167	4	23	50	10989	6084	166
1168	1	29	50	10996	1256	158
1169	4	23	20	11003	7355	139
1170	1	29	50	11010	2305	149
1171	21	17	50	11017	8273	128
1172	21	17	20	11024	1647	130
1173	1	29	40	11031	2152	156
1174	18	6	20	11038	14164	137
1175	7	31	10	11045	13467	131
1176	4	23	40	11052	1172	161
1177	7	31	30	11059	11578	120
1178	18	6	30	11066	214	157
1179	7	31	10	11073	252	165
1180	21	17	50	11080	3048	142
1181	7	31	30	11087	333	120
1182	4	23	30	11094	2107	144
1183	7	31	20	11101	541	161
1184	7	31	10	11108	10911	137
1185	4	23	30	11115	5649	120
1186	18	6	50	11122	577	164
1187	18	6	20	11129	9246	151
1188	1	29	10	11136	485	157
1189	18	6	10	11143	3038	154
1190	7	31	10	11150	4923	147
1191	18	6	10	11200	484	168
1192	7	31	30	11209	6718	137
1193	7	31	10	11218	2504	124
1194	4	23	50	11227	7022	132
1195	18	6	50	11236	7677	135
1196	7	31	40	11245	2103	126
1197	18	6	40	11254	7556	126
1198	7	31	20	11263	1393	135
1199	7	31	50	11272	2185	135
1200	7	31	20	11281	5177	139
1201	4	23	50	11290	5007	128
1202	4	23	10	11299	5318	151
1203	21	17	50	11308	1950	165
1204	21	17	50	11317	4766	155
1205	7	31	10	11326	2435	121
1206	7	31	20	11335	13863	158
1207	7	31	20	11344	7341	166
1208	18	6	20	11353	10398	163
1209	21	17	10	11362	3219	153
1210	7	31	30	11371	1388	148
1211	18	6	40	11380	3508	131
1212	18	6	50	11389	1939	163
1213	21	17	20	11398	421	128
1214	4	23	50	11407	396	162
1215	7	31	50	11416	483	142
1216	21	17	30	11425	10367	145
1217	18	6	30	11434	2373	127
1218	21	17	40	11443	45	137
1219	21	17	30	11452	12466	167
1220	21	17	30	11461	1569	135
1221	7	31	10	11470	966	132
1222	4	23	50	11479	4401	128
1223	7	31	50	11488	5348	124
1224	7	31	10	11497	571	163
1225	7	31	50	11506	1565	151
1226	1	29	30	11515	247	162
1227	1	29	20	11524	8232	125
1228	4	23	50	11533	3555	143
1229	21	17	30	11542	500	121
1230	21	17	20	11551	3253	125
1231	1	29	50	11560	2079	154
1232	21	17	10	11569	4204	156
1233	7	31	30	11600	3991	142
1234	1	29	40	11609	1633	146
1235	18	6	50	11618	6842	134
1236	1	29	20	11627	1690	139
1237	7	31	40	11636	95	149
1238	7	31	30	11645	2251	125
1239	1	29	50	11654	2605	135
1240	21	17	10	11663	6198	133
1241	4	23	30	11672	1392	168
1242	21	17	10	11681	14789	159
1243	18	6	10	11690	3296	123
1244	7	31	30	11699	1092	125
1245	18	6	30	11708	529	135
1246	1	29	20	11717	5235	124
1247	7	31	10	11726	5000	128
1248	18	6	10	11735	1854	132
1249	21	17	50	11744	4997	161
1250	4	23	30	11753	10535	160
1251	18	6	10	11762	13013	170
1252	18	6	10	11771	7270	159
1253	21	17	40	11780	1653	138
1254	7	31	30	11789	405	170
1255	21	17	10	11798	2863	126
1256	1	29	10	11807	191	120
1257	21	17	20	11816	24961	146
1258	1	29	40	11825	1166	122
1259	1	29	50	11834	1863	123
1260	4	23	40	11843	2016	130
1261	4	23	10	11852	405	152
1262	18	6	20	11861	1158	142
1263	4	23	50	11870	6601	162
1264	1	29	40	11879	22395	148
1265	4	23	30	11888	8754	165
1266	18	6	30	11897	10847	146
1267	4	23	20	11906	5592	140
1268	21	17	40	11915	5787	153
1269	1	29	50	11924	1286	148
1270	4	23	40	11933	5866	122
1271	1	29	50	11942	9271	167
1272	4	23	10	11951	69	121
1273	21	17	40	11960	3042	122
1274	21	17	20	12000	735	153
1275	18	6	50	12011	124	137
1276	21	17	10	12022	1095	144
1277	18	6	50	12033	447	124
1278	1	29	20	12044	2760	170
1279	4	23	40	12055	36	147
1280	7	31	30	12066	3605	146
1281	18	6	30	12077	1701	153
1282	21	17	10	12088	2783	164
1283	7	31	10	12099	8338	153
1284	18	6	50	12110	840	131
1285	4	23	10	12121	3617	125
1286	21	17	50	12132	3355	165
1287	1	29	20	12143	1495	137
1288	21	17	10	12154	3062	143
1289	18	6	30	12165	6950	139
1290	18	6	50	12176	5921	133
1291	18	6	10	12187	1702	164
1292	4	23	10	12198	5891	147
1293	7	31	30	12209	238	121
1294	7	31	20	12220	345	125
1295	18	6	10	12231	4700	152
1296	18	6	20	12242	173	145
1297	18	6	10	12253	731	168
1298	1	29	20	12264	3330	146
1299	1	29	10	12275	1729	131
1300	21	17	10	12286	844	160
1301	4	23	50	12297	15083	154
1302	21	17	30	12308	11894	146
1303	1	29	10	12319	403	154
1304	4	23	10	12330	11527	158
1305	18	6	40	12341	108	164
1306	21	17	50	12352	11542	168
1307	4	23	30	12363	1455	157
1308	21	17	30	12400	747	155
1309	4	23	30	12411	272	152
1310	21	17	10	12422	1268	153
1311	21	17	20	12433	11314	166
1312	21	17	50	12444	2769	147
1313	7	31	50	12455	1117	145
1314	18	6	30	12466	6027	147
1315	1	29	20	12477	202	147
1316	7	31	50	12488	3616	159
1317	4	23	20	12499	1885	160
1318	1	29	50	12510	3854	150
1319	4	23	30	12521	2050	142
1320	7	31	40	12532	1543	120
1321	18	6	10	12543	3887	129
1322	4	23	20	12554	983	168
1323	7	31	10	12565	11293	134
1324	21	17	10	12576	2793	135
1325	1	29	40	12587	2197	129
1326	4	23	40	12598	560	139
1327	21	17	40	12609	12796	120
1328	1	29	20	12620	2390	167
1329	7	31	20	12631	2590	121
1330	1	29	40	12642	17694	163
1331	4	23	50	12653	300	147
1332	1	29	40	12664	3113	149
1333	21	17	20	12675	638	159
1334	4	23	40	12686	6834	158
1335	1	29	40	12697	3839	162
1336	4	23	10	12708	2027	127
1337	21	17	10	12719	2079	129
1338	18	6	50	12730	10733	165
1339	21	17	20	12741	710	137
1340	7	31	10	12752	4211	128
1341	18	6	30	12763	1219	127
1342	18	6	50	12774	609	152
1343	4	23	30	12800	2533	161
1344	18	6	30	12808	3214	156
1345	4	23	40	12816	7123	137
1346	4	23	10	12824	7509	136
1347	21	17	10	12832	2994	122
1348	18	6	50	12840	1311	144
1349	4	23	10	12848	135	148
1350	7	31	20	12856	404	164
1351	7	31	10	12864	4394	156
1352	18	6	20	12872	3182	137
1353	4	23	40	12880	716	123
1354	18	6	30	12888	125	131
1355	7	31	50	12896	3363	151
1356	21	17	40	12904	5692	157
1357	1	29	20	12912	33	132
1358	18	6	10	12920	3597	139
1359	18	6	30	12928	2946	149
1360	7	31	50	12936	9050	144
1361	21	17	20	12944	16791	167
1362	18	6	10	12952	7724	161
1363	18	6	20	12960	4733	154
1364	18	6	50	12968	323	160
1365	18	6	10	12976	889	126
1366	7	31	30	12984	2043	137
1367	21	17	40	12992	1735	159
1368	1	29	20	13000	2212	158
1369	18	6	50	13008	703	155
1370	7	31	20	13016	4220	140
1371	21	17	50	13024	841	149
1372	18	6	20	13032	2349	165
1373	1	29	40	13040	2432	132
1374	21	17	20	13048	5545	134
1375	4	23	10	13056	236	163
1376	1	29	20	13064	2617	147
1377	1	29	40	13072	5524	127
1378	18	6	40	13080	1965	148
1379	18	6	20	13088	4448	168
1380	4	23	30	13096	3429	163
1381	7	31	40	13104	3702	137
1382	7	31	40	13112	4552	146
1383	7	31	20	13120	2156	138
1384	1	29	10	13128	1915	128
1385	4	23	40	13136	1550	127
1386	18	6	40	13144	2965	129
1387	4	23	50	13152	1891	146
1388	7	31	40	13200	496	147
1389	21	17	40	13208	1151	126
1390	18	6	50	13216	7806	125
1391	18	6	40	13224	1972	165
1392	4	23	50	13232	6690	161
1393	21	17	20	13240	2113	135
1394	18	6	20	13248	1241	164
1395	7	31	50	13256	4387	132
1396	21	17	20	13264	2095	137
1397	1	29	40	13272	2374	168
1398	18	6	40	13280	1986	120
1399	21	17	20	13288	1740	149
1400	7	31	10	13296	2258	120
1401	7	31	30	13304	2732	148
1402	21	17	40	13312	431	134
1403	1	29	10	13320	503	159
1404	21	17	50	13328	1921	128
1405	21	17	20	13336	9479	135
1406	18	6	40	13344	1006	161
1407	1	29	30	13352	390	124
1408	7	31	20	13360	2137	160
1409	7	31	20	13368	14507	138
1410	7	31	40	13376	370	123
1411	21	17	50	13384	41	149
1412	7	31	40	13392	3870	154
1413	21	17	40	13400	10207	142
1414	21	17	50	13408	11639	157
1415	1	29	10	13416	1382	126
1416	18	6	40	13424	1457	140
1417	7	31	50	13432	2307	142
1418	18	6	20	13440	1502	146
1419	7	31	20	13448	5649	153
1420	1	29	30	13456	4507	167
1421	18	6	40	13464	94	162
1422	1	29	50	13472	1073	131
1423	18	6	40	13480	767	151
1424	1	29	50	13488	1446	150
1425	18	6	30	13496	1217	146
1426	18	6	50	13504	1895	159
1427	4	23	10	13512	137	150
1428	21	17	20	13520	836	139
1429	1	29	30	13528	350	122
1430	4	23	50	13536	4195	146
1431	1	29	30	13544	132	149
1432	7	31	10	13552	1768	126
1433	4	23	20	13600	144	169
1434	7	31	20	13608	1096	168
1435	21	17	50	13616	337	135
1436	7	31	10	13624	2784	123
1437	4	23	30	13632	3296	157
1438	7	31	30	13640	144	130
1439	1	29	40	13648	2570	164
1440	1	29	50	13656	416	136
1441	18	6	20	13664	2251	125
1442	21	17	40	13672	13166	156
1443	21	17	30	13680	618	129
1444	1	29	10	13688	706	123
1445	18	6	50	13696	7525	147
1446	7	31	10	13704	5867	130
1447	7	31	20	13712	8835	138
1448	1	29	20	13720	2501	149
1449	1	29	20	13728	14707	157
1450	4	23	20	13736	1789	162
1451	18	6	30	13744	13956	165
1452	7	31	20	13752	577	142
1453	4	23	20	13760	4030	138
1454	21	17	50	13768	4519	153
1455	18	6	30	13776	2098	128
1456	4	23	40	13784	1201	136
1457	4	23	10	13792	10501	154
1458	1	29	20	13800	6744	129
1459	7	31	20	13808	506	153
1460	4	23	30	13816	3012	146
1461	21	17	30	13824	836	131
1462	1	29	10	13832	9386	156
1463	4	23	50	13840	1602	158
1464	18	6	30	13848	1564	162
1465	4	23	10	13856	229	144
1466	18	6	50	13864	4234	142
1467	18	6	20	13872	3513	156
1468	1	29	30	13880	4587	145
1469	21	17	10	13888	8001	141
1470	18	6	10	13896	6255	123
1471	7	31	10	13904	5449	153
1472	21	17	30	13912	2062	132
1473	1	29	30	13920	7307	153
1474	7	31	20	13928	4285	136
1475	21	17	10	13936	1126	162
1476	4	23	10	13944	249	125
1477	18	6	30	13952	386	121
1478	1	29	40	13960	51	148
1479	7	31	10	13968	2433	122
1480	7	31	20	13976	2718	135
1481	4	23	40	13984	2671	140
1482	4	23	40	14000	3365	120
1483	21	17	10	14010	963	153
1484	7	31	20	14020	5137	130
1485	18	6	20	14030	4559	152
1486	18	6	10	14040	9138	127
1487	18	6	40	14050	5125	159
1488	4	23	30	14060	1775	136
1489	18	6	50	14070	7124	159
1490	18	6	20	14080	6887	169
1491	18	6	50	14090	3412	139
1492	4	23	20	14100	5491	148
1493	1	29	10	14110	9929	148
1494	7	31	10	14120	11599	137
1495	18	6	20	14130	9646	125
1496	1	29	10	14140	2987	140
1497	18	6	50	14150	4006	169
1498	7	31	50	14160	6849	137
1499	4	23	50	14170	448	149
1500	1	29	10	14180	865	124
1501	18	6	50	14190	817	145
1502	4	23	40	14200	931	164
1503	1	29	20	14210	3667	128
1504	7	31	20	14220	813	153
1505	7	31	10	14230	3836	128
1506	18	6	10	14240	3343	153
1507	7	31	40	14250	1400	160
1508	21	17	50	14260	15172	122
1509	1	29	40	14270	2259	161
1510	21	17	20	14280	1709	122
1511	18	6	20	14290	733	134
1512	4	23	30	14300	9852	125
1513	18	6	20	14310	1778	127
1514	1	29	10	14320	3931	137
1515	1	29	50	14330	171	126
1516	18	6	50	14340	3867	130
1517	18	6	10	14350	4687	122
1518	7	31	30	14360	3735	147
1519	21	17	10	14400	4126	130
1520	18	6	50	14409	685	137
1521	1	29	10	14418	10675	154
1522	21	17	50	14427	1025	140
1523	21	17	40	14436	7610	156
1524	4	23	40	14445	177	142
1525	1	29	10	14454	977	154
1526	18	6	40	14463	23658	125
1527	7	31	20	14472	2665	154
1528	4	23	30	14481	8981	136
1529	18	6	50	14490	5499	130
1530	7	31	10	14499	5081	142
1531	1	29	20	14508	2232	126
1532	4	23	30	14517	1272	155
1533	4	23	40	14526	9483	169
1534	7	31	10	14535	1211	169
1535	18	6	30	14544	1474	160
1536	21	17	50	14553	1310	146
1537	4	23	30	14562	13855	163
1538	1	29	50	14571	121	170
1539	1	29	10	14580	449	122
1540	1	29	20	14589	482	170
1541	4	23	30	14598	3693	137
1542	18	6	50	14607	5464	157
1543	4	23	40	14616	10469	145
1544	18	6	30	14625	2645	156
1545	1	29	10	14634	4243	155
1546	21	17	30	14643	4304	134
1547	1	29	10	14652	1962	141
1548	1	29	50	14661	1373	130
1549	4	23	20	14670	9336	130
1550	21	17	30	14679	1373	165
1551	21	17	10	14688	7229	137
1552	4	23	20	14697	104	142
1553	21	17	50	14706	774	126
1554	18	6	50	14715	11874	131
1555	1	29	50	14724	1225	140
1556	4	23	50	14733	12744	125
1557	7	31	10	14742	1766	128
1558	4	23	30	14751	3254	156
1559	7	31	10	14760	13679	169
1560	18	6	20	14800	3865	122
1561	4	23	40	14810	333	169
1562	18	6	20	14820	2051	144
1563	4	23	10	14830	1047	162
1564	4	23	40	14840	4982	138
1565	7	31	10	14850	10100	167
1566	7	31	40	14860	9013	150
1567	21	17	40	14870	33	127
1568	7	31	10	14880	411	128
1569	7	31	30	14890	1527	147
1570	1	29	50	14900	5749	150
1571	21	17	30	14910	4211	138
1572	1	29	10	14920	4317	123
1573	7	31	30	14930	2777	144
1574	21	17	50	14940	3019	131
1575	21	17	30	14950	3236	170
1576	7	31	20	14960	822	168
1577	4	23	10	14970	1421	165
1578	4	23	20	14980	1829	170
1579	18	6	40	14990	1974	158
1580	18	6	30	15000	3262	140
1581	1	29	40	15010	3762	155
1582	4	23	20	15020	871	144
1583	21	17	10	15030	18846	125
1584	4	23	30	15040	2439	136
1585	7	31	50	15050	8592	125
1586	7	31	10	15060	2057	155
1587	7	31	40	15070	406	148
1588	18	6	40	15080	12678	157
1589	7	31	10	15090	23695	148
1590	21	17	30	15100	1721	155
1591	18	6	50	15110	10225	138
1592	21	17	50	15120	2123	126
1593	4	23	40	15130	259	121
1594	7	31	40	15140	2668	170
1595	4	23	30	15150	136	120
1596	18	6	10	15160	900	164
1597	21	17	40	15200	2890	165
1598	21	17	10	15211	966	126
1599	7	31	20	15222	3319	160
1600	18	6	20	15233	5689	125
1601	21	17	40	15244	4209	127
1602	4	23	50	15255	1369	132
1603	4	23	30	15266	14499	153
1604	4	23	30	15277	606	151
1605	1	29	10	15288	4081	146
1606	21	17	10	15299	772	134
1607	21	17	50	15310	2978	168
1608	21	17	50	15321	4153	166
1609	4	23	30	15332	2002	131
1610	18	6	30	15343	325	142
1611	21	17	50	15354	4310	131
1612	1	29	50	15365	18416	128
1613	1	29	40	15376	731	169
1614	18	6	40	15387	2108	148
1615	18	6	40	15398	39	138
1616	1	29	20	15409	8628	145
1617	4	23	20	15420	2112	139
1618	1	29	30	15431	5944	146
1619	7	31	40	15442	7063	133
1620	1	29	10	15453	2918	131
1621	1	29	10	15464	6405	121
1622	4	23	10	15475	206	140
1623	1	29	10	15486	423	150
1624	7	31	50	15497	13720	163
1625	7	31	10	15508	7331	131
1626	1	29	30	15519	1093	132
1627	7	31	30	15530	3639	121
1628	1	29	40	15541	55	145
1629	4	23	30	15552	2744	130
1630	4	23	30	15563	1742	126
1631	7	31	30	15600	4449	123
1632	4	23	50	15609	352	158
1633	21	17	50	15618	6501	129
1634	1	29	30	15627	3985	152
1635	18	6	50	15636	9489	133
1636	7	31	40	15645	1540	142
1637	1	29	50	15654	1006	161
1638	18	6	30	15663	7598	144
1639	18	6	30	15672	6793	160
1640	21	17	50	15681	4918	162
1641	21	17	10	15690	8381	157
1642	7	31	40	15699	2395	153
1643	21	17	20	15708	3320	145
1644	18	6	40	15717	10062	126
1645	21	17	40	15726	4686	144
1646	1	29	50	15735	10778	130
1647	7	31	10	15744	1122	128
1648	1	29	10	15753	4234	143
1649	4	23	10	15762	2592	152
1650	18	6	10	15771	646	146
1651	7	31	40	15780	6268	144
1652	21	17	20	15789	5401	139
1653	18	6	30	15798	1949	164
1654	4	23	20	15807	188	149
1655	18	6	20	15816	12921	123
1656	18	6	40	15825	3671	157
1657	4	23	50	15834	840	152
1658	21	17	40	15843	22	161
1659	7	31	20	15852	1430	139
1660	21	17	30	15861	2046	134
1661	1	29	40	15870	3453	132
1662	7	31	20	15879	2864	143
1663	4	23	30	15888	647	155
1664	21	17	50	15897	166	125
1665	7	31	50	15906	2089	139
1666	4	23	10	15915	3424	143
1667	18	6	50	15924	827	169
1668	1	29	20	15933	3075	136
1669	1	29	40	15942	2795	135
1670	7	31	50	15951	4687	166
1671	1	29	30	15960	4337	154
1672	1	29	40	16000	3282	165
1673	7	31	10	16010	12560	157
1674	21	17	40	16020	517	142
1675	18	6	50	16030	4096	145
1676	18	6	20	16040	1709	139
1677	7	31	40	16050	2663	165
1678	7	31	30	16060	799	144
1679	7	31	20	16070	1299	138
1680	7	31	10	16080	9526	121
1681	4	23	30	16090	20742	123
1682	4	23	20	16100	11555	149
1683	4	23	30	16110	3078	163
1684	1	29	20	16120	1706	154
1685	21	17	50	16130	3300	152
1686	21	17	20	16140	10658	154
1687	1	29	30	16150	4796	165
1688	18	6	40	16160	5661	151
1689	7	31	10	16170	4438	149
1690	21	17	10	16180	1461	146
1691	1	29	50	16190	557	161
1692	18	6	20	16200	976	170
1693	7	31	20	16210	3191	125
1694	18	6	10	16220	2155	145
1695	7	31	20	16230	553	149
1696	1	29	50	16240	1820	133
1697	18	6	20	16250	1432	168
1698	21	17	20	16260	2963	140
1699	4	23	40	16270	2871	157
1700	18	6	40	16280	488	120
1701	7	31	10	16290	5475	131
1702	4	23	40	16300	4928	163
1703	1	29	20	16310	650	127
1704	21	17	10	16320	6180	157
1705	18	6	40	16330	2671	162
1706	7	31	50	16340	1053	150
1707	1	29	10	16350	6131	153
1708	4	23	40	16360	1228	141
1709	18	6	20	16400	2077	123
1710	21	17	10	16411	3793	154
1711	7	31	10	16422	486	163
1712	7	31	30	16433	33	128
1713	1	29	30	16444	5211	143
1714	1	29	20	16455	1996	138
1715	4	23	50	16466	2083	131
1716	7	31	20	16477	4019	153
1717	1	29	40	16488	14683	151
1718	18	6	10	16499	6482	120
1719	21	17	10	16510	2608	143
1720	7	31	40	16521	2589	156
1721	18	6	30	16532	8371	149
1722	1	29	20	16543	2246	138
1723	4	23	10	16554	8043	157
1724	1	29	40	16565	876	159
1725	4	23	10	16576	3285	124
1726	21	17	20	16587	2356	155
1727	4	23	30	16598	40	160
1728	18	6	50	16609	3107	131
1729	1	29	30	16620	19343	163
1730	18	6	10	16631	1287	132
1731	1	29	50	16642	191	142
1732	7	31	20	16653	13179	144
1733	1	29	50	16664	4422	157
1734	4	23	30	16675	709	137
1735	21	17	10	16686	707	160
1736	21	17	40	16697	1348	131
1737	18	6	50	16708	6322	141
1738	7	31	20	16719	5546	125
1739	21	17	40	16730	7865	162
1740	18	6	50	16741	1603	122
1741	21	17	10	16752	632	120
1742	7	31	50	16763	2277	143
1743	1	29	30	16774	1736	148
1744	21	17	10	16800	237	165
1745	18	6	10	16809	851	153
1746	18	6	20	16818	518	153
1747	1	29	40	16827	2681	147
1748	7	31	10	16836	681	157
1749	21	17	10	16845	42	134
1750	1	29	50	16854	2736	167
1751	21	17	20	16863	1984	153
1752	21	17	20	16872	2763	167
1753	1	29	20	16881	181	168
1754	21	17	50	16890	145	121
1755	1	29	10	16899	1088	142
1756	7	31	40	16908	1518	164
1757	1	29	40	16917	7385	125
1758	1	29	40	16926	12265	138
1759	18	6	10	16935	1027	152
1760	4	23	20	16944	171	127
1761	18	6	20	16953	1000	161
1762	7	31	10	16962	1118	141
1763	18	6	10	16971	1271	148
1764	1	29	20	16980	556	162
1765	7	31	10	16989	3338	132
1766	21	17	40	16998	657	139
1767	4	23	40	17007	1658	141
1768	7	31	50	17016	3336	125
1769	1	29	10	17025	1050	149
1770	4	23	20	17034	510	170
1771	18	6	20	17043	7323	131
1772	4	23	20	17052	1016	145
1773	4	23	30	17061	11402	128
1774	7	31	20	17070	643	140
1775	21	17	40	17079	1603	155
1776	4	23	40	17088	2337	125
1777	1	29	50	17097	323	160
1778	7	31	10	17106	6610	162
1779	21	17	40	17115	20	125
1780	1	29	40	17124	2308	142
1781	7	31	30	17133	12568	128
1782	7	31	30	17142	7680	122
1783	4	23	50	17151	3015	168
1784	1	29	30	17160	2745	167
1785	18	6	40	17169	8623	149
1786	18	6	40	17178	3174	145
1787	7	31	10	17187	10036	146
1788	18	6	50	17200	4013	156
1789	18	6	30	17216	10321	165
1790	18	6	20	17232	7486	166
1791	21	17	10	17248	2347	125
1792	18	6	20	17264	7349	123
1793	18	6	20	17280	2965	144
1794	18	6	20	17296	6815	155
1795	21	17	40	17312	461	131
1796	1	29	50	17328	9302	150
1797	4	23	40	17344	706	166
1798	1	29	10	17360	1005	156
1799	1	29	50	17376	2706	153
1800	18	6	20	17392	164	134
1801	21	17	40	17408	6097	131
1802	4	23	50	17424	10240	141
1803	4	23	50	17440	10401	128
1804	18	6	50	17456	8854	134
1805	7	31	40	17472	4264	155
1806	18	6	50	17488	728	127
1807	18	6	40	17504	3253	158
1808	18	6	10	17520	9038	147
1809	21	17	20	17536	4887	136
1810	4	23	20	17552	6354	137
1811	7	31	50	17568	1088	123
1812	4	23	30	17584	137	133
1813	18	6	50	17600	11849	132
1814	18	6	30	17610	6204	129
1815	21	17	50	17620	356	170
1816	4	23	40	17630	1834	159
1817	18	6	20	17640	5013	144
1818	18	6	40	17650	5978	151
1819	7	31	30	17660	1127	132
1820	4	23	30	17670	73	157
1821	18	6	40	17680	1060	163
1822	18	6	40	17690	4897	155
1823	18	6	20	17700	4102	130
1824	21	17	40	17710	1943	153
1825	7	31	20	17720	4508	164
1826	1	29	10	17730	27488	128
1827	1	29	10	17740	4828	121
1828	18	6	20	17750	530	144
1829	7	31	30	17760	161	128
1830	21	17	40	17770	2234	125
1831	1	29	10	17780	1317	130
1832	1	29	40	17790	7732	124
1833	4	23	10	17800	1523	128
1834	4	23	20	17810	13400	162
1835	18	6	50	17820	4271	131
1836	1	29	30	17830	138	157
1837	18	6	40	17840	10505	164
1838	18	6	10	17850	4073	153
1839	4	23	50	17860	7354	132
1840	21	17	40	17870	5057	142
1841	1	29	50	17880	18896	157
1842	4	23	10	17890	93	169
1843	18	6	40	17900	10523	139
1844	21	17	10	17910	549	148
1845	4	23	20	17920	3744	162
1846	4	23	30	17930	2111	162
1847	21	17	20	17940	8919	161
1848	1	29	40	17950	5320	134
1849	4	23	20	17960	5279	155
1850	4	23	50	17970	5405	143
1851	7	31	30	18000	832	125
1852	1	29	50	18010	1952	134
1853	18	6	40	18020	15041	144
1854	7	31	30	18030	2566	167
1855	1	29	40	18040	6587	142
1856	7	31	50	18050	316	147
1857	18	6	40	18060	1320	130
1858	7	31	10	18070	3113	145
1859	4	23	40	18080	966	140
1860	4	23	30	18090	4276	147
1861	18	6	50	18100	2506	126
1862	1	29	30	18110	2266	134
1863	4	23	30	18120	7751	139
1864	1	29	30	18130	1299	131
1865	18	6	20	18140	2895	127
1866	4	23	20	18150	1931	170
1867	21	17	20	18160	5048	125
1868	7	31	30	18170	16390	141
1869	1	29	30	18180	564	169
1870	7	31	20	18190	209	133
1871	18	6	10	18200	2321	165
1872	21	17	20	18210	314	161
1873	21	17	40	18220	10917	139
1874	7	31	40	18230	3002	161
1875	4	23	30	18240	109	170
1876	7	31	30	18250	941	164
1877	21	17	10	18260	6022	135
1878	18	6	10	18270	2878	153
1879	18	6	30	18280	6002	161
1880	18	6	40	18290	1236	121
1881	1	29	40	18300	450	138
1882	1	29	20	18310	13452	157
1883	7	31	50	18320	1986	159
1884	18	6	40	18330	1418	155
1885	1	29	10	18340	1098	170
1886	21	17	10	18350	8995	166
1887	7	31	50	18360	8433	150
1888	21	17	40	18370	7411	132
1889	4	23	40	18400	685	140
1890	4	23	50	18409	3471	154
1891	7	31	50	18418	5591	146
1892	4	23	30	18427	1955	138
1893	7	31	20	18436	2207	133
1894	21	17	20	18445	814	155
1895	7	31	50	18454	1161	135
1896	21	17	30	18463	3271	143
1897	1	29	40	18472	731	150
1898	1	29	10	18481	4206	128
1899	7	31	50	18490	3800	141
1900	21	17	50	18499	1018	162
1901	4	23	10	18508	4726	157
1902	18	6	40	18517	9590	139
1903	21	17	20	18526	3703	136
1904	7	31	10	18535	4579	142
1905	18	6	40	18544	1431	149
1906	21	17	20	18553	475	134
1907	18	6	10	18562	2401	165
1908	7	31	50	18571	2382	153
1909	18	6	50	18580	2366	167
1910	18	6	10	18589	3640	148
1911	7	31	50	18598	1415	131
1912	1	29	30	18607	5847	148
1913	18	6	40	18616	5773	155
1914	18	6	50	18625	11892	138
1915	18	6	50	18634	3195	128
1916	1	29	40	18643	2774	140
1917	18	6	40	18652	167	146
1918	1	29	40	18661	3260	154
1919	1	29	20	18670	151	131
1920	18	6	10	18679	3877	131
1921	21	17	20	18688	2808	139
1922	1	29	30	18697	8277	163
1923	18	6	50	18706	6990	121
1924	4	23	30	18715	3208	134
1925	1	29	30	18724	1416	157
1926	7	31	40	18733	219	146
1927	1	29	50	18742	4216	148
1928	21	17	30	18751	5553	154
1929	21	17	50	18760	1292	146
1930	4	23	10	18769	2527	147
1931	7	31	50	18778	174	133
1932	7	31	10	18800	545	127
1933	7	31	20	18810	9198	131
1934	18	6	30	18820	3213	169
1935	7	31	30	18830	3399	135
1936	21	17	50	18840	879	169
1937	1	29	10	18850	1794	141
1938	21	17	50	18860	4947	136
1939	1	29	50	18870	24212	126
1940	18	6	50	18880	548	155
1941	4	23	50	18890	2341	121
1942	1	29	10	18900	2247	168
1943	7	31	50	18910	2021	135
1944	1	29	40	18920	3284	162
1945	21	17	10	18930	1325	143
1946	7	31	30	18940	16710	169
1947	1	29	40	18950	3900	154
1948	4	23	30	18960	2579	165
1949	7	31	20	18970	4020	147
1950	7	31	20	18980	5571	166
1951	4	23	50	18990	2915	168
1952	21	17	50	19000	3762	167
1953	1	29	40	19010	3803	167
1954	18	6	40	19020	19639	130
1955	1	29	40	19030	5097	142
1956	4	23	40	19040	6848	165
1957	21	17	50	19050	347	138
1958	4	23	40	19060	214	121
1959	7	31	30	19070	1934	155
1960	4	23	10	19080	1136	123
1961	7	31	20	19090	2469	157
1962	4	23	40	19100	4827	130
1963	7	31	10	19110	758	127
1964	7	31	50	19120	15294	140
1965	7	31	10	19130	3236	135
1966	1	29	40	19140	748	123
1967	4	23	10	19150	8115	136
1968	1	29	20	19160	951	156
1969	7	31	30	19200	1888	123
1970	18	6	10	19212	1740	130
1971	21	17	40	19224	597	170
1972	18	6	50	19236	1610	129
1973	1	29	40	19248	3282	147
1974	21	17	30	19260	9590	147
1975	21	17	20	19272	782	129
1976	21	17	20	19284	310	142
1977	4	23	40	19296	2593	148
1978	18	6	20	19308	1235	129
1979	7	31	20	19320	1256	162
1980	4	23	10	19332	1504	159
1981	4	23	50	19344	2252	162
1982	7	31	30	19356	775	154
1983	1	29	10	19368	495	127
1984	1	29	40	19380	2972	150
1985	21	17	10	19392	12056	150
1986	7	31	10	19404	2270	136
1987	7	31	30	19416	2885	131
1988	4	23	30	19428	9503	121
1989	18	6	40	19440	7129	147
1990	1	29	50	19452	5594	141
1991	1	29	50	19464	484	151
1992	7	31	20	19476	1479	139
1993	18	6	20	19488	1579	152
1994	4	23	40	19500	5549	123
1995	4	23	40	19512	4402	169
1996	1	29	20	19524	5421	161
1997	18	6	10	19536	1188	160
1998	21	17	10	19548	2168	165
1999	18	6	30	19560	21	147
