0	7	31	20	0	425	170
1	18	6	40	7	50	164
2	21	17	10	14	6123	143
3	7	31	20	21	1138	162
4	18	6	40	28	2968	134
5	18	6	20	35	1964	170
6	7	31	50	42	2535	158
7	21	17	30	49	506	182
8	18	6	40	56	4648	141
9	21	17	20	63	1506	150
10	21	17	50	70	16467	158
11	18	6	40	77	736	181
12	1	29	30	84	931	157
13	18	6	50	91	705	147
14	21	17	40	98	742	167
15	1	29	20	105	5569	128
16	1	29	30	112	1139	169
17	21	17	20	119	268	166
18	1	29	30	126	6213	182
19	4	23	30	133	16146	127
20	21	17	40	140	4214	133
21	1	29	20	147	8869	169
22	1	29	10	154	9444	146
23	1	29	30	161	9636	139
24	4	23	40	168	9263	131
25	1	29	20	175	7205	163
26	4	23	10	182	2356	151
27	1	29	10	189	3079	182
28	1	29	40	196	10008	178
29	1	29	20	203	4286	140
30	7	31	10	210	144	127
31	4	23	10	217	16026	170
32	4	23	50	224	4266	140
33	4	23	10	231	2254	178
34	18	6	50	238	907	165
35	4	23	50	245	392	164
36	18	6	30	252	3726	159
37	7	31	20	259	1828	178
38	18	6	20	266	1523	150
39	21	17	10	273	1519	167
40	4	23	40	280	19583	151
41	21	17	20	287	797	164
42	21	17	40	294	1808	176
43	21	17	50	301	1015	158
44	21	17	20	308	3364	163
45	1	29	40	315	66	169
46	4	23	50	322	4321	148
47	4	23	50	329	1350	133
48	1	29	40	336	1956	172
49	21	17	50	343	2996	171
50	21	17	50	350	602	130
51	7	31	20	357	1746	146
52	18	6	30	400	14918	127
53	18	6	50	409	15580	172
54	4	23	10	418	1224	158
55	7	31	10	427	942	128
56	18	6	30	436	451	145
57	7	31	30	445	8271	130
58	1	29	30	454	1701	158
59	18	6	30	463	4671	153
60	7	31	20	472	11458	145
61	7	31	50	481	10791	159
62	7	31	40	490	896	130
63	18	6	30	499	120	127
64	1	29	10	508	1304	150
65	4	23	40	517	7	170
66	7	31	50	526	2872	168
67	4	23	20	535	6001	162
68	21	17	50	544	12752	164
69	4	23	50	553	315	130
70	7	31	50	562	628	151
71	18	6	10	571	8515	174
72	4	23	10	580	5514	142
73	1	29	20	589	2558	141
74	21	17	50	598	18350	158
75	1	29	20	607	2543	152
76	1	29	30	616	2997	175
77	1	29	20	625	4575	170
78	1	29	20	634	1670	159
79	4	23	10	643	8641	144
80	4	23	20	652	766	142
81	21	17	10	661	690	144
82	1	29	20	670	650	136
83	18	6	50	679	1982	134
84	1	29	20	688	2916	136
85	1	29	50	697	4580	163
86	1	29	40	706	23	169
87	18	6	10	715	4510	150
88	21	17	50	724	731	146
89	7	31	50	733	19888	164
90	18	6	30	742	17310	146
91	4	23	50	751	5274	155
92	7	31	50	760	82	147
93	1	29	40	769	3953	179
94	18	6	50	778	1867	148
95	21	17	40	787	246	175
96	18	6	40	800	15664	160
97	7	31	20	808	1626	175
98	7	31	50	816	11670	134
99	4	23	30	824	3346	176
100	18	6	40	832	2806	128
101	1	29	30	840	8601	168
102	4	23	50	848	1589	152
103	7	31	40	856	1490	169
104	1	29	50	864	1923	146
105	4	23	50	872	1198	139
106	1	29	10	880	3721	131
107	18	6	10	888	2800	169
108	18	6	50	896	18355	140
109	4	23	40	904	6305	133
110	4	23	30	912	4588	135
111	1	29	20	920	2215	157
112	7	31	20	928	3038	154
113	4	23	20	936	2477	140
114	21	17	20	944	2890	138
115	7	31	10	952	6138	128
116	4	23	30	960	6104	149
117	4	23	50	968	6641	179
118	1	29	10	976	2869	173
119	1	29	20	984	3630	169
120	18	6	10	992	22183	127
121	4	23	50	1000	7234	144
122	4	23	20	1008	3764	143
123	18	6	10	1016	13488	127
124	18	6	30	1024	373	166
125	18	6	10	1032	2130	178
126	4	23	10	1040	7882	154
127	4	23	30	1048	512	145
128	21	17	30	1056	419	175
129	21	17	10	1064	10634	166
130	7	31	40	1072	2696	175
131	4	23	20	1080	858	127
132	4	23	20	1088	5319	163
133	7	31	40	1096	5957	166
134	1	29	30	1104	1915	142
135	18	6	40	1112	1374	156
136	18	6	10	1120	7103	175
137	18	6	40	1128	7305	149
138	1	29	50	1136	36	170
139	4	23	30	1144	1197	180
140	21	17	40	1152	317	159
141	21	17	30	1160	2791	127
142	21	17	10	1168	4638	137
143	18	6	20	1200	1872	139
144	18	6	30	1209	1487	155
145	1	29	10	1218	3297	172
146	21	17	40	1227	894	128
147	1	29	30	1236	3271	133
148	18	6	30	1245	480	168
149	4	23	40	1254	3551	147
150	18	6	10	1263	1298	152
151	7	31	40	1272	746	163
152	4	23	10	1281	6908	128
153	7	31	30	1290	1719	148
154	18	6	30	1299	3382	175
155	21	17	50	1308	4411	167
156	4	23	20	1317	1279	152
157	18	6	50	1326	1798	152
158	4	23	20	1335	1003	130
159	21	17	50	1344	13886	150
160	1	29	40	1353	2031	168
161	4	23	40	1362	2656	168
162	18	6	30	1371	2069	176
163	18	6	40	1380	246	157
164	21	17	50	1389	1443	141
165	21	17	10	1398	2687	135
166	7	31	50	1407	4682	177
167	1	29	30	1416	5670	170
168	4	23	50	1425	338	180
169	4	23	30	1434	1012	164
170	18	6	50	1443	12299	135
171	18	6	50	1452	11501	127
172	4	23	50	1461	6456	136
173	4	23	40	1470	1167	176
174	18	6	40	1479	2938	137
175	18	6	30	1488	2723	182
176	4	23	40	1497	648	133
177	18	6	10	1506	1076	130
178	1	29	30	1515	4257	154
179	1	29	20	1524	2999	177
180	4	23	20	1533	955	177
181	18	6	30	1542	1437	147
182	18	6	10	1551	28	159
183	4	23	50	1560	2862	155
184	4	23	10	1569	4230	140
185	21	17	50	1578	1544	138
186	21	17	20	1600	1854	181
187	21	17	50	1608	1951	141
188	18	6	10	1616	911	173
189	1	29	30	1624	4984	158
190	21	17	30	1632	68	131
191	1	29	20	1640	2528	149
192	21	17	20	1648	3839	146
193	1	29	50	1656	163	146
194	4	23	40	1664	7878	139
195	18	6	50	1672	3574	173
196	4	23	50	1680	414	134
197	4	23	20	1688	3939	162
198	4	23	20	1696	294	181
199	18	6	20	1704	6889	147
200	4	23	20	1712	8211	177
201	21	17	10	1720	2337	140
202	7	31	40	1728	2596	135
203	21	17	10	1736	8811	131
204	1	29	40	1744	4028	139
205	1	29	10	1752	1623	152
206	18	6	50	1760	1843	154
207	1	29	20	1768	3367	135
208	18	6	50	1776	7068	137
209	21	17	50	1784	320	175
210	4	23	10	1792	2922	161
211	18	6	10	1800	154	149
212	18	6	20	1808	4911	181
213	4	23	50	1816	4741	135
214	4	23	30	1824	5648	156
215	7	31	10	1832	405	147
216	18	6	40	1840	2602	136
217	21	17	40	1848	8935	148
218	21	17	40	1856	2091	144
219	21	17	50	1864	16203	129
220	1	29	50	1872	503	137
221	21	17	50	1880	1448	162
222	7	31	20	1888	3229	180
223	18	6	20	1896	1841	149
224	4	23	50	1904	925	160
225	18	6	40	1912	2656	168
226	18	6	30	1920	1581	163
227	18	6	10	1928	5723	173
228	21	17	10	1936	1994	163
229	21	17	40	1944	10604	146
230	21	17	40	1952	2012	175
231	1	29	30	1960	2963	153
232	7	31	40	1968	720	131
233	7	31	20	2000	7175	134
234	4	23	50	2008	4268	182
235	4	23	20	2016	5878	164
236	7	31	50	2024	6960	139
237	4	23	10	2032	500	155
238	4	23	10	2040	8361	143
239	4	23	50	2048	1537	170
240	7	31	10	2056	12067	167
241	21	17	50	2064	6477	173
242	4	23	10	2072	3255	131
243	4	23	20	2080	542	180
244	7	31	30	2088	862	179
245	7	31	30	2096	15486	164
246	21	17	50	2104	5732	151
247	4	23	30	2112	10242	137
248	7	31	20	2120	1334	173
249	21	17	30	2128	5778	175
250	21	17	20	2136	477	164
251	7	31	10	2144	920	168
252	7	31	40	2152	990	145
253	7	31	30	2160	370	179
254	18	6	20	2168	4858	137
255	7	31	20	2176	3355	142
256	18	6	40	2184	8779	143
257	4	23	20	2192	459	168
258	18	6	10	2200	4593	154
259	7	31	50	2208	647	153
260	21	17	40	2216	28	172
261	21	17	50	2224	3749	163
262	1	29	20	2232	776	154
263	4	23	10	2240	9200	173
264	1	29	20	2248	4578	127
265	18	6	40	2256	21271	134
266	4	23	30	2264	8254	145
267	4	23	10	2272	8266	173
268	21	17	10	2280	156	135
269	21	17	20	2288	17189	175
270	1	29	20	2296	1268	135
271	21	17	30	2304	1789	163
272	4	23	30	2312	66	132
273	18	6	40	2320	368	157
274	18	6	50	2328	128	144
275	18	6	10	2336	1520	146
276	18	6	50	2344	5495	157
277	1	29	10	2352	2229	182
278	7	31	50	2360	768	152
279	7	31	30	2368	1032	178
280	4	23	50	2400	5147	143
281	7	31	10	2409	2068	152
282	7	31	40	2418	2593	127
283	1	29	30	2427	3961	171
284	21	17	20	2436	6788	165
285	1	29	30	2445	842	133
286	18	6	40	2454	1449	135
287	1	29	20	2463	317	134
288	4	23	50	2472	559	180
289	21	17	30	2481	369	167
290	18	6	40	2490	8525	147
291	1	29	30	2499	5034	153
292	1	29	50	2508	2281	127
293	7	31	20	2517	5192	172
294	4	23	20	2526	1495	181
295	7	31	20	2535	1678	130
296	7	31	30	2544	3929	145
297	1	29	10	2553	4281	140
298	18	6	10	2562	2356	180
299	18	6	40	2571	887	172
300	18	6	50	2580	448	146
301	18	6	50	2589	8758	161
302	7	31	20	2598	8628	129
303	7	31	10	2607	1411	180
304	21	17	20	2616	2712	167
305	1	29	50	2625	5576	127
306	18	6	40	2634	837	163
307	18	6	10	2643	562	171
308	18	6	30	2652	234	162
309	1	29	20	2661	1957	173
310	18	6	30	2670	6879	167
311	1	29	30	2679	2475	144
312	21	17	30	2688	10852	142
313	4	23	40	2697	2430	159
314	18	6	10	2706	2216	136
315	1	29	30	2715	3698	146
316	18	6	10	2724	562	163
317	1	29	40	2733	3174	165
318	4	23	40	2742	346	135
319	21	17	40	2751	2707	177
320	1	29	50	2760	4699	181
321	18	6	20	2800	6370	137
322	21	17	20	2809	5432	176
323	21	17	30	2818	12002	151
324	7	31	30	2827	444	154
325	21	17	40	2836	3246	164
326	7	31	40	2845	10413	163
327	7	31	20	2854	1367	142
328	21	17	20	2863	5985	159
329	4	23	30	2872	4669	140
330	4	23	40	2881	4693	128
331	18	6	50	2890	376	144
332	7	31	10	2899	16096	128
333	18	6	20	2908	14919	162
334	4	23	30	2917	517	159
335	1	29	10	2926	7228	165
336	1	29	40	2935	2931	150
337	1	29	30	2944	793	129
338	1	29	20	2953	585	131
339	21	17	30	2962	268	164
340	21	17	50	2971	3	152
341	1	29	40	2980	758	147
342	7	31	40	2989	78	155
343	4	23	30	2998	5444	133
344	7	31	50	3007	1243	182
345	18	6	10	3016	2178	130
346	18	6	10	3025	6098	137
347	4	23	10	3034	15513	151
348	4	23	10	3043	1435	163
349	4	23	50	3052	4933	161
350	4	23	10	3061	950	149
351	4	23	40	3070	323	163
352	7	31	20	3079	3415	131
353	4	23	20	3088	12260	130
354	18	6	40	3097	2834	174
355	21	17	40	3106	1481	135
356	4	23	30	3115	627	167
357	7	31	50	3124	10878	160
358	1	29	30	3133	853	153
359	1	29	40	3142	11028	129
360	4	23	10	3151	6993	147
361	4	23	30	3160	9189	148
362	4	23	40	3169	1755	139
363	21	17	50	3200	1835	148
364	4	23	40	3208	4766	172
365	21	17	40	3216	5254	150
366	18	6	30	3224	2610	142
367	4	23	10	3232	12648	162
368	1	29	20	3240	1626	127
369	18	6	10	3248	3562	153
370	21	17	40	3256	350	179
371	1	29	30	3264	12089	161
372	1	29	30	3272	2122	161
373	7	31	20	3280	72	153
374	21	17	50	3288	2700	151
375	21	17	20	3296	2923	160
376	4	23	30	3304	6003	165
377	4	23	40	3312	28681	170
378	18	6	30	3320	4596	152
379	18	6	30	3328	4622	150
380	4	23	30	3336	5941	153
381	1	29	40	3344	11724	139
382	18	6	20	3352	17706	162
383	4	23	30	3360	278	180
384	1	29	30	3368	2594	173
385	21	17	50	3376	3796	148
386	7	31	40	3384	2899	139
387	18	6	40	3392	116	181
388	21	17	30	3400	2526	171
389	4	23	50	3408	6680	150
390	7	31	30	3416	4693	181
391	4	23	40	3424	3521	172
392	1	29	10	3432	17562	158
393	21	17	40	3440	890	128
394	4	23	30	3448	1092	144
395	4	23	30	3456	427	131
396	7	31	10	3464	6803	135
397	21	17	40	3472	4215	133
398	21	17	50	3480	193	144
399	7	31	20	3488	3071	159
400	1	29	30	3496	11299	171
401	21	17	10	3504	6963	157
402	4	23	40	3512	4145	151
403	1	29	50	3520	4977	136
404	4	23	10	3528	3921	165
405	18	6	30	3536	1205	171
406	4	23	20	3544	4387	128
407	1	29	50	3552	3248	161
408	4	23	30	3560	2482	161
409	18	6	30	3600	18133	141
410	18	6	10	3610	3041	153
411	21	17	50	3620	631	180
412	18	6	30	3630	1156	135
413	7	31	10	3640	2830	129
414	7	31	10	3650	711	159
415	18	6	20	3660	8457	135
416	1	29	20	3670	9695	168
417	1	29	20	3680	1357	141
418	7	31	30	3690	8857	157
419	4	23	40	3700	348	151
420	1	29	10	3710	971	137
421	21	17	50	3720	2394	143
422	4	23	40	3730	2688	174
423	4	23	20	3740	2955	159
424	4	23	40	3750	9168	155
425	4	23	50	3760	2760	133
426	1	29	30	3770	13264	130
427	1	29	50	3780	953	159
428	1	29	50	3790	6041	136
429	4	23	30	3800	1974	147
430	18	6	10	3810	4828	151
431	7	31	50	3820	537	158
432	4	23	40	3830	12137	152
433	7	31	20	3840	636	175
434	18	6	50	3850	5457	162
435	7	31	30	3860	11899	178
436	7	31	50	3870	1434	170
437	1	29	20	3880	1292	152
438	21	17	20	3890	2337	142
439	21	17	50	3900	978	129
440	4	23	40	3910	11736	146
441	7	31	40	3920	12818	161
442	21	17	10	3930	3341	146
443	7	31	10	3940	2608	157
444	1	29	50	3950	1310	179
445	7	31	30	3960	3147	128
446	1	29	20	3970	1627	164
447	18	6	10	4000	2619	155
448	18	6	30	4009	149	152
449	18	6	10	4018	1782	136
450	18	6	20	4027	842	145
451	4	23	50	4036	3017	177
452	18	6	20	4045	5719	159
453	4	23	10	4054	13290	176
454	4	23	10	4063	1545	148
455	1	29	40	4072	2694	154
456	18	6	20	4081	1633	166
457	1	29	30	4090	524	174
458	4	23	20	4099	6704	164
459	21	17	10	4108	540	158
460	1	29	10	4117	1406	168
461	4	23	20	4126	2420	152
462	21	17	10	4135	6001	151
463	1	29	10	4144	302	141
464	21	17	20	4153	1360	172
465	7	31	10	4162	2089	178
466	18	6	20	4171	862	154
467	7	31	20	4180	439	142
468	4	23	10	4189	5753	150
469	1	29	40	4198	963	163
470	4	23	30	4207	3449	147
471	21	17	50	4216	4034	142
472	1	29	50	4225	7464	181
473	7	31	40	4234	4480	154
474	1	29	10	4243	587	132
475	4	23	30	4252	1183	159
476	1	29	40	4261	8622	180
477	21	17	30	4270	41	144
478	18	6	30	4279	1113	163
479	21	17	20	4288	1749	153
480	4	23	40	4297	717	152
481	21	17	30	4306	2640	157
482	7	31	30	4315	771	133
483	21	17	40	4324	2175	127
484	1	29	20	4333	890	128
485	21	17	20	4342	751	157
486	18	6	30	4351	1816	181
487	1	29	30	4360	17678	158
488	1	29	10	4369	7008	154
489	1	29	20	4378	1173	134
490	18	6	10	4400	3804	139
491	7	31	30	4409	786	179
492	7	31	50	4418	2488	171
493	1	29	20	4427	1520	166
494	7	31	40	4436	10129	144
495	21	17	20	4445	2715	176
496	21	17	30	4454	805	136
497	21	17	10	4463	2720	132
498	7	31	40	4472	846	168
499	4	23	40	4481	8237	128
500	18	6	10	4490	1727	156
501	18	6	10	4499	1046	148
502	21	17	10	4508	5060	132
503	18	6	40	4517	6918	172
504	7	31	30	4526	6087	171
505	18	6	20	4535	3235	129
506	4	23	50	4544	4613	178
507	4	23	40	4553	363	131
508	4	23	10	4562	7026	171
509	1	29	40	4571	265	172
510	21	17	10	4580	3725	157
511	4	23	40	4589	1571	149
512	7	31	50	4598	8477	138
513	7	31	10	4607	2455	137
514	18	6	30	4616	13088	133
515	18	6	40	4625	6713	137
516	21	17	50	4634	1306	146
517	21	17	20	4643	1768	151
518	21	17	50	4652	8262	140
519	1	29	50	4661	497	141
520	18	6	40	4670	170	179
521	18	6	50	4679	923	179
522	7	31	20	4688	1299	171
523	18	6	50	4697	2840	142
524	7	31	40	4706	3668	150
525	21	17	50	4715	2039	151
526	18	6	50	4724	754	154
527	21	17	30	4733	3012	142
528	1	29	50	4742	5597	137
529	1	29	40	4751	4128	138
530	4	23	50	4760	306	149
531	18	6	30	4769	1981	175
532	1	29	50	4800	6851	159
533	21	17	50	4812	1851	161
534	4	23	10	4824	14	179
535	1	29	30	4836	10873	130
536	1	29	20	4848	5799	151
537	4	23	40	4860	1739	143
538	18	6	20	4872	4062	138
539	7	31	50	4884	4141	181
540	18	6	30	4896	2669	162
541	21	17	50	4908	1303	177
542	4	23	20	4920	700	170
543	21	17	20	4932	5748	165
544	18	6	10	4944	4179	160
545	21	17	20	4956	1363	173
546	21	17	30	4968	1418	168
547	21	17	50	4980	18	160
548	7	31	50	4992	1748	160
549	18	6	50	5004	453	133
550	1	29	30	5016	964	156
551	1	29	20	5028	6972	168
552	21	17	20	5040	3872	175
553	7	31	40	5052	306	153
554	1	29	10	5064	7102	131
555	21	17	20	5076	624	160
556	7	31	50	5088	12212	160
557	4	23	10	5100	939	172
558	4	23	10	5112	1005	148
559	7	31	30	5124	1927	147
560	1	29	20	5136	1929	158
561	4	23	20	5148	675	163
562	4	23	40	5160	1624	177
563	18	6	30	5200	811	159
564	4	23	50	5208	18624	150
565	7	31	40	5216	969	165
566	18	6	50	5224	2814	173
567	21	17	10	5232	2847	159
568	18	6	10	5240	2429	140
569	18	6	50	5248	113	130
570	18	6	20	5256	196	169
571	18	6	10	5264	10408	129
572	4	23	10	5272	5085	139
573	1	29	50	5280	1036	141
574	21	17	30	5288	3978	162
575	4	23	40	5296	5771	128
576	21	17	30	5304	186	135
577	7	31	50	5312	2895	133
578	1	29	40	5320	7869	164
579	21	17	20	5328	1492	160
580	1	29	30	5336	425	165
581	4	23	10	5344	732	176
582	18	6	40	5352	769	164
583	7	31	50	5360	4153	130
584	21	17	10	5368	2244	164
585	4	23	30	5376	1143	163
586	18	6	10	5384	5888	127
587	4	23	10	5392	5480	132
588	7	31	40	5400	3105	157
589	4	23	40	5408	7834	146
590	4	23	40	5416	15903	153
591	4	23	20	5424	3248	162
592	21	17	40	5432	558	178
593	7	31	40	5440	1180	173
594	7	31	40	5448	1216	150
595	21	17	10	5456	1611	181
596	4	23	20	5464	11556	127
597	1	29	50	5472	15080	137
598	4	23	20	5480	5911	142
599	4	23	30	5488	2269	178
600	4	23	30	5496	6123	182
601	21	17	30	5504	6228	135
602	4	23	50	5512	3188	146
603	4	23	10	5520	1578	157
604	1	29	40	5528	244	147
605	7	31	30	5536	1360	154
606	4	23	20	5544	445	156
607	7	31	30	5552	1989	160
608	7	31	10	5600	2345	174
609	7	31	30	5613	276	129
610	1	29	50	5626	417	151
611	1	29	50	5639	2302	154
612	4	23	20	5652	1718	135
613	7	31	40	5665	9673	170
614	7	31	10	5678	1322	164
615	4	23	10	5691	969	164
616	18	6	40	5704	15721	181
617	7	31	50	5717	4655	173
618	4	23	20	5730	5612	177
619	1	29	30	5743	5416	169
620	18	6	30	5756	2353	164
621	7	31	40	5769	5696	167
622	1	29	20	5782	13941	128
623	7	31	20	5795	3627	177
624	21	17	20	5808	191	159
625	21	17	10	5821	2707	134
626	4	23	20	5834	6349	134
627	21	17	30	5847	2494	148
628	4	23	10	5860	13543	173
629	1	29	30	5873	1418	163
630	21	17	30	5886	6845	128
631	7	31	30	5899	284	181
632	18	6	40	5912	5437	174
633	4	23	20	5925	2229	168
634	18	6	50	5938	3001	160
635	1	29	50	5951	1493	157
636	21	17	20	5964	3849	156
637	21	17	40	6000	7558	134
638	7	31	20	6013	3534	165
639	18	6	40	6026	608	137
640	21	17	20	6039	618	134
641	7	31	40	6052	1903	149
642	7	31	10	6065	1439	141
643	1	29	20	6078	2563	154
644	18	6	50	6091	5706	177
645	18	6	40	6104	3136	182
646	1	29	50	6117	926	153
647	18	6	50	6130	990	134
648	21	17	30	6143	14598	135
649	1	29	30	6156	192	169
650	4	23	20	6169	1730	127
651	7	31	30	6182	1186	136
652	7	31	30	6195	1008	142
653	18	6	50	6208	122	155
654	18	6	50	6221	17755	140
655	21	17	40	6234	98	142
656	7	31	10	6247	6857	133
657	21	17	30	6260	12243	152
658	7	31	50	6273	1309	180
659	18	6	30	6286	3352	140
660	18	6	10	6299	2715	146
661	7	31	40	6312	4102	134
662	18	6	30	6325	2218	170
663	7	31	30	6338	627	137
664	7	31	10	6351	1137	128
665	4	23	20	6364	124	152
666	7	31	20	6377	4743	162
667	21	17	10	6400	10203	149
668	18	6	50	6412	1932	136
669	4	23	20	6424	14020	134
670	7	31	50	6436	3637	134
671	4	23	10	6448	563	173
672	1	29	30	6460	426	135
673	18	6	40	6472	3797	167
674	1	29	10	6484	3651	162
675	7	31	40	6496	273	142
676	1	29	40	6508	2443	152
677	1	29	10	6520	2742	157
678	4	23	30	6532	7240	182
679	4	23	30	6544	2798	160
680	7	31	20	6556	1341	163
681	1	29	20	6568	3432	127
682	21	17	10	6580	2693	139
683	18	6	30	6592	10064	131
684	4	23	20	6604	11773	162
685	18	6	50	6616	3308	174
686	21	17	50	6628	7476	166
687	21	17	40	6640	4995	145
688	1	29	20	6652	2312	154
689	4	23	10	6664	2800	145
690	4	23	40	6676	2706	150
691	1	29	40	6688	4373	131
692	18	6	50	6700	3372	137
693	18	6	40	6712	77	151
694	21	17	30	6724	4179	173
695	18	6	30	6736	2787	182
696	18	6	20	6748	12235	162
697	21	17	30	6760	683	131
698	18	6	20	6772	1023	152
699	21	17	30	6784	5227	151
700	4	23	20	6800	7562	146
701	1	29	50	6809	1341	131
702	21	17	10	6818	7238	180
703	4	23	10	6827	16	128
704	4	23	40	6836	2389	161
705	1	29	10	6845	992	137
706	4	23	50	6854	676	128
707	4	23	50	6863	3764	158
708	18	6	40	6872	2258	176
709	7	31	20	6881	10212	181
710	7	31	10	6890	3350	172
711	7	31	10	6899	1564	159
712	18	6	10	6908	496	152
713	1	29	20	6917	5984	146
714	4	23	20	6926	1327	160
715	1	29	50	6935	9944	146
716	7	31	40	6944	656	177
717	21	17	50	6953	2824	165
718	18	6	20	6962	881	157
719	4	23	10	6971	4617	137
720	4	23	20	6980	817	169
721	21	17	30	6989	15932	144
722	7	31	40	6998	2638	177
723	21	17	40	7007	8471	174
724	1	29	30	7016	2602	167
725	4	23	20	7025	10773	130
726	18	6	20	7034	3300	162
727	7	31	50	7043	341	166
728	18	6	20	7052	13379	176
729	21	17	30	7061	407	162
730	18	6	30	7070	479	163
731	1	29	20	7079	1426	148
732	7	31	40	7088	1261	131
733	7	31	50	7097	452	157
734	21	17	10	7106	4248	141
735	7	31	20	7115	0	158
736	18	6	20	7124	5385	129
737	4	23	50	7133	2662	138
738	7	31	50	7142	2536	153
739	18	6	10	7151	5201	152
740	7	31	10	7160	2090	172
741	4	23	10	7169	1076	135
742	7	31	10	7178	1323	152
743	4	23	10	7187	2909	156
744	7	31	10	7200	11004	156
745	7	31	40	7207	735	173
746	7	31	40	7214	3177	162
747	1	29	30	7221	6312	174
748	21	17	20	7228	5337	174
749	21	17	30	7235	5259	154
750	4	23	50	7242	1725	132
751	4	23	20	7249	2366	179
752	4	23	10	7256	12803	156
753	21	17	20	7263	3114	142
754	18	6	10	7270	3146	164
755	7	31	50	7277	8088	129
756	18	6	10	7284	6476	137
757	21	17	20	7291	12544	133
758	18	6	40	7298	2983	143
759	21	17	30	7305	2913	158
760	21	17	40	7312	4290	157
761	21	17	50	7319	306	145
762	1	29	40	7326	4142	164
763	4	23	10	7333	1629	140
764	4	23	40	7340	6625	144
765	7	31	40	7347	1244	150
766	21	17	30	7354	218	154
767	7	31	10	7361	39	177
768	18	6	10	7368	519	131
769	7	31	50	7375	1327	128
770	21	17	40	7382	778	144
771	18	6	50	7389	4378	165
772	1	29	50	7396	150	139
773	1	29	10	7403	2541	132
774	7	31	50	7410	1301	147
775	1	29	20	7417	11887	161
776	18	6	30	7424	4811	174
777	18	6	30	7431	13533	147
778	1	29	30	7438	11499	145
779	18	6	50	7445	1486	176
780	7	31	30	7452	1939	151
781	1	29	40	7459	5848	170
782	7	31	30	7466	1693	174
783	4	23	40	7473	1062	149
784	18	6	40	7480	5487	156
785	7	31	10	7487	4390	167
786	4	23	10	7494	1666	175
787	7	31	20	7501	5230	171
788	4	23	50	7508	3306	175
789	1	29	20	7515	6178	139
790	18	6	20	7522	883	148
791	18	6	50	7529	6116	179
792	1	29	10	7536	12904	178
793	7	31	30	7543	12161	178
794	18	6	30	7550	289	177
795	21	17	10	7557	1621	154
796	18	6	20	7600	3575	153
797	18	6	50	7612	11752	138
798	21	17	30	7624	4919	139
799	1	29	30	7636	4420	132
800	21	17	10	7648	487	146
801	1	29	30	7660	3091	167
802	7	31	20	7672	4458	170
803	18	6	20	7684	2422	172
804	21	17	50	7696	3234	136
805	18	6	50	7708	4622	150
806	18	6	30	7720	2108	167
807	4	23	10	7732	2685	151
808	18	6	30	7744	1222	178
809	1	29	50	7756	3623	130
810	4	23	20	7768	735	137
811	1	29	30	7780	7227	172
812	7	31	40	7792	52	171
813	1	29	50	7804	970	149
814	18	6	50	7816	571	133
815	7	31	10	7828	8814	169
816	1	29	30	7840	5216	153
817	7	31	10	7852	2122	141
818	18	6	30	7864	3549	167
819	7	31	30	7876	616	160
820	1	29	30	7888	10447	158
821	1	29	10	7900	1563	165
822	18	6	20	7912	2372	128
823	1	29	50	7924	1632	174
824	18	6	40	7936	351	163
825	4	23	50	7948	2001	147
826	1	29	40	7960	4883	169
827	4	23	30	7972	354	143
828	7	31	40	8000	2046	137
829	21	17	40	8010	11560	176
830	7	31	50	8020	1771	135
831	1	29	40	8030	5587	162
832	18	6	10	8040	1195	135
833	1	29	10	8050	1284	139
834	4	23	40	8060	870	157
835	7	31	50	8070	7481	166
836	18	6	20	8080	405	127
837	4	23	20	8090	8860	129
838	4	23	40	8100	4540	139
839	21	17	40	8110	252	133
840	4	23	40	8120	1186	182
841	1	29	10	8130	7633	151
842	4	23	50	8140	2511	176
843	18	6	10	8150	13603	172
844	7	31	50	8160	3856	128
845	18	6	40	8170	1800	158
846	4	23	10	8180	5883	135
847	1	29	20	8190	5464	156
848	4	23	30	8200	6839	171
849	7	31	20	8210	794	134
850	21	17	40	8220	3711	127
851	4	23	20	8230	789	138
852	21	17	20	8240	1777	154
853	18	6	50	8250	3328	161
854	1	29	50	8260	5422	157
855	7	31	10	8270	6265	163
856	21	17	20	8280	381	166
857	7	31	30	8290	1642	178
858	21	17	40	8300	1849	135
859	4	23	10	8310	701	172
860	1	29	20	8320	15668	163
861	21	17	50	8330	1572	150
862	21	17	20	8340	370	140
863	18	6	40	8350	1535	129
864	18	6	50	8360	1086	178
865	4	23	40	8370	2146	157
866	7	31	20	8380	3446	163
867	7	31	40	8400	5361	158
868	7	31	10	8410	80	174
869	4	23	50	8420	1353	150
870	18	6	40	8430	6305	169
871	4	23	10	8440	7274	151
872	18	6	20	8450	5284	129
873	18	6	40	8460	2995	160
874	1	29	50	8470	8691	160
875	1	29	20	8480	311	133
876	7	31	10	8490	7788	172
877	21	17	20	8500	2621	138
878	4	23	50	8510	5040	172
879	21	17	50	8520	5116	131
880	1	29	50	8530	3906	139
881	1	29	30	8540	12888	140
882	21	17	50	8550	1234	155
883	1	29	20	8560	995	130
884	1	29	10	8570	1660	175
885	18	6	40	8580	787	179
886	1	29	20	8590	2002	134
887	1	29	20	8600	4729	157
888	1	29	20	8610	3041	165
889	7	31	40	8620	2072	177
890	7	31	40	8630	5625	127
891	7	31	50	8640	5699	132
892	4	23	30	8650	2941	176
893	1	29	40	8660	2917	150
894	7	31	30	8670	338	153
895	7	31	40	8680	10732	159
896	1	29	40	8690	5761	138
897	1	29	20	8700	637	174
898	21	17	20	8710	5218	177
899	1	29	20	8720	909	154
900	4	23	30	8730	6146	178
901	7	31	20	8740	130	159
902	4	23	10	8750	5164	164
903	21	17	40	8760	3036	147
904	18	6	40	8800	1956	148
905	18	6	30	8810	5824	159
906	18	6	50	8820	2361	136
907	7	31	30	8830	7126	177
908	1	29	50	8840	4541	127
909	21	17	30	8850	4401	150
910	1	29	50	8860	10866	174
911	21	17	10	8870	3769	154
912	1	29	30	8880	3875	132
913	21	17	40	8890	4181	131
914	4	23	20	8900	3084	159
915	1	29	50	8910	80	149
916	21	17	50	8920	244	177
917	7	31	10	8930	8104	137
918	18	6	40	8940	15460	136
919	1	29	10	8950	244	181
920	4	23	20	8960	86	149
921	7	31	50	8970	8616	133
922	7	31	30	8980	921	176
923	21	17	30	8990	3823	180
924	21	17	20	9000	3038	149
925	7	31	40	9010	137	163
926	1	29	40	9020	1525	157
927	18	6	40	9030	970	162
928	7	31	20	9040	2362	133
929	4	23	10	9050	12361	128
930	21	17	30	9060	1494	178
931	4	23	50	9070	4949	180
932	1	29	10	9080	5576	144
933	18	6	40	9090	2878	145
934	18	6	30	9100	11048	136
935	18	6	30	9110	3579	162
936	4	23	20	9120	1071	159
937	21	17	20	9130	5292	134
938	21	17	30	9140	7171	164
939	7	31	30	9150	3403	143
940	21	17	40	9160	5278	170
941	4	23	40	9200	3304	140
942	21	17	30	9210	59	156
943	1	29	40	9220	8016	141
944	7	31	40	9230	2542	129
945	7	31	30	9240	625	156
946	4	23	20	9250	598	182
947	4	23	50	9260	8230	172
948	7	31	20	9270	15713	173
949	4	23	40	9280	252	131
950	7	31	50	9290	8231	164
951	18	6	40	9300	9013	127
952	7	31	40	9310	737	164
953	7	31	10	9320	4428	178
954	7	31	50	9330	803	131
955	21	17	30	9340	9246	171
956	1	29	50	9350	7002	166
957	4	23	30	9360	464	167
958	1	29	20	9370	33997	180
959	4	23	10	9380	1741	167
960	18	6	50	9390	2389	128
961	1	29	20	9400	1048	156
962	21	17	10	9410	1948	171
963	4	23	40	9420	5152	182
964	1	29	10	9430	1757	155
965	4	23	50	9440	1014	176
966	21	17	10	9450	7816	136
967	21	17	40	9460	454	169
968	7	31	20	9470	4973	178
969	1	29	50	9480	11681	179
970	4	23	30	9490	6146	173
971	1	29	30	9500	1576	169
972	21	17	30	9510	141	155
973	4	23	10	9520	2084	176
974	18	6	30	9530	1580	138
975	1	29	40	9540	2458	136
976	21	17	30	9550	8137	160
977	7	31	50	9560	1664	161
978	18	6	50	9600	627	177
979	1	29	40	9616	1960	176
980	1	29	20	9632	9006	163
981	4	23	40	9648	2354	168
982	7	31	20	9664	1071	171
983	1	29	40	9680	1943	128
984	7	31	20	9696	343	146
985	4	23	50	9712	2157	177
986	7	31	20	9728	3119	142
987	18	6	50	9744	344	148
988	4	23	50	9760	1608	141
989	4	23	10	9776	146	147
990	1	29	30	9792	5792	179
991	1	29	50	9808	536	174
992	7	31	10	9824	5295	136
993	18	6	30	9840	2619	179
994	4	23	30	9856	525	141
995	7	31	30	9872	2790	140
996	4	23	30	9888	777	152
997	18	6	40	9904	1373	157
998	1	29	30	9920	2851	169
999	1	29	50	9936	1131	136
1000	21	17	30	9952	1349	146
1001	7	31	30	9968	128	140
1002	21	17	40	9984	700	177
1003	4	23	30	10000	139	177
1004	21	17	10	10008	1293	141
1005	7	31	20	10016	3163	177
1006	4	23	20	10024	7873	155
1007	1	29	30	10032	5746	171
1008	4	23	40	10040	1680	167
1009	7	31	10	10048	5132	177
1010	1	29	50	10056	128	138
1011	4	23	10	10064	2661	131
1012	18	6	40	10072	13344	172
1013	21	17	30	10080	3790	131
1014	4	23	40	10088	2452	131
1015	7	31	10	10096	19	143
1016	4	23	50	10104	21596	168
1017	21	17	30	10112	3	169
1018	21	17	30	10120	4108	162
1019	4	23	20	10128	11164	160
1020	7	31	30	10136	4589	161
1021	4	23	10	10144	5982	170
1022	18	6	50	10152	5991	154
1023	1	29	10	10160	4503	157
1024	21	17	30	10168	799	127
1025	4	23	40	10176	4307	181
1026	18	6	30	10184	3584	159
1027	4	23	10	10192	3231	158
1028	1	29	30	10200	1330	161
1029	4	23	50	10208	6953	181
1030	7	31	10	10216	1328	167
1031	4	23	50	10224	3457	129
1032	4	23	20	10232	7105	175
1033	18	6	50	10240	9158	168
1034	18	6	20	10248	425	156
1035	4	23	50	10256	7955	150
1036	4	23	10	10264	1337	174
1037	1	29	50	10272	896	177
1038	1	29	40	10280	459	170
1039	1	29	50	10288	3068	151
1040	1	29	40	10296	3252	149
1041	7	31	50	10304	6042	153
1042	21	17	20	10312	5377	164
1043	21	17	40	10320	3747	147
1044	4	23	10	10328	17	135
1045	7	31	20	10336	1309	174
1046	7	31	10	10344	702	129
1047	7	31	30	10352	518	132
1048	21	17	40	10360	89	175
1049	7	31	30	10400	503	181
1050	18	6	30	10407	2827	154
1051	4	23	10	10414	773	166
1052	4	23	10	10421	4182	177
1053	4	23	20	10428	3385	135
1054	18	6	20	10435	3319	157
1055	18	6	30	10442	2857	158
1056	18	6	40	10449	1178	168
1057	21	17	30	10456	2654	146
1058	4	23	10	10463	7673	176
1059	18	6	30	10470	3837	143
1060	18	6	40	10477	12381	144
1061	21	17	10	10484	1461	179
1062	1	29	50	10491	2610	137
1063	21	17	40	10498	2926	169
1064	1	29	10	10505	2321	137
1065	4	23	10	10512	2412	135
1066	21	17	50	10519	4258	139
1067	1	29	40	10526	271	131
1068	7	31	20	10533	2864	157
1069	21	17	50	10540	3616	163
1070	18	6	10	10547	5102	151
1071	18	6	10	10554	6332	174
1072	7	31	40	10561	8910	181
1073	7	31	30	10568	449	138
1074	4	23	30	10575	1925	138
1075	1	29	40	10582	9344	134
1076	7	31	40	10589	148	133
1077	4	23	10	10596	736	134
1078	7	31	50	10603	4451	148
1079	18	6	10	10610	9288	135
1080	21	17	30	10617	2758	178
1081	4	23	10	10624	2541	154
1082	7	31	20	10631	3037	166
1083	18	6	10	10638	719	163
1084	18	6	30	10645	1527	153
1085	1	29	50	10652	451	128
1086	21	17	40	10659	10645	135
1087	1	29	50	10666	1202	166
1088	21	17	40	10673	1630	137
1089	1	29	50	10680	3571	180
1090	1	29	10	10687	3745	164
1091	7	31	40	10694	6423	154
1092	7	31	40	10701	1708	127
1093	7	31	10	10708	2706	154
1094	21	17	20	10715	3478	133
1095	1	29	30	10722	1152	152
1096	4	23	50	10729	1425	143
1097	1	29	40	10736	995	178
1098	7	31	40	10743	734	137
1099	21	17	10	10750	3205	127
1100	7	31	30	10757	3912	161
1101	7	31	20	10800	401	181
1102	1	29	10	10810	3768	157
1103	21	17	50	10820	2227	138
1104	4	23	20	10830	2026	156
1105	21	17	30	10840	4980	163
1106	21	17	20	10850	1333	167
1107	7	31	30	10860	3125	166
1108	1	29	40	10870	837	180
1109	1	29	30	10880	4322	150
1110	4	23	40	10890	2569	152
1111	21	17	30	10900	364	161
1112	18	6	30	10910	6718	181
1113	1	29	10	10920	12080	168
1114	4	23	50	10930	505	147
1115	7	31	40	10940	2649	173
1116	18	6	50	10950	5951	140
1117	7	31	50	10960	1511	157
1118	4	23	20	10970	900	142
1119	1	29	10	10980	1623	135
1120	7	31	20	10990	2959	127
1121	21	17	10	11000	2013	156
1122	1	29	10	11010	5251	176
1123	4	23	30	11020	10146	159
1124	21	17	40	11030	17431	182
1125	4	23	30	11040	10175	180
1126	7	31	20	11050	2369	173
1127	21	17	40	11060	2046	154
1128	21	17	20	11070	2980	131
1129	18	6	10	11080	565	168
1130	7	31	50	11090	3699	173
1131	7	31	10	11100	6774	137
1132	7	31	20	11110	1	179
1133	7	31	50	11120	511	148
1134	7	31	40	11130	1302	156
1135	1	29	10	11140	2062	180
1136	4	23	10	11150	7868	179
1137	7	31	30	11160	443	154
1138	21	17	40	11170	5830	133
1139	4	23	50	11180	3718	172
1140	18	6	40	11200	6930	143
1141	1	29	20	11213	1963	152
1142	21	17	10	11226	293	169
1143	21	17	20	11239	4485	169
1144	4	23	10	11252	495	155
1145	1	29	30	11265	2943	129
1146	4	23	10	11278	16988	156
1147	4	23	40	11291	2019	142
1148	1	29	10	11304	1867	133
1149	1	29	40	11317	405	143
1150	21	17	40	11330	2587	139
1151	7	31	50	11343	16860	169
1152	4	23	20	11356	76	162
1153	7	31	40	11369	7188	128
1154	18	6	50	11382	115	182
1155	21	17	20	11395	1037	132
1156	7	31	20	11408	1813	131
1157	4	23	30	11421	4675	181
1158	1	29	10	11434	2318	139
1159	21	17	50	11447	2585	159
1160	1	29	20	11460	1232	172
1161	21	17	40	11473	8585	139
1162	21	17	20	11486	68	161
1163	7	31	40	11499	235	138
1164	4	23	30	11512	235	160
1165	21	17	30	11525	4290	141
1166	18	6	10	11538	362	164
1167	4	23	40	11551	4730	159
1168	4	23	20	11564	4474	138
1169	4	23	40	11577	5032	149
1170	18	6	40	11600	3915	177
1171	4	23	30	11610	4424	169
1172	21	17	10	11620	3171	150
1173	21	17	20	11630	3627	152
1174	7	31	30	11640	2856	175
1175	4	23	10	11650	579	157
1176	21	17	10	11660	1570	169
1177	18	6	40	11670	233	134
1178	21	17	20	11680	6526	131
1179	7	31	20	11690	2511	179
1180	1	29	20	11700	10979	150
1181	1	29	30	11710	207	158
1182	21	17	30	11720	111	148
1183	21	17	40	11730	2240	171
1184	18	6	30	11740	4262	156
1185	21	17	50	11750	3851	130
1186	1	29	50	11760	6383	158
1187	21	17	40	11770	726	178
1188	4	23	10	11780	383	148
1189	7	31	20	11790	202	151
1190	18	6	50	11800	156	176
1191	21	17	30	11810	749	181
1192	4	23	20	11820	4375	141
1193	21	17	50	11830	1376	157
1194	18	6	30	11840	1663	127
1195	4	23	50	11850	11258	130
1196	18	6	50	11860	1854	173
1197	1	29	20	11870	54	158
1198	18	6	40	11880	3838	136
1199	7	31	40	11890	2454	140
1200	21	17	20	11900	2279	147
1201	21	17	30	11910	1382	179
1202	1	29	30	11920	5137	131
1203	7	31	20	11930	4282	166
1204	7	31	10	11940	2556	149
1205	18	6	20	11950	6582	153
1206	21	17	50	11960	2303	146
1207	4	23	50	11970	2197	136
1208	1	29	10	12000	1565	135
1209	21	17	40	12009	8962	152
1210	21	17	20	12018	9364	146
1211	4	23	30	12027	1470	180
1212	7	31	10	12036	8647	176
1213	4	23	50	12045	14539	143
1214	21	17	40	12054	3108	135
1215	1	29	50	12063	966	141
1216	1	29	10	12072	7742	174
1217	1	29	40	12081	3546	173
1218	4	23	20	12090	2055	164
1219	7	31	30	12099	2312	156
1220	21	17	30	12108	7881	166
1221	4	23	30	12117	10125	169
1222	1	29	40	12126	3685	138
1223	7	31	10	12135	3911	169
1224	1	29	50	12144	4526	156
1225	4	23	10	12153	2416	178
1226	1	29	10	12162	16	154
1227	1	29	20	12171	1184	176
1228	7	31	40	12180	1182	152
1229	18	6	30	12189	3379	171
1230	1	29	10	12198	5774	166
1231	7	31	40	12207	1491	138
1232	21	17	10	12216	2317	180
1233	18	6	40	12225	1697	173
1234	21	17	50	12234	129	158
1235	1	29	40	12243	4126	154
1236	1	29	10	12252	1585	154
1237	1	29	10	12261	1849	164
1238	1	29	30	12270	12554	149
1239	21	17	20	12279	7545	130
1240	1	29	10	12288	795	167
1241	4	23	50	12297	1877	148
1242	21	17	40	12306	7388	169
1243	7	31	20	12315	882	178
1244	7	31	10	12324	629	132
1245	21	17	20	12333	5247	178
1246	1	29	20	12342	1347	131
1247	21	17	20	12351	4703	181
1248	1	29	10	12360	5557	148
1249	18	6	40	12369	536	169
1250	4	23	40	12378	352	138
1251	18	6	20	12400	6111	127
1252	7	31	10	12414	3784	176
1253	7	31	10	12428	783	162
1254	7	31	10	12442	3645	156
1255	18	6	50	12456	2885	161
1256	21	17	50	12470	4686	167
1257	18	6	20	12484	418	144
1258	4	23	30	12498	15600	136
1259	18	6	50	12512	76	153
1260	18	6	10	12526	6497	182
1261	7	31	30	12540	800	152
1262	21	17	10	12554	729	167
1263	7	31	30	12568	5601	147
1264	7	31	40	12582	555	168
1265	18	6	40	12596	3591	135
1266	4	23	30	12610	8097	182
1267	18	6	30	12624	3098	130
1268	7	31	10	12638	11368	167
1269	7	31	50	12652	9082	163
1270	1	29	50	12666	8734	169
1271	21	17	50	12680	2658	137
1272	21	17	10	12694	3991	151
1273	4	23	50	12708	3224	161
1274	7	31	30	12722	1196	172
1275	18	6	40	12736	2662	145
1276	7	31	40	12750	325	127
1277	18	6	30	12764	2070	142
1278	1	29	50	12778	2602	164
1279	18	6	30	12800	11733	160
1280	18	6	50	12808	732	174
1281	1	29	50	12816	1499	156
1282	1	29	10	12824	2817	154
1283	4	23	10	12832	559	166
1284	21	17	50	12840	2661	160
1285	21	17	50	12848	15835	166
1286	21	17	30	12856	4809	144
1287	18	6	50	12864	1214	145
1288	4	23	30	12872	5509	143
1289	4	23	50	12880	2919	180
1290	1	29	50	12888	12264	169
1291	7	31	40	12896	1034	137
1292	4	23	40	12904	1980	154
1293	21	17	40	12912	11111	178
1294	7	31	10	12920	185	131
1295	18	6	30	12928	27402	141
1296	7	31	40	12936	932	164
1297	1	29	10	12944	372	149
1298	21	17	30	12952	282	137
1299	4	23	30	12960	3221	180
1300	18	6	50	12968	7944	179
1301	21	17	40	12976	5495	128
1302	18	6	20	12984	5541	140
1303	18	6	20	12992	7697	167
1304	1	29	50	13000	1087	182
1305	4	23	40	13008	3654	128
1306	18	6	20	13016	657	158
1307	18	6	20	13024	240	142
1308	1	29	40	13032	10072	173
1309	4	23	30	13040	474	138
1310	7	31	10	13048	2289	161
1311	7	31	30	13056	1348	152
1312	18	6	30	13064	3881	162
1313	18	6	50	13072	134	158
1314	21	17	10	13080	7626	161
1315	18	6	20	13088	2695	152
1316	7	31	20	13096	4507	181
1317	4	23	10	13104	147	127
1318	21	17	40	13112	1245	170
1319	7	31	50	13120	644	129
1320	18	6	10	13128	8939	173
1321	18	6	30	13136	3726	163
1322	7	31	10	13144	6267	169
1323	18	6	10	13152	2204	170
1324	4	23	10	13160	11483	177
1325	4	23	20	13168	4308	159
1326	18	6	20	13176	399	165
1327	1	29	20	13200	4730	155
1328	21	17	40	13211	2837	157
1329	18	6	50	13222	1202	157
1330	7	31	10	13233	1304	164
1331	4	23	40	13244	18149	160
1332	18	6	50	13255	1636	132
1333	4	23	30	13266	10370	167
1334	21	17	40	13277	351	164
1335	18	6	10	13288	2182	173
1336	21	17	40	13299	3310	142
1337	7	31	50	13310	4216	169
1338	18	6	10	13321	8917	167
1339	18	6	10	13332	8721	158
1340	7	31	30	13343	7069	134
1341	7	31	20	13354	4100	129
1342	18	6	20	13365	1676	155
1343	1	29	10	13376	4040	132
1344	7	31	40	13387	343	145
1345	4	23	20	13398	4402	144
1346	4	23	20	13409	3734	157
1347	1	29	50	13420	1769	178
1348	21	17	30	13431	361	143
1349	18	6	50	13442	3239	161
1350	4	23	20	13453	1560	143
1351	18	6	30	13464	753	163
1352	18	6	20	13475	6888	162
1353	18	6	40	13486	10076	134
1354	1	29	20	13497	4316	133
1355	1	29	30	13508	1186	142
1356	1	29	40	13519	12456	141
1357	21	17	10	13530	1578	152
1358	21	17	20	13541	9663	173
1359	7	31	40	13552	3457	149
1360	1	29	30	13563	2803	145
1361	1	29	50	13574	2451	130
1362	18	6	30	13600	3196	167
1363	7	31	40	13608	4312	142
1364	7	31	30	13616	7176	156
1365	1	29	30	13624	2365	127
1366	18	6	40	13632	12002	146
1367	7	31	50	13640	4761	177
1368	4	23	20	13648	11900	177
1369	4	23	10	13656	2254	171
1370	4	23	40	13664	10492	137
1371	1	29	30	13672	99	138
1372	1	29	10	13680	620	143
1373	4	23	40	13688	1915	138
1374	1	29	20	13696	1539	178
1375	4	23	40	13704	1160	171
1376	21	17	10	13712	1224	135
1377	7	31	50	13720	675	163
1378	4	23	20	13728	1670	151
1379	21	17	40	13736	1292	160
1380	21	17	50	13744	216	128
1381	1	29	20	13752	5351	169
1382	18	6	40	13760	3736	139
1383	4	23	50	13768	12224	179
1384	7	31	40	13776	11036	141
1385	4	23	30	13784	450	127
1386	18	6	20	13792	735	181
1387	1	29	10	13800	2153	181
1388	18	6	20	13808	1231	161
1389	7	31	20	13816	7026	148
1390	18	6	20	13824	2501	158
1391	21	17	30	13832	1080	172
1392	7	31	40	13840	5400	179
1393	7	31	20	13848	1505	144
1394	1	29	30	13856	1932	140
1395	7	31	40	13864	1854	131
1396	4	23	50	13872	381	144
1397	7	31	40	13880	4591	139
1398	18	6	40	13888	6480	158
1399	7	31	20	13896	4040	145
1400	18	6	40	13904	5050	180
1401	7	31	20	13912	9673	162
1402	7	31	40	13920	2100	128
1403	18	6	30	13928	4263	154
1404	21	17	20	13936	3951	150
1405	4	23	40	13944	1418	131
1406	18	6	30	13952	113	147
1407	7	31	40	14000	2324	150
1408	18	6	30	14011	3664	139
1409	7	31	40	14022	2099	144
1410	1	29	20	14033	19796	134
1411	4	23	40	14044	6440	161
1412	4	23	40	14055	16732	128
1413	21	17	30	14066	4027	140
1414	7	31	40	14077	2986	147
1415	21	17	20	14088	5815	158
1416	7	31	10	14099	7618	173
1417	7	31	40	14110	3639	171
1418	21	17	10	14121	5136	128
1419	18	6	50	14132	5196	156
1420	7	31	10	14143	1305	128
1421	1	29	30	14154	3053	148
1422	4	23	40	14165	2254	143
1423	7	31	10	14176	518	155
1424	18	6	40	14187	13516	140
1425	4	23	10	14198	4693	147
1426	18	6	50	14209	1334	142
1427	18	6	40	14220	7089	181
1428	18	6	20	14231	23824	181
1429	18	6	40	14242	11862	174
1430	1	29	50	14253	701	153
1431	18	6	30	14264	3480	178
1432	18	6	20	14275	1743	131
1433	21	17	50	14286	4890	133
1434	7	31	10	14297	3274	162
1435	18	6	40	14308	611	148
1436	4	23	40	14319	1596	168
1437	1	29	20	14330	12105	167
1438	7	31	30	14341	1573	155
1439	18	6	50	14352	4065	136
1440	1	29	50	14363	327	163
1441	7	31	40	14374	5196	158
1442	21	17	40	14400	6780	169
1443	7	31	40	14409	7772	143
1444	7	31	50	14418	7194	141
1445	7	31	30	14427	4372	179
1446	4	23	50	14436	1161	171
1447	21	17	10	14445	448	165
1448	21	17	40	14454	6197	179
1449	1	29	20	14463	3836	164
1450	21	17	30	14472	2935	140
1451	7	31	20	14481	2721	156
1452	7	31	40	14490	12832	137
1453	21	17	40	14499	311	129
1454	21	17	20	14508	1768	144
1455	1	29	20	14517	809	158
1456	18	6	40	14526	2616	146
1457	21	17	30	14535	1352	155
1458	21	17	40	14544	4679	141
1459	18	6	20	14553	11058	130
1460	1	29	50	14562	59	172
1461	21	17	50	14571	882	149
1462	18	6	30	14580	2343	152
1463	21	17	50	14589	4216	147
1464	7	31	40	14598	1137	173
1465	7	31	50	14607	2123	138
1466	18	6	30	14616	2367	156
1467	4	23	40	14625	1309	177
1468	18	6	30	14634	314	160
1469	4	23	10	14643	1940	182
1470	4	23	30	14652	2299	172
1471	7	31	50	14661	9194	133
1472	1	29	10	14670	1270	142
1473	7	31	10	14679	355	175
1474	1	29	50	14688	4184	176
1475	1	29	20	14697	3204	152
1476	18	6	40	14706	5055	162
1477	7	31	10	14715	3414	127
1478	1	29	20	14724	1353	141
1479	7	31	20	14733	1432	143
1480	1	29	10	14742	2309	158
1481	4	23	40	14751	782	159
1482	18	6	10	14760	173	128
1483	18	6	50	14769	1916	144
1484	18	6	10	14778	2238	160
1485	18	6	40	14787	4402	180
1486	7	31	40	14800	3886	168
1487	18	6	30	14810	1305	129
1488	21	17	40	14820	1711	171
1489	4	23	40	14830	1885	131
1490	1	29	50	14840	4334	129
1491	7	31	10	14850	172	140
1492	1	29	30	14860	1214	152
1493	18	6	10	14870	1965	152
1494	1	29	50	14880	3904	146
1495	18	6	10	14890	8502	140
1496	4	23	20	14900	1335	133
1497	21	17	50	14910	721	148
1498	1	29	50	14920	3758	152
1499	21	17	50	14930	2197	130
1500	18	6	10	14940	983	150
1501	21	17	10	14950	14418	176
1502	7	31	30	14960	123	132
1503	4	23	30	14970	2064	180
1504	7	31	40	14980	791	174
1505	18	6	40	14990	3873	133
1506	7	31	10	15000	1001	141
1507	1	29	30	15010	8304	145
1508	7	31	40	15020	2221	136
1509	21	17	50	15030	6563	174
1510	21	17	30	15040	2507	178
1511	4	23	40	15050	9455	146
1512	21	17	20	15060	34751	141
1513	1	29	30	15070	1967	181
1514	18	6	10	15080	2759	154
1515	7	31	10	15090	7262	140
1516	4	23	40	15100	675	147
1517	1	29	30	15110	259	135
1518	4	23	40	15120	1008	169
1519	18	6	10	15130	3471	176
1520	1	29	10	15140	6248	153
1521	21	17	50	15150	736	154
1522	4	23	10	15160	10700	132
1523	7	31	40	15170	4814	156
1524	18	6	20	15180	5132	179
1525	21	17	20	15190	2011	159
1526	4	23	20	15200	4061	164
1527	7	31	10	15208	8610	173
1528	4	23	10	15216	2477	156
1529	21	17	50	15224	5845	162
1530	4	23	10	15232	1244	146
1531	18	6	50	15240	3216	141
1532	7	31	10	15248	13396	157
1533	1	29	20	15256	7994	137
1534	18	6	10	15264	346	176
1535	1	29	10	15272	2508	165
1536	21	17	10	15280	636	154
1537	21	17	30	15288	4078	131
1538	4	23	10	15296	898	152
1539	1	29	20	15304	6604	154
1540	7	31	30	15312	2361	166
1541	4	23	20	15320	5496	149
1542	4	23	50	15328	7651	175
1543	1	29	40	15336	3122	180
1544	4	23	20	15344	9634	135
1545	7	31	10	15352	5636	166
1546	21	17	40	15360	172	182
1547	21	17	50	15368	8264	154
1548	1	29	10	15376	8825	180
1549	4	23	50	15384	6167	132
1550	21	17	30	15392	5166	176
1551	18	6	50	15400	999	181
1552	4	23	10	15408	11391	161
1553	7	31	40	15416	117	158
1554	21	17	40	15424	4001	160
1555	4	23	10	15432	204	178
1556	4	23	10	15440	170	171
1557	21	17	40	15448	1605	158
1558	18	6	20	15456	4562	128
1559	21	17	30	15464	6136	141
1560	21	17	20	15472	16211	152
1561	1	29	10	15480	1647	151
1562	7	31	20	15488	2130	171
1563	21	17	50	15496	4292	157
1564	18	6	50	15504	3096	154
1565	7	31	40	15512	9778	164
1566	7	31	30	15520	11325	171
1567	7	31	10	15528	581	130
1568	21	17	20	15536	1458	132
1569	1	29	10	15544	132	172
1570	21	17	50	15552	4686	169
1571	7	31	10	15560	2904	143
1572	4	23	20	15568	7911	165
1573	4	23	30	15576	2142	142
1574	7	31	40	15584	576	137
1575	4	23	50	15600	177	130
1576	18	6	10	15610	1518	162
1577	4	23	20	15620	1971	135
1578	1	29	30	15630	6238	148
1579	7	31	10	15640	13666	140
1580	1	29	40	15650	1740	160
1581	4	23	30	15660	5782	136
1582	4	23	50	15670	20413	175
1583	1	29	20	15680	4504	150
1584	1	29	20	15690	175	168
1585	18	6	10	15700	189	148
1586	21	17	40	15710	3771	163
1587	1	29	30	15720	10984	181
1588	18	6	40	15730	1056	159
1589	21	17	50	15740	135	180
1590	7	31	50	15750	2207	177
1591	21	17	30	15760	6784	178
1592	7	31	20	15770	12762	130
1593	7	31	40	15780	2156	138
1594	18	6	10	15790	6984	128
1595	4	23	30	15800	458	141
1596	21	17	50	15810	1626	160
1597	7	31	50	15820	864	144
1598	7	31	40	15830	12	153
1599	21	17	40	15840	23007	154
1600	21	17	30	15850	6740	177
1601	18	6	40	15860	9497	178
1602	1	29	30	15870	3355	149
1603	1	29	50	15880	7789	135
1604	4	23	50	15890	403	146
1605	18	6	20	15900	937	160
1606	7	31	40	15910	1782	142
1607	21	17	40	15920	2997	146
1608	1	29	10	15930	9005	148
1609	18	6	50	15940	3555	157
1610	1	29	10	15950	5295	143
1611	1	29	40	15960	4228	162
1612	7	31	20	15970	3112	137
1613	4	23	10	16000	4996	171
1614	21	17	50	16007	2258	164
1615	18	6	50	16014	984	142
1616	4	23	10	16021	1684	158
1617	4	23	10	16028	5344	148
1618	21	17	30	16035	3820	171
1619	1	29	50	16042	2714	132
1620	21	17	50	16049	1442	127
1621	7	31	10	16056	21	172
1622	18	6	30	16063	9340	153
1623	21	17	20	16070	1271	134
1624	4	23	10	16077	3750	178
1625	21	17	30	16084	8271	173
1626	1	29	40	16091	3260	140
1627	21	17	30	16098	2354	154
1628	18	6	20	16105	3558	140
1629	1	29	10	16112	105	178
1630	4	23	50	16119	4942	152
1631	7	31	10	16126	518	144
1632	7	31	40	16133	1951	165
1633	18	6	50	16140	6299	176
1634	21	17	30	16147	662	145
1635	21	17	50	16154	2361	164
1636	18	6	50	16161	875	170
1637	4	23	10	16168	587	166
1638	4	23	30	16175	3468	130
1639	7	31	10	16182	7180	135
1640	4	23	30	16189	4641	132
1641	21	17	50	16196	347	144
1642	21	17	20	16203	167	160
1643	1	29	40	16210	4123	129
1644	21	17	50	16217	1422	163
1645	7	31	10	16224	5906	141
1646	18	6	10	16231	1291	167
1647	1	29	20	16238	1127	141
1648	7	31	50	16245	16873	156
1649	21	17	10	16252	3738	168
1650	1	29	20	16259	5785	165
1651	18	6	50	16266	3633	139
1652	7	31	20	16273	3461	156
1653	7	31	50	16280	2856	147
1654	1	29	40	16287	4736	153
1655	1	29	30	16294	6629	131
1656	21	17	20	16301	14	151
1657	18	6	10	16308	1401	141
1658	7	31	50	16315	1145	140
1659	7	31	20	16322	1005	155
1660	18	6	30	16329	4217	146
1661	7	31	10	16336	9844	171
1662	7	31	20	16343	11129	132
1663	21	17	50	16350	8120	152
1664	7	31	50	16357	8464	132
1665	18	6	10	16400	3789	182
1666	4	23	10	16409	1239	180
1667	4	23	30	16418	5509	143
1668	7	31	30	16427	3289	152
1669	1	29	50	16436	16944	127
1670	21	17	50	16445	87	155
1671	1	29	10	16454	928	175
1672	1	29	30	16463	684	144
1673	1	29	30	16472	6080	162
1674	4	23	20	16481	6561	127
1675	21	17	10	16490	992	166
1676	7	31	50	16499	13313	139
1677	18	6	40	16508	1203	151
1678	21	17	30	16517	14442	153
1679	7	31	10	16526	7252	164
1680	7	31	30	16535	3642	132
1681	21	17	30	16544	1494	181
1682	18	6	30	16553	2461	180
1683	18	6	10	16562	16041	155
1684	1	29	40	16571	1212	139
1685	18	6	50	16580	477	139
1686	1	29	40	16589	3128	170
1687	21	17	40	16598	8341	145
1688	1	29	10	16607	416	150
1689	7	31	10	16616	1681	140
1690	21	17	40	16625	2335	139
1691	1	29	40	16634	9252	155
1692	21	17	10	16643	8744	153
1693	21	17	10	16652	1769	158
1694	4	23	30	16661	804	172
1695	7	31	30	16670	5913	143
1696	18	6	30	16679	626	138
1697	1	29	20	16688	756	134
1698	18	6	50	16697	5771	180
1699	7	31	40	16706	4647	164
1700	18	6	50	16715	2813	143
1701	21	17	30	16724	3003	151
1702	4	23	40	16733	4621	172
1703	7	31	10	16742	33027	156
1704	21	17	10	16751	3523	140
1705	1	29	20	16760	3260	173
1706	18	6	20	16769	2315	177
1707	4	23	50	16778	6392	176
1708	1	29	40	16800	4873	147
1709	1	29	30	16810	2572	169
1710	18	6	40	16820	7462	175
1711	7	31	40	16830	5447	127
1712	18	6	30	16840	1557	170
1713	21	17	40	16850	2124	158
1714	1	29	50	16860	3919	149
1715	18	6	10	16870	1661	148
1716	4	23	40	16880	2428	174
1717	18	6	20	16890	12515	160
1718	21	17	10	16900	3737	139
1719	4	23	10	16910	5826	175
1720	18	6	20	16920	288	138
1721	4	23	20	16930	1981	162
1722	18	6	20	16940	4185	176
1723	21	17	30	16950	980	139
1724	1	29	20	16960	3135	170
1725	21	17	20	16970	514	182
1726	1	29	50	16980	1539	148
1727	18	6	30	16990	6434	169
1728	4	23	50	17000	3655	173
1729	21	17	50	17010	138	166
1730	7	31	30	17020	310	155
1731	7	31	30	17030	6275	132
1732	21	17	40	17040	2741	153
1733	18	6	50	17050	1346	171
1734	4	23	10	17060	1612	147
1735	7	31	50	17070	288	164
1736	18	6	40	17080	3941	136
1737	4	23	30	17090	2463	150
1738	4	23	50	17100	2018	141
1739	1	29	30	17110	4869	149
1740	21	17	40	17120	4470	144
1741	4	23	50	17130	5463	177
1742	7	31	10	17140	752	181
1743	21	17	30	17150	3918	163
1744	18	6	30	17160	2757	148
1745	1	29	10	17170	4794	138
1746	7	31	10	17180	3455	168
1747	1	29	30	17200	2581	177
1748	21	17	20	17211	5279	135
1749	18	6	30	17222	7390	150
1750	18	6	40	17233	1524	152
1751	21	17	20	17244	837	161
1752	1	29	10	17255	3331	177
1753	7	31	50	17266	22956	132
1754	4	23	20	17277	3842	153
1755	7	31	30	17288	485	164
1756	4	23	10	17299	8457	157
1757	4	23	20	17310	2521	159
1758	4	23	50	17321	2438	169
1759	1	29	50	17332	2501	140
1760	21	17	30	17343	1087	152
1761	21	17	50	17354	4083	135
1762	21	17	50	17365	885	130
1763	18	6	40	17376	4436	163
1764	4	23	10	17387	2041	141
1765	7	31	10	17398	219	170
1766	21	17	50	17409	1138	157
1767	21	17	40	17420	149	181
1768	18	6	40	17431	335	138
1769	18	6	50	17442	3239	168
1770	21	17	20	17453	4995	138
1771	21	17	10	17464	21379	150
1772	21	17	20	17475	3283	145
1773	21	17	40	17486	9339	173
1774	4	23	30	17497	394	157
1775	7	31	30	17508	1571	144
1776	7	31	20	17519	990	164
1777	18	6	50	17530	98	140
1778	7	31	50	17541	5081	174
1779	1	29	10	17552	7455	158
1780	1	29	10	17563	3124	141
1781	1	29	30	17574	7429	153
1782	4	23	10	17600	277	161
1783	18	6	30	17609	5653	149
1784	7	31	10	17618	5052	140
1785	7	31	20	17627	8678	176
1786	4	23	20	17636	1027	137
1787	1	29	50	17645	2767	148
1788	21	17	30	17654	4416	145
1789	21	17	30	17663	980	165
1790	18	6	40	17672	844	134
1791	7	31	30	17681	692	159
1792	1	29	30	17690	13	164
1793	4	23	10	17699	10709	128
1794	1	29	50	17708	2509	180
1795	1	29	40	17717	135	136
1796	4	23	50	17726	3160	173
1797	4	23	20	17735	2782	144
1798	4	23	30	17744	1018	149
1799	7	31	20	17753	2352	160
1800	18	6	10	17762	2396	164
1801	7	31	30	17771	3122	169
1802	7	31	40	17780	2011	166
1803	4	23	20	17789	783	149
1804	18	6	10	17798	553	138
1805	18	6	40	17807	1552	128
1806	1	29	10	17816	3964	143
1807	18	6	30	17825	4338	130
1808	1	29	30	17834	9322	158
1809	7	31	50	17843	1384	136
1810	1	29	20	17852	9020	127
1811	1	29	20	17861	7725	143
1812	21	17	20	17870	5519	168
1813	4	23	40	17879	3781	137
1814	21	17	50	17888	10249	182
1815	21	17	10	17897	2004	181
1816	4	23	40	17906	3401	157
1817	7	31	30	17915	2333	163
1818	7	31	40	17924	12227	150
1819	7	31	50	17933	2886	147
1820	1	29	50	17942	7015	159
1821	7	31	50	17951	5518	136
1822	1	29	20	17960	1836	163
1823	4	23	20	17969	7951	155
1824	21	17	10	18000	1814	160
1825	18	6	50	18010	3231	162
1826	21	17	30	18020	19214	168
1827	4	23	10	18030	3963	143
1828	7	31	40	18040	2298	176
1829	4	23	40	18050	250	148
1830	18	6	40	18060	6032	153
1831	18	6	50	18070	5063	147
1832	21	17	20	18080	6426	174
1833	21	17	40	18090	1284	140
1834	7	31	10	18100	2004	176
1835	18	6	40	18110	1	155
1836	18	6	40	18120	2381	170
1837	21	17	40	18130	8799	138
1838	1	29	20	18140	3950	137
1839	18	6	30	18150	2013	138
1840	7	31	10	18160	1187	160
1841	1	29	50	18170	3325	133
1842	1	29	30	18180	3631	173
1843	18	6	40	18190	1886	136
1844	21	17	10	18200	1555	165
1845	1	29	20	18210	1633	173
1846	21	17	20	18220	2115	174
1847	7	31	50	18230	1989	154
1848	4	23	10	18240	33	129
1849	18	6	50	18250	298	181
1850	4	23	10	18260	2468	162
1851	21	17	30	18270	440	137
1852	21	17	30	18280	3179	177
1853	21	17	40	18290	4961	128
1854	4	23	20	18300	3846	128
1855	7	31	20	18310	4848	155
1856	7	31	20	18320	763	132
1857	18	6	30	18330	3038	137
1858	7	31	20	18340	6708	172
1859	1	29	20	18350	3423	159
1860	4	23	10	18360	1601	143
1861	7	31	50	18370	0	182
1862	4	23	40	18380	1018	137
1863	7	31	40	18400	7381	136
1864	18	6	10	18410	2884	165
1865	21	17	20	18420	780	163
1866	18	6	10	18430	228	152
1867	21	17	30	18440	2567	155
1868	7	31	40	18450	980	143
1869	4	23	20	18460	10235	153
1870	4	23	20	18470	11630	137
1871	4	23	50	18480	4602	145
1872	4	23	10	18490	6738	153
1873	18	6	20	18500	3260	138
1874	21	17	40	18510	1188	170
1875	21	17	10	18520	1217	153
1876	7	31	20	18530	658	146
1877	21	17	30	18540	19394	153
1878	7	31	10	18550	3113	173
1879	21	17	40	18560	119	170
1880	18	6	40	18570	619	170
1881	18	6	40	18580	3663	141
1882	21	17	50	18590	3874	141
1883	4	23	50	18600	1817	178
1884	21	17	40	18610	3667	169
1885	4	23	20	18620	4489	143
1886	18	6	20	18630	743	153
1887	21	17	30	18640	371	172
1888	4	23	20	18650	4279	139
1889	1	29	40	18660	4707	148
1890	7	31	30	18670	7007	149
1891	1	29	20	18680	9929	160
1892	18	6	30	18690	316	149
1893	1	29	50	18700	215	160
1894	21	17	20	18710	271	178
1895	1	29	10	18720	1187	160
1896	7	31	10	18730	1660	179
1897	18	6	50	18740	5618	163
1898	21	17	30	18750	7926	153
1899	1	29	50	18760	626	129
1900	7	31	20	18770	1312	147
1901	21	17	40	18780	11059	146
1902	21	17	20	18800	767	137
1903	1	29	50	18810	358	158
1904	7	31	40	18820	541	171
1905	21	17	10	18830	6002	143
1906	4	23	20	18840	1368	166
1907	4	23	20	18850	18799	165
1908	21	17	50	18860	2417	140
1909	4	23	20	18870	1756	157
1910	1	29	50	18880	3200	136
1911	21	17	40	18890	801	161
1912	7	31	20	18900	19016	147
1913	7	31	30	18910	6122	129
1914	7	31	40	18920	2259	171
1915	1	29	30	18930	5237	129
1916	7	31	50	18940	1910	167
1917	1	29	50	18950	7855	142
1918	7	31	10	18960	1107	150
1919	21	17	50	18970	7313	149
1920	4	23	50	18980	30	136
1921	18	6	30	18990	13636	163
1922	4	23	20	19000	6786	142
1923	4	23	50	19010	2982	178
1924	7	31	40	19020	403	131
1925	18	6	10	19030	117	160
1926	18	6	30	19040	3740	179
1927	18	6	20	19050	5742	175
1928	4	23	50	19060	2706	142
1929	21	17	30	19070	1	137
1930	18	6	50	19080	10239	157
1931	18	6	30	19090	2024	165
1932	21	17	50	19100	557	127
1933	7	31	20	19110	2015	170
1934	1	29	30	19120	5542	149
1935	4	23	50	19130	924	151
1936	18	6	20	19140	2215	130
1937	7	31	50	19150	3059	165
1938	7	31	10	19160	1090	134
1939	1	29	40	19200	6931	152
1940	21	17	10	19209	1943	159
1941	21	17	10	19218	787	170
1942	1	29	40	19227	4031	159
1943	21	17	10	19236	1436	164
1944	1	29	50	19245	608	138
1945	7	31	40	19254	4142	170
1946	4	23	50	19263	10365	140
1947	4	23	10	19272	1384	147
1948	4	23	20	19281	3879	172
1949	7	31	50	19290	1636	176
1950	18	6	10	19299	8384	175
1951	4	23	20	19308	2615	164
1952	7	31	40	19317	2875	139
1953	21	17	40	19326	92	131
1954	4	23	50	19335	591	175
1955	4	23	50	19344	1500	167
1956	4	23	30	19353	512	130
1957	18	6	30	19362	4188	142
1958	18	6	20	19371	18321	154
1959	4	23	40	19380	410	137
1960	7	31	40	19389	743	146
1961	1	29	10	19398	3000	174
1962	21	17	30	19407	2765	150
1963	21	17	20	19416	2415	130
1964	18	6	20	19425	2267	127
1965	7	31	20	19434	666	153
1966	21	17	40	19443	211	161
1967	21	17	10	19452	3621	159
1968	7	31	50	19461	137	162
1969	1	29	40	19470	1020	147
1970	7	31	10	19479	1453	181
1971	1	29	50	19488	7461	129
1972	4	23	40	19497	3881	135
1973	7	31	20	19506	2169	180
1974	21	17	50	19515	2424	172
1975	4	23	50	19524	7058	149
1976	18	6	50	19533	1613	131
1977	4	23	10	19542	2894	161
1978	4	23	50	19551	1941	166
1979	1	29	50	19560	2398	143
1980	21	17	10	19569	438	147
1981	21	17	20	19600	1512	159
1982	7	31	50	19621	608	130
1983	7	31	50	19642	678	149
1984	7	31	30	19663	525	144
1985	21	17	30	19684	2338	176
1986	4	23	40	19705	8631	153
1987	1	29	20	19726	453	179
1988	1	29	30	19747	1195	178
1989	4	23	40	19768	2298	164
1990	1	29	30	19789	360	147
1991	1	29	50	19810	5988	171
1992	4	23	40	19831	3148	138
1993	18	6	30	19852	607	179
1994	18	6	10	19873	4241	133
1995	21	17	50	19894	7782	167
1996	21	17	40	19915	4552	146
1997	1	29	20	19936	801	155
1998	7	31	40	19957	8130	164
1999	18	6	30	19978	17527	168
