0	18	6	40	0	2147483647	201
1	7	31	10	5	2147483647	199
2	21	17	40	10	2147483647	169
3	21	17	40	15	2147483647	202
4	18	6	10	20	2147483647	191
5	1	29	20	25	2147483647	195
6	4	23	30	30	2147483647	189
7	18	6	15	35	2147483647	196
8	18	6	15	40	2147483647	187
9	18	6	15	45	2147483647	201
10	7	31	40	50	2147483647	186
11	18	6	10	55	2147483647	202
12	1	29	30	60	2147483647	193
13	4	23	20	65	2147483647	174
14	4	23	30	70	2147483647	187
15	1	29	40	75	2147483647	203
16	18	6	10	80	2147483647	172
17	7	31	15	85	2147483647	198
18	21	17	20	90	2147483647	155
19	1	29	15	95	2147483647	169
20	18	6	30	100	2147483647	175
21	1	29	30	105	2147483647	187
22	4	23	40	110	2147483647	170
23	18	6	30	115	2147483647	197
24	7	31	20	120	2147483647	187
25	21	17	20	125	2147483647	171
26	7	31	30	130	2147483647	194
27	4	23	10	135	2147483647	177
28	21	17	40	140	2147483647	163
29	18	6	10	145	2147483647	185
30	4	23	40	150	2147483647	159
31	7	31	15	155	2147483647	195
32	21	17	20	160	2147483647	171
33	21	17	40	165	2147483647	195
34	4	23	30	170	2147483647	172
35	4	23	20	175	2147483647	202
36	4	23	10	180	2147483647	170
37	4	23	10	185	2147483647	188
38	7	31	15	190	2147483647	161
39	21	17	30	195	2147483647	188
40	18	6	30	200	2147483647	172
41	7	31	10	205	2147483647	159
42	7	31	15	210	2147483647	189
43	18	6	30	215	2147483647	177
44	21	17	20	220	2147483647	170
45	7	31	20	225	2147483647	188
46	1	29	10	230	2147483647	190
47	4	23	30	235	2147483647	194
48	4	23	30	240	2147483647	205
49	7	31	10	245	2147483647	183
50	4	23	30	250	2147483647	207
51	7	31	20	255	2147483647	197
52	18	6	30	260	2147483647	182
53	4	23	30	265	2147483647	174
54	21	17	10	270	2147483647	209
55	1	29	15	275	2147483647	169
56	1	29	10	280	2147483647	184
57	4	23	15	285	2147483647	181
58	1	29	15	290	2147483647	169
59	4	23	30	295	2147483647	175
60	18	6	40	300	2147483647	156
61	21	17	30	305	2147483647	167
62	4	23	20	310	2147483647	188
63	21	17	10	315	2147483647	157
64	7	31	15	320	2147483647	197
65	21	17	30	325	2147483647	201
66	4	23	30	330	2147483647	185
67	1	29	40	335	2147483647	207
68	1	29	30	340	2147483647	157
69	1	29	15	345	2147483647	194
70	7	31	30	350	2147483647	187
71	7	31	40	355	2147483647	193
72	21	17	40	360	2147483647	192
73	21	17	30	365	2147483647	177
74	21	17	30	370	2147483647	207
75	7	31	20	375	2147483647	171
76	18	6	15	380	2147483647	207
77	18	6	15	385	2147483647	202
78	18	6	10	390	2147483647	182
79	1	29	40	395	2147483647	208
80	7	31	20	400	2147483647	190
81	18	6	40	405	2147483647	209
82	21	17	15	410	2147483647	181
83	1	29	30	415	2147483647	190
84	7	31	20	420	2147483647	187
85	7	31	20	425	2147483647	172
86	4	23	20	430	2147483647	167
87	18	6	30	435	2147483647	207
88	1	29	40	440	2147483647	196
89	18	6	20	445	2147483647	157
90	18	6	15	450	2147483647	173
91	21	17	40	455	2147483647	199
92	18	6	40	460	2147483647	174
93	18	6	30	465	2147483647	196
94	4	23	40	470	2147483647	186
95	18	6	10	475	2147483647	159
96	1	29	30	480	2147483647	181
97	21	17	10	485	2147483647	187
98	4	23	20	490	2147483647	190
99	21	17	30	495	2147483647	179
100	18	6	40	500	2147483647	158
101	21	17	15	505	2147483647	193
102	18	6	10	510	2147483647	192
103	4	23	20	515	2147483647	165
104	21	17	20	520	2147483647	206
105	21	17	30	525	2147483647	169
106	7	31	30	530	2147483647	160
107	18	6	40	535	2147483647	160
108	7	31	10	540	2147483647	177
109	1	29	30	545	2147483647	193
110	21	17	40	550	2147483647	172
111	21	17	40	555	2147483647	192
112	1	29	10	560	2147483647	208
113	1	29	15	565	2147483647	170
114	7	31	15	570	2147483647	194
115	21	17	40	575	2147483647	156
116	1	29	15	580	2147483647	196
117	4	23	30	585	2147483647	208
118	1	29	30	590	2147483647	180
119	1	29	40	595	2147483647	179
120	4	23	15	600	2147483647	188
121	1	29	40	605	2147483647	188
122	1	29	10	610	2147483647	165
123	7	31	10	615	2147483647	209
124	7	31	40	620	2147483647	176
125	21	17	30	625	2147483647	197
126	18	6	10	630	2147483647	174
127	7	31	10	635	2147483647	205
128	4	23	40	640	2147483647	200
129	7	31	20	645	2147483647	202
130	4	23	40	650	2147483647	199
131	4	23	15	655	2147483647	175
132	7	31	40	660	2147483647	166
133	4	23	15	665	2147483647	158
134	21	17	10	670	2147483647	205
135	21	17	10	675	2147483647	207
136	21	17	40	680	2147483647	171
137	18	6	40	685	2147483647	171
138	1	29	15	690	2147483647	193
139	21	17	40	695	2147483647	172
140	21	17	40	700	2147483647	166
141	1	29	30	705	2147483647	162
142	4	23	20	710	2147483647	185
143	21	17	10	715	2147483647	157
144	4	23	30	720	2147483647	195
145	4	23	20	725	2147483647	190
146	7	31	30	730	2147483647	200
147	18	6	30	735	2147483647	159
148	7	31	20	740	2147483647	156
149	4	23	40	745	2147483647	185
150	1	29	30	750	2147483647	173
151	7	31	40	755	2147483647	182
152	7	31	20	760	2147483647	161
153	4	23	30	765	2147483647	165
154	4	23	20	770	2147483647	201
155	1	29	40	775	2147483647	180
156	21	17	15	780	2147483647	182
157	7	31	40	785	2147483647	192
158	21	17	20	790	2147483647	199
159	1	29	30	795	2147483647	163
160	4	23	30	800	2147483647	205
161	1	29	20	805	2147483647	165
162	21	17	40	810	2147483647	169
163	1	29	30	815	2147483647	184
164	7	31	30	820	2147483647	203
165	4	23	30	825	2147483647	206
166	18	6	10	830	2147483647	180
167	7	31	40	835	2147483647	205
168	18	6	10	840	2147483647	174
169	21	17	10	845	2147483647	197
170	1	29	10	850	2147483647	194
171	21	17	15	855	2147483647	180
172	18	6	15	860	2147483647	169
173	18	6	40	865	2147483647	162
174	1	29	40	870	2147483647	168
175	18	6	20	875	2147483647	180
176	7	31	20	880	2147483647	158
177	1	29	40	885	2147483647	163
178	1	29	20	890	2147483647	169
179	1	29	20	895	2147483647	195
180	1	29	10	900	2147483647	206
181	1	29	15	905	2147483647	169
182	1	29	30	910	2147483647	203
183	21	17	40	915	2147483647	170
184	4	23	30	920	2147483647	184
185	7	31	40	925	2147483647	172
186	7	31	30	930	2147483647	168
187	18	6	10	935	2147483647	155
188	21	17	40	940	2147483647	167
189	21	17	10	945	2147483647	180
190	21	17	40	950	2147483647	179
191	18	6	10	955	2147483647	189
192	18	6	15	960	2147483647	181
193	1	29	30	965	2147483647	185
194	18	6	10	970	2147483647	177
195	21	17	15	975	2147483647	156
196	18	6	30	980	2147483647	202
197	4	23	40	985	2147483647	155
198	18	6	20	990	2147483647	164
199	1	29	40	995	2147483647	198
200	18	6	15	1000	2147483647	165
201	21	17	40	1005	2147483647	205
202	1	29	20	1010	2147483647	194
203	21	17	15	1015	2147483647	169
204	4	23	40	1020	2147483647	200
205	18	6	20	1025	2147483647	203
206	18	6	30	1030	2147483647	168
207	18	6	30	1035	2147483647	209
208	18	6	30	1040	2147483647	207
209	18	6	40	1045	2147483647	175
210	18	6	20	1050	2147483647	176
211	7	31	20	1055	2147483647	174
212	4	23	15	1060	2147483647	178
213	7	31	10	1065	2147483647	158
214	21	17	30	1070	2147483647	166
215	4	23	15	1075	2147483647	190
216	1	29	40	1080	2147483647	171
217	1	29	10	1085	2147483647	209
218	4	23	40	1090	2147483647	209
219	21	17	30	1095	2147483647	186
220	7	31	10	1100	2147483647	192
221	21	17	40	1105	2147483647	180
222	21	17	40	1110	2147483647	193
223	18	6	10	1115	2147483647	203
224	21	17	15	1120	2147483647	173
225	7	31	40	1125	2147483647	160
226	4	23	40	1130	2147483647	208
227	18	6	30	1135	2147483647	193
228	21	17	30	1140	2147483647	194
229	1	29	30	1145	2147483647	167
230	21	17	40	1150	2147483647	187
231	1	29	30	1155	2147483647	157
232	21	17	15	1160	2147483647	208
233	1	29	30	1165	2147483647	180
234	21	17	15	1170	2147483647	185
235	18	6	10	1175	2147483647	156
236	21	17	40	1180	2147483647	185
237	1	29	15	1185	2147483647	189
238	18	6	10	1190	2147483647	180
239	18	6	15	1195	2147483647	191
240	18	6	15	1200	2147483647	158
241	18	6	10	1205	2147483647	169
242	1	29	20	1210	2147483647	158
243	7	31	40	1215	2147483647	201
244	4	23	30	1220	2147483647	158
245	1	29	15	1225	2147483647	160
246	21	17	30	1230	2147483647	165
247	7	31	15	1235	2147483647	178
248	1	29	10	1240	2147483647	174
249	21	17	40	1245	2147483647	197
250	21	17	20	1250	2147483647	194
251	18	6	30	1255	2147483647	203
252	1	29	40	1260	2147483647	155
253	18	6	30	1265	2147483647	187
254	4	23	40	1270	2147483647	160
255	18	6	15	1275	2147483647	194
256	1	29	40	1280	2147483647	167
257	7	31	20	1285	2147483647	200
258	21	17	10	1290	2147483647	206
259	21	17	40	1295	2147483647	194
260	21	17	20	1300	2147483647	205
261	1	29	40	1305	2147483647	184
262	18	6	10	1310	2147483647	169
263	1	29	10	1315	2147483647	195
264	18	6	10	1320	2147483647	197
265	18	6	30	1325	2147483647	174
266	21	17	10	1330	2147483647	175
267	4	23	30	1335	2147483647	208
268	7	31	40	1340	2147483647	182
269	7	31	20	1345	2147483647	164
270	4	23	15	1350	2147483647	160
271	21	17	20	1355	2147483647	191
272	7	31	40	1360	2147483647	184
273	18	6	30	1365	2147483647	173
274	7	31	20	1370	2147483647	182
275	18	6	40	1375	2147483647	178
276	21	17	20	1380	2147483647	177
277	18	6	10	1385	2147483647	201
278	21	17	15	1390	2147483647	200
279	21	17	40	1395	2147483647	168
280	21	17	15	1400	2147483647	205
281	21	17	30	1405	2147483647	184
282	1	29	30	1410	2147483647	174
283	1	29	40	1415	2147483647	207
284	18	6	10	1420	2147483647	182
285	7	31	10	1425	2147483647	194
286	1	29	30	1430	2147483647	156
287	7	31	30	1435	2147483647	176
288	4	23	30	1440	2147483647	174
289	7	31	40	1445	2147483647	200
290	1	29	10	1450	2147483647	199
291	18	6	20	1455	2147483647	194
292	18	6	15	1460	2147483647	193
293	4	23	10	1465	2147483647	195
294	18	6	30	1470	2147483647	196
295	18	6	15	1475	2147483647	184
296	1	29	10	1480	2147483647	155
297	21	17	20	1485	2147483647	172
298	18	6	40	1490	2147483647	158
299	18	6	40	1495	2147483647	194
300	18	6	15	1500	2147483647	194
301	4	23	10	1505	2147483647	166
302	21	17	15	1510	2147483647	205
303	4	23	20	1515	2147483647	164
304	18	6	20	1520	2147483647	192
305	1	29	40	1525	2147483647	158
306	4	23	30	1530	2147483647	173
307	21	17	15	1535	2147483647	192
308	7	31	10	1540	2147483647	160
309	1	29	40	1545	2147483647	192
310	4	23	40	1550	2147483647	172
311	21	17	40	1555	2147483647	175
312	21	17	10	1560	2147483647	155
313	1	29	10	1565	2147483647	193
314	21	17	30	1570	2147483647	198
315	1	29	40	1575	2147483647	175
316	21	17	15	1580	2147483647	165
317	18	6	15	1585	2147483647	172
318	7	31	40	1590	2147483647	168
319	7	31	40	1595	2147483647	158
320	1	29	10	1600	2147483647	172
321	1	29	20	1605	2147483647	209
322	21	17	40	1610	2147483647	189
323	1	29	10	1615	2147483647	192
324	4	23	15	1620	2147483647	175
325	1	29	40	1625	2147483647	175
326	7	31	15	1630	2147483647	208
327	18	6	40	1635	2147483647	198
328	21	17	40	1640	2147483647	187
329	18	6	15	1645	2147483647	207
330	18	6	40	1650	2147483647	178
331	21	17	40	1655	2147483647	159
332	21	17	15	1660	2147483647	197
333	4	23	20	1665	2147483647	160
334	4	23	30	1670	2147483647	183
335	4	23	10	1675	2147483647	193
336	21	17	15	1680	2147483647	188
337	7	31	10	1685	2147483647	164
338	21	17	15	1690	2147483647	169
339	18	6	15	1695	2147483647	179
340	1	29	20	1700	2147483647	175
341	18	6	15	1705	2147483647	174
342	1	29	20	1710	2147483647	170
343	18	6	30	1715	2147483647	191
344	1	29	40	1720	2147483647	182
345	18	6	15	1725	2147483647	178
346	4	23	20	1730	2147483647	193
347	1	29	10	1735	2147483647	155
348	4	23	20	1740	2147483647	207
349	18	6	40	1745	2147483647	175
350	18	6	40	1750	2147483647	174
351	7	31	40	1755	2147483647	193
352	1	29	30	1760	2147483647	159
353	7	31	40	1765	2147483647	155
354	1	29	40	1770	2147483647	177
355	1	29	30	1775	2147483647	194
356	4	23	10	1780	2147483647	187
357	7	31	15	1785	2147483647	168
358	21	17	15	1790	2147483647	198
359	1	29	20	1795	2147483647	171
360	4	23	30	1800	2147483647	159
361	18	6	40	1805	2147483647	184
362	21	17	20	1810	2147483647	159
363	18	6	40	1815	2147483647	162
364	21	17	10	1820	2147483647	169
365	4	23	40	1825	2147483647	168
366	21	17	30	1830	2147483647	188
367	18	6	30	1835	2147483647	205
368	4	23	20	1840	2147483647	164
369	4	23	20	1845	2147483647	159
370	1	29	20	1850	2147483647	196
371	18	6	15	1855	2147483647	155
372	18	6	40	1860	2147483647	157
373	4	23	30	1865	2147483647	199
374	4	23	20	1870	2147483647	192
375	21	17	30	1875	2147483647	207
376	1	29	10	1880	2147483647	193
377	4	23	15	1885	2147483647	207
378	1	29	10	1890	2147483647	164
379	18	6	40	1895	2147483647	207
380	7	31	20	1900	2147483647	192
381	4	23	10	1905	2147483647	208
382	7	31	15	1910	2147483647	201
383	7	31	40	1915	2147483647	166
384	1	29	15	1920	2147483647	188
385	4	23	10	1925	2147483647	195
386	21	17	15	1930	2147483647	209
387	18	6	15	1935	2147483647	196
388	4	23	20	1940	2147483647	193
389	18	6	10	1945	2147483647	198
390	21	17	10	1950	2147483647	161
391	18	6	40	1955	2147483647	175
392	21	17	30	1960	2147483647	175
393	7	31	30	1965	2147483647	208
394	21	17	20	1970	2147483647	174
395	21	17	20	1975	2147483647	200
396	18	6	40	1980	2147483647	169
397	21	17	20	1985	2147483647	163
398	4	23	30	1990	2147483647	176
399	7	31	40	1995	2147483647	169
400	18	6	20	2000	2147483647	199
401	18	6	30	2005	2147483647	198
402	4	23	30	2010	2147483647	200
403	1	29	40	2015	2147483647	202
404	1	29	20	2020	2147483647	188
405	1	29	30	2025	2147483647	173
406	4	23	40	2030	2147483647	190
407	4	23	40	2035	2147483647	170
408	1	29	15	2040	2147483647	173
409	18	6	10	2045	2147483647	179
410	1	29	20	2050	2147483647	156
411	1	29	40	2055	2147483647	189
412	7	31	15	2060	2147483647	158
413	4	23	15	2065	2147483647	201
414	4	23	10	2070	2147483647	189
415	21	17	20	2075	2147483647	160
416	4	23	20	2080	2147483647	193
417	18	6	30	2085	2147483647	203
418	1	29	20	2090	2147483647	183
419	4	23	40	2095	2147483647	184
420	7	31	30	2100	2147483647	168
421	4	23	15	2105	2147483647	201
422	21	17	10	2110	2147483647	167
423	18	6	20	2115	2147483647	175
424	4	23	15	2120	2147483647	208
425	7	31	30	2125	2147483647	175
426	4	23	20	2130	2147483647	190
427	7	31	10	2135	2147483647	159
428	7	31	10	2140	2147483647	179
429	4	23	10	2145	2147483647	201
430	7	31	30	2150	2147483647	193
431	1	29	30	2155	2147483647	184
432	21	17	20	2160	2147483647	185
433	18	6	10	2165	2147483647	204
434	1	29	20	2170	2147483647	162
435	4	23	30	2175	2147483647	203
436	21	17	20	2180	2147483647	162
437	4	23	15	2185	2147483647	209
438	4	23	15	2190	2147483647	187
439	21	17	30	2195	2147483647	169
440	1	29	10	2200	2147483647	159
441	18	6	20	2205	2147483647	194
442	1	29	10	2210	2147483647	178
443	1	29	20	2215	2147483647	168
444	18	6	20	2220	2147483647	197
445	21	17	15	2225	2147483647	181
446	7	31	20	2230	2147483647	171
447	18	6	20	2235	2147483647	184
448	18	6	30	2240	2147483647	173
449	21	17	10	2245	2147483647	168
450	18	6	40	2250	2147483647	162
451	1	29	15	2255	2147483647	176
452	7	31	40	2260	2147483647	189
453	1	29	30	2265	2147483647	202
454	1	29	15	2270	2147483647	156
455	7	31	15	2275	2147483647	208
456	4	23	30	2280	2147483647	186
457	18	6	10	2285	2147483647	179
458	7	31	30	2290	2147483647	203
459	18	6	40	2295	2147483647	168
460	7	31	10	2300	2147483647	193
461	7	31	40	2305	2147483647	186
462	21	17	30	2310	2147483647	200
463	4	23	10	2315	2147483647	181
464	4	23	15	2320	2147483647	195
465	21	17	40	2325	2147483647	181
466	1	29	15	2330	2147483647	158
467	18	6	15	2335	2147483647	164
468	4	23	40	2340	2147483647	193
469	1	29	15	2345	2147483647	196
470	21	17	40	2350	2147483647	208
471	21	17	10	2355	2147483647	193
472	7	31	15	2360	2147483647	170
473	18	6	40	2365	2147483647	168
474	18	6	30	2370	2147483647	180
475	18	6	15	2375	2147483647	183
476	4	23	10	2380	2147483647	177
477	7	31	20	2385	2147483647	208
478	21	17	40	2390	2147483647	188
479	4	23	10	2395	2147483647	182
480	1	29	10	2400	2147483647	159
481	1	29	10	2405	2147483647	160
482	4	23	15	2410	2147483647	195
483	21	17	10	2415	2147483647	166
484	18	6	10	2420	2147483647	193
485	7	31	20	2425	2147483647	172
486	4	23	30	2430	2147483647	204
487	21	17	30	2435	2147483647	193
488	18	6	30	2440	2147483647	203
489	18	6	10	2445	2147483647	164
490	21	17	40	2450	2147483647	172
491	7	31	15	2455	2147483647	193
492	21	17	30	2460	2147483647	160
493	1	29	20	2465	2147483647	174
494	18	6	30	2470	2147483647	186
495	18	6	15	2475	2147483647	183
496	18	6	30	2480	2147483647	204
497	4	23	40	2485	2147483647	207
498	4	23	10	2490	2147483647	183
499	18	6	20	2495	2147483647	170
500	21	17	40	2500	2147483647	177
501	4	23	15	2505	2147483647	162
502	21	17	20	2510	2147483647	200
503	1	29	20	2515	2147483647	187
504	21	17	10	2520	2147483647	170
505	18	6	40	2525	2147483647	178
506	18	6	10	2530	2147483647	160
507	4	23	40	2535	2147483647	175
508	7	31	10	2540	2147483647	176
509	7	31	10	2545	2147483647	182
510	18	6	10	2550	2147483647	185
511	7	31	15	2555	2147483647	187
512	18	6	15	2560	2147483647	201
513	1	29	20	2565	2147483647	176
514	18	6	40	2570	2147483647	163
515	4	23	10	2575	2147483647	187
516	18	6	20	2580	2147483647	200
517	1	29	30	2585	2147483647	189
518	18	6	10	2590	2147483647	197
519	21	17	40	2595	2147483647	178
520	4	23	10	2600	2147483647	186
521	1	29	20	2605	2147483647	175
522	21	17	20	2610	2147483647	170
523	18	6	30	2615	2147483647	183
524	1	29	15	2620	2147483647	178
525	18	6	20	2625	2147483647	169
526	1	29	20	2630	2147483647	187
527	7	31	30	2635	2147483647	205
528	21	17	15	2640	2147483647	192
529	1	29	20	2645	2147483647	207
530	21	17	30	2650	2147483647	188
531	21	17	15	2655	2147483647	180
532	1	29	20	2660	2147483647	180
533	7	31	15	2665	2147483647	172
534	7	31	10	2670	2147483647	159
535	4	23	30	2675	2147483647	206
536	18	6	20	2680	2147483647	169
537	18	6	40	2685	2147483647	163
538	21	17	40	2690	2147483647	205
539	21	17	15	2695	2147483647	170
540	18	6	20	2700	2147483647	166
541	21	17	30	2705	2147483647	184
542	1	29	30	2710	2147483647	172
543	7	31	30	2715	2147483647	175
544	21	17	10	2720	2147483647	188
545	18	6	30	2725	2147483647	194
546	18	6	10	2730	2147483647	201
547	21	17	15	2735	2147483647	194
548	7	31	30	2740	2147483647	165
549	7	31	20	2745	2147483647	208
550	1	29	30	2750	2147483647	192
551	18	6	40	2755	2147483647	170
552	18	6	40	2760	2147483647	164
553	7	31	10	2765	2147483647	159
554	7	31	20	2770	2147483647	194
555	7	31	20	2775	2147483647	157
556	4	23	40	2780	2147483647	202
557	7	31	40	2785	2147483647	172
558	1	29	10	2790	2147483647	163
559	7	31	30	2795	2147483647	155
560	18	6	20	2800	2147483647	200
561	7	31	15	2805	2147483647	164
562	4	23	30	2810	2147483647	193
563	7	31	20	2815	2147483647	179
564	7	31	20	2820	2147483647	203
565	4	23	40	2825	2147483647	160
566	7	31	30	2830	2147483647	162
567	7	31	40	2835	2147483647	183
568	18	6	15	2840	2147483647	171
569	7	31	10	2845	2147483647	167
570	18	6	20	2850	2147483647	172
571	1	29	30	2855	2147483647	191
572	1	29	40	2860	2147483647	193
573	18	6	40	2865	2147483647	182
574	7	31	20	2870	2147483647	166
575	4	23	15	2875	2147483647	157
576	21	17	40	2880	2147483647	157
577	1	29	30	2885	2147483647	204
578	18	6	30	2890	2147483647	204
579	21	17	20	2895	2147483647	194
580	21	17	15	2900	2147483647	178
581	18	6	10	2905	2147483647	203
582	21	17	40	2910	2147483647	194
583	18	6	30	2915	2147483647	194
584	1	29	30	2920	2147483647	169
585	7	31	30	2925	2147483647	173
586	4	23	20	2930	2147483647	170
587	4	23	15	2935	2147483647	175
588	21	17	40	2940	2147483647	188
589	1	29	30	2945	2147483647	157
590	1	29	40	2950	2147483647	159
591	7	31	30	2955	2147483647	207
592	1	29	30	2960	2147483647	209
593	1	29	15	2965	2147483647	204
594	7	31	40	2970	2147483647	179
595	7	31	10	2975	2147483647	156
596	4	23	10	2980	2147483647	200
597	4	23	15	2985	2147483647	202
598	1	29	15	2990	2147483647	182
599	4	23	10	2995	2147483647	183
600	4	23	10	3000	2147483647	186
601	7	31	15	3005	2147483647	173
602	4	23	40	3010	2147483647	178
603	21	17	30	3015	2147483647	208
604	18	6	10	3020	2147483647	190
605	21	17	10	3025	2147483647	156
606	1	29	10	3030	2147483647	186
607	21	17	40	3035	2147483647	192
608	21	17	30	3040	2147483647	202
609	1	29	10	3045	2147483647	191
610	7	31	30	3050	2147483647	209
611	4	23	10	3055	2147483647	207
612	18	6	10	3060	2147483647	177
613	18	6	20	3065	2147483647	179
614	21	17	15	3070	2147483647	187
615	1	29	15	3075	2147483647	207
616	7	31	20	3080	2147483647	180
617	18	6	10	3085	2147483647	208
618	7	31	30	3090	2147483647	165
619	21	17	30	3095	2147483647	185
620	21	17	20	3100	2147483647	200
621	18	6	15	3105	2147483647	197
622	7	31	40	3110	2147483647	205
623	18	6	20	3115	2147483647	169
624	7	31	10	3120	2147483647	163
625	7	31	30	3125	2147483647	175
626	21	17	10	3130	2147483647	191
627	21	17	20	3135	2147483647	199
628	7	31	10	3140	2147483647	158
629	21	17	20	3145	2147483647	165
630	1	29	15	3150	2147483647	166
631	4	23	20	3155	2147483647	165
632	1	29	20	3160	2147483647	177
633	21	17	20	3165	2147483647	176
634	18	6	20	3170	2147483647	162
635	1	29	10	3175	2147483647	160
636	21	17	10	3180	2147483647	180
637	21	17	15	3185	2147483647	196
638	21	17	20	3190	2147483647	159
639	1	29	30	3195	2147483647	168
640	4	23	20	3200	2147483647	197
641	7	31	20	3205	2147483647	188
642	4	23	30	3210	2147483647	182
643	21	17	30	3215	2147483647	206
644	18	6	10	3220	2147483647	157
645	4	23	40	3225	2147483647	161
646	18	6	30	3230	2147483647	185
647	7	31	10	3235	2147483647	185
648	18	6	40	3240	2147483647	172
649	7	31	20	3245	2147483647	181
650	21	17	20	3250	2147483647	186
651	18	6	10	3255	2147483647	202
652	21	17	20	3260	2147483647	192
653	1	29	20	3265	2147483647	207
654	4	23	30	3270	2147483647	193
655	1	29	30	3275	2147483647	199
656	1	29	15	3280	2147483647	177
657	1	29	20	3285	2147483647	163
658	1	29	20	3290	2147483647	199
659	7	31	15	3295	2147483647	169
660	1	29	10	3300	2147483647	174
661	18	6	20	3305	2147483647	197
662	1	29	40	3310	2147483647	189
663	21	17	15	3315	2147483647	192
664	1	29	40	3320	2147483647	180
665	18	6	10	3325	2147483647	199
666	4	23	30	3330	2147483647	185
667	4	23	20	3335	2147483647	156
668	21	17	10	3340	2147483647	172
669	7	31	15	3345	2147483647	182
670	1	29	10	3350	2147483647	182
671	21	17	10	3355	2147483647	193
672	18	6	20	3360	2147483647	203
673	7	31	40	3365	2147483647	207
674	4	23	15	3370	2147483647	197
675	18	6	40	3375	2147483647	166
676	7	31	30	3380	2147483647	169
677	7	31	10	3385	2147483647	208
678	1	29	20	3390	2147483647	166
679	18	6	15	3395	2147483647	157
680	18	6	10	3400	2147483647	199
681	1	29	40	3405	2147483647	161
682	7	31	30	3410	2147483647	181
683	1	29	20	3415	2147483647	186
684	1	29	40	3420	2147483647	188
685	21	17	15	3425	2147483647	173
686	7	31	10	3430	2147483647	183
687	21	17	40	3435	2147483647	180
688	18	6	40	3440	2147483647	192
689	1	29	30	3445	2147483647	173
690	21	17	30	3450	2147483647	192
691	7	31	30	3455	2147483647	171
692	7	31	30	3460	2147483647	207
693	1	29	15	3465	2147483647	199
694	21	17	30	3470	2147483647	203
695	18	6	40	3475	2147483647	209
696	4	23	30	3480	2147483647	209
697	4	23	20	3485	2147483647	200
698	7	31	40	3490	2147483647	181
699	21	17	10	3495	2147483647	168
700	1	29	15	3500	2147483647	185
701	7	31	10	3505	2147483647	184
702	21	17	10	3510	2147483647	168
703	7	31	30	3515	2147483647	200
704	4	23	15	3520	2147483647	208
705	1	29	15	3525	2147483647	203
706	21	17	30	3530	2147483647	209
707	1	29	20	3535	2147483647	195
708	7	31	15	3540	2147483647	164
709	18	6	30	3545	2147483647	181
710	4	23	10	3550	2147483647	184
711	18	6	10	3555	2147483647	178
712	21	17	10	3560	2147483647	207
713	21	17	15	3565	2147483647	197
714	18	6	10	3570	2147483647	180
715	21	17	10	3575	2147483647	168
716	7	31	40	3580	2147483647	170
717	1	29	15	3585	2147483647	157
718	21	17	15	3590	2147483647	158
719	18	6	20	3595	2147483647	161
720	7	31	10	3600	2147483647	170
721	4	23	30	3605	2147483647	160
722	1	29	30	3610	2147483647	173
723	7	31	15	3615	2147483647	209
724	7	31	20	3620	2147483647	199
725	18	6	20	3625	2147483647	166
726	1	29	20	3630	2147483647	196
727	1	29	10	3635	2147483647	158
728	7	31	15	3640	2147483647	158
729	18	6	15	3645	2147483647	197
730	7	31	15	3650	2147483647	167
731	18	6	10	3655	2147483647	178
732	1	29	15	3660	2147483647	182
733	1	29	15	3665	2147483647	208
734	1	29	40	3670	2147483647	181
735	4	23	10	3675	2147483647	170
736	18	6	30	3680	2147483647	203
737	21	17	40	3685	2147483647	191
738	7	31	15	3690	2147483647	187
739	1	29	20	3695	2147483647	195
740	21	17	30	3700	2147483647	174
741	4	23	20	3705	2147483647	198
742	18	6	20	3710	2147483647	170
743	1	29	10	3715	2147483647	166
744	7	31	20	3720	2147483647	198
745	7	31	20	3725	2147483647	168
746	21	17	30	3730	2147483647	173
747	7	31	20	3735	2147483647	164
748	7	31	10	3740	2147483647	174
749	1	29	20	3745	2147483647	190
750	7	31	10	3750	2147483647	194
751	4	23	15	3755	2147483647	206
752	7	31	10	3760	2147483647	197
753	4	23	15	3765	2147483647	174
754	18	6	10	3770	2147483647	208
755	4	23	20	3775	2147483647	180
756	7	31	20	3780	2147483647	165
757	1	29	40	3785	2147483647	168
758	21	17	10	3790	2147483647	155
759	1	29	40	3795	2147483647	197
760	21	17	40	3800	2147483647	161
761	7	31	20	3805	2147483647	205
762	4	23	15	3810	2147483647	191
763	18	6	10	3815	2147483647	176
764	7	31	15	3820	2147483647	168
765	1	29	10	3825	2147483647	161
766	18	6	40	3830	2147483647	205
767	7	31	30	3835	2147483647	209
768	21	17	15	3840	2147483647	171
769	21	17	10	3845	2147483647	164
770	7	31	15	3850	2147483647	175
771	7	31	40	3855	2147483647	189
772	4	23	10	3860	2147483647	179
773	7	31	40	3865	2147483647	172
774	18	6	40	3870	2147483647	196
775	1	29	20	3875	2147483647	182
776	18	6	10	3880	2147483647	199
777	1	29	20	3885	2147483647	162
778	21	17	30	3890	2147483647	166
779	1	29	40	3895	2147483647	185
780	4	23	40	3900	2147483647	202
781	4	23	10	3905	2147483647	186
782	4	23	40	3910	2147483647	194
783	4	23	30	3915	2147483647	177
784	7	31	10	3920	2147483647	158
785	1	29	10	3925	2147483647	171
786	4	23	10	3930	2147483647	191
787	4	23	40	3935	2147483647	162
788	21	17	15	3940	2147483647	209
789	4	23	15	3945	2147483647	155
790	21	17	20	3950	2147483647	160
791	1	29	40	3955	2147483647	189
792	1	29	40	3960	2147483647	191
793	4	23	20	3965	2147483647	200
794	18	6	20	3970	2147483647	188
795	18	6	10	3975	2147483647	179
796	1	29	15	3980	2147483647	161
797	21	17	20	3985	2147483647	204
798	4	23	30	3990	2147483647	207
799	7	31	20	3995	2147483647	191
800	18	6	30	4000	2147483647	173
801	1	29	40	4005	2147483647	174
802	21	17	10	4010	2147483647	203
803	21	17	10	4015	2147483647	165
804	4	23	15	4020	2147483647	170
805	21	17	10	4025	2147483647	160
806	1	29	10	4030	2147483647	182
807	21	17	10	4035	2147483647	180
808	18	6	20	4040	2147483647	188
809	1	29	20	4045	2147483647	180
810	1	29	20	4050	2147483647	191
811	7	31	10	4055	2147483647	158
812	1	29	10	4060	2147483647	157
813	7	31	10	4065	2147483647	179
814	4	23	40	4070	2147483647	204
815	18	6	40	4075	2147483647	185
816	18	6	20	4080	2147483647	166
817	21	17	20	4085	2147483647	168
818	7	31	40	4090	2147483647	172
819	4	23	15	4095	2147483647	207
820	4	23	40	4100	2147483647	180
821	21	17	40	4105	2147483647	197
822	21	17	20	4110	2147483647	209
823	18	6	40	4115	2147483647	170
824	21	17	30	4120	2147483647	159
825	4	23	15	4125	2147483647	195
826	4	23	10	4130	2147483647	207
827	21	17	30	4135	2147483647	189
828	4	23	15	4140	2147483647	193
829	21	17	40	4145	2147483647	172
830	1	29	15	4150	2147483647	175
831	4	23	30	4155	2147483647	204
832	4	23	30	4160	2147483647	164
833	18	6	10	4165	2147483647	184
834	21	17	15	4170	2147483647	167
835	18	6	40	4175	2147483647	182
836	7	31	10	4180	2147483647	192
837	4	23	40	4185	2147483647	183
838	1	29	20	4190	2147483647	162
839	7	31	10	4195	2147483647	208
840	1	29	40	4200	2147483647	199
841	7	31	40	4205	2147483647	166
842	1	29	20	4210	2147483647	184
843	7	31	30	4215	2147483647	184
844	18	6	40	4220	2147483647	173
845	18	6	15	4225	2147483647	156
846	1	29	40	4230	2147483647	186
847	18	6	30	4235	2147483647	167
848	21	17	20	4240	2147483647	205
849	21	17	30	4245	2147483647	158
850	21	17	20	4250	2147483647	168
851	1	29	30	4255	2147483647	203
852	1	29	20	4260	2147483647	186
853	1	29	20	4265	2147483647	209
854	1	29	30	4270	2147483647	166
855	4	23	30	4275	2147483647	185
856	18	6	20	4280	2147483647	175
857	4	23	10	4285	2147483647	187
858	21	17	15	4290	2147483647	161
859	1	29	40	4295	2147483647	184
860	4	23	10	4300	2147483647	162
861	1	29	20	4305	2147483647	202
862	18	6	40	4310	2147483647	196
863	18	6	20	4315	2147483647	171
864	1	29	15	4320	2147483647	160
865	7	31	30	4325	2147483647	196
866	1	29	20	4330	2147483647	203
867	7	31	10	4335	2147483647	183
868	21	17	40	4340	2147483647	166
869	18	6	40	4345	2147483647	177
870	7	31	40	4350	2147483647	202
871	7	31	30	4355	2147483647	192
872	7	31	10	4360	2147483647	161
873	1	29	40	4365	2147483647	174
874	18	6	20	4370	2147483647	163
875	21	17	40	4375	2147483647	168
876	7	31	20	4380	2147483647	168
877	1	29	30	4385	2147483647	180
878	1	29	40	4390	2147483647	206
879	7	31	15	4395	2147483647	157
880	18	6	20	4400	2147483647	164
881	1	29	15	4405	2147483647	195
882	21	17	15	4410	2147483647	194
883	7	31	30	4415	2147483647	190
884	21	17	15	4420	2147483647	158
885	21	17	20	4425	2147483647	182
886	4	23	10	4430	2147483647	173
887	4	23	10	4435	2147483647	165
888	18	6	20	4440	2147483647	172
889	4	23	30	4445	2147483647	192
890	21	17	20	4450	2147483647	162
891	1	29	40	4455	2147483647	159
892	4	23	20	4460	2147483647	177
893	1	29	20	4465	2147483647	187
894	1	29	40	4470	2147483647	201
895	21	17	15	4475	2147483647	206
896	18	6	10	4480	2147483647	179
897	7	31	40	4485	2147483647	168
898	7	31	15	4490	2147483647	178
899	7	31	15	4495	2147483647	187
900	18	6	40	4500	2147483647	163
901	18	6	30	4505	2147483647	158
902	4	23	40	4510	2147483647	155
903	7	31	20	4515	2147483647	183
904	18	6	40	4520	2147483647	165
905	18	6	40	4525	2147483647	185
906	18	6	20	4530	2147483647	196
907	21	17	30	4535	2147483647	167
908	7	31	10	4540	2147483647	200
909	18	6	30	4545	2147483647	207
910	7	31	15	4550	2147483647	171
911	1	29	30	4555	2147483647	205
912	4	23	10	4560	2147483647	190
913	18	6	10	4565	2147483647	158
914	7	31	15	4570	2147483647	175
915	18	6	40	4575	2147483647	177
916	18	6	15	4580	2147483647	163
917	7	31	10	4585	2147483647	160
918	18	6	15	4590	2147483647	167
919	1	29	40	4595	2147483647	188
920	1	29	20	4600	2147483647	178
921	4	23	15	4605	2147483647	193
922	4	23	30	4610	2147483647	165
923	4	23	15	4615	2147483647	183
924	18	6	20	4620	2147483647	169
925	4	23	40	4625	2147483647	197
926	18	6	10	4630	2147483647	169
927	7	31	20	4635	2147483647	183
928	21	17	10	4640	2147483647	182
929	18	6	10	4645	2147483647	167
930	4	23	40	4650	2147483647	199
931	1	29	20	4655	2147483647	209
932	4	23	15	4660	2147483647	156
933	18	6	30	4665	2147483647	174
934	4	23	15	4670	2147483647	204
935	1	29	30	4675	2147483647	161
936	7	31	15	4680	2147483647	194
937	18	6	30	4685	2147483647	165
938	4	23	30	4690	2147483647	179
939	7	31	15	4695	2147483647	183
940	4	23	40	4700	2147483647	195
941	4	23	20	4705	2147483647	160
942	7	31	10	4710	2147483647	174
943	1	29	30	4715	2147483647	174
944	7	31	20	4720	2147483647	175
945	21	17	30	4725	2147483647	167
946	7	31	40	4730	2147483647	178
947	18	6	20	4735	2147483647	174
948	4	23	15	4740	2147483647	167
949	21	17	40	4745	2147483647	178
950	7	31	10	4750	2147483647	198
951	7	31	40	4755	2147483647	173
952	18	6	30	4760	2147483647	156
953	4	23	20	4765	2147483647	199
954	4	23	30	4770	2147483647	163
955	7	31	30	4775	2147483647	180
956	21	17	10	4780	2147483647	202
957	1	29	30	4785	2147483647	182
958	18	6	40	4790	2147483647	168
959	7	31	40	4795	2147483647	177
960	1	29	40	4800	2147483647	170
961	7	31	40	4805	2147483647	168
962	21	17	30	4810	2147483647	194
963	18	6	10	4815	2147483647	188
964	7	31	40	4820	2147483647	163
965	7	31	30	4825	2147483647	172
966	4	23	20	4830	2147483647	203
967	1	29	15	4835	2147483647	171
968	21	17	30	4840	2147483647	164
969	4	23	20	4845	2147483647	169
970	4	23	20	4850	2147483647	192
971	21	17	20	4855	2147483647	207
972	18	6	15	4860	2147483647	191
973	7	31	10	4865	2147483647	193
974	4	23	40	4870	2147483647	203
975	4	23	10	4875	2147483647	172
976	7	31	10	4880	2147483647	173
977	4	23	40	4885	2147483647	201
978	7	31	30	4890	2147483647	162
979	4	23	40	4895	2147483647	157
980	21	17	10	4900	2147483647	173
981	1	29	30	4905	2147483647	205
982	18	6	15	4910	2147483647	171
983	1	29	10	4915	2147483647	158
984	7	31	40	4920	2147483647	178
985	7	31	40	4925	2147483647	180
986	7	31	40	4930	2147483647	208
987	1	29	30	4935	2147483647	166
988	7	31	10	4940	2147483647	165
989	7	31	20	4945	2147483647	178
990	18	6	30	4950	2147483647	169
991	7	31	20	4955	2147483647	167
992	21	17	30	4960	2147483647	207
993	7	31	40	4965	2147483647	157
994	7	31	20	4970	2147483647	167
995	21	17	40	4975	2147483647	182
996	7	31	40	4980	2147483647	175
997	4	23	10	4985	2147483647	195
998	18	6	40	4990	2147483647	166
999	1	29	30	4995	2147483647	158
