0	0	5	30	0	11462	123
1	0	4	30	5	45778	165
2	0	5	40	10	10273	139
3	0	3	40	15	572	109
4	0	3	50	20	3161	193
5	0	1	20	25	15215	133
6	0	2	20	30	7161	178
7	0	5	40	35	9801	128
8	0	1	30	40	3921	121
9	0	3	50	45	6365	161
10	0	3	10	50	40978	109
11	0	2	10	55	5015	118
12	0	2	30	60	27407	139
13	0	2	10	65	19065	187
14	0	3	50	70	8366	132
15	0	5	40	75	12341	166
16	0	5	10	80	33454	159
17	0	3	30	85	10384	189
18	0	1	30	90	3684	156
19	0	2	30	95	2050	115
20	0	5	20	100	2759	110
21	0	2	30	105	44466	130
22	0	5	40	110	17291	174
23	0	5	10	115	6088	129
24	0	1	30	120	5654	125
25	0	3	40	125	2574	130
26	0	2	20	130	21920	197
27	0	3	10	135	1109	104
28	0	5	20	140	4112	119
29	0	3	40	145	22860	162
30	0	1	10	150	3496	185
31	0	4	30	155	16589	191
32	0	1	50	160	1728	198
33	0	5	20	165	17682	131
34	0	3	20	170	3166	195
35	0	3	50	175	598	199
36	0	3	40	180	13122	168
37	0	5	50	185	1834	199
38	0	1	10	190	12219	172
39	0	4	20	195	3023	135
40	0	1	20	200	14077	120
41	0	5	20	205	4150	177
42	0	4	20	210	17086	138
43	0	5	20	215	8518	147
44	0	5	20	220	12568	173
45	0	3	30	225	36629	140
46	0	5	10	230	27475	183
47	0	5	50	235	4287	180
48	0	4	40	240	20225	133
49	0	1	30	245	3396	165
50	0	1	50	250	12837	178
51	0	5	10	255	9269	193
52	0	3	30	260	4390	175
53	0	5	30	265	19585	198
54	0	2	40	270	73422	186
55	0	3	50	275	12254	194
56	0	4	50	280	2899	191
57	0	5	30	285	2341	109
58	0	3	10	290	13333	185
59	0	5	10	295	471	162
60	0	5	50	300	25396	136
61	0	4	10	305	5376	173
62	0	5	30	310	3743	109
63	0	3	40	315	6695	160
64	0	2	40	320	2076	176
65	0	5	40	325	2951	118
66	0	1	10	330	2789	120
67	0	2	10	335	1633	107
68	0	4	50	340	9957	192
69	0	5	10	345	7248	133
70	0	3	50	350	45504	198
71	0	5	20	400	19117	160
72	0	2	30	404	33827	116
73	0	2	10	408	510	121
74	0	2	10	412	7538	195
75	0	5	50	416	29299	134
76	0	3	10	420	2923	192
77	0	1	20	424	3532	127
78	0	1	50	428	16577	157
79	0	3	10	432	6599	186
80	0	4	30	436	4183	148
81	0	3	20	440	9282	117
82	0	5	30	444	3836	171
83	0	5	40	448	535	155
84	0	2	50	452	2591	184
85	0	1	10	456	15047	192
86	0	1	50	460	7014	115
87	0	1	30	464	4799	100
88	0	4	30	468	17798	145
89	0	5	20	472	10760	101
90	0	4	10	476	21546	108
91	0	3	20	480	8026	158
92	0	3	40	484	7639	114
93	0	1	50	488	11002	110
94	0	5	20	492	5044	199
95	0	2	10	496	4796	148
96	0	5	50	500	296	168
97	0	1	30	504	4834	179
98	0	3	40	508	5158	171
99	0	5	30	512	6768	154
100	0	3	20	516	16412	119
101	0	4	50	520	17712	175
102	0	1	50	524	16007	188
103	0	4	30	528	5378	200
104	0	4	40	532	3760	167
105	0	2	30	536	23611	118
106	0	3	40	540	10929	177
107	0	1	20	544	3690	153
108	0	4	20	548	4950	102
109	0	2	50	552	1063	152
110	0	1	40	556	6612	101
111	0	4	40	560	38520	164
112	0	5	40	564	6713	153
113	0	5	10	568	3417	200
114	0	2	40	572	16358	114
115	0	2	30	576	5002	119
116	0	5	40	580	1098	101
117	0	1	40	584	3048	154
118	0	2	50	588	3188	176
119	0	1	40	592	7049	184
120	0	4	40	596	17923	102
121	0	5	40	600	25221	120
122	0	3	40	604	5246	163
123	0	4	40	608	42811	191
124	0	1	10	612	11593	125
125	0	5	40	616	8073	140
126	0	3	40	620	4730	145
127	0	2	40	624	4987	105
128	0	3	40	628	14385	122
129	0	5	50	632	1767	146
130	0	1	50	636	26329	166
131	0	2	40	640	25908	112
132	0	3	30	644	28323	156
133	0	1	20	648	4587	102
134	0	1	40	652	13587	166
135	0	5	40	656	8880	174
136	0	2	30	660	19437	129
137	0	1	50	664	29224	171
138	0	2	10	668	17879	188
139	0	1	20	672	4878	165
140	0	4	20	676	1490	115
141	0	1	30	680	2350	162
142	0	3	10	684	57432	198
143	0	3	30	688	13987	194
144	0	5	30	692	2213	200
145	0	5	20	696	24887	144
146	0	4	40	700	733	105
147	0	3	30	704	3029	115
148	0	4	20	708	23262	197
149	0	3	40	712	27	180
150	0	3	30	716	3325	146
151	0	5	20	720	19320	113
152	0	4	30	724	1241	103
153	0	2	10	728	28264	188
154	0	2	50	732	12792	151
155	0	3	40	736	24258	199
156	0	2	20	740	6480	112
157	0	3	10	744	17367	198
158	0	3	30	748	16246	175
159	0	4	50	752	18133	127
160	0	4	50	756	9173	173
161	0	1	10	760	3576	172
162	0	3	30	800	10025	131
163	0	5	20	805	2693	156
164	0	2	50	810	2621	186
165	0	4	10	815	9294	190
166	0	2	10	820	666	108
167	0	5	20	825	1408	150
168	0	5	30	830	10130	133
169	0	3	10	835	3000	140
170	0	1	10	840	9288	190
171	0	4	40	845	2308	131
172	0	5	40	850	7167	166
173	0	2	40	855	27546	111
174	0	3	20	860	4760	169
175	0	4	10	865	10923	141
176	0	3	30	870	26070	123
177	0	1	10	875	13155	169
178	0	4	20	880	19515	192
179	0	2	40	885	16404	182
180	0	2	10	890	6754	135
181	0	1	10	895	1300	130
182	0	4	30	900	7939	109
183	0	5	10	905	14293	143
184	0	2	30	910	27037	100
185	0	1	40	915	1111	153
186	0	4	10	920	18517	109
187	0	1	30	925	5	169
188	0	4	20	930	13019	152
189	0	3	50	935	19938	168
190	0	3	20	940	1339	161
191	0	5	30	945	455	132
192	0	4	20	950	2245	197
193	0	4	10	955	64256	161
194	0	2	20	960	19291	193
195	0	3	20	965	23516	143
196	0	3	50	970	11346	131
197	0	3	40	975	18762	141
198	0	1	40	980	8127	107
199	0	1	20	985	11909	109
200	0	4	20	990	20595	136
201	0	5	20	995	35601	155
202	0	3	10	1000	12701	183
203	0	1	10	1005	12088	156
204	0	3	40	1010	7471	190
205	0	5	50	1015	832	115
206	0	5	30	1020	5176	147
207	0	3	50	1025	2662	192
208	0	5	50	1030	10344	118
209	0	3	50	1035	717	110
210	0	5	20	1040	47843	176
211	0	2	10	1045	16703	143
212	0	4	40	1050	39066	106
213	0	2	50	1055	68275	194
214	0	3	50	1060	5149	193
215	0	3	50	1065	6781	143
216	0	3	40	1070	17831	162
217	0	3	30	1075	24502	189
218	0	3	50	1080	4385	156
219	0	1	10	1085	1369	133
220	0	1	50	1090	16771	180
221	0	2	30	1095	660	140
222	0	1	50	1100	7144	199
223	0	2	30	1105	17123	165
224	0	5	40	1110	1474	180
225	0	1	40	1115	8355	158
226	0	5	20	1120	52	134
227	0	2	40	1125	7271	105
228	0	5	20	1130	1259	119
229	0	5	50	1135	7581	125
230	0	2	10	1140	51274	109
231	0	5	50	1145	1204	182
232	0	5	30	1150	2292	162
233	0	4	10	1155	2294	182
234	0	4	20	1160	31063	145
235	0	2	40	1165	7891	180
236	0	4	50	1170	7167	147
237	0	3	20	1175	22699	154
238	0	3	20	1180	3177	153
239	0	3	30	1185	21116	185
240	0	2	20	1200	16074	105
241	0	1	10	1204	10620	117
242	0	1	40	1208	6594	150
243	0	2	30	1212	11117	141
244	0	3	40	1216	21172	193
245	0	2	20	1220	5247	118
246	0	1	40	1224	946	126
247	0	2	30	1228	2294	103
248	0	1	10	1232	12474	168
249	0	4	30	1236	5504	149
250	0	5	40	1240	1071	182
251	0	5	30	1244	16225	143
252	0	1	40	1248	7950	186
253	0	1	30	1252	5817	175
254	0	1	20	1256	25099	129
255	0	2	40	1260	17465	197
256	0	5	20	1264	8314	156
257	0	1	40	1268	26823	117
258	0	1	30	1272	8787	177
259	0	2	10	1276	39209	131
260	0	5	30	1280	776	181
261	0	4	50	1284	27155	141
262	0	3	40	1288	1255	173
263	0	5	50	1292	1389	193
264	0	2	40	1296	896	100
265	0	1	30	1300	26051	194
266	0	3	40	1304	10339	181
267	0	1	40	1308	18581	124
268	0	4	30	1312	893	148
269	0	1	10	1316	24208	112
270	0	5	10	1320	48224	196
271	0	1	30	1324	31009	108
272	0	1	20	1328	12178	135
273	0	5	20	1332	7806	171
274	0	5	50	1336	5540	127
275	0	5	40	1340	2171	163
276	0	1	50	1344	11956	190
277	0	4	20	1348	22342	158
278	0	4	50	1352	32127	172
279	0	4	20	1356	17196	161
280	0	1	50	1360	6655	132
281	0	4	40	1364	21284	131
282	0	1	30	1368	19807	138
283	0	2	40	1372	15789	170
284	0	5	20	1376	5793	144
285	0	2	40	1380	3368	167
286	0	5	10	1384	11331	197
287	0	4	50	1388	18712	188
288	0	3	40	1392	4237	152
289	0	2	40	1396	2066	149
290	0	3	20	1400	48228	123
291	0	3	10	1404	9760	129
292	0	2	40	1408	4805	177
293	0	1	20	1412	3788	121
294	0	3	10	1416	17388	103
295	0	3	20	1420	22147	164
296	0	4	30	1424	8032	144
297	0	2	40	1428	4512	158
298	0	5	50	1432	9112	140
299	0	3	20	1436	34328	200
300	0	5	40	1440	17991	137
301	0	1	50	1444	4083	101
302	0	3	10	1448	1295	155
303	0	1	50	1452	18135	155
304	0	5	30	1456	5851	153
305	0	5	20	1460	2104	173
306	0	4	10	1464	1314	107
307	0	1	20	1468	75	114
308	0	2	30	1472	173	147
309	0	1	40	1476	14895	167
310	0	1	50	1480	1752	106
311	0	1	50	1484	12779	199
312	0	2	50	1488	39177	145
313	0	3	10	1492	17014	115
314	0	2	10	1496	9218	200
315	0	2	40	1500	3173	150
316	0	4	20	1504	1103	103
317	0	2	50	1508	5498	103
318	0	5	40	1512	15552	149
319	0	1	10	1516	21070	134
320	0	1	20	1520	3857	197
321	0	4	40	1524	18601	194
322	0	3	10	1528	8078	173
323	0	2	50	1532	29380	199
324	0	3	40	1600	25950	189
325	0	2	50	1606	6648	166
326	0	5	40	1612	10833	131
327	0	5	10	1618	5483	114
328	0	3	20	1624	14979	167
329	0	2	40	1630	9002	164
330	0	2	20	1636	13582	118
331	0	5	10	1642	4581	132
332	0	5	30	1648	4497	117
333	0	2	30	1654	53560	173
334	0	4	40	1660	50171	123
335	0	1	50	1666	1772	131
336	0	1	30	1672	15622	176
337	0	5	30	1678	349	183
338	0	3	20	1684	5092	116
339	0	1	50	1690	3014	171
340	0	3	30	1696	1823	159
341	0	4	40	1702	11139	182
342	0	3	20	1708	17920	141
343	0	2	10	1714	10597	185
344	0	1	50	1720	270	142
345	0	3	20	1726	4748	125
346	0	2	20	1732	10842	184
347	0	4	30	1738	10189	162
348	0	5	10	1744	15917	122
349	0	2	20	1750	9132	154
350	0	5	10	1756	16838	161
351	0	3	40	1762	1538	141
352	0	2	10	1768	10612	108
353	0	5	40	1774	14641	105
354	0	3	50	1780	13226	102
355	0	1	50	1786	54046	144
356	0	3	50	1792	19222	128
357	0	2	20	1798	2509	156
358	0	4	10	1804	26979	166
359	0	3	40	1810	38784	188
360	0	1	30	1816	10024	142
361	0	5	10	1822	16025	194
362	0	4	10	1828	4164	147
363	0	5	50	1834	8000	184
364	0	5	20	1840	407	149
365	0	2	40	1846	20479	175
366	0	1	30	1852	5035	181
367	0	1	20	1858	43485	173
368	0	4	30	1864	17796	193
369	0	1	10	1870	6106	168
370	0	1	10	1876	8424	174
371	0	4	40	1882	732	120
372	0	4	30	1888	264	187
373	0	5	40	1894	8420	178
374	0	3	30	1900	13910	175
375	0	2	40	1906	13308	114
376	0	2	20	1912	149	152
377	0	2	10	1918	28048	189
378	0	2	50	1924	26629	157
379	0	5	30	1930	9802	164
380	0	1	30	1936	21299	182
381	0	1	20	1942	271	170
382	0	5	50	1948	12002	192
383	0	1	50	1954	2384	113
384	0	3	30	1960	17822	102
385	0	4	40	1966	9776	177
386	0	4	10	1972	15727	123
387	0	5	40	1978	11230	111
388	0	4	40	2000	4638	171
389	0	3	50	2004	65620	179
390	0	4	10	2008	4965	103
391	0	5	20	2012	9298	119
392	0	2	30	2016	1730	117
393	0	1	40	2020	5839	129
394	0	1	30	2024	12799	129
395	0	4	30	2028	6210	166
396	0	1	40	2032	4479	134
397	0	3	30	2036	4089	158
398	0	3	40	2040	9664	136
399	0	5	10	2044	2734	168
400	0	2	50	2048	49690	144
401	0	1	10	2052	11659	111
402	0	1	10	2056	19261	169
403	0	4	50	2060	4909	154
404	0	1	10	2064	345	180
405	0	1	20	2068	14248	140
406	0	4	10	2072	1245	155
407	0	3	20	2076	1036	130
408	0	3	20	2080	224	131
409	0	1	20	2084	73182	188
410	0	5	30	2088	45039	192
411	0	1	50	2092	27052	139
412	0	5	20	2096	4236	200
413	0	4	40	2100	4917	102
414	0	2	10	2104	1671	105
415	0	5	20	2108	9421	172
416	0	5	10	2112	1327	101
417	0	3	10	2116	1439	134
418	0	3	20	2120	14982	181
419	0	1	40	2124	7759	172
420	0	4	30	2128	1107	151
421	0	2	40	2132	15932	170
422	0	2	40	2136	12691	102
423	0	1	30	2140	18022	113
424	0	3	10	2144	742	165
425	0	2	50	2148	40287	155
426	0	3	20	2152	31072	103
427	0	4	50	2156	12142	158
428	0	4	20	2160	22641	149
429	0	4	10	2164	3979	108
430	0	2	10	2168	5328	180
431	0	5	50	2172	15430	195
432	0	5	20	2176	5175	153
433	0	3	50	2180	13959	190
434	0	4	30	2184	10242	120
435	0	5	30	2188	2813	171
436	0	1	20	2192	3031	100
437	0	2	10	2196	4219	138
438	0	5	50	2200	1975	133
439	0	3	20	2204	981	163
440	0	1	40	2208	7363	122
441	0	1	50	2212	12516	194
442	0	3	30	2216	10676	181
443	0	4	20	2220	4678	183
444	0	4	20	2224	232	188
445	0	3	10	2228	7038	164
446	0	5	50	2232	3321	119
447	0	3	40	2236	19196	114
448	0	4	30	2240	3537	124
449	0	1	10	2244	1424	157
450	0	5	20	2248	4267	165
451	0	3	30	2252	2655	100
452	0	1	10	2256	10288	178
453	0	2	50	2260	959	164
454	0	1	40	2264	1473	116
455	0	1	20	2268	3438	175
456	0	5	20	2272	41618	109
457	0	5	30	2276	265	156
458	0	1	40	2280	3871	190
459	0	5	20	2284	783	125
460	0	3	10	2288	17638	137
461	0	5	10	2292	7441	197
462	0	4	50	2296	3203	182
463	0	4	20	2300	15995	122
464	0	5	20	2304	12232	107
465	0	1	40	2308	3499	198
466	0	2	30	2312	9442	187
467	0	3	30	2316	11295	110
468	0	1	20	2320	17232	183
469	0	3	40	2324	30464	134
470	0	5	10	2328	4640	172
471	0	4	10	2332	19821	164
472	0	4	20	2400	39000	101
473	0	5	10	2406	12078	118
474	0	1	10	2412	212	150
475	0	3	40	2418	6969	158
476	0	4	10	2424	1889	189
477	0	4	30	2430	4803	119
478	0	3	20	2436	17028	126
479	0	1	50	2442	11492	100
480	0	2	10	2448	15420	135
481	0	1	30	2454	1628	189
482	0	1	20	2460	5758	133
483	0	3	20	2466	16006	192
484	0	5	40	2472	48863	144
485	0	4	30	2478	2092	180
486	0	5	40	2484	1920	117
487	0	3	20	2490	3833	190
488	0	2	10	2496	10182	173
489	0	4	10	2502	4715	145
490	0	1	10	2508	3295	162
491	0	2	40	2514	2697	144
492	0	1	20	2520	251	148
493	0	1	40	2526	1112	107
494	0	5	20	2532	4426	125
495	0	1	30	2538	67887	125
496	0	3	50	2544	6398	111
497	0	5	20	2550	22999	158
498	0	5	50	2556	13811	175
499	0	4	40	2562	17442	190
500	0	1	40	2568	27517	177
501	0	2	20	2574	11993	108
502	0	3	30	2580	438	132
503	0	2	50	2586	4882	190
504	0	2	10	2592	18795	186
505	0	1	20	2598	8103	101
506	0	5	10	2604	3250	199
507	0	1	10	2610	34001	159
508	0	1	50	2616	733	113
509	0	4	10	2622	13488	158
510	0	2	10	2628	1310	186
511	0	2	50	2634	12225	190
512	0	3	10	2640	3675	130
513	0	1	40	2646	12928	189
514	0	3	10	2652	4983	191
515	0	2	30	2658	12365	148
516	0	5	50	2664	1013	163
517	0	1	40	2670	8264	190
518	0	4	30	2676	16797	179
519	0	1	40	2682	7827	127
520	0	2	50	2688	1332	181
521	0	5	10	2694	3797	198
522	0	2	20	2700	463	137
523	0	3	10	2706	6897	137
524	0	2	30	2712	13706	173
525	0	4	20	2718	1525	127
526	0	4	40	2724	18590	115
527	0	4	40	2730	24729	194
528	0	1	40	2736	4734	193
529	0	1	40	2742	255	125
530	0	1	40	2748	331	146
531	0	5	50	2754	4157	130
532	0	4	30	2760	12468	144
533	0	4	40	2766	57649	136
534	0	1	20	2772	15155	123
535	0	1	40	2778	1150	126
536	0	4	10	2784	1144	156
537	0	5	20	2800	576	144
538	0	2	10	2804	34883	106
539	0	4	20	2808	8126	143
540	0	5	20	2812	30729	182
541	0	4	40	2816	2778	158
542	0	2	30	2820	2892	176
543	0	4	10	2824	27269	115
544	0	2	10	2828	3004	160
545	0	5	20	2832	11030	172
546	0	4	30	2836	33279	114
547	0	5	30	2840	5378	159
548	0	3	30	2844	16573	117
549	0	3	40	2848	13135	178
550	0	1	30	2852	29656	162
551	0	2	10	2856	29656	122
552	0	1	40	2860	1258	180
553	0	4	20	2864	2745	148
554	0	3	40	2868	12986	109
555	0	2	30	2872	11859	180
556	0	1	50	2876	10816	171
557	0	5	20	2880	10956	196
558	0	5	30	2884	12714	116
559	0	4	40	2888	13370	159
560	0	3	30	2892	14584	186
561	0	2	30	2896	5442	105
562	0	1	20	2900	11459	167
563	0	1	10	2904	467	189
564	0	3	20	2908	12521	111
565	0	3	10	2912	19969	155
566	0	3	30	2916	59155	145
567	0	4	30	2920	3809	195
568	0	1	30	2924	34232	166
569	0	3	30	2928	3427	164
570	0	4	20	2932	9640	192
571	0	1	30	2936	416	119
572	0	5	40	2940	9646	183
573	0	5	20	2944	3635	135
574	0	2	20	2948	9753	146
575	0	3	20	2952	27441	122
576	0	3	40	2956	705	122
577	0	4	20	2960	1823	122
578	0	1	50	2964	2915	177
579	0	3	10	2968	996	101
580	0	5	40	2972	2408	113
581	0	4	20	2976	6669	157
582	0	1	20	2980	1587	176
583	0	3	50	2984	12969	115
584	0	5	10	2988	1338	163
585	0	5	30	2992	1421	124
586	0	4	20	2996	2577	151
587	0	1	10	3000	6993	197
588	0	2	10	3004	4817	126
589	0	4	50	3008	1123	144
590	0	5	40	3012	8256	155
591	0	4	40	3016	8133	161
592	0	5	50	3020	6000	127
593	0	4	20	3024	3834	148
594	0	1	40	3028	18646	157
595	0	3	50	3032	9800	177
596	0	4	30	3036	10743	191
597	0	1	20	3040	2322	188
598	0	1	50	3044	3438	104
599	0	4	10	3048	6348	105
600	0	2	50	3052	11250	126
601	0	1	10	3056	13142	119
602	0	5	10	3060	6513	194
603	0	5	50	3064	8324	154
604	0	5	20	3068	1441	186
605	0	1	10	3072	25587	142
606	0	2	30	3076	5414	140
607	0	1	20	3080	21853	145
608	0	3	50	3084	12534	101
609	0	5	20	3088	17264	187
610	0	4	40	3092	10148	157
611	0	2	40	3096	7240	149
612	0	5	30	3100	5794	118
613	0	2	20	3104	10230	115
614	0	4	10	3108	8080	146
615	0	5	20	3112	3892	129
616	0	1	10	3116	3304	129
617	0	4	20	3120	37077	152
618	0	2	10	3124	32381	125
619	0	4	40	3128	9215	188
620	0	4	40	3132	11528	104
621	0	3	20	3136	9611	149
622	0	3	30	3200	34036	168
623	0	2	30	3205	23001	121
624	0	3	50	3210	16683	109
625	0	1	40	3215	741	130
626	0	1	40	3220	12280	192
627	0	2	20	3225	3923	135
628	0	5	30	3230	7682	178
629	0	4	30	3235	76344	170
630	0	4	50	3240	4398	131
631	0	2	20	3245	25554	135
632	0	4	30	3250	26686	117
633	0	2	50	3255	19611	172
634	0	2	20	3260	7647	175
635	0	4	40	3265	8715	194
636	0	4	10	3270	89	163
637	0	1	30	3275	11726	122
638	0	3	40	3280	9515	129
639	0	4	10	3285	3044	120
640	0	3	10	3290	16568	184
641	0	3	50	3295	5264	105
642	0	3	20	3300	18931	195
643	0	2	40	3305	10068	139
644	0	5	10	3310	8774	187
645	0	3	50	3315	545	105
646	0	5	20	3320	1388	143
647	0	4	30	3325	20564	112
648	0	5	20	3330	18364	102
649	0	2	30	3335	8597	128
650	0	3	40	3340	4582	147
651	0	1	10	3345	12161	139
652	0	5	20	3350	3344	162
653	0	2	10	3355	14984	117
654	0	5	20	3360	18925	100
655	0	5	30	3365	708	177
656	0	4	30	3370	15456	152
657	0	4	30	3375	10015	173
658	0	3	10	3380	16601	145
659	0	5	40	3385	657	155
660	0	5	20	3390	3306	151
661	0	1	20	3395	1056	104
662	0	2	50	3400	5456	167
663	0	5	30	3405	12593	132
664	0	2	30	3410	7302	156
665	0	3	20	3415	14039	122
666	0	4	20	3420	9884	131
667	0	3	30	3425	10355	146
668	0	1	10	3430	1296	140
669	0	1	30	3435	43664	152
670	0	1	20	3440	3769	166
671	0	5	40	3445	11518	107
672	0	1	40	3450	6270	123
673	0	3	50	3455	14796	104
674	0	2	40	3460	18582	103
675	0	2	40	3465	3650	199
676	0	5	50	3470	17004	155
677	0	1	50	3475	5610	128
678	0	2	30	3480	4882	134
679	0	5	50	3485	14713	103
680	0	2	20	3490	36092	188
681	0	3	10	3495	20630	180
682	0	3	50	3500	8206	133
683	0	3	10	3505	39020	149
684	0	2	40	3510	13705	122
685	0	4	40	3515	13298	193
686	0	3	10	3520	12188	173
687	0	2	20	3525	2362	100
688	0	2	30	3530	138	172
689	0	2	40	3535	6412	198
690	0	1	10	3540	18848	142
691	0	5	40	3545	6989	191
692	0	4	20	3550	24891	178
693	0	4	50	3555	8180	174
694	0	5	40	3560	49094	170
695	0	2	40	3565	13100	180
696	0	2	10	3570	54982	139
697	0	4	50	3575	1861	162
698	0	1	10	3580	1425	184
699	0	3	40	3585	21195	164
700	0	5	40	3590	7921	175
701	0	2	40	3600	9091	197
702	0	3	30	3605	15165	173
703	0	4	40	3610	19918	150
704	0	1	10	3615	3324	163
705	0	3	10	3620	14461	139
706	0	5	30	3625	3137	116
707	0	2	20	3630	9180	157
708	0	1	30	3635	31194	113
709	0	4	40	3640	9089	102
710	0	1	30	3645	4275	122
711	0	3	40	3650	5182	123
712	0	3	50	3655	3163	138
713	0	3	10	3660	523	141
714	0	3	20	3665	1300	168
715	0	3	10	3670	6537	172
716	0	3	20	3675	10667	172
717	0	4	50	3680	6211	117
718	0	3	40	3685	41683	109
719	0	3	40	3690	18501	164
720	0	1	20	3695	638	150
721	0	3	50	3700	5785	131
722	0	1	50	3705	10033	175
723	0	5	20	3710	13992	142
724	0	1	30	3715	2405	110
725	0	1	30	3720	21128	175
726	0	2	20	3725	16290	130
727	0	2	40	3730	29266	149
728	0	4	10	3735	15505	135
729	0	5	50	3740	1576	124
730	0	1	40	3745	3817	160
731	0	2	10	3750	11419	193
732	0	1	40	3755	3637	145
733	0	4	40	3760	8444	170
734	0	1	10	3765	3033	129
735	0	5	40	3770	6523	192
736	0	5	40	3775	1309	106
737	0	4	10	3780	13880	183
738	0	3	50	3785	15247	187
739	0	4	40	3790	47260	183
740	0	4	20	3795	6953	176
741	0	1	40	3800	1306	115
742	0	1	50	3805	3500	187
743	0	4	50	3810	7854	169
744	0	2	10	3815	1455	175
745	0	3	20	3820	6987	118
746	0	3	40	3825	2825	152
747	0	2	20	3830	21378	136
748	0	1	30	3835	5962	106
749	0	3	40	3840	9940	198
750	0	5	30	3845	941	108
751	0	3	10	3850	10574	121
752	0	1	10	3855	2303	153
753	0	3	20	3860	4734	120
754	0	2	30	3865	18020	114
755	0	2	50	3870	1273	143
756	0	2	50	3875	40089	121
757	0	4	10	3880	353	130
758	0	4	20	3885	11873	140
759	0	5	40	3890	6410	188
760	0	2	40	3895	37940	109
761	0	4	40	3900	4580	167
762	0	4	20	3905	19889	122
763	0	2	30	3910	19470	190
764	0	4	50	3915	3591	143
765	0	5	30	3920	13894	130
766	0	3	10	3925	1121	179
767	0	4	20	3930	15556	169
768	0	2	50	3935	20535	112
769	0	4	40	3940	13797	177
770	0	3	30	4000	4568	165
771	0	5	10	4005	28050	189
772	0	2	10	4010	13851	131
773	0	5	10	4015	53558	126
774	0	4	30	4020	5099	188
775	0	1	30	4025	35620	134
776	0	3	50	4030	1664	144
777	0	3	50	4035	1083	105
778	0	4	20	4040	10244	167
779	0	3	10	4045	16174	192
780	0	4	50	4050	11557	122
781	0	5	10	4055	29039	194
782	0	1	10	4060	8837	143
783	0	2	30	4065	2121	137
784	0	1	30	4070	585	115
785	0	3	30	4075	13930	138
786	0	1	10	4080	6941	139
787	0	3	20	4085	32884	125
788	0	2	10	4090	15622	156
789	0	5	20	4095	1570	186
790	0	3	40	4100	7279	170
791	0	1	40	4105	927	177
792	0	5	50	4110	707	143
793	0	3	10	4115	4374	199
794	0	3	10	4120	277	174
795	0	1	40	4125	1568	109
796	0	2	30	4130	4174	194
797	0	5	20	4135	7182	197
798	0	5	50	4140	3006	126
799	0	2	40	4145	6711	145
800	0	5	20	4150	5209	140
801	0	4	20	4155	7923	184
802	0	1	20	4160	148	123
803	0	3	50	4165	14782	129
804	0	5	20	4170	3397	133
805	0	5	20	4175	2264	120
806	0	2	50	4180	27751	191
807	0	2	50	4185	2472	126
808	0	5	50	4190	46835	132
809	0	2	10	4195	21167	180
810	0	5	50	4200	42558	200
811	0	5	50	4205	25271	116
812	0	1	50	4210	7280	163
813	0	2	10	4215	26272	149
814	0	2	50	4220	19050	166
815	0	2	30	4225	572	115
816	0	3	30	4230	19082	123
817	0	3	40	4235	12506	185
818	0	2	10	4240	16875	174
819	0	2	30	4245	10179	104
820	0	4	20	4250	3398	191
821	0	1	40	4255	2003	153
822	0	3	10	4260	77924	112
823	0	2	40	4265	14316	127
824	0	2	50	4270	3113	107
825	0	3	40	4275	3329	188
826	0	5	20	4280	22462	145
827	0	4	50	4285	5721	132
828	0	2	10	4290	40436	153
829	0	4	50	4295	3038	179
830	0	4	50	4300	12764	140
831	0	3	40	4305	13640	147
832	0	3	10	4310	24000	179
833	0	2	30	4315	1890	122
834	0	4	50	4320	5893	151
835	0	1	30	4325	1740	138
836	0	5	40	4330	27490	171
837	0	4	20	4335	20116	113
838	0	2	20	4340	29644	103
839	0	1	20	4345	25017	196
840	0	2	30	4350	18489	147
841	0	5	10	4355	3500	113
842	0	4	30	4360	37383	193
843	0	1	10	4365	27553	176
844	0	5	20	4370	1971	186
845	0	4	50	4400	10310	153
846	0	5	50	4405	11595	113
847	0	4	40	4410	2225	194
848	0	2	20	4415	8557	133
849	0	2	30	4420	44909	158
850	0	3	10	4425	4741	186
851	0	5	50	4430	12477	109
852	0	3	20	4435	14266	123
853	0	4	30	4440	12591	122
854	0	4	30	4445	2406	154
855	0	4	30	4450	2653	187
856	0	2	20	4455	7958	171
857	0	4	40	4460	4549	197
858	0	2	50	4465	7840	122
859	0	3	30	4470	51	145
860	0	1	50	4475	4731	175
861	0	4	10	4480	8851	159
862	0	5	50	4485	2990	174
863	0	1	50	4490	16933	153
864	0	4	20	4495	2291	140
865	0	2	20	4500	4144	153
866	0	2	50	4505	164	137
867	0	5	20	4510	4436	141
868	0	3	20	4515	8317	199
869	0	2	20	4520	12966	127
870	0	2	40	4525	1918	145
871	0	5	10	4530	49010	109
872	0	1	30	4535	15795	181
873	0	1	50	4540	25371	179
874	0	5	50	4545	18504	158
875	0	4	10	4550	60653	178
876	0	3	20	4555	2649	161
877	0	2	10	4560	1252	137
878	0	2	20	4565	9455	142
879	0	3	10	4570	12666	154
880	0	3	50	4575	11699	175
881	0	1	40	4580	13557	151
882	0	2	30	4585	24421	200
883	0	5	30	4590	54447	196
884	0	2	40	4595	27311	194
885	0	4	50	4600	100	131
886	0	5	20	4605	49398	124
887	0	5	30	4610	2902	157
888	0	3	10	4615	39903	169
889	0	5	20	4620	2523	164
890	0	4	20	4625	12603	167
891	0	2	10	4630	10503	175
892	0	3	20	4635	4863	192
893	0	4	40	4640	29047	159
894	0	1	20	4645	9577	121
895	0	4	30	4650	3678	189
896	0	5	20	4655	395	140
897	0	3	30	4660	2670	139
898	0	3	50	4665	15515	136
899	0	4	10	4670	23545	133
900	0	3	10	4675	9931	116
901	0	5	30	4680	4460	173
902	0	2	30	4685	13278	196
903	0	1	10	4690	22711	105
904	0	5	40	4695	21161	112
905	0	4	50	4700	5044	176
906	0	4	30	4705	29522	128
907	0	3	30	4710	20323	144
908	0	4	40	4715	23919	164
909	0	1	20	4720	2500	176
910	0	1	20	4725	2	126
911	0	5	10	4730	5846	134
912	0	2	30	4735	17653	155
913	0	4	50	4740	21104	169
914	0	1	30	4745	5765	171
915	0	5	20	4750	12560	123
916	0	2	30	4755	12681	159
917	0	1	20	4800	3156	178
918	0	4	20	4804	23493	160
919	0	5	20	4808	2170	108
920	0	2	50	4812	4424	128
921	0	2	20	4816	19238	180
922	0	3	20	4820	5078	172
923	0	3	50	4824	4458	135
924	0	3	10	4828	125	160
925	0	1	40	4832	9974	171
926	0	2	50	4836	12595	118
927	0	3	40	4840	20627	122
928	0	1	30	4844	4795	157
929	0	2	20	4848	8858	169
930	0	4	50	4852	38992	138
931	0	1	40	4856	79209	121
932	0	5	20	4860	5613	101
933	0	4	10	4864	13891	108
934	0	1	50	4868	1119	137
935	0	3	30	4872	4494	101
936	0	5	20	4876	91	156
937	0	1	30	4880	242	194
938	0	5	50	4884	2102	183
939	0	4	50	4888	9691	117
940	0	1	30	4892	1181	103
941	0	3	50	4896	2200	180
942	0	2	50	4900	5189	193
943	0	2	40	4904	17948	193
944	0	5	50	4908	2520	137
945	0	5	10	4912	3686	133
946	0	5	40	4916	20115	120
947	0	4	30	4920	8450	122
948	0	4	20	4924	9050	189
949	0	1	10	4928	27742	198
950	0	2	10	4932	11348	130
951	0	5	50	4936	19380	162
952	0	5	20	4940	4998	180
953	0	3	30	4944	9854	127
954	0	2	10	4948	9611	104
955	0	1	40	4952	17335	137
956	0	3	10	4956	40365	100
957	0	4	30	4960	5336	161
958	0	4	50	4964	21910	145
959	0	5	10	4968	3679	141
960	0	2	10	4972	14181	157
961	0	2	50	4976	1182	105
962	0	2	50	4980	8002	187
963	0	2	20	4984	5017	196
964	0	2	20	4988	3088	138
965	0	1	40	4992	19	105
966	0	5	50	4996	145	132
967	0	3	20	5000	1060	146
968	0	4	10	5004	16103	132
969	0	3	10	5008	859	169
970	0	5	50	5012	12303	167
971	0	2	50	5016	12009	165
972	0	1	30	5020	878	196
973	0	1	30	5024	4361	142
974	0	5	50	5028	892	104
975	0	4	10	5032	1820	149
976	0	5	30	5036	7122	187
977	0	1	30	5040	10103	180
978	0	4	50	5044	1546	198
979	0	4	10	5048	16441	127
980	0	1	50	5052	16710	151
981	0	3	20	5056	1872	197
982	0	4	30	5060	4128	134
983	0	5	20	5064	6714	160
984	0	1	20	5068	28949	139
985	0	5	50	5072	2093	176
986	0	2	30	5076	12873	141
987	0	3	40	5080	20152	175
988	0	2	50	5084	1735	103
989	0	5	20	5088	4714	100
990	0	1	20	5092	5113	101
991	0	2	40	5096	12551	196
992	0	2	40	5100	2397	149
993	0	1	40	5104	27238	141
994	0	3	40	5108	23661	161
995	0	4	40	5112	117701	198
996	0	2	50	5116	13704	193
997	0	1	30	5120	112	198
998	0	1	20	5124	9555	154
999	0	4	20	5128	2496	132
1000	0	5	10	5132	3490	100
1001	0	2	30	5136	15639	174
1002	0	1	30	5140	17471	191
1003	0	2	10	5144	7405	119
1004	0	2	10	5200	3607	130
1005	0	5	10	5205	46471	165
1006	0	5	30	5210	15736	167
1007	0	4	50	5215	439	137
1008	0	4	40	5220	8042	122
1009	0	4	10	5225	6337	156
1010	0	1	10	5230	4566	150
1011	0	2	40	5235	6055	120
1012	0	5	40	5240	3263	163
1013	0	1	40	5245	1171	118
1014	0	4	10	5250	8621	191
1015	0	4	40	5255	9550	161
1016	0	4	30	5260	19477	172
1017	0	2	30	5265	719	127
1018	0	1	50	5270	6773	157
1019	0	3	30	5275	830	162
1020	0	5	10	5280	5052	164
1021	0	3	10	5285	2656	158
1022	0	2	20	5290	35922	142
1023	0	5	40	5295	6408	132
1024	0	2	50	5300	15368	168
1025	0	4	20	5305	58992	172
1026	0	5	20	5310	7202	116
1027	0	1	40	5315	2292	154
1028	0	4	40	5320	7042	182
1029	0	1	20	5325	893	107
1030	0	3	10	5330	7393	156
1031	0	5	10	5335	6920	190
1032	0	1	10	5340	244	125
1033	0	5	30	5345	32445	166
1034	0	4	10	5350	8163	126
1035	0	4	30	5355	281	177
1036	0	3	50	5360	5690	106
1037	0	3	20	5365	21308	114
1038	0	4	10	5370	2219	129
1039	0	1	10	5375	32120	175
1040	0	1	30	5380	6735	109
1041	0	3	30	5385	11675	104
1042	0	4	10	5390	4718	152
1043	0	4	50	5395	15464	148
1044	0	4	10	5400	100	150
1045	0	5	40	5405	36117	181
1046	0	2	10	5410	6342	132
1047	0	2	50	5415	1106	130
1048	0	2	30	5420	5817	151
1049	0	4	50	5425	4487	200
1050	0	1	10	5430	2636	126
1051	0	5	30	5435	11694	165
1052	0	5	30	5440	10354	141
1053	0	4	50	5445	7896	192
1054	0	5	10	5450	22310	168
1055	0	3	50	5455	664	143
1056	0	1	20	5460	18086	131
1057	0	2	40	5465	5226	159
1058	0	5	10	5470	16087	151
1059	0	3	50	5475	3726	159
1060	0	1	50	5480	9006	148
1061	0	4	40	5485	9761	112
1062	0	1	10	5490	10757	155
1063	0	4	30	5495	6468	115
1064	0	1	10	5500	36034	100
1065	0	1	10	5505	25271	161
1066	0	2	30	5510	5661	195
1067	0	5	10	5515	4366	197
1068	0	3	40	5520	10979	192
1069	0	5	40	5525	8064	113
1070	0	2	50	5530	2253	155
1071	0	2	10	5535	42942	157
1072	0	4	20	5540	26411	199
1073	0	1	50	5545	8320	182
1074	0	2	50	5550	12170	152
1075	0	3	30	5555	15344	160
1076	0	4	10	5560	24806	105
1077	0	3	30	5565	3066	195
1078	0	1	40	5570	6237	182
1079	0	3	20	5575	17712	188
1080	0	2	10	5580	10471	139
1081	0	4	20	5585	5415	186
1082	0	4	10	5600	18711	103
1083	0	5	50	5604	1698	183
1084	0	1	10	5608	24905	181
1085	0	3	40	5612	21790	191
1086	0	1	30	5616	23612	148
1087	0	2	20	5620	9266	133
1088	0	1	20	5624	1116	199
1089	0	1	10	5628	6951	183
1090	0	4	20	5632	3367	145
1091	0	1	20	5636	298	148
1092	0	4	20	5640	1162	164
1093	0	1	20	5644	27866	170
1094	0	1	20	5648	6196	126
1095	0	2	50	5652	24748	197
1096	0	2	30	5656	366	149
1097	0	1	40	5660	28686	136
1098	0	4	40	5664	17847	147
1099	0	3	50	5668	1672	189
1100	0	3	20	5672	10255	186
1101	0	2	10	5676	1337	135
1102	0	4	10	5680	8048	138
1103	0	2	50	5684	27027	137
1104	0	3	10	5688	1820	145
1105	0	5	10	5692	3060	170
1106	0	2	10	5696	15861	166
1107	0	5	40	5700	973	159
1108	0	2	10	5704	22358	139
1109	0	2	30	5708	1569	108
1110	0	4	50	5712	2386	137
1111	0	4	50	5716	9661	137
1112	0	2	50	5720	35411	177
1113	0	2	50	5724	40881	164
1114	0	1	50	5728	13855	119
1115	0	2	40	5732	2158	162
1116	0	5	30	5736	17478	109
1117	0	1	20	5740	7394	173
1118	0	4	30	5744	9375	134
1119	0	3	30	5748	1439	109
1120	0	1	40	5752	218	113
1121	0	5	10	5756	21852	161
1122	0	4	40	5760	2923	199
1123	0	2	40	5764	2089	109
1124	0	2	30	5768	3366	168
1125	0	1	30	5772	1902	107
1126	0	4	40	5776	25420	194
1127	0	3	10	5780	52452	129
1128	0	5	30	5784	1221	156
1129	0	1	10	5788	17350	156
1130	0	1	10	5792	14115	111
1131	0	4	20	5796	40243	170
1132	0	5	40	5800	7207	147
1133	0	4	50	5804	3863	194
1134	0	1	10	5808	2631	101
1135	0	5	10	5812	7770	104
1136	0	5	10	5816	24913	148
1137	0	3	20	5820	27031	166
1138	0	3	50	5824	56789	137
1139	0	2	50	5828	12575	111
1140	0	2	30	5832	1317	124
1141	0	2	40	5836	18296	190
1142	0	5	10	5840	14177	195
1143	0	5	50	5844	40670	191
1144	0	2	10	5848	3602	146
1145	0	1	30	5852	14122	108
1146	0	5	30	5856	959	171
1147	0	2	30	5860	1608	200
1148	0	1	20	5864	2937	151
1149	0	4	30	5868	3272	164
1150	0	2	20	5872	1343	188
1151	0	1	20	5876	10128	176
1152	0	2	20	5880	5472	101
1153	0	1	20	5884	12979	138
1154	0	3	20	5888	1426	176
1155	0	3	10	5892	16000	124
1156	0	4	20	5896	26409	136
1157	0	2	30	5900	4785	129
1158	0	5	20	5904	12605	169
1159	0	2	30	5908	61695	138
1160	0	1	20	5912	5084	176
1161	0	5	50	5916	16444	137
1162	0	5	10	5920	47641	102
1163	0	2	10	5924	1005	184
1164	0	2	30	5928	6766	197
1165	0	5	30	5932	2909	168
1166	0	4	10	5936	1283	190
1167	0	4	10	5940	13393	184
1168	0	2	40	5944	17633	162
1169	0	1	50	5948	2800	115
1170	0	2	30	5952	4111	114
1171	0	3	10	5956	24676	143
1172	0	4	30	5960	7591	135
1173	0	2	30	5964	26800	123
1174	0	2	50	5968	109	186
1175	0	4	50	5972	3226	123
1176	0	1	10	5976	1879	167
1177	0	5	50	5980	3451	108
1178	0	5	30	6000	27685	163
1179	0	2	10	6005	9658	160
1180	0	2	10	6010	868	136
1181	0	2	20	6015	16844	195
1182	0	3	40	6020	17648	178
1183	0	2	10	6025	23431	192
1184	0	4	40	6030	12895	168
1185	0	5	50	6035	1554	135
1186	0	2	10	6040	10959	168
1187	0	5	30	6045	18759	109
1188	0	1	30	6050	2138	117
1189	0	3	10	6055	7405	178
1190	0	2	40	6060	10622	168
1191	0	3	40	6065	9468	118
1192	0	3	50	6070	3366	198
1193	0	1	20	6075	69892	200
1194	0	1	30	6080	4348	136
1195	0	3	40	6085	5317	187
1196	0	3	40	6090	19384	187
1197	0	4	10	6095	11385	110
1198	0	3	20	6100	9194	194
1199	0	3	30	6105	539	179
1200	0	2	20	6110	10708	119
1201	0	2	30	6115	6218	188
1202	0	1	40	6120	5271	137
1203	0	5	30	6125	108	135
1204	0	2	10	6130	35621	150
1205	0	4	20	6135	3195	144
1206	0	3	50	6140	1280	140
1207	0	1	40	6145	7695	179
1208	0	4	20	6150	12662	152
1209	0	4	30	6155	25081	152
1210	0	3	50	6160	10741	157
1211	0	4	30	6165	12238	128
1212	0	3	50	6170	6711	167
1213	0	4	20	6175	1229	109
1214	0	1	30	6180	30981	102
1215	0	5	10	6185	10730	182
1216	0	2	10	6190	44631	160
1217	0	4	10	6195	1575	111
1218	0	4	20	6200	6573	116
1219	0	3	40	6205	4443	162
1220	0	3	30	6210	11501	100
1221	0	5	40	6215	4468	180
1222	0	3	30	6220	8541	166
1223	0	4	40	6225	4443	185
1224	0	5	10	6230	11635	148
1225	0	5	40	6235	16367	197
1226	0	5	10	6240	11847	146
1227	0	3	10	6245	7658	136
1228	0	2	50	6250	10665	188
1229	0	5	20	6255	12636	199
1230	0	2	20	6260	6841	137
1231	0	3	50	6265	9115	157
1232	0	3	30	6270	15050	115
1233	0	3	10	6275	23293	185
1234	0	5	40	6280	39415	141
1235	0	5	40	6285	13137	148
1236	0	1	40	6290	6105	157
1237	0	4	20	6295	17188	142
1238	0	5	50	6300	28826	142
1239	0	5	30	6305	6635	123
1240	0	2	50	6310	246	196
1241	0	2	20	6315	1608	189
1242	0	1	20	6320	1791	157
1243	0	3	10	6325	4057	165
1244	0	5	10	6330	24396	121
1245	0	4	10	6335	35484	140
1246	0	1	50	6340	1497	152
1247	0	5	40	6345	1912	189
1248	0	1	50	6350	905	198
1249	0	1	30	6355	14976	154
1250	0	1	40	6360	5779	127
1251	0	5	30	6400	13604	176
1252	0	5	40	6404	2543	194
1253	0	1	40	6408	3070	132
1254	0	5	10	6412	6692	178
1255	0	3	40	6416	3932	139
1256	0	5	50	6420	27064	121
1257	0	2	10	6424	565	153
1258	0	1	30	6428	5896	188
1259	0	3	20	6432	2741	153
1260	0	5	10	6436	11188	199
1261	0	5	40	6440	11913	104
1262	0	4	50	6444	25905	192
1263	0	5	10	6448	8	154
1264	0	3	20	6452	6996	115
1265	0	1	10	6456	733	200
1266	0	2	10	6460	31028	112
1267	0	5	50	6464	10182	182
1268	0	4	30	6468	1737	168
1269	0	1	40	6472	3596	154
1270	0	5	20	6476	2562	124
1271	0	4	50	6480	2897	117
1272	0	4	10	6484	2882	169
1273	0	4	50	6488	69723	193
1274	0	1	40	6492	4096	166
1275	0	1	10	6496	8105	111
1276	0	4	30	6500	2267	122
1277	0	5	20	6504	3017	101
1278	0	5	30	6508	6966	164
1279	0	1	50	6512	13404	107
1280	0	4	50	6516	11835	144
1281	0	1	30	6520	7850	158
1282	0	3	20	6524	6111	139
1283	0	2	20	6528	25043	133
1284	0	4	40	6532	3758	171
1285	0	3	40	6536	16946	162
1286	0	3	10	6540	5007	164
1287	0	2	40	6544	8055	184
1288	0	4	50	6548	6724	106
1289	0	3	10	6552	13791	101
1290	0	1	40	6556	17647	126
1291	0	4	30	6560	5219	104
1292	0	3	50	6564	5602	155
1293	0	2	40	6568	14657	189
1294	0	1	30	6572	20470	125
1295	0	3	20	6576	5947	192
1296	0	4	30	6580	3307	198
1297	0	2	10	6584	1781	103
1298	0	1	50	6588	22379	150
1299	0	4	50	6592	19916	121
1300	0	3	10	6596	283	127
1301	0	2	10	6600	9459	170
1302	0	1	20	6604	150	120
1303	0	5	10	6608	20165	143
1304	0	2	10	6612	8824	129
1305	0	2	40	6616	2203	110
1306	0	1	20	6620	7497	106
1307	0	2	40	6624	2588	101
1308	0	1	10	6628	33091	166
1309	0	4	10	6632	33058	167
1310	0	5	20	6636	1360	116
1311	0	5	30	6640	13406	120
1312	0	3	30	6644	11167	190
1313	0	5	30	6648	15081	180
1314	0	5	30	6652	10331	109
1315	0	4	40	6656	1619	140
1316	0	3	20	6660	3142	165
1317	0	3	30	6664	103	158
1318	0	1	30	6668	15794	183
1319	0	5	30	6672	13877	153
1320	0	4	50	6676	15194	136
1321	0	5	20	6680	6866	128
1322	0	2	50	6684	1851	175
1323	0	2	30	6688	7211	166
1324	0	1	10	6692	8050	128
1325	0	1	50	6696	21955	120
1326	0	1	50	6700	22098	162
1327	0	3	30	6704	8519	180
1328	0	3	30	6708	2361	167
1329	0	4	20	6712	27438	175
1330	0	3	30	6716	3455	113
1331	0	2	20	6720	418	119
1332	0	5	30	6724	5683	152
1333	0	2	30	6728	11949	142
1334	0	4	40	6732	12576	181
1335	0	2	40	6736	1022	174
1336	0	1	20	6740	7565	137
1337	0	3	20	6744	10564	196
1338	0	5	10	6748	5266	103
1339	0	2	50	6752	1279	161
1340	0	2	20	6756	4139	155
1341	0	1	20	6760	1909	162
1342	0	2	40	6764	9645	118
1343	0	5	50	6768	8141	139
1344	0	4	50	6772	10293	186
1345	0	1	10	6776	1229	105
1346	0	2	50	6780	16494	115
1347	0	4	20	6784	12861	175
1348	0	2	20	6788	1643	180
1349	0	3	50	6792	14137	185
1350	0	1	50	6800	2098	126
1351	0	2	50	6804	3171	139
1352	0	2	40	6808	6252	120
1353	0	1	20	6812	2088	197
1354	0	5	10	6816	1154	186
1355	0	3	50	6820	10630	199
1356	0	5	10	6824	6178	196
1357	0	4	40	6828	9873	155
1358	0	5	50	6832	4715	114
1359	0	1	20	6836	13716	109
1360	0	1	50	6840	4739	148
1361	0	3	50	6844	37559	127
1362	0	4	20	6848	186	134
1363	0	3	40	6852	467	191
1364	0	1	30	6856	13907	153
1365	0	3	50	6860	908	198
1366	0	1	10	6864	4204	169
1367	0	2	50	6868	44314	147
1368	0	1	40	6872	820	200
1369	0	3	40	6876	8212	135
1370	0	3	20	6880	12895	103
1371	0	5	10	6884	12428	170
1372	0	3	20	6888	12712	154
1373	0	4	40	6892	11953	122
1374	0	4	10	6896	6002	199
1375	0	4	30	6900	10154	174
1376	0	3	40	6904	25781	110
1377	0	3	10	6908	12610	135
1378	0	4	40	6912	25028	181
1379	0	5	50	6916	5958	122
1380	0	5	50	6920	1164	104
1381	0	3	40	6924	2437	188
1382	0	1	20	6928	5743	200
1383	0	1	40	6932	7997	182
1384	0	3	30	6936	16071	149
1385	0	2	30	6940	217	175
1386	0	1	30	6944	11872	200
1387	0	5	10	6948	2943	155
1388	0	2	30	6952	9289	157
1389	0	1	50	6956	764	182
1390	0	3	30	6960	13645	179
1391	0	2	30	6964	28486	183
1392	0	4	20	6968	3619	181
1393	0	5	50	6972	13454	195
1394	0	1	10	6976	17891	112
1395	0	5	30	6980	4904	127
1396	0	2	10	6984	1694	128
1397	0	5	50	6988	8663	127
1398	0	4	20	6992	19704	187
1399	0	1	50	6996	8389	188
1400	0	1	10	7000	19425	137
1401	0	1	10	7004	17738	168
1402	0	3	40	7008	10744	175
1403	0	5	30	7012	12008	145
1404	0	5	30	7016	409	182
1405	0	1	40	7020	8692	157
1406	0	4	40	7024	10379	185
1407	0	3	10	7028	17919	198
1408	0	3	20	7032	17434	199
1409	0	2	30	7036	8825	111
1410	0	5	20	7040	14621	189
1411	0	3	10	7044	16734	160
1412	0	5	10	7048	13862	174
1413	0	5	10	7052	32548	193
1414	0	2	20	7056	10660	105
1415	0	4	10	7060	1844	160
1416	0	2	30	7064	10293	128
1417	0	4	30	7068	9033	152
1418	0	5	20	7072	4283	142
1419	0	5	50	7076	13240	179
1420	0	2	30	7080	7060	199
1421	0	2	10	7084	974	113
1422	0	5	30	7088	6877	191
1423	0	1	50	7092	52	118
1424	0	1	20	7096	20334	156
1425	0	1	50	7100	16717	120
1426	0	1	40	7104	5826	189
1427	0	4	30	7108	46488	160
1428	0	4	30	7112	23243	109
1429	0	4	40	7116	718	171
1430	0	2	20	7120	6941	146
1431	0	4	40	7124	5528	184
1432	0	4	40	7128	22289	149
1433	0	4	40	7132	5598	193
1434	0	5	40	7136	10684	186
1435	0	5	50	7140	4636	136
1436	0	1	50	7144	10765	112
1437	0	2	40	7148	16538	155
1438	0	1	20	7152	7237	100
1439	0	3	40	7156	3021	193
1440	0	3	50	7160	6936	190
1441	0	4	30	7164	22993	101
1442	0	2	50	7168	7205	157
1443	0	5	50	7172	219	145
1444	0	2	40	7176	5306	194
1445	0	5	30	7180	31441	119
1446	0	2	20	7184	3010	108
1447	0	5	20	7188	4748	189
1448	0	3	30	7200	1071	189
1449	0	3	50	7205	12007	152
1450	0	3	50	7210	17104	200
1451	0	4	40	7215	11078	176
1452	0	1	40	7220	2889	186
1453	0	4	30	7225	1784	107
1454	0	4	30	7230	719	190
1455	0	4	10	7235	15441	123
1456	0	1	30	7240	4908	178
1457	0	3	40	7245	10617	157
1458	0	4	20	7250	20318	189
1459	0	4	30	7255	3972	161
1460	0	5	50	7260	1681	168
1461	0	1	10	7265	10986	125
1462	0	5	30	7270	30235	188
1463	0	4	30	7275	14771	127
1464	0	5	10	7280	1019	165
1465	0	2	30	7285	4898	105
1466	0	5	20	7290	28646	110
1467	0	2	20	7295	4490	182
1468	0	5	20	7300	5061	107
1469	0	3	30	7305	3746	169
1470	0	4	20	7310	9588	148
1471	0	5	40	7315	21118	173
1472	0	3	20	7320	949	152
1473	0	2	30	7325	969	150
1474	0	2	50	7330	3125	190
1475	0	4	50	7335	10755	197
1476	0	5	10	7340	11819	157
1477	0	1	30	7345	6496	145
1478	0	5	20	7350	12493	125
1479	0	1	40	7355	26391	137
1480	0	4	40	7360	9055	111
1481	0	2	30	7365	715	100
1482	0	1	50	7370	26908	171
1483	0	1	40	7375	3035	157
1484	0	1	40	7380	4254	171
1485	0	4	40	7385	21730	171
1486	0	3	50	7390	2023	199
1487	0	5	20	7395	14680	142
1488	0	5	20	7400	4533	102
1489	0	1	40	7405	24086	162
1490	0	4	20	7410	50220	159
1491	0	3	10	7415	60	156
1492	0	4	30	7420	32242	167
1493	0	3	40	7425	2251	139
1494	0	3	40	7430	1156	124
1495	0	2	40	7435	21936	164
1496	0	5	50	7440	32491	113
1497	0	3	20	7445	16325	129
1498	0	5	50	7450	33114	180
1499	0	5	10	7455	269	188
1500	0	1	10	7460	231	109
1501	0	1	50	7465	28855	127
1502	0	1	50	7470	48648	181
1503	0	1	10	7475	20396	120
1504	0	5	40	7480	1028	104
1505	0	3	10	7485	32196	127
1506	0	1	30	7490	8976	123
1507	0	4	20	7495	1758	135
1508	0	3	30	7500	28748	117
1509	0	5	30	7505	7534	193
1510	0	5	50	7510	1228	166
1511	0	1	10	7515	29962	132
1512	0	4	30	7520	33815	132
1513	0	3	30	7525	31399	151
1514	0	5	50	7530	16733	150
1515	0	4	30	7535	907	168
1516	0	1	10	7540	14687	154
1517	0	4	40	7545	14289	130
1518	0	3	50	7550	6320	157
1519	0	2	30	7555	3372	195
1520	0	5	40	7560	2381	107
1521	0	5	10	7565	2712	169
1522	0	3	10	7570	72276	179
1523	0	4	40	7575	7812	145
1524	0	4	10	7580	3998	110
1525	0	1	10	7585	9454	192
1526	0	2	20	7600	27164	106
1527	0	1	30	7604	28245	113
1528	0	5	40	7608	51051	126
1529	0	5	10	7612	5931	125
1530	0	5	10	7616	12897	184
1531	0	2	50	7620	25756	127
1532	0	1	40	7624	7879	165
1533	0	5	10	7628	11760	137
1534	0	1	40	7632	24484	128
1535	0	4	40	7636	11615	184
1536	0	2	40	7640	938	119
1537	0	5	50	7644	955	151
1538	0	2	10	7648	1829	153
1539	0	4	30	7652	5485	144
1540	0	4	20	7656	4448	148
1541	0	4	40	7660	228	163
1542	0	3	40	7664	19127	124
1543	0	5	50	7668	22632	110
1544	0	2	40	7672	17550	196
1545	0	4	20	7676	833	126
1546	0	5	40	7680	803	124
1547	0	1	10	7684	59	115
1548	0	3	50	7688	6516	190
1549	0	5	20	7692	229	156
1550	0	2	30	7696	1717	110
1551	0	2	10	7700	3250	184
1552	0	1	20	7704	4877	173
1553	0	4	20	7708	14120	186
1554	0	1	20	7712	22159	181
1555	0	2	50	7716	20363	141
1556	0	4	50	7720	29181	149
1557	0	2	10	7724	8417	135
1558	0	3	50	7728	9159	109
1559	0	4	30	7732	9239	113
1560	0	1	50	7736	435	120
1561	0	5	10	7740	11665	109
1562	0	5	30	7744	1957	109
1563	0	3	30	7748	8779	193
1564	0	1	20	7752	19781	109
1565	0	3	10	7756	2892	138
1566	0	1	30	7760	6878	168
1567	0	4	20	7764	4550	195
1568	0	3	50	7768	703	123
1569	0	2	20	7772	1697	166
1570	0	2	40	7776	72683	149
1571	0	2	20	7780	11911	103
1572	0	2	30	7784	9706	178
1573	0	5	20	7788	522	112
1574	0	3	10	7792	32838	146
1575	0	1	50	7796	2109	144
1576	0	2	30	7800	6239	144
1577	0	3	20	7804	1939	168
1578	0	2	50	7808	14860	150
1579	0	1	50	7812	2924	185
1580	0	1	30	7816	7856	168
1581	0	2	20	7820	26604	192
1582	0	4	30	7824	7985	124
1583	0	5	30	7828	40872	170
1584	0	4	30	7832	3559	115
1585	0	4	50	7836	6564	100
1586	0	2	30	7840	9558	155
1587	0	2	20	7844	18709	179
1588	0	5	50	7848	18305	156
1589	0	5	40	7852	656	188
1590	0	1	50	7856	14772	135
1591	0	5	30	7860	10157	184
1592	0	3	50	7864	9387	141
1593	0	4	30	7868	11128	139
1594	0	3	40	7872	4828	123
1595	0	4	20	7876	13978	138
1596	0	5	10	7880	24324	153
1597	0	1	20	7884	3908	132
1598	0	5	30	7888	498	100
1599	0	5	40	7892	9693	157
1600	0	4	50	7896	11958	159
1601	0	2	20	7900	16597	129
1602	0	3	10	7904	35486	192
1603	0	2	40	7908	4061	124
1604	0	3	30	7912	258	107
1605	0	1	20	7916	8412	107
1606	0	5	30	7920	13773	105
1607	0	1	10	7924	4133	160
1608	0	1	20	7928	16951	139
1609	0	5	30	8000	13712	136
1610	0	5	30	8004	6358	197
1611	0	2	40	8008	17269	182
1612	0	5	20	8012	18959	186
1613	0	2	10	8016	4585	125
1614	0	3	10	8020	698	145
1615	0	5	40	8024	1873	129
1616	0	2	30	8028	1750	186
1617	0	5	10	8032	2435	140
1618	0	4	50	8036	3649	177
1619	0	3	30	8040	5859	109
1620	0	2	30	8044	13126	184
1621	0	4	10	8048	12481	189
1622	0	4	30	8052	9139	139
1623	0	4	10	8056	43	136
1624	0	1	20	8060	6617	131
1625	0	2	20	8064	6674	166
1626	0	4	20	8068	1088	162
1627	0	4	50	8072	36000	138
1628	0	3	30	8076	14909	189
1629	0	5	50	8080	3407	108
1630	0	2	50	8084	4159	192
1631	0	2	20	8088	1636	112
1632	0	4	40	8092	1379	168
1633	0	3	20	8096	2035	193
1634	0	2	50	8100	10566	125
1635	0	5	10	8104	15764	139
1636	0	5	10	8108	34384	100
1637	0	2	50	8112	2660	100
1638	0	3	50	8116	34918	163
1639	0	4	20	8120	16766	108
1640	0	4	20	8124	16103	195
1641	0	1	20	8128	3575	195
1642	0	1	10	8132	405	140
1643	0	1	20	8136	1283	119
1644	0	5	10	8140	12325	191
1645	0	5	20	8144	34834	154
1646	0	5	20	8148	18009	198
1647	0	1	50	8152	3059	116
1648	0	1	20	8156	9525	195
1649	0	3	10	8160	2480	195
1650	0	2	40	8164	9642	152
1651	0	5	10	8168	13845	113
1652	0	2	20	8172	190	155
1653	0	2	10	8176	12748	192
1654	0	3	10	8180	26384	174
1655	0	5	40	8184	49823	171
1656	0	3	40	8188	2921	191
1657	0	4	10	8192	34670	156
1658	0	1	20	8196	23873	194
1659	0	1	20	8200	10837	141
1660	0	2	10	8204	6478	145
1661	0	1	40	8208	15821	167
1662	0	4	30	8212	10412	171
1663	0	2	20	8216	8543	131
1664	0	4	40	8220	5894	145
1665	0	3	20	8224	4006	184
1666	0	3	50	8228	12746	113
1667	0	3	10	8232	12194	194
1668	0	1	10	8236	15809	200
1669	0	3	10	8240	4723	106
1670	0	1	30	8244	2700	128
1671	0	5	40	8248	33161	186
1672	0	3	20	8252	3264	177
1673	0	1	40	8256	8548	169
1674	0	4	10	8260	12517	114
1675	0	1	10	8264	6278	189
1676	0	4	10	8268	11404	149
1677	0	4	10	8272	6780	119
1678	0	4	10	8276	5386	145
1679	0	2	10	8280	7818	177
1680	0	2	50	8284	12582	168
1681	0	4	30	8288	23739	146
1682	0	3	30	8292	6177	144
1683	0	5	30	8296	8923	195
1684	0	3	10	8300	14245	156
1685	0	2	40	8304	11248	178
1686	0	1	50	8308	1421	157
1687	0	2	40	8312	7266	176
1688	0	5	10	8316	3726	119
1689	0	3	20	8320	11030	155
1690	0	3	30	8324	8684	148
1691	0	1	10	8328	79356	145
1692	0	2	30	8332	4906	107
1693	0	2	30	8336	5184	121
1694	0	3	20	8340	4905	163
1695	0	3	40	8344	75	128
1696	0	3	50	8348	13584	123
1697	0	5	40	8352	8904	108
1698	0	2	40	8356	14992	175
1699	0	3	40	8360	5320	107
1700	0	2	20	8364	4123	140
1701	0	3	20	8368	1796	104
1702	0	1	40	8372	8147	116
1703	0	4	20	8376	3019	188
1704	0	3	30	8380	50571	166
1705	0	2	10	8384	11464	167
1706	0	2	40	8388	7095	136
1707	0	1	40	8392	8469	187
1708	0	3	50	8400	80	177
1709	0	3	50	8405	7885	185
1710	0	2	40	8410	5561	122
1711	0	4	30	8415	18414	172
1712	0	5	50	8420	10487	110
1713	0	4	20	8425	5823	116
1714	0	5	20	8430	34837	173
1715	0	3	40	8435	9729	200
1716	0	4	10	8440	4807	123
1717	0	4	10	8445	684	177
1718	0	4	20	8450	20211	175
1719	0	2	50	8455	18157	167
1720	0	2	30	8460	2267	126
1721	0	2	20	8465	2679	138
1722	0	3	50	8470	5565	174
1723	0	3	50	8475	1685	145
1724	0	5	30	8480	19950	158
1725	0	5	30	8485	2720	184
1726	0	4	10	8490	11035	179
1727	0	2	50	8495	26205	156
1728	0	4	30	8500	2293	105
1729	0	1	20	8505	12306	187
1730	0	3	20	8510	15701	165
1731	0	4	20	8515	1125	140
1732	0	2	30	8520	15205	145
1733	0	2	20	8525	42	138
1734	0	1	40	8530	2498	137
1735	0	5	40	8535	8573	164
1736	0	4	40	8540	5522	129
1737	0	5	20	8545	2379	156
1738	0	2	50	8550	9302	128
1739	0	1	50	8555	994	190
1740	0	1	10	8560	2120	142
1741	0	5	10	8565	11159	171
1742	0	4	40	8570	7119	200
1743	0	3	10	8575	18460	134
1744	0	1	40	8580	3140	133
1745	0	5	10	8585	15738	177
1746	0	1	10	8590	6453	134
1747	0	3	20	8595	36224	192
1748	0	3	10	8600	6243	148
1749	0	5	30	8605	18171	163
1750	0	5	40	8610	13529	104
1751	0	5	40	8615	11679	147
1752	0	1	30	8620	14831	134
1753	0	1	50	8625	32533	107
1754	0	1	20	8630	2469	181
1755	0	5	10	8635	1141	101
1756	0	5	20	8640	17528	130
1757	0	3	40	8645	5390	171
1758	0	4	50	8650	6374	129
1759	0	4	10	8655	18299	183
1760	0	4	10	8660	169	188
1761	0	1	50	8665	9824	181
1762	0	3	20	8670	4846	181
1763	0	2	40	8675	5455	190
1764	0	1	40	8680	16726	119
1765	0	3	20	8685	3964	182
1766	0	2	10	8690	820	126
1767	0	4	40	8695	10385	173
1768	0	4	30	8700	2625	179
1769	0	5	40	8705	6842	109
1770	0	5	50	8710	2479	170
1771	0	4	40	8715	1952	168
1772	0	2	10	8720	8709	149
1773	0	3	20	8725	15930	186
1774	0	1	40	8730	11541	125
1775	0	3	20	8735	10036	156
1776	0	3	40	8740	16762	139
1777	0	1	40	8745	10577	139
1778	0	3	20	8750	27719	112
1779	0	1	30	8755	997	182
1780	0	5	20	8760	18551	150
1781	0	1	40	8765	12604	188
1782	0	5	40	8770	7886	107
1783	0	4	50	8775	6009	143
1784	0	2	40	8780	40318	183
1785	0	3	40	8785	1366	118
1786	0	4	50	8790	5737	106
1787	0	1	30	8800	18435	137
1788	0	1	50	8806	20415	158
1789	0	1	40	8812	1227	136
1790	0	5	30	8818	16286	133
1791	0	1	10	8824	83	159
1792	0	2	20	8830	17520	126
1793	0	4	50	8836	16977	146
1794	0	3	40	8842	813	101
1795	0	5	20	8848	11085	162
1796	0	2	50	8854	3828	191
1797	0	3	10	8860	1028	109
1798	0	2	30	8866	407	115
1799	0	4	20	8872	35694	151
1800	0	4	50	8878	13105	150
1801	0	2	30	8884	21753	162
1802	0	5	40	8890	16858	112
1803	0	3	30	8896	42509	139
1804	0	5	40	8902	10798	193
1805	0	2	50	8908	8957	137
1806	0	3	30	8914	1345	198
1807	0	4	20	8920	44068	149
1808	0	5	10	8926	4553	183
1809	0	4	10	8932	11587	125
1810	0	3	30	8938	4951	163
1811	0	5	30	8944	2412	192
1812	0	1	20	8950	7419	159
1813	0	4	20	8956	4848	148
1814	0	5	40	8962	64792	132
1815	0	3	20	8968	5427	100
1816	0	2	10	8974	964	173
1817	0	4	30	8980	33434	138
1818	0	1	50	8986	6131	107
1819	0	3	50	8992	12402	100
1820	0	5	30	8998	27784	176
1821	0	1	30	9004	3963	190
1822	0	4	40	9010	17205	115
1823	0	4	50	9016	1255	143
1824	0	1	10	9022	14131	176
1825	0	4	40	9028	2377	111
1826	0	2	20	9034	5782	141
1827	0	4	20	9040	17078	103
1828	0	1	30	9046	13279	184
1829	0	2	30	9052	178	163
1830	0	1	30	9058	4170	165
1831	0	1	30	9064	13320	129
1832	0	5	20	9070	9646	124
1833	0	4	50	9076	36389	162
1834	0	2	30	9082	6438	131
1835	0	3	50	9088	35971	188
1836	0	2	10	9094	27112	175
1837	0	3	20	9100	8576	168
1838	0	5	10	9106	19347	150
1839	0	5	40	9112	6942	145
1840	0	1	10	9118	18	121
1841	0	1	30	9124	6240	157
1842	0	2	20	9130	7597	155
1843	0	2	50	9136	2652	133
1844	0	3	10	9142	17080	173
1845	0	5	50	9148	9865	142
1846	0	1	40	9154	9471	200
1847	0	4	10	9160	6859	178
1848	0	5	20	9200	17202	113
1849	0	5	30	9204	14515	101
1850	0	4	10	9208	8952	189
1851	0	3	30	9212	4891	153
1852	0	2	10	9216	13752	101
1853	0	5	30	9220	5914	114
1854	0	5	50	9224	585	175
1855	0	3	30	9228	5799	161
1856	0	4	40	9232	938	147
1857	0	1	40	9236	12779	170
1858	0	2	20	9240	3926	163
1859	0	1	50	9244	6406	181
1860	0	5	30	9248	1859	196
1861	0	4	20	9252	5114	194
1862	0	3	40	9256	4370	166
1863	0	4	40	9260	4296	119
1864	0	4	40	9264	4728	160
1865	0	3	50	9268	13218	133
1866	0	1	20	9272	11921	167
1867	0	2	30	9276	8543	198
1868	0	2	50	9280	29890	116
1869	0	2	40	9284	557	144
1870	0	2	20	9288	7579	125
1871	0	4	50	9292	10032	105
1872	0	5	20	9296	1778	188
1873	0	2	20	9300	38857	163
1874	0	3	50	9304	12350	180
1875	0	4	50	9308	8216	119
1876	0	5	10	9312	20069	134
1877	0	3	50	9316	9942	182
1878	0	1	40	9320	4990	170
1879	0	1	20	9324	1691	134
1880	0	4	10	9328	12057	111
1881	0	4	20	9332	35251	163
1882	0	5	10	9336	71989	191
1883	0	1	10	9340	41171	182
1884	0	3	30	9344	8057	175
1885	0	3	10	9348	38272	112
1886	0	5	30	9352	53440	128
1887	0	5	40	9356	2139	109
1888	0	4	10	9360	28139	187
1889	0	5	10	9364	390	171
1890	0	5	20	9368	24943	141
1891	0	1	20	9372	3298	104
1892	0	1	50	9376	3161	105
1893	0	4	10	9380	5871	169
1894	0	5	10	9384	4207	149
1895	0	2	50	9388	12754	127
1896	0	3	50	9392	1267	192
1897	0	3	40	9396	2208	135
1898	0	3	20	9400	24728	173
1899	0	1	20	9404	1151	139
1900	0	5	40	9408	32044	175
1901	0	4	20	9412	446	102
1902	0	2	10	9416	8763	162
1903	0	3	40	9420	15111	169
1904	0	4	20	9424	3189	176
1905	0	5	10	9428	38374	184
1906	0	4	10	9432	2633	165
1907	0	5	50	9436	15333	138
1908	0	2	40	9440	16464	135
1909	0	1	10	9444	9632	156
1910	0	4	20	9448	10155	126
1911	0	1	40	9452	8606	165
1912	0	1	10	9456	4540	100
1913	0	1	50	9460	1915	128
1914	0	2	50	9464	18158	170
1915	0	2	10	9468	2626	132
1916	0	5	10	9472	5160	103
1917	0	3	40	9476	4942	184
1918	0	1	10	9480	20051	145
1919	0	2	30	9484	5484	147
1920	0	4	20	9488	13645	105
1921	0	1	30	9492	7537	158
1922	0	3	30	9496	11151	110
1923	0	2	50	9500	25971	146
1924	0	3	20	9504	2243	103
1925	0	1	50	9508	3104	121
1926	0	3	50	9512	4895	100
1927	0	1	20	9516	16676	119
1928	0	2	10	9520	13124	113
1929	0	1	50	9524	53272	152
1930	0	2	10	9528	6040	127
1931	0	3	30	9532	12398	199
1932	0	5	40	9536	14079	109
1933	0	1	30	9600	3432	131
1934	0	2	40	9605	2688	160
1935	0	5	40	9610	10916	108
1936	0	3	10	9615	6719	101
1937	0	2	30	9620	3964	121
1938	0	2	50	9625	15901	105
1939	0	3	20	9630	9057	191
1940	0	5	50	9635	17214	148
1941	0	5	40	9640	3727	190
1942	0	3	10	9645	6472	175
1943	0	4	50	9650	5211	131
1944	0	2	40	9655	7416	144
1945	0	4	40	9660	5411	177
1946	0	1	20	9665	31130	104
1947	0	1	50	9670	1053	177
1948	0	2	10	9675	11210	200
1949	0	4	50	9680	1253	116
1950	0	2	40	9685	4366	124
1951	0	5	10	9690	17257	108
1952	0	2	30	9695	5283	191
1953	0	2	40	9700	8457	125
1954	0	3	50	9705	6376	134
1955	0	5	10	9710	7491	117
1956	0	1	50	9715	6773	193
1957	0	5	20	9720	12030	115
1958	0	5	20	9725	9466	166
1959	0	4	20	9730	66	155
1960	0	2	20	9735	11743	183
1961	0	3	50	9740	7090	145
1962	0	4	40	9745	695	125
1963	0	2	40	9750	17036	183
1964	0	5	10	9755	2040	129
1965	0	1	50	9760	31387	127
1966	0	2	10	9765	20660	155
1967	0	1	30	9770	822	169
1968	0	5	20	9775	35209	169
1969	0	3	10	9780	2417	161
1970	0	4	10	9785	17520	131
1971	0	3	40	9790	846	182
1972	0	2	50	9795	11097	178
1973	0	3	50	9800	3976	154
1974	0	3	40	9805	11149	200
1975	0	5	40	9810	6377	115
1976	0	3	20	9815	609	183
1977	0	5	30	9820	3498	179
1978	0	1	10	9825	6623	101
1979	0	5	30	9830	19771	126
1980	0	5	40	9835	4325	116
1981	0	3	50	9840	3467	124
1982	0	4	10	9845	1862	120
1983	0	4	10	9850	10013	198
1984	0	5	10	9855	13792	128
1985	0	2	50	9860	12025	118
1986	0	1	50	9865	4075	108
1987	0	4	50	9870	2453	184
1988	0	3	40	9875	21734	197
1989	0	3	30	9880	15999	143
1990	0	5	50	9885	2178	116
1991	0	3	40	9890	19059	186
1992	0	3	10	9895	15968	156
1993	0	3	30	9900	15655	150
1994	0	2	10	9905	28339	107
1995	0	2	10	9910	4550	102
1996	0	1	10	9915	2839	165
1997	0	2	30	9920	12898	193
1998	0	4	40	9925	2616	102
1999	0	1	50	9930	9165	116
