0	0	1	10	0	677	17
1	0	3	10	5	6727	24
2	0	3	40	10	2012	16
3	0	2	50	15	17880	15
4	0	5	30	20	73	17
5	0	1	20	25	12536	16
6	0	4	20	30	14794	15
7	0	2	30	35	27416	23
8	0	3	30	40	9084	15
9	0	4	40	45	5654	25
10	0	4	30	50	6250	16
11	0	3	10	55	11654	16
12	0	5	50	60	13793	18
13	0	2	10	65	29257	24
14	0	5	50	70	177	19
15	0	2	10	75	10845	18
16	0	5	10	80	17400	17
17	0	3	10	85	1604	23
18	0	2	20	90	908	18
19	0	5	10	95	801	20
20	0	1	50	100	7115	22
21	0	2	40	105	20599	21
22	0	3	10	110	11926	18
23	0	2	10	115	287	21
24	0	4	20	120	11057	17
25	0	1	30	125	8598	22
26	0	1	20	130	7800	23
27	0	5	30	135	7458	23
28	0	4	40	140	43254	21
29	0	3	30	145	20265	16
30	0	5	40	150	22289	25
31	0	3	50	155	2133	19
32	0	4	30	160	5926	19
33	0	5	40	165	29442	23
34	0	1	50	170	28244	17
35	0	3	20	175	8141	15
36	0	4	40	180	3218	17
37	0	2	10	185	22061	25
38	0	5	10	190	5088	15
39	0	1	30	195	83	25
40	0	2	20	200	4458	24
41	0	5	10	205	12924	17
42	0	3	10	210	8255	16
43	0	1	20	215	20753	24
44	0	2	20	220	3814	16
45	0	3	20	225	3768	16
46	0	3	20	230	4367	23
47	0	4	10	235	5061	19
48	0	5	30	240	2115	22
49	0	4	10	245	10478	20
50	0	1	10	250	3473	19
51	0	4	20	255	2068	23
52	0	3	20	260	2452	21
53	0	3	40	265	6595	16
54	0	2	10	270	26180	15
55	0	5	30	275	3207	22
56	0	1	50	280	19270	20
57	0	2	40	285	1680	20
58	0	3	30	290	2273	23
59	0	5	10	295	8186	21
60	0	1	10	300	2239	18
61	0	5	40	305	3382	18
62	0	4	40	310	31147	17
63	0	1	50	315	15091	25
64	0	4	50	320	9106	15
65	0	1	40	325	3342	22
66	0	5	30	330	3161	22
67	0	1	20	335	17594	21
68	0	1	10	340	92	21
69	0	2	30	345	8859	18
70	0	3	20	350	5350	15
71	0	3	50	355	31003	17
72	0	3	50	360	18144	23
73	0	2	50	365	819	19
74	0	4	50	370	16842	22
75	0	2	50	400	18609	19
76	0	5	30	404	4679	19
77	0	3	50	408	19754	20
78	0	5	50	412	16703	19
79	0	2	10	416	4851	16
80	0	3	10	420	2775	24
81	0	2	20	424	1723	18
82	0	5	10	428	4302	15
83	0	5	40	432	5939	15
84	0	3	30	436	9960	23
85	0	1	20	440	13884	17
86	0	1	40	444	45839	24
87	0	1	40	448	40916	17
88	0	4	40	452	326	22
89	0	1	30	456	13319	21
90	0	3	20	460	14183	21
91	0	3	10	464	1324	23
92	0	4	30	468	13244	16
93	0	1	50	472	22854	19
94	0	1	20	476	21745	21
95	0	2	30	480	802	21
96	0	1	30	484	15891	15
97	0	2	20	488	18263	17
98	0	3	20	492	4123	23
99	0	1	30	496	355	20
100	0	4	40	500	463	19
101	0	3	10	504	9211	17
102	0	4	50	508	4921	24
103	0	3	50	512	12244	19
104	0	2	40	516	3022	19
105	0	3	20	520	4748	16
106	0	2	30	524	5713	25
107	0	2	30	528	1517	16
108	0	5	50	532	13250	20
109	0	5	10	536	1253	22
110	0	1	10	540	29113	17
111	0	3	10	544	58045	15
112	0	2	40	548	5722	15
113	0	2	30	552	21990	21
114	0	2	50	556	4076	22
115	0	4	40	560	445	25
116	0	5	40	564	34663	17
117	0	4	50	568	9187	16
118	0	4	30	572	1974	16
119	0	3	40	576	22466	24
120	0	5	10	580	3695	24
121	0	4	50	584	3689	19
122	0	3	30	588	16273	24
123	0	5	40	592	4936	25
124	0	4	10	596	21175	23
125	0	1	20	600	3535	18
126	0	5	20	604	3550	15
127	0	2	50	608	31646	18
128	0	2	30	612	3125	23
129	0	2	30	616	14037	15
130	0	1	30	620	665	18
131	0	3	20	624	9349	17
132	0	1	30	628	8718	22
133	0	4	20	632	15370	25
134	0	3	20	636	4189	23
135	0	1	10	640	13325	21
136	0	4	20	644	19156	20
137	0	2	10	648	13007	22
138	0	4	50	652	2203	22
139	0	5	10	656	3248	21
140	0	5	50	660	4397	17
141	0	5	10	664	23529	23
142	0	2	50	668	4253	23
143	0	4	30	672	31512	15
144	0	1	30	676	17065	18
145	0	5	20	680	14497	20
146	0	1	20	684	15502	22
147	0	2	10	688	21148	21
148	0	5	10	692	9935	22
149	0	2	30	696	19329	22
150	0	3	40	700	1538	18
151	0	3	30	704	2663	25
152	0	4	40	708	11931	15
153	0	5	40	712	7056	25
154	0	2	30	716	17334	22
155	0	1	50	720	17802	15
156	0	1	30	724	18932	19
157	0	4	20	728	85357	24
158	0	5	40	732	19978	21
159	0	1	30	800	41092	15
160	0	4	50	805	879	15
161	0	1	30	810	7181	22
162	0	5	10	815	26433	18
163	0	3	30	820	46336	19
164	0	5	40	825	556	18
165	0	3	50	830	5552	25
166	0	3	30	835	7747	19
167	0	3	30	840	12842	15
168	0	5	10	845	9456	24
169	0	1	40	850	11530	16
170	0	1	30	855	3278	20
171	0	3	30	860	3985	21
172	0	5	50	865	5491	19
173	0	4	20	870	29520	21
174	0	4	50	875	9303	21
175	0	1	50	880	6246	15
176	0	2	50	885	40669	22
177	0	4	50	890	20229	23
178	0	5	20	895	10365	22
179	0	4	50	900	1636	17
180	0	1	10	905	9059	22
181	0	3	20	910	6698	20
182	0	3	50	915	5456	21
183	0	1	50	920	6725	16
184	0	5	40	925	10105	23
185	0	3	50	930	23163	19
186	0	4	30	935	29056	17
187	0	1	40	940	894	22
188	0	3	40	945	38061	18
189	0	3	20	950	8846	23
190	0	1	40	955	25151	16
191	0	1	10	960	19204	22
192	0	3	20	965	22842	15
193	0	4	30	970	2683	22
194	0	2	20	975	2185	20
195	0	4	20	980	23292	20
196	0	5	10	985	41978	19
197	0	4	30	990	4618	18
198	0	4	50	995	25678	23
199	0	3	40	1000	5899	19
200	0	3	40	1005	3067	16
201	0	3	40	1010	847	21
202	0	3	50	1015	3993	22
203	0	4	20	1020	34938	21
204	0	2	10	1025	9885	17
205	0	5	10	1030	21824	23
206	0	3	30	1035	21393	20
207	0	1	30	1040	15081	19
208	0	2	50	1045	28269	18
209	0	1	30	1050	5324	21
210	0	4	10	1055	19735	18
211	0	2	40	1060	46274	22
212	0	4	10	1065	6551	17
213	0	1	50	1070	13796	19
214	0	1	30	1075	6903	19
215	0	1	40	1080	12356	20
216	0	4	40	1085	1065	15
217	0	5	10	1090	7404	17
218	0	4	40	1095	6326	22
219	0	3	50	1100	2534	24
220	0	5	20	1105	7376	23
221	0	2	50	1110	6206	22
222	0	5	40	1115	14407	22
223	0	3	50	1120	288	16
224	0	1	10	1125	16183	25
225	0	1	30	1130	6976	23
226	0	5	20	1135	6779	20
227	0	2	30	1140	2190	23
228	0	3	50	1145	16543	16
229	0	5	30	1150	13785	15
230	0	1	50	1155	6873	22
231	0	4	30	1160	12488	18
232	0	1	10	1165	32323	15
233	0	2	40	1170	2529	18
234	0	2	10	1175	27864	15
235	0	3	20	1180	7433	15
236	0	1	20	1185	1875	24
237	0	4	30	1190	6532	15
238	0	5	40	1195	24281	25
239	0	5	30	1200	15776	25
240	0	5	20	1205	279	25
241	0	4	10	1210	2614	23
242	0	4	50	1215	2187	18
243	0	3	20	1220	10986	23
244	0	4	20	1225	15047	19
245	0	5	10	1230	27416	20
246	0	2	50	1235	5687	19
247	0	3	30	1240	2202	21
248	0	3	10	1245	17270	18
249	0	1	40	1250	8898	25
250	0	1	30	1255	17712	20
251	0	1	50	1260	8542	17
252	0	5	40	1265	28855	22
253	0	2	50	1270	14128	24
254	0	4	20	1275	31769	21
255	0	1	50	1280	20694	20
256	0	3	10	1285	5528	24
257	0	5	10	1290	3602	21
258	0	3	10	1295	2755	22
259	0	2	40	1300	1538	19
260	0	5	50	1305	6253	17
261	0	1	10	1310	13123	22
262	0	4	30	1315	41063	18
263	0	3	20	1320	3015	18
264	0	5	40	1325	30663	24
265	0	1	30	1330	2093	15
266	0	1	30	1335	571	21
267	0	3	30	1340	3146	25
268	0	5	40	1345	18243	19
269	0	3	20	1350	44606	18
270	0	1	20	1355	8274	22
271	0	5	20	1360	13130	15
272	0	5	30	1365	10777	17
273	0	5	20	1370	13610	22
274	0	3	30	1375	2197	25
275	0	1	20	1380	3669	25
276	0	3	50	1385	3249	18
277	0	3	30	1390	1254	25
278	0	4	30	1395	4437	22
279	0	2	10	1400	22158	19
280	0	4	30	1405	786	19
281	0	3	40	1410	3677	24
282	0	5	20	1415	6209	20
283	0	2	20	1420	3050	16
284	0	5	10	1425	29097	21
285	0	5	50	1430	31368	20
286	0	4	50	1435	16031	21
287	0	5	10	1440	3300	17
288	0	4	20	1445	3627	22
289	0	1	20	1450	1002	20
290	0	1	10	1455	1165	16
291	0	1	20	1460	25991	17
292	0	2	20	1465	2898	19
293	0	4	10	1470	16512	21
294	0	5	30	1475	4722	22
295	0	4	20	1480	5318	18
296	0	1	30	1485	3111	19
297	0	2	40	1490	34679	15
298	0	3	30	1495	13575	25
299	0	4	50	1500	9703	18
300	0	4	30	1505	22902	25
301	0	5	30	1510	1905	20
302	0	4	40	1515	5859	17
303	0	1	50	1520	18567	25
304	0	1	20	1525	309	18
305	0	1	20	1530	1348	20
306	0	1	30	1535	29807	25
307	0	1	20	1540	3158	25
308	0	4	30	1545	8922	25
309	0	3	50	1550	13149	21
310	0	4	10	1555	10540	16
311	0	5	40	1560	3774	25
312	0	2	40	1565	36004	24
313	0	2	10	1600	5411	17
314	0	3	10	1605	703	15
315	0	3	10	1610	1840	18
316	0	2	40	1615	3630	17
317	0	2	10	1620	16298	17
318	0	4	20	1625	4465	22
319	0	5	50	1630	65020	19
320	0	2	40	1635	6599	20
321	0	2	20	1640	19681	19
322	0	4	10	1645	41984	17
323	0	4	30	1650	14494	24
324	0	3	10	1655	25757	16
325	0	5	10	1660	11386	19
326	0	4	50	1665	7187	22
327	0	2	20	1670	22391	22
328	0	5	40	1675	5224	15
329	0	4	10	1680	19885	22
330	0	1	40	1685	427	21
331	0	1	20	1690	4157	18
332	0	1	50	1695	6576	15
333	0	5	40	1700	16857	19
334	0	4	40	1705	55888	20
335	0	5	10	1710	29811	24
336	0	5	10	1715	25206	22
337	0	5	30	1720	11509	20
338	0	2	10	1725	2663	24
339	0	4	40	1730	19632	16
340	0	5	20	1735	122	21
341	0	4	30	1740	8455	22
342	0	1	40	1745	15099	17
343	0	1	20	1750	10851	15
344	0	3	20	1755	8213	19
345	0	1	30	1760	20758	16
346	0	5	30	1765	32824	19
347	0	1	20	1770	22892	16
348	0	1	50	1775	14072	21
349	0	3	30	1780	2427	19
350	0	2	40	1785	1224	16
351	0	4	30	1790	7975	17
352	0	4	30	1795	12052	19
353	0	3	40	1800	13741	20
354	0	3	10	1805	1692	24
355	0	3	10	1810	560	20
356	0	1	20	1815	2338	17
357	0	5	10	1820	13868	19
358	0	3	40	1825	28130	23
359	0	1	20	1830	6384	24
360	0	3	30	1835	12792	23
361	0	5	10	1840	888	17
362	0	1	40	1845	25283	25
363	0	1	20	1850	15074	18
364	0	2	20	1855	11953	15
365	0	3	50	1860	4139	24
366	0	5	40	1865	22605	25
367	0	2	10	1870	2612	20
368	0	3	30	1875	5591	23
369	0	4	10	1880	1814	16
370	0	4	10	1885	3687	22
371	0	3	10	1890	12403	22
372	0	1	10	1895	9418	18
373	0	5	30	1900	8449	21
374	0	1	30	1905	50714	24
375	0	4	20	1910	29909	23
376	0	1	40	1915	1134	16
377	0	3	40	1920	5632	17
378	0	2	20	1925	2760	20
379	0	3	40	1930	747	15
380	0	1	30	1935	13587	15
381	0	4	40	1940	10967	20
382	0	2	30	1945	2017	16
383	0	3	20	1950	2233	22
384	0	2	30	1955	14950	21
385	0	3	20	2000	9568	18
386	0	3	40	2005	12913	25
387	0	3	20	2010	16169	20
388	0	3	30	2015	11708	20
389	0	2	30	2020	34773	25
390	0	4	40	2025	16145	22
391	0	5	50	2030	2564	18
392	0	2	50	2035	14966	23
393	0	2	40	2040	18526	15
394	0	2	20	2045	1944	18
395	0	5	10	2050	33529	18
396	0	3	40	2055	11844	23
397	0	1	20	2060	7	25
398	0	5	10	2065	40052	15
399	0	5	30	2070	2736	21
400	0	1	40	2075	44132	16
401	0	4	30	2080	16141	24
402	0	3	40	2085	7826	19
403	0	3	40	2090	9585	19
404	0	5	20	2095	30094	22
405	0	5	30	2100	7233	19
406	0	4	20	2105	34107	24
407	0	5	10	2110	1647	23
408	0	2	20	2115	14305	22
409	0	4	50	2120	2893	15
410	0	2	20	2125	37338	18
411	0	3	40	2130	19460	15
412	0	4	50	2135	7838	24
413	0	1	10	2140	22269	23
414	0	5	40	2145	15932	23
415	0	4	40	2150	698	18
416	0	4	40	2155	29805	15
417	0	4	30	2160	14793	18
418	0	4	50	2165	35	23
419	0	5	50	2170	1016	23
420	0	1	10	2175	12018	25
421	0	2	30	2180	1369	20
422	0	4	30	2185	10199	25
423	0	2	10	2190	6695	23
424	0	1	30	2195	6145	19
425	0	4	20	2200	898	18
426	0	2	20	2205	32186	24
427	0	4	20	2210	16994	18
428	0	4	10	2215	5277	17
429	0	2	20	2220	572	20
430	0	1	30	2225	4109	15
431	0	1	30	2230	1126	17
432	0	4	30	2235	6333	16
433	0	2	50	2240	19	24
434	0	2	50	2245	1074	24
435	0	2	10	2250	33407	16
436	0	2	50	2255	1533	16
437	0	5	50	2260	11135	22
438	0	3	50	2265	3472	25
439	0	3	10	2270	3606	16
440	0	5	50	2275	11231	19
441	0	3	40	2280	9081	16
442	0	2	10	2285	535	24
443	0	5	40	2290	6308	20
444	0	5	10	2295	54550	21
445	0	1	10	2300	33201	21
446	0	2	10	2305	14970	19
447	0	2	40	2310	24392	25
448	0	2	10	2315	635	17
449	0	3	30	2320	1172	15
450	0	2	30	2325	270	18
451	0	5	20	2330	30127	19
452	0	2	30	2335	72636	17
453	0	5	20	2340	25776	17
454	0	5	20	2345	10161	22
455	0	4	20	2350	24194	22
456	0	1	50	2355	2191	25
457	0	1	40	2360	634	21
458	0	2	10	2365	1941	25
459	0	1	10	2370	22483	18
460	0	3	10	2375	8835	20
461	0	5	10	2380	2444	21
462	0	1	50	2385	17763	21
463	0	1	50	2390	12593	16
464	0	4	20	2395	30963	15
465	0	1	50	2400	24108	16
466	0	5	10	2404	5977	24
467	0	2	50	2408	7801	15
468	0	4	10	2412	17025	25
469	0	4	30	2416	19116	21
470	0	3	50	2420	33103	16
471	0	5	50	2424	4486	18
472	0	1	30	2428	7332	18
473	0	2	40	2432	16321	21
474	0	1	50	2436	7695	18
475	0	3	20	2440	1289	23
476	0	1	20	2444	796	22
477	0	4	50	2448	2145	20
478	0	2	50	2452	6920	17
479	0	5	30	2456	7475	23
480	0	3	10	2460	5342	25
481	0	5	30	2464	775	25
482	0	3	10	2468	14683	16
483	0	1	40	2472	3658	17
484	0	5	50	2476	295	17
485	0	2	20	2480	5567	21
486	0	5	50	2484	1157	25
487	0	4	20	2488	8979	25
488	0	3	30	2492	6754	17
489	0	3	30	2496	2963	16
490	0	2	20	2500	17703	17
491	0	1	10	2504	851	21
492	0	3	40	2508	7289	22
493	0	3	50	2512	6227	21
494	0	5	50	2516	16094	21
495	0	1	50	2520	6608	24
496	0	2	50	2524	17044	21
497	0	2	10	2528	6006	22
498	0	2	30	2532	7953	20
499	0	4	10	2536	1581	20
500	0	2	50	2540	9444	23
501	0	5	10	2544	3211	19
502	0	4	40	2548	1412	15
503	0	4	40	2552	3529	21
504	0	1	40	2556	2041	24
505	0	3	30	2560	14867	25
506	0	4	40	2564	7428	15
507	0	5	40	2568	3520	21
508	0	5	20	2572	6329	24
509	0	3	50	2576	7603	24
510	0	4	10	2580	19472	15
511	0	2	10	2584	38	19
512	0	4	50	2588	11399	18
513	0	3	40	2592	13890	16
514	0	3	50	2596	8012	19
515	0	4	40	2600	7362	21
516	0	2	50	2604	7812	19
517	0	1	20	2608	8551	18
518	0	2	10	2612	11787	25
519	0	2	10	2616	9663	19
520	0	2	10	2620	17844	16
521	0	1	40	2624	24076	25
522	0	5	20	2628	584	23
523	0	1	30	2632	9295	23
524	0	2	20	2636	308	18
525	0	2	40	2640	24313	21
526	0	2	20	2644	23312	21
527	0	4	40	2648	645	23
528	0	2	50	2652	58	15
529	0	1	50	2656	614	20
530	0	1	30	2660	5049	17
531	0	5	10	2664	13317	15
532	0	3	30	2668	13641	15
533	0	3	40	2672	4535	23
534	0	4	30	2676	30133	15
535	0	4	10	2680	1595	21
536	0	2	50	2684	36324	24
537	0	5	30	2688	7195	20
538	0	1	50	2692	1349	19
539	0	2	20	2696	4522	17
540	0	3	30	2700	28847	20
541	0	5	10	2704	21815	19
542	0	4	50	2708	1492	15
543	0	1	40	2712	38953	19
544	0	5	30	2716	6458	16
545	0	5	20	2720	17537	24
546	0	3	20	2724	7288	17
547	0	5	10	2800	17610	21
548	0	5	50	2804	29978	17
549	0	2	20	2808	3940	25
550	0	4	10	2812	34795	19
551	0	2	30	2816	3431	17
552	0	5	10	2820	17546	22
553	0	5	30	2824	32176	15
554	0	3	10	2828	5160	18
555	0	1	10	2832	13646	24
556	0	1	50	2836	2487	22
557	0	4	10	2840	10180	17
558	0	2	20	2844	3127	17
559	0	4	50	2848	4080	17
560	0	1	20	2852	23059	19
561	0	1	10	2856	6315	18
562	0	3	50	2860	3442	20
563	0	5	20	2864	5354	19
564	0	2	30	2868	1614	21
565	0	5	50	2872	1702	15
566	0	4	30	2876	4699	19
567	0	1	10	2880	4254	21
568	0	4	10	2884	17476	16
569	0	5	50	2888	5403	24
570	0	2	50	2892	8487	22
571	0	2	20	2896	334	24
572	0	5	20	2900	6196	24
573	0	5	50	2904	4479	23
574	0	5	30	2908	12374	24
575	0	2	50	2912	33045	23
576	0	2	40	2916	16567	24
577	0	4	40	2920	1085	18
578	0	2	50	2924	1573	22
579	0	3	50	2928	3569	20
580	0	5	20	2932	6391	19
581	0	3	10	2936	1094	15
582	0	4	40	2940	1734	20
583	0	1	40	2944	15491	15
584	0	2	50	2948	1331	16
585	0	4	50	2952	1194	25
586	0	5	10	2956	27887	18
587	0	4	10	2960	16521	25
588	0	1	40	2964	40294	19
589	0	4	20	2968	3286	17
590	0	3	20	2972	33234	25
591	0	4	40	2976	5729	22
592	0	4	10	2980	3005	18
593	0	2	10	2984	20448	17
594	0	1	50	2988	7402	24
595	0	2	20	2992	8328	17
596	0	3	20	2996	10648	24
597	0	4	40	3000	16976	22
598	0	4	10	3004	21637	23
599	0	5	40	3008	4008	16
600	0	2	40	3012	7045	19
601	0	2	20	3016	2045	21
602	0	2	50	3020	31	19
603	0	1	10	3024	9721	19
604	0	5	20	3028	17788	18
605	0	2	50	3032	29930	20
606	0	2	20	3036	22401	18
607	0	1	20	3040	7321	25
608	0	5	50	3044	4077	17
609	0	2	20	3048	6397	21
610	0	4	30	3052	32031	25
611	0	2	10	3056	1273	18
612	0	3	10	3060	7151	21
613	0	5	20	3064	42971	23
614	0	4	40	3068	24985	24
615	0	4	10	3072	17452	18
616	0	3	20	3076	3852	23
617	0	3	10	3080	8918	19
618	0	4	30	3084	3531	17
619	0	3	30	3088	379	22
620	0	1	40	3092	3138	22
621	0	1	30	3096	10308	20
622	0	1	30	3100	4865	16
623	0	1	40	3104	8993	25
624	0	2	30	3108	6646	24
625	0	4	10	3112	1634	15
626	0	4	10	3116	19677	21
627	0	3	20	3120	10561	22
628	0	5	50	3124	22861	24
629	0	4	20	3128	1851	22
630	0	5	30	3132	5133	24
631	0	4	10	3136	57311	17
632	0	1	30	3140	3472	21
633	0	2	20	3144	21913	21
634	0	1	20	3148	20134	16
635	0	4	10	3152	3552	23
636	0	2	20	3156	1060	21
637	0	4	40	3200	10392	16
638	0	1	20	3205	36460	23
639	0	5	10	3210	2492	21
640	0	3	40	3215	3442	21
641	0	5	50	3220	7074	19
642	0	4	10	3225	7383	22
643	0	4	20	3230	9634	24
644	0	5	50	3235	4432	18
645	0	1	10	3240	21738	21
646	0	2	30	3245	32029	15
647	0	5	40	3250	3442	21
648	0	4	30	3255	34315	18
649	0	2	50	3260	14206	20
650	0	4	50	3265	3072	19
651	0	5	10	3270	791	20
652	0	1	10	3275	8367	19
653	0	1	40	3280	19562	16
654	0	5	10	3285	663	19
655	0	2	10	3290	24266	25
656	0	1	50	3295	20804	19
657	0	1	20	3300	7736	20
658	0	4	30	3305	1670	20
659	0	2	10	3310	12445	17
660	0	4	40	3315	1418	24
661	0	4	50	3320	3614	21
662	0	2	20	3325	11162	15
663	0	2	30	3330	1881	21
664	0	3	40	3335	808	23
665	0	1	20	3340	33587	22
666	0	2	40	3345	22719	23
667	0	1	50	3350	11299	15
668	0	4	10	3355	2076	22
669	0	1	30	3360	11582	15
670	0	3	50	3365	13743	22
671	0	5	40	3370	14256	21
672	0	3	50	3375	10192	21
673	0	4	30	3380	836	21
674	0	1	40	3385	18263	15
675	0	1	50	3390	18430	17
676	0	2	20	3395	1492	23
677	0	2	10	3400	18243	18
678	0	2	40	3405	2959	21
679	0	1	30	3410	10660	18
680	0	3	40	3415	2628	25
681	0	4	20	3420	9759	15
682	0	5	50	3425	12345	18
683	0	3	10	3430	2053	19
684	0	5	20	3435	29882	17
685	0	5	20	3440	4012	18
686	0	3	50	3445	8068	24
687	0	5	40	3450	7112	19
688	0	2	10	3455	18453	16
689	0	5	10	3460	34933	16
690	0	3	10	3465	6805	19
691	0	1	50	3470	11280	16
692	0	1	10	3475	7162	22
693	0	5	10	3480	4392	20
694	0	1	20	3485	949	23
695	0	4	40	3490	54427	25
696	0	4	30	3495	21982	19
697	0	2	40	3500	4528	16
698	0	2	40	3505	8005	16
699	0	4	40	3510	5538	21
700	0	5	30	3515	52271	24
701	0	1	30	3520	4640	15
702	0	2	40	3525	1137	24
703	0	3	50	3530	4691	18
704	0	5	50	3535	145	24
705	0	5	10	3540	9077	23
706	0	3	20	3545	8115	24
707	0	2	40	3600	6845	23
708	0	1	50	3605	271	16
709	0	4	20	3610	3761	17
710	0	5	40	3615	16669	16
711	0	5	50	3620	515	15
712	0	5	30	3625	3559	24
713	0	3	10	3630	9351	17
714	0	4	30	3635	7149	18
715	0	1	20	3640	9712	23
716	0	4	10	3645	11533	17
717	0	4	20	3650	7135	22
718	0	3	20	3655	3105	18
719	0	3	20	3660	18220	19
720	0	3	20	3665	7166	24
721	0	2	50	3670	6174	18
722	0	5	50	3675	20906	25
723	0	5	50	3680	2879	20
724	0	4	20	3685	2473	21
725	0	3	50	3690	903	21
726	0	5	40	3695	3383	25
727	0	4	40	3700	3707	15
728	0	4	10	3705	56884	24
729	0	3	50	3710	18867	15
730	0	3	20	3715	34771	24
731	0	5	40	3720	19468	22
732	0	1	20	3725	4187	17
733	0	3	10	3730	22671	15
734	0	2	10	3735	11040	19
735	0	3	20	3740	25049	25
736	0	3	40	3745	7531	16
737	0	3	10	3750	4609	15
738	0	3	10	3755	1883	21
739	0	1	10	3760	5861	19
740	0	3	10	3765	18883	20
741	0	2	20	3770	675	15
742	0	5	40	3775	6635	18
743	0	3	50	3780	8709	24
744	0	5	20	3785	2601	15
745	0	4	20	3790	5948	18
746	0	1	30	3795	5219	17
747	0	3	10	3800	28657	20
748	0	1	40	3805	23398	17
749	0	1	50	3810	8838	25
750	0	5	40	3815	5577	22
751	0	5	10	3820	5964	23
752	0	5	20	3825	1083	23
753	0	4	20	3830	14684	23
754	0	2	20	3835	30319	23
755	0	3	40	3840	10551	21
756	0	1	40	3845	8217	15
757	0	3	40	3850	25158	19
758	0	5	30	3855	1773	22
759	0	3	50	3860	33667	17
760	0	1	30	3865	4024	24
761	0	5	40	3870	3070	23
762	0	4	30	3875	7032	24
763	0	3	10	3880	3135	15
764	0	2	50	3885	4703	19
765	0	5	10	3890	35510	19
766	0	4	30	3895	16514	24
767	0	3	20	3900	6287	24
768	0	1	50	3905	33716	23
769	0	2	20	3910	10207	18
770	0	3	40	3915	1115	22
771	0	2	10	3920	4255	17
772	0	2	20	3925	4330	15
773	0	3	10	3930	22111	25
774	0	1	20	3935	53306	24
775	0	2	50	3940	6027	23
776	0	3	10	3945	45516	15
777	0	3	50	3950	4432	15
778	0	5	30	3955	223	19
779	0	5	50	3960	19040	18
780	0	2	30	3965	15265	18
781	0	2	40	4000	4941	20
782	0	4	10	4004	6292	24
783	0	3	20	4008	7619	25
784	0	3	20	4012	6550	18
785	0	4	20	4016	9666	15
786	0	1	20	4020	15115	25
787	0	3	10	4024	10661	19
788	0	2	50	4028	31699	17
789	0	4	30	4032	200	24
790	0	2	30	4036	5739	24
791	0	1	50	4040	10669	23
792	0	3	30	4044	2404	18
793	0	1	10	4048	2764	18
794	0	1	40	4052	1284	21
795	0	4	20	4056	10043	23
796	0	3	50	4060	11339	16
797	0	2	40	4064	2600	17
798	0	2	50	4068	2555	20
799	0	5	20	4072	3400	21
800	0	5	50	4076	12373	19
801	0	4	10	4080	34783	18
802	0	3	10	4084	41462	22
803	0	4	20	4088	4023	25
804	0	3	20	4092	6797	18
805	0	3	40	4096	912	20
806	0	3	50	4100	1115	22
807	0	3	20	4104	3368	23
808	0	3	50	4108	15174	24
809	0	5	20	4112	8938	25
810	0	1	30	4116	11220	21
811	0	4	40	4120	2484	15
812	0	3	20	4124	23479	15
813	0	5	30	4128	5022	19
814	0	2	30	4132	2978	24
815	0	4	50	4136	35346	19
816	0	2	40	4140	20423	25
817	0	2	20	4144	43529	25
818	0	5	40	4148	19883	23
819	0	3	40	4152	17692	18
820	0	5	40	4156	3166	20
821	0	2	20	4160	2074	20
822	0	2	30	4164	7825	22
823	0	3	30	4168	30798	25
824	0	1	40	4172	2568	19
825	0	3	40	4176	8311	24
826	0	4	30	4180	1492	25
827	0	1	20	4184	1226	23
828	0	3	30	4188	16170	19
829	0	3	10	4192	6562	15
830	0	4	10	4196	18365	22
831	0	1	20	4200	18315	23
832	0	1	50	4204	1493	21
833	0	5	20	4208	17726	23
834	0	1	10	4212	1978	24
835	0	3	30	4216	17892	25
836	0	5	30	4220	5527	23
837	0	5	40	4224	1578	24
838	0	5	50	4228	459	21
839	0	5	40	4232	5123	24
840	0	1	30	4236	7493	19
841	0	4	10	4240	7652	16
842	0	5	20	4244	24581	20
843	0	2	30	4248	6201	17
844	0	3	50	4252	6313	18
845	0	4	50	4256	2575	24
846	0	3	40	4260	15726	22
847	0	4	10	4264	21962	25
848	0	5	40	4268	51200	19
849	0	2	40	4272	2007	16
850	0	2	40	4276	16601	24
851	0	2	40	4280	12189	16
852	0	2	10	4284	5844	20
853	0	5	20	4288	6551	17
854	0	1	40	4292	179	16
855	0	4	40	4296	7954	25
856	0	3	30	4300	7524	22
857	0	5	30	4304	555	23
858	0	4	40	4308	1160	21
859	0	1	30	4312	32386	19
860	0	5	10	4316	37544	21
861	0	3	40	4320	57271	24
862	0	5	40	4324	8429	19
863	0	1	50	4328	4217	24
864	0	1	20	4332	16240	18
865	0	5	20	4336	20901	23
866	0	3	40	4340	870	20
867	0	3	50	4344	1091	17
868	0	5	30	4348	2528	20
869	0	4	50	4352	7063	25
870	0	5	20	4356	10362	21
871	0	2	50	4360	14227	15
872	0	2	20	4364	32958	18
873	0	5	50	4368	7433	25
874	0	2	20	4400	4394	24
875	0	2	30	4404	17145	19
876	0	3	10	4408	4071	25
877	0	5	10	4412	942	19
878	0	5	40	4416	8660	21
879	0	2	50	4420	91748	20
880	0	1	10	4424	17605	17
881	0	1	30	4428	3897	25
882	0	2	30	4432	1414	19
883	0	1	40	4436	10584	17
884	0	1	20	4440	13376	17
885	0	2	30	4444	1889	20
886	0	5	10	4448	6072	18
887	0	2	40	4452	14300	18
888	0	5	40	4456	16970	22
889	0	2	20	4460	13209	25
890	0	5	10	4464	4435	18
891	0	5	10	4468	4696	15
892	0	2	50	4472	378	18
893	0	5	30	4476	1329	17
894	0	1	40	4480	5956	18
895	0	4	40	4484	7684	20
896	0	4	30	4488	40888	22
897	0	4	20	4492	10259	22
898	0	2	20	4496	13014	24
899	0	4	30	4500	10534	20
900	0	1	10	4504	1577	19
901	0	5	40	4508	12373	20
902	0	4	40	4512	12586	19
903	0	1	50	4516	9346	20
904	0	2	30	4520	10288	21
905	0	1	40	4524	676	23
906	0	1	20	4528	14529	24
907	0	2	10	4532	30885	21
908	0	3	50	4536	1453	18
909	0	5	10	4540	3523	22
910	0	2	40	4544	2631	15
911	0	4	30	4548	5937	18
912	0	5	40	4552	9089	16
913	0	2	50	4556	1166	15
914	0	1	30	4560	2139	17
915	0	4	40	4564	13631	21
916	0	1	10	4568	25475	20
917	0	5	10	4572	30095	16
918	0	1	40	4576	11750	21
919	0	5	40	4580	10874	24
920	0	1	10	4584	6696	20
921	0	1	10	4588	5614	16
922	0	4	20	4592	4806	21
923	0	3	10	4596	8872	20
924	0	5	50	4600	1752	21
925	0	1	20	4604	3523	21
926	0	5	50	4608	13065	23
927	0	3	40	4612	21334	16
928	0	5	20	4616	877	22
929	0	3	30	4620	21530	19
930	0	3	10	4624	18931	22
931	0	4	40	4628	14979	17
932	0	4	40	4632	6404	20
933	0	2	10	4636	31865	16
934	0	1	50	4640	25083	15
935	0	1	20	4644	1616	22
936	0	2	40	4648	11856	21
937	0	1	40	4652	10132	24
938	0	5	20	4656	124	22
939	0	5	30	4660	11521	19
940	0	2	10	4664	7035	21
941	0	3	10	4668	7694	23
942	0	4	40	4672	10473	15
943	0	1	30	4676	8376	25
944	0	1	40	4680	7628	25
945	0	2	40	4684	30118	15
946	0	5	20	4688	18885	24
947	0	1	10	4692	33450	17
948	0	5	10	4696	34074	15
949	0	3	50	4700	14953	22
950	0	3	40	4704	10774	15
951	0	5	20	4708	594	20
952	0	4	40	4712	36024	16
953	0	3	30	4716	819	25
954	0	3	30	4720	2044	15
955	0	1	50	4724	16610	18
956	0	2	20	4728	4510	25
957	0	1	30	4732	1630	24
958	0	2	10	4736	6233	24
959	0	2	10	4740	4651	15
960	0	2	50	4744	5960	25
961	0	4	40	4748	24579	23
962	0	3	40	4752	23027	24
963	0	1	30	4800	3947	25
964	0	2	50	4804	7414	15
965	0	3	50	4808	7938	24
966	0	1	40	4812	45132	23
967	0	4	40	4816	11038	15
968	0	1	10	4820	2924	15
969	0	5	10	4824	455	20
970	0	2	50	4828	630	25
971	0	1	30	4832	4455	22
972	0	1	40	4836	28663	20
973	0	1	10	4840	87	16
974	0	3	40	4844	1983	17
975	0	4	10	4848	37029	23
976	0	2	30	4852	18812	16
977	0	3	40	4856	21095	21
978	0	3	20	4860	642	21
979	0	3	20	4864	2937	21
980	0	1	10	4868	7431	22
981	0	5	40	4872	15489	21
982	0	4	40	4876	26427	15
983	0	2	30	4880	5320	25
984	0	5	50	4884	3311	18
985	0	4	40	4888	16408	16
986	0	5	50	4892	17260	15
987	0	2	10	4896	5125	20
988	0	5	40	4900	17796	16
989	0	1	50	4904	1627	22
990	0	4	50	4908	20099	23
991	0	1	20	4912	8332	22
992	0	5	40	4916	2163	15
993	0	3	10	4920	14016	21
994	0	4	40	4924	3069	20
995	0	4	30	4928	10199	24
996	0	5	20	4932	11615	24
997	0	4	20	4936	4312	15
998	0	5	40	4940	509	25
999	0	4	50	4944	51676	16
1000	0	2	50	4948	34163	17
1001	0	2	30	4952	2548	24
1002	0	5	10	4956	15367	16
1003	0	5	10	4960	28154	20
1004	0	1	10	4964	12987	23
1005	0	3	20	4968	3982	19
1006	0	5	30	4972	1810	15
1007	0	4	30	4976	34393	25
1008	0	5	50	4980	29391	23
1009	0	4	20	4984	2713	18
1010	0	4	30	4988	38042	17
1011	0	5	40	4992	7980	19
1012	0	4	20	4996	934	18
1013	0	4	50	5000	2499	17
1014	0	2	10	5004	23560	19
1015	0	3	10	5008	13176	19
1016	0	5	50	5012	47940	22
1017	0	1	20	5016	8200	25
1018	0	1	40	5020	479	21
1019	0	4	10	5024	15091	24
1020	0	3	50	5028	15329	23
1021	0	4	40	5032	11903	17
1022	0	5	50	5036	21147	25
1023	0	5	10	5040	1124	18
1024	0	1	10	5044	3052	23
1025	0	1	40	5048	9597	18
1026	0	2	50	5052	1882	21
1027	0	3	40	5056	2969	25
1028	0	2	30	5060	18253	22
1029	0	5	10	5064	10403	19
1030	0	5	40	5068	4880	24
1031	0	4	20	5072	8071	15
1032	0	4	10	5076	18504	21
1033	0	5	30	5080	814	20
1034	0	2	20	5084	3862	19
1035	0	5	30	5088	3782	23
1036	0	5	40	5092	33	19
1037	0	4	40	5096	50543	21
1038	0	2	20	5100	14326	17
1039	0	2	30	5104	38257	25
1040	0	5	10	5108	11151	16
1041	0	2	30	5112	20551	16
1042	0	2	10	5116	6828	23
1043	0	1	20	5120	10147	23
1044	0	3	30	5124	2219	20
1045	0	5	20	5128	4751	19
1046	0	3	10	5132	6654	19
1047	0	1	40	5136	45247	23
1048	0	1	10	5140	21220	17
1049	0	2	30	5144	9830	15
1050	0	4	30	5148	10728	17
1051	0	4	50	5152	1602	24
1052	0	3	30	5200	3657	20
1053	0	1	30	5204	4732	16
1054	0	1	50	5208	3698	19
1055	0	3	20	5212	4502	15
1056	0	3	40	5216	5411	25
1057	0	1	10	5220	12019	24
1058	0	5	50	5224	13661	23
1059	0	5	30	5228	1406	19
1060	0	2	30	5232	1771	23
1061	0	2	50	5236	30433	16
1062	0	2	10	5240	2114	18
1063	0	1	40	5244	4875	18
1064	0	5	30	5248	24316	19
1065	0	1	20	5252	7582	17
1066	0	1	30	5256	14434	23
1067	0	5	40	5260	112	23
1068	0	3	30	5264	29279	24
1069	0	3	40	5268	10677	21
1070	0	4	30	5272	13075	25
1071	0	2	20	5276	67556	15
1072	0	5	50	5280	19202	23
1073	0	4	10	5284	1006	21
1074	0	5	50	5288	1405	23
1075	0	2	30	5292	27830	21
1076	0	3	30	5296	2605	19
1077	0	4	40	5300	3575	16
1078	0	3	40	5304	30396	24
1079	0	1	40	5308	27349	18
1080	0	4	40	5312	1601	24
1081	0	2	10	5316	2210	24
1082	0	3	40	5320	5928	22
1083	0	1	50	5324	3017	21
1084	0	1	40	5328	53872	16
1085	0	1	50	5332	2815	25
1086	0	1	40	5336	3088	21
1087	0	3	40	5340	7397	20
1088	0	4	30	5344	19334	16
1089	0	5	10	5348	39353	18
1090	0	3	50	5352	28552	23
1091	0	4	30	5356	5546	20
1092	0	5	40	5360	4374	24
1093	0	2	50	5364	10592	23
1094	0	1	10	5368	20678	17
1095	0	3	20	5372	13837	15
1096	0	1	20	5376	12877	23
1097	0	2	30	5380	1265	20
1098	0	1	40	5384	14548	19
1099	0	2	20	5388	14466	18
1100	0	5	50	5392	11843	21
1101	0	3	20	5396	6461	21
1102	0	4	20	5400	795	24
1103	0	4	30	5404	3295	21
1104	0	4	10	5408	27108	15
1105	0	2	20	5412	10833	16
1106	0	5	10	5416	4749	16
1107	0	4	30	5420	2414	24
1108	0	2	30	5424	2911	19
1109	0	5	30	5428	5423	23
1110	0	5	40	5432	1501	21
1111	0	4	10	5436	1335	24
1112	0	4	20	5440	14942	15
1113	0	4	10	5444	18281	19
1114	0	2	50	5448	50969	20
1115	0	1	20	5452	41694	24
1116	0	5	20	5456	9085	19
1117	0	1	10	5460	33608	22
1118	0	5	10	5464	5079	17
1119	0	5	40	5468	12911	19
1120	0	1	30	5472	3316	21
1121	0	4	40	5476	3285	18
1122	0	1	10	5480	2813	22
1123	0	3	20	5484	36065	20
1124	0	5	40	5488	13743	24
1125	0	5	50	5492	4170	19
1126	0	3	30	5496	14089	17
1127	0	3	10	5500	2856	15
1128	0	4	50	5504	3595	18
1129	0	2	40	5508	6664	22
1130	0	2	10	5512	3350	24
1131	0	1	50	5516	1199	25
1132	0	4	50	5520	9720	23
1133	0	1	30	5524	2983	20
1134	0	2	50	5528	3782	23
1135	0	2	20	5532	14794	17
1136	0	4	40	5536	1318	25
1137	0	4	10	5540	1945	15
1138	0	3	50	5544	4747	21
1139	0	4	30	5548	6014	25
1140	0	2	50	5600	25673	24
1141	0	2	20	5604	548	22
1142	0	1	20	5608	3368	16
1143	0	5	10	5612	6887	19
1144	0	5	20	5616	22350	22
1145	0	5	50	5620	19438	24
1146	0	1	20	5624	12875	20
1147	0	2	30	5628	8894	19
1148	0	1	10	5632	11014	17
1149	0	5	40	5636	22966	19
1150	0	4	50	5640	1997	21
1151	0	5	20	5644	15225	16
1152	0	3	20	5648	16875	17
1153	0	2	10	5652	533	25
1154	0	2	40	5656	7371	22
1155	0	1	10	5660	5887	18
1156	0	2	10	5664	2788	25
1157	0	1	50	5668	1447	19
1158	0	5	40	5672	9805	23
1159	0	4	20	5676	11055	21
1160	0	5	40	5680	28079	25
1161	0	2	50	5684	1466	16
1162	0	1	30	5688	30824	20
1163	0	1	40	5692	18685	22
1164	0	4	20	5696	1534	25
1165	0	5	50	5700	272	22
1166	0	1	10	5704	9586	16
1167	0	3	40	5708	8127	20
1168	0	2	20	5712	8602	21
1169	0	1	30	5716	3894	17
1170	0	3	40	5720	24023	25
1171	0	2	10	5724	5761	18
1172	0	3	20	5728	11375	16
1173	0	1	40	5732	36171	17
1174	0	4	50	5736	17993	20
1175	0	4	20	5740	2630	24
1176	0	3	30	5744	63068	17
1177	0	2	10	5748	17753	17
1178	0	3	10	5752	1341	23
1179	0	1	50	5756	25420	25
1180	0	4	40	5760	12112	25
1181	0	2	50	5764	2199	23
1182	0	3	50	5768	11335	23
1183	0	5	10	5772	6258	25
1184	0	3	50	5776	3822	15
1185	0	2	50	5780	8927	22
1186	0	4	40	5784	4989	22
1187	0	2	40	5788	8601	23
1188	0	4	50	5792	17182	24
1189	0	1	40	5796	25705	20
1190	0	5	10	5800	8346	18
1191	0	3	40	5804	55816	21
1192	0	4	30	5808	10740	18
1193	0	5	30	5812	15481	25
1194	0	5	40	5816	8092	15
1195	0	5	50	5820	17491	23
1196	0	2	40	5824	1551	17
1197	0	5	30	5828	7294	19
1198	0	2	40	5832	4569	20
1199	0	1	30	5836	20727	15
1200	0	4	40	5840	3482	23
1201	0	4	30	5844	2178	25
1202	0	5	20	5848	141	24
1203	0	1	40	5852	4689	25
1204	0	3	10	5856	52640	19
1205	0	3	40	5860	17743	17
1206	0	2	50	5864	1349	15
1207	0	2	40	5868	19556	15
1208	0	3	10	5872	3722	19
1209	0	3	30	5876	3648	23
1210	0	4	40	5880	5990	16
1211	0	1	10	5884	6853	23
1212	0	3	50	5888	94	21
1213	0	4	40	5892	13617	23
1214	0	5	40	5896	40734	22
1215	0	4	40	5900	15991	16
1216	0	5	10	5904	8411	18
1217	0	1	30	5908	8731	20
1218	0	4	50	5912	8719	21
1219	0	2	30	5916	10853	17
1220	0	1	10	5920	13759	25
1221	0	4	20	5924	471	19
1222	0	4	50	5928	15750	22
1223	0	1	30	5932	11902	16
1224	0	1	20	5936	17951	25
1225	0	1	50	5940	24903	18
1226	0	3	40	5944	18721	15
1227	0	4	40	5948	26239	16
1228	0	2	50	5952	7402	16
1229	0	4	10	5956	115	23
1230	0	3	40	5960	942	22
1231	0	4	50	5964	9299	23
1232	0	5	20	5968	7295	23
1233	0	3	30	5972	4001	23
1234	0	2	20	6000	11861	17
1235	0	1	10	6004	7608	25
1236	0	2	40	6008	2031	25
1237	0	2	20	6012	4070	23
1238	0	3	10	6016	6513	20
1239	0	1	10	6020	8336	23
1240	0	5	50	6024	6503	22
1241	0	2	50	6028	9219	22
1242	0	5	40	6032	3371	18
1243	0	1	20	6036	8293	15
1244	0	3	50	6040	8071	18
1245	0	4	50	6044	820	20
1246	0	5	50	6048	48600	25
1247	0	1	50	6052	29287	21
1248	0	5	50	6056	17041	18
1249	0	1	10	6060	16844	25
1250	0	5	40	6064	3667	19
1251	0	1	10	6068	11126	22
1252	0	2	40	6072	33572	24
1253	0	1	20	6076	15337	17
1254	0	5	20	6080	1809	15
1255	0	1	20	6084	2880	19
1256	0	5	30	6088	6853	18
1257	0	4	40	6092	5787	22
1258	0	5	20	6096	9516	25
1259	0	2	20	6100	1439	16
1260	0	1	10	6104	48305	17
1261	0	4	10	6108	2960	24
1262	0	1	50	6112	5052	24
1263	0	4	10	6116	3567	22
1264	0	5	40	6120	2478	15
1265	0	5	50	6124	23063	18
1266	0	1	50	6128	46697	25
1267	0	1	30	6132	15462	24
1268	0	2	30	6136	623	20
1269	0	5	30	6140	8243	22
1270	0	3	50	6144	10424	17
1271	0	3	50	6148	2923	20
1272	0	4	30	6152	1238	25
1273	0	4	40	6156	189	23
1274	0	2	30	6160	2335	21
1275	0	5	20	6164	1895	18
1276	0	5	40	6168	18932	15
1277	0	4	30	6172	3165	21
1278	0	4	30	6176	1802	24
1279	0	2	20	6180	14850	19
1280	0	1	10	6184	26696	18
1281	0	2	50	6188	25147	20
1282	0	5	50	6192	1662	24
1283	0	1	40	6196	14692	17
1284	0	4	20	6200	16455	18
1285	0	3	30	6204	7645	25
1286	0	2	10	6208	11002	25
1287	0	5	50	6212	15895	20
1288	0	4	10	6216	1860	22
1289	0	2	50	6220	6422	24
1290	0	2	40	6224	420	22
1291	0	3	50	6228	17797	18
1292	0	3	50	6232	16171	23
1293	0	1	40	6236	4379	19
1294	0	5	10	6240	8773	21
1295	0	2	40	6244	2674	23
1296	0	2	10	6248	2566	23
1297	0	1	30	6252	52853	21
1298	0	2	40	6256	4494	25
1299	0	3	10	6260	12125	25
1300	0	4	10	6264	1085	21
1301	0	5	20	6268	3584	16
1302	0	5	20	6272	23787	15
1303	0	1	30	6276	3636	21
1304	0	4	10	6280	2291	23
1305	0	3	50	6284	578	24
1306	0	2	40	6288	8468	23
1307	0	4	10	6292	30825	15
1308	0	4	40	6296	9439	22
1309	0	1	10	6300	61069	23
1310	0	2	30	6304	6533	18
1311	0	2	50	6308	2726	22
1312	0	1	10	6312	3342	24
1313	0	3	50	6316	21814	20
1314	0	2	10	6320	2999	23
1315	0	4	20	6324	1333	23
1316	0	5	20	6328	1122	25
1317	0	1	10	6332	12179	22
1318	0	5	40	6336	8583	19
1319	0	2	20	6340	15080	16
1320	0	4	50	6344	3507	19
1321	0	2	10	6348	3380	19
1322	0	3	20	6352	10431	16
1323	0	5	30	6356	12133	22
1324	0	3	40	6400	7448	15
1325	0	5	10	6405	19766	24
1326	0	1	50	6410	7757	23
1327	0	4	40	6415	18860	21
1328	0	4	40	6420	8247	17
1329	0	1	50	6425	45308	23
1330	0	4	20	6430	36835	21
1331	0	5	10	6435	19664	19
1332	0	2	50	6440	30234	22
1333	0	1	30	6445	8403	24
1334	0	4	20	6450	11719	24
1335	0	2	40	6455	12050	16
1336	0	3	30	6460	178	19
1337	0	5	20	6465	24294	18
1338	0	2	40	6470	9117	20
1339	0	2	30	6475	14412	19
1340	0	2	50	6480	40215	17
1341	0	3	10	6485	13556	24
1342	0	2	10	6490	2520	24
1343	0	3	10	6495	1946	25
1344	0	1	20	6500	62605	20
1345	0	1	50	6505	21346	15
1346	0	2	40	6510	9058	20
1347	0	5	10	6515	27934	17
1348	0	4	30	6520	1060	22
1349	0	1	40	6525	6402	23
1350	0	2	20	6530	1405	24
1351	0	1	50	6535	9715	16
1352	0	1	50	6540	7774	17
1353	0	5	30	6545	10904	24
1354	0	5	10	6550	5784	20
1355	0	3	10	6555	22064	16
1356	0	2	50	6560	13579	15
1357	0	5	50	6565	3074	18
1358	0	3	40	6570	19252	21
1359	0	4	10	6575	5476	24
1360	0	2	50	6580	10155	16
1361	0	3	50	6585	15018	17
1362	0	1	20	6590	6668	23
1363	0	3	50	6595	10058	24
1364	0	2	40	6600	493	16
1365	0	2	30	6605	11426	24
1366	0	5	50	6610	4004	15
1367	0	1	40	6615	16145	15
1368	0	5	30	6620	2892	22
1369	0	1	30	6625	10626	21
1370	0	2	50	6630	1136	18
1371	0	1	10	6635	3001	22
1372	0	4	30	6640	1335	16
1373	0	4	20	6645	20044	25
1374	0	1	20	6650	16656	24
1375	0	1	50	6655	10312	21
1376	0	5	50	6660	691	21
1377	0	5	20	6665	6766	16
1378	0	5	10	6670	12314	16
1379	0	3	50	6675	11972	25
1380	0	3	20	6680	3900	19
1381	0	2	50	6685	10228	20
1382	0	5	10	6690	14759	24
1383	0	3	50	6695	1047	19
1384	0	4	30	6700	24171	25
1385	0	3	20	6705	6101	20
1386	0	5	20	6710	4786	16
1387	0	3	30	6715	4672	23
1388	0	2	20	6720	1548	18
1389	0	2	20	6725	18304	23
1390	0	5	40	6730	37529	16
1391	0	4	30	6735	18654	16
1392	0	2	30	6740	857	22
1393	0	4	30	6745	2175	22
1394	0	1	40	6750	1645	17
1395	0	5	50	6755	3468	15
1396	0	3	40	6760	3460	15
1397	0	5	20	6765	11672	25
1398	0	2	20	6770	1391	23
1399	0	4	50	6775	5745	21
1400	0	2	50	6800	9513	25
1401	0	2	10	6806	18748	20
1402	0	5	30	6812	13988	21
1403	0	4	10	6818	8248	15
1404	0	5	50	6824	4682	20
1405	0	2	20	6830	26398	16
1406	0	3	20	6836	7166	25
1407	0	3	30	6842	13123	17
1408	0	4	10	6848	22490	25
1409	0	4	20	6854	19672	25
1410	0	3	10	6860	18443	20
1411	0	3	40	6866	3396	24
1412	0	5	40	6872	10536	17
1413	0	1	50	6878	2203	21
1414	0	1	40	6884	1117	19
1415	0	5	50	6890	71489	22
1416	0	3	50	6896	75	18
1417	0	3	30	6902	5035	19
1418	0	4	20	6908	14485	25
1419	0	5	20	6914	12316	22
1420	0	3	10	6920	4028	23
1421	0	2	30	6926	38997	17
1422	0	5	20	6932	11564	22
1423	0	3	20	6938	6782	24
1424	0	1	40	6944	11974	20
1425	0	3	20	6950	4308	17
1426	0	4	30	6956	1983	25
1427	0	1	50	6962	33662	20
1428	0	3	40	6968	13812	23
1429	0	2	30	6974	8303	24
1430	0	3	20	6980	4735	20
1431	0	1	40	6986	6831	21
1432	0	4	10	6992	4654	18
1433	0	1	10	6998	3631	20
1434	0	1	10	7004	1050	15
1435	0	2	20	7010	8012	25
1436	0	2	30	7016	25984	24
1437	0	2	50	7022	2837	24
1438	0	3	10	7028	17149	25
1439	0	2	20	7034	45479	23
1440	0	5	50	7040	35698	21
1441	0	2	40	7046	13085	25
1442	0	4	30	7052	7755	23
1443	0	3	10	7058	4542	18
1444	0	4	10	7064	71834	18
1445	0	3	10	7070	14840	17
1446	0	4	40	7076	2742	24
1447	0	2	40	7082	27780	16
1448	0	3	50	7088	960	17
1449	0	1	40	7094	1680	21
1450	0	2	50	7100	3369	23
1451	0	5	20	7106	28608	22
1452	0	1	50	7112	30461	15
1453	0	2	50	7118	7568	16
1454	0	1	50	7124	1202	24
1455	0	1	30	7130	10588	23
1456	0	2	40	7136	2262	23
1457	0	3	10	7142	3557	23
1458	0	3	30	7148	24096	21
1459	0	2	30	7154	260	17
1460	0	4	40	7160	16018	17
1461	0	3	30	7166	8563	19
1462	0	5	50	7172	47764	20
1463	0	3	30	7178	5116	16
1464	0	2	10	7200	7843	20
1465	0	3	30	7205	5186	25
1466	0	5	30	7210	31081	21
1467	0	4	30	7215	4685	22
1468	0	5	50	7220	1051	21
1469	0	5	20	7225	11050	20
1470	0	4	30	7230	1427	24
1471	0	2	50	7235	19053	19
1472	0	1	20	7240	10474	19
1473	0	2	10	7245	15428	16
1474	0	5	20	7250	14160	16
1475	0	1	20	7255	11649	23
1476	0	3	10	7260	7967	19
1477	0	3	20	7265	4337	19
1478	0	5	10	7270	6835	21
1479	0	4	30	7275	30562	18
1480	0	5	40	7280	1228	18
1481	0	3	50	7285	3470	24
1482	0	3	10	7290	23819	18
1483	0	3	50	7295	9661	17
1484	0	5	30	7300	3526	15
1485	0	3	50	7305	6499	23
1486	0	5	40	7310	8635	20
1487	0	2	10	7315	23067	17
1488	0	5	20	7320	2175	21
1489	0	1	40	7325	8261	18
1490	0	5	30	7330	4545	17
1491	0	5	20	7335	11890	15
1492	0	4	30	7340	5074	18
1493	0	2	40	7345	16120	22
1494	0	4	30	7350	3302	21
1495	0	3	30	7355	6932	16
1496	0	3	40	7360	13771	19
1497	0	2	50	7365	1655	22
1498	0	2	50	7370	21644	24
1499	0	2	30	7375	12481	18
1500	0	4	40	7380	18427	22
1501	0	5	10	7385	25548	17
1502	0	2	50	7390	20402	20
1503	0	4	30	7395	7734	22
1504	0	3	20	7400	225	22
1505	0	1	50	7405	7155	18
1506	0	5	50	7410	4726	18
1507	0	4	40	7415	2639	24
1508	0	2	30	7420	17902	15
1509	0	1	30	7425	7711	15
1510	0	3	20	7430	1277	18
1511	0	5	30	7435	24343	18
1512	0	4	50	7440	20730	17
1513	0	4	50	7445	34604	17
1514	0	3	50	7450	30940	25
1515	0	2	50	7455	7979	18
1516	0	5	30	7460	12513	16
1517	0	3	10	7465	6710	18
1518	0	4	10	7470	1164	15
1519	0	4	10	7475	763	22
1520	0	3	50	7480	21831	19
1521	0	3	20	7485	887	19
1522	0	5	10	7490	2055	16
1523	0	5	10	7495	10589	18
1524	0	5	50	7500	4051	18
1525	0	4	10	7505	7925	23
1526	0	3	30	7510	7190	16
1527	0	4	40	7515	22234	22
1528	0	4	40	7520	7915	21
1529	0	3	50	7525	3515	25
1530	0	4	30	7530	33488	19
1531	0	2	10	7535	5286	23
1532	0	2	20	7540	7574	21
1533	0	3	40	7545	18596	17
1534	0	1	50	7550	1767	22
1535	0	5	30	7555	2924	16
1536	0	1	10	7560	6824	18
1537	0	5	30	7565	5883	21
1538	0	5	40	7570	9172	20
1539	0	5	30	7575	19645	23
1540	0	3	50	7580	1166	20
1541	0	1	10	7585	4550	21
1542	0	1	40	7590	983	16
1543	0	5	50	7600	14121	20
1544	0	3	20	7605	6062	25
1545	0	1	10	7610	7104	24
1546	0	2	30	7615	19707	24
1547	0	5	30	7620	6145	15
1548	0	4	50	7625	20244	23
1549	0	3	40	7630	16872	17
1550	0	3	10	7635	18801	25
1551	0	5	40	7640	3520	16
1552	0	4	50	7645	445	21
1553	0	3	40	7650	17828	16
1554	0	5	40	7655	19848	25
1555	0	1	20	7660	14996	18
1556	0	1	50	7665	15431	16
1557	0	3	40	7670	3153	17
1558	0	4	40	7675	2507	19
1559	0	4	10	7680	9194	25
1560	0	4	30	7685	77338	16
1561	0	1	20	7690	7901	21
1562	0	1	10	7695	15042	18
1563	0	5	40	7700	8835	15
1564	0	2	50	7705	9200	22
1565	0	2	10	7710	16382	20
1566	0	4	10	7715	6138	23
1567	0	1	20	7720	422	25
1568	0	4	10	7725	19745	21
1569	0	3	20	7730	14763	24
1570	0	2	50	7735	639	25
1571	0	5	50	7740	3613	20
1572	0	3	20	7745	26927	23
1573	0	4	30	7750	4059	18
1574	0	1	10	7755	41682	17
1575	0	2	50	7760	8864	23
1576	0	3	40	7765	58852	17
1577	0	5	20	7770	7521	21
1578	0	3	50	7775	2522	18
1579	0	5	40	7780	21970	20
1580	0	3	40	7785	13557	24
1581	0	3	50	7790	615	16
1582	0	5	50	7795	344	25
1583	0	2	10	7800	15626	18
1584	0	5	40	7805	7453	25
1585	0	4	40	7810	13837	17
1586	0	4	20	7815	4626	16
1587	0	4	40	7820	14224	19
1588	0	4	50	7825	46340	17
1589	0	1	40	7830	6610	18
1590	0	5	30	7835	8143	15
1591	0	4	30	7840	2717	16
1592	0	1	50	7845	2662	17
1593	0	2	30	7850	85039	20
1594	0	1	10	7855	19744	21
1595	0	2	40	7860	11308	24
1596	0	1	50	7865	11027	18
1597	0	1	50	7870	9785	16
1598	0	4	10	7875	2038	24
1599	0	1	10	7880	12665	20
1600	0	2	50	7885	569	15
1601	0	1	10	7890	17733	24
1602	0	2	30	7895	10808	19
1603	0	2	30	7900	1359	25
1604	0	1	40	7905	14567	17
1605	0	4	20	7910	9093	20
1606	0	3	30	7915	5361	18
1607	0	5	30	7920	16607	18
1608	0	3	30	7925	19596	25
1609	0	3	50	7930	4049	17
1610	0	4	30	7935	15311	15
1611	0	1	40	7940	3579	20
1612	0	1	40	7945	508	24
1613	0	5	50	7950	5147	24
1614	0	2	30	7955	23449	15
1615	0	2	30	7960	35581	15
1616	0	2	30	7965	7263	22
1617	0	5	50	7970	51619	25
1618	0	5	50	7975	722	15
1619	0	4	10	7980	22855	19
1620	0	4	50	7985	6636	18
1621	0	1	30	7990	14692	18
1622	0	3	30	8000	686	23
1623	0	4	20	8005	5804	17
1624	0	4	40	8010	2906	24
1625	0	3	30	8015	22708	23
1626	0	4	50	8020	755	18
1627	0	2	40	8025	27022	17
1628	0	4	30	8030	7846	23
1629	0	4	30	8035	5331	18
1630	0	2	50	8040	30491	20
1631	0	2	40	8045	6851	16
1632	0	2	20	8050	4443	23
1633	0	2	50	8055	9256	24
1634	0	3	50	8060	18921	19
1635	0	2	30	8065	28252	25
1636	0	1	30	8070	7311	23
1637	0	4	20	8075	30482	25
1638	0	1	20	8080	304	15
1639	0	2	30	8085	32144	20
1640	0	2	20	8090	4699	24
1641	0	5	50	8095	10141	24
1642	0	1	10	8100	26455	20
1643	0	1	10	8105	14152	15
1644	0	2	20	8110	14557	18
1645	0	4	50	8115	3211	20
1646	0	4	40	8120	2108	17
1647	0	2	10	8125	22779	18
1648	0	1	50	8130	1821	19
1649	0	5	30	8135	23474	20
1650	0	1	10	8140	2038	16
1651	0	1	10	8145	11442	18
1652	0	1	10	8150	8296	15
1653	0	5	50	8155	4368	19
1654	0	2	10	8160	3092	16
1655	0	2	30	8165	4992	22
1656	0	3	40	8170	15115	16
1657	0	4	10	8175	2831	16
1658	0	4	40	8180	26709	16
1659	0	3	20	8185	23064	19
1660	0	5	20	8190	7625	17
1661	0	2	40	8195	7517	16
1662	0	2	50	8200	3767	20
1663	0	4	10	8205	7086	21
1664	0	1	10	8210	5453	23
1665	0	2	40	8215	4039	25
1666	0	5	30	8220	35580	23
1667	0	4	50	8225	8411	15
1668	0	3	10	8230	9728	20
1669	0	5	10	8235	36757	15
1670	0	1	10	8240	8131	18
1671	0	3	10	8245	9135	22
1672	0	5	40	8250	39043	25
1673	0	4	30	8255	1631	20
1674	0	2	40	8260	8985	21
1675	0	5	50	8265	23115	19
1676	0	5	30	8270	20336	24
1677	0	3	30	8275	5413	22
1678	0	2	10	8280	13701	25
1679	0	5	50	8285	47138	18
1680	0	5	40	8290	13983	21
1681	0	3	50	8295	2841	25
1682	0	1	40	8300	16826	23
1683	0	4	50	8305	11653	17
1684	0	3	20	8310	2715	16
1685	0	2	50	8315	4393	16
1686	0	1	40	8320	32970	15
1687	0	2	20	8325	51	19
1688	0	5	40	8330	4461	22
1689	0	1	20	8335	7240	22
1690	0	4	40	8340	2511	24
1691	0	2	20	8345	3389	21
1692	0	1	30	8350	354	24
1693	0	3	50	8355	2256	21
1694	0	2	10	8360	7417	18
1695	0	5	40	8365	23469	23
1696	0	4	50	8370	4297	18
1697	0	3	50	8375	7038	24
1698	0	5	50	8400	4757	17
1699	0	5	30	8405	6473	19
1700	0	5	30	8410	4048	23
1701	0	5	40	8415	12848	17
1702	0	4	50	8420	4189	24
1703	0	1	50	8425	2493	18
1704	0	5	20	8430	5476	16
1705	0	4	10	8435	11714	20
1706	0	2	20	8440	12709	19
1707	0	2	40	8445	5582	20
1708	0	3	10	8450	18065	23
1709	0	3	20	8455	5598	22
1710	0	3	10	8460	8907	23
1711	0	1	20	8465	5227	19
1712	0	3	10	8470	9046	16
1713	0	4	50	8475	29123	23
1714	0	4	40	8480	2171	24
1715	0	2	20	8485	3604	17
1716	0	1	50	8490	14919	18
1717	0	3	10	8495	12532	18
1718	0	2	40	8500	3348	19
1719	0	5	20	8505	725	21
1720	0	2	10	8510	5167	24
1721	0	3	10	8515	34614	18
1722	0	4	20	8520	2579	19
1723	0	2	40	8525	1296	23
1724	0	1	20	8530	17349	17
1725	0	5	50	8535	3390	22
1726	0	2	40	8540	8409	23
1727	0	2	40	8545	18725	18
1728	0	3	20	8550	13161	17
1729	0	3	10	8555	13249	23
1730	0	2	10	8560	9669	15
1731	0	3	30	8565	5594	15
1732	0	3	30	8570	437	20
1733	0	2	40	8575	3675	21
1734	0	1	20	8580	14208	21
1735	0	1	10	8585	377	18
1736	0	4	50	8590	29737	15
1737	0	1	50	8595	10026	19
1738	0	4	40	8600	3531	15
1739	0	5	20	8605	10388	22
1740	0	5	30	8610	12712	23
1741	0	4	10	8615	9959	20
1742	0	4	10	8620	3077	21
1743	0	3	30	8625	33293	25
1744	0	4	20	8630	31750	24
1745	0	3	30	8635	21672	20
1746	0	5	20	8640	15131	20
1747	0	3	30	8645	1499	16
1748	0	5	20	8650	70	22
1749	0	5	50	8655	2701	15
1750	0	5	40	8660	1907	19
1751	0	1	50	8665	12699	15
1752	0	1	20	8670	2681	19
1753	0	5	40	8675	3754	22
1754	0	4	30	8680	832	20
1755	0	2	20	8685	5026	19
1756	0	1	30	8690	7479	23
1757	0	3	20	8695	2562	16
1758	0	5	40	8700	6602	16
1759	0	1	20	8705	1537	20
1760	0	2	30	8710	1526	22
1761	0	5	40	8715	23878	16
1762	0	5	20	8720	14687	18
1763	0	1	50	8725	1392	25
1764	0	2	10	8730	20550	21
1765	0	1	30	8735	1969	23
1766	0	3	50	8740	4580	25
1767	0	1	20	8745	3704	21
1768	0	3	30	8750	2946	17
1769	0	3	30	8755	1734	21
1770	0	3	20	8760	5047	17
1771	0	1	10	8765	1882	24
1772	0	4	20	8770	5993	17
1773	0	3	30	8775	13095	22
1774	0	5	50	8800	6236	24
1775	0	3	50	8805	18499	18
1776	0	5	10	8810	15184	23
1777	0	2	50	8815	3545	19
1778	0	3	20	8820	2284	24
1779	0	3	40	8825	31697	23
1780	0	5	40	8830	9047	17
1781	0	5	10	8835	5860	22
1782	0	3	30	8840	18394	21
1783	0	3	30	8845	7494	16
1784	0	3	20	8850	8845	18
1785	0	2	10	8855	27670	15
1786	0	2	20	8860	2269	21
1787	0	4	40	8865	17488	23
1788	0	4	10	8870	2629	16
1789	0	5	10	8875	5201	17
1790	0	5	40	8880	10047	20
1791	0	2	40	8885	15439	25
1792	0	1	10	8890	1854	18
1793	0	4	20	8895	1735	21
1794	0	3	50	8900	7389	15
1795	0	1	50	8905	18730	22
1796	0	5	40	8910	23423	17
1797	0	3	10	8915	1488	21
1798	0	1	20	8920	1507	18
1799	0	4	40	8925	18043	16
1800	0	1	40	8930	8767	20
1801	0	4	50	8935	7195	24
1802	0	1	50	8940	27596	24
1803	0	2	40	8945	24602	16
1804	0	2	30	8950	23438	24
1805	0	5	40	8955	21	21
1806	0	2	40	8960	3609	23
1807	0	4	40	8965	9215	22
1808	0	5	50	8970	23884	23
1809	0	2	30	8975	3959	16
1810	0	3	20	8980	11749	21
1811	0	4	30	8985	2798	19
1812	0	5	10	8990	229	17
1813	0	2	50	8995	8184	18
1814	0	1	40	9000	10721	17
1815	0	3	30	9005	15850	25
1816	0	2	10	9010	990	20
1817	0	3	50	9015	3315	17
1818	0	4	40	9020	10642	22
1819	0	1	10	9025	30197	21
1820	0	5	20	9030	46393	16
1821	0	5	10	9035	9586	16
1822	0	3	10	9040	855	19
1823	0	3	30	9045	24118	15
1824	0	4	50	9050	10057	15
1825	0	2	40	9055	11597	17
1826	0	1	50	9060	24	21
1827	0	1	50	9065	3589	22
1828	0	1	40	9070	2744	22
1829	0	5	10	9075	11461	17
1830	0	4	20	9080	31567	16
1831	0	2	50	9085	11031	16
1832	0	1	40	9090	1778	15
1833	0	5	30	9095	6043	23
1834	0	3	10	9100	6339	17
1835	0	1	50	9105	981	18
1836	0	4	10	9110	8001	23
1837	0	2	40	9115	29273	19
1838	0	1	50	9120	11186	17
1839	0	4	40	9125	8801	23
1840	0	5	30	9130	12278	17
1841	0	3	30	9135	12135	24
1842	0	4	50	9140	28095	25
1843	0	2	40	9145	29682	25
1844	0	3	50	9150	15596	21
1845	0	1	10	9155	5338	16
1846	0	3	30	9160	14643	23
1847	0	4	20	9200	12556	25
1848	0	4	40	9205	9419	19
1849	0	5	30	9210	15564	16
1850	0	4	40	9215	14890	16
1851	0	2	40	9220	11503	15
1852	0	5	30	9225	9025	25
1853	0	1	20	9230	2659	22
1854	0	5	20	9235	19230	25
1855	0	2	30	9240	41385	18
1856	0	2	40	9245	5778	19
1857	0	4	30	9250	411	24
1858	0	3	40	9255	4345	16
1859	0	1	40	9260	3271	22
1860	0	4	50	9265	99521	15
1861	0	2	40	9270	15	16
1862	0	4	10	9275	4834	15
1863	0	1	50	9280	3421	21
1864	0	4	20	9285	5226	15
1865	0	1	20	9290	281	19
1866	0	4	50	9295	874	18
1867	0	5	30	9300	11713	20
1868	0	5	40	9305	1053	16
1869	0	5	40	9310	8615	24
1870	0	5	20	9315	3395	16
1871	0	1	20	9320	2184	15
1872	0	2	10	9325	12097	25
1873	0	1	10	9330	849	24
1874	0	1	30	9335	3920	19
1875	0	2	50	9340	5037	17
1876	0	1	10	9345	12473	16
1877	0	1	30	9350	1994	20
1878	0	5	40	9355	1790	19
1879	0	3	50	9360	2803	24
1880	0	5	20	9365	29541	20
1881	0	3	30	9370	5229	21
1882	0	2	10	9375	15048	18
1883	0	1	20	9380	7796	20
1884	0	1	20	9385	28169	15
1885	0	2	30	9390	4476	16
1886	0	3	20	9395	904	17
1887	0	5	30	9400	33560	19
1888	0	1	10	9405	10907	23
1889	0	2	30	9410	7004	25
1890	0	5	20	9415	14302	24
1891	0	1	30	9420	7238	24
1892	0	4	10	9425	11267	18
1893	0	1	10	9430	5501	21
1894	0	5	40	9435	8807	23
1895	0	4	40	9440	12236	15
1896	0	5	30	9445	4360	24
1897	0	4	10	9450	12794	19
1898	0	4	30	9455	9923	25
1899	0	2	30	9460	14617	16
1900	0	3	10	9465	4090	23
1901	0	3	50	9470	1021	17
1902	0	4	30	9475	9981	24
1903	0	5	10	9480	385	20
1904	0	1	10	9485	7852	25
1905	0	4	20	9490	9434	16
1906	0	1	40	9495	47859	15
1907	0	4	30	9500	7401	16
1908	0	1	40	9505	30318	18
1909	0	3	30	9510	7301	22
1910	0	1	30	9515	4660	16
1911	0	2	10	9520	3121	25
1912	0	4	50	9525	27057	20
1913	0	1	50	9530	1204	17
1914	0	2	30	9535	4696	17
1915	0	2	20	9540	12478	19
1916	0	5	40	9545	4052	24
1917	0	3	50	9550	23072	20
1918	0	1	30	9555	5054	21
1919	0	3	40	9560	511	25
1920	0	4	50	9565	36087	17
1921	0	4	30	9570	1688	25
1922	0	5	30	9575	318	22
1923	0	3	20	9580	12323	16
1924	0	1	30	9585	20308	25
1925	0	4	50	9600	18929	17
1926	0	2	20	9605	9782	23
1927	0	2	50	9610	3733	19
1928	0	1	20	9615	9537	16
1929	0	2	50	9620	12240	18
1930	0	3	30	9625	466	19
1931	0	3	50	9630	56109	23
1932	0	2	10	9635	10713	20
1933	0	4	10	9640	6838	18
1934	0	1	40	9645	30238	16
1935	0	3	20	9650	21484	17
1936	0	4	10	9655	18642	23
1937	0	3	10	9660	13788	23
1938	0	1	10	9665	72258	20
1939	0	2	10	9670	5354	25
1940	0	2	50	9675	4804	15
1941	0	4	50	9680	11369	16
1942	0	5	40	9685	229	15
1943	0	4	40	9690	1827	16
1944	0	2	10	9695	1538	23
1945	0	3	10	9700	7556	25
1946	0	3	40	9705	9792	19
1947	0	4	20	9710	8646	16
1948	0	5	40	9715	538	19
1949	0	3	30	9720	24808	18
1950	0	5	10	9725	5219	17
1951	0	2	40	9730	7193	18
1952	0	4	40	9735	4486	23
1953	0	2	40	9740	8829	15
1954	0	4	30	9745	16811	24
1955	0	5	40	9750	2057	24
1956	0	4	30	9755	684	21
1957	0	1	20	9760	30742	22
1958	0	4	30	9765	2915	20
1959	0	2	10	9770	13928	23
1960	0	3	10	9775	52110	19
1961	0	4	50	9780	15024	22
1962	0	4	10	9785	29162	25
1963	0	5	50	9790	3952	25
1964	0	1	10	9795	6489	18
1965	0	4	30	9800	4826	19
1966	0	5	10	9805	12212	19
1967	0	1	40	9810	7410	17
1968	0	5	10	9815	2322	16
1969	0	5	20	9820	8098	25
1970	0	4	20	9825	23422	22
1971	0	2	40	9830	11101	15
1972	0	3	40	9835	23273	25
1973	0	4	30	9840	49461	22
1974	0	1	50	9845	14929	24
1975	0	1	10	9850	4955	16
1976	0	4	40	9855	1429	24
1977	0	1	50	9860	25945	21
1978	0	2	10	9865	8847	19
1979	0	3	20	9870	5144	15
1980	0	2	20	9875	3225	23
1981	0	4	10	9880	539	21
1982	0	3	10	9885	3035	15
1983	0	4	50	9890	13481	23
1984	0	3	40	9895	4054	16
1985	0	2	40	9900	10618	15
1986	0	5	20	9905	13625	25
1987	0	5	20	9910	865	20
1988	0	5	30	9915	13701	19
1989	0	1	10	9920	17224	17
1990	0	4	40	9925	18041	22
1991	0	3	50	9930	24089	15
1992	0	4	30	9935	7559	17
1993	0	4	10	9940	4467	23
1994	0	5	50	9945	5600	21
1995	0	3	10	9950	11480	18
1996	0	1	40	9955	14459	16
1997	0	1	50	9960	16085	16
1998	0	4	30	9965	15428	24
1999	0	3	30	9970	18678	19
