0	0	5	9	0	3636	25
1	0	2	9	6	7194	22
2	0	1	5	12	1742	25
3	0	5	3	18	3256	21
4	0	2	9	24	14601	25
5	0	4	5	30	5027	22
6	0	5	5	36	11960	26
7	0	1	3	42	11209	22
8	0	2	5	48	8276	23
9	0	1	7	54	14578	25
10	0	2	9	60	4061	22
11	0	2	3	66	3082	24
12	0	5	9	72	5000	23
13	0	4	7	78	14895	25
14	0	5	5	84	18640	22
15	0	2	7	90	8258	26
16	0	4	7	96	18151	26
17	0	2	5	102	20555	22
18	0	1	3	108	15645	24
19	0	1	3	114	15056	21
20	0	4	3	120	17546	25
21	0	5	3	126	4639	24
22	0	1	5	132	19101	23
23	0	1	3	138	17359	26
24	0	3	5	144	1590	23
25	0	5	5	150	23572	23
26	0	4	9	156	2214	22
27	0	4	3	162	4480	22
28	0	5	3	168	56571	21
29	0	2	5	174	62835	26
30	0	1	9	180	5033	22
31	0	2	5	186	31273	24
32	0	2	9	192	5206	25
33	0	1	5	198	20283	26
34	0	3	3	204	3166	23
35	0	4	9	210	31664	26
36	0	4	3	216	4682	21
37	0	5	5	222	1621	23
38	0	4	3	228	10068	23
39	0	1	5	234	662	25
40	0	1	3	240	34760	21
41	0	2	9	246	32347	25
42	0	2	7	252	15220	21
43	0	3	5	258	25738	26
44	0	2	7	264	13842	24
45	0	1	9	270	2590	24
46	0	1	5	276	3251	25
47	0	3	3	282	7126	24
48	0	4	9	288	7737	23
49	0	2	7	294	3305	23
50	0	5	7	300	12149	21
51	0	1	7	306	3508	23
52	0	1	3	312	148	24
53	0	3	5	318	1744	23
54	0	2	3	324	8513	25
55	0	5	9	330	33916	22
56	0	1	7	336	12752	25
57	0	5	5	342	5554	25
58	0	3	9	348	1445	25
59	0	3	7	400	22300	23
60	0	1	5	405	2290	21
61	0	2	3	410	4616	25
62	0	1	3	415	11486	22
63	0	5	9	420	8404	23
64	0	1	9	425	5368	24
65	0	1	5	430	5372	24
66	0	1	3	435	24908	26
67	0	5	5	440	8939	24
68	0	2	7	445	7824	22
69	0	2	7	450	23586	22
70	0	4	5	455	2300	26
71	0	5	3	460	12709	24
72	0	3	3	465	3480	25
73	0	1	7	470	13479	25
74	0	1	3	475	17638	26
75	0	2	3	480	21677	21
76	0	4	5	485	11053	24
77	0	3	3	490	29374	23
78	0	5	7	495	1002	23
79	0	2	5	500	31912	26
80	0	5	9	505	11686	25
81	0	1	9	510	15304	25
82	0	5	3	515	21720	25
83	0	3	7	520	16647	25
84	0	3	9	525	5318	26
85	0	5	3	530	1119	25
86	0	1	3	535	29424	26
87	0	4	5	540	2930	22
88	0	4	5	545	4408	22
89	0	3	3	550	4129	22
90	0	3	5	555	3843	22
91	0	4	9	560	36578	23
92	0	3	7	565	156	24
93	0	2	7	570	15439	21
94	0	1	3	575	25439	25
95	0	4	3	580	11784	23
96	0	2	9	585	4565	24
97	0	2	9	590	2906	24
98	0	3	5	595	8863	23
99	0	2	3	600	4690	26
100	0	1	7	605	4620	24
101	0	2	9	610	14942	22
102	0	2	5	615	41608	22
103	0	3	5	620	11463	22
104	0	4	3	625	824	23
105	0	5	7	630	49195	23
106	0	4	7	635	20	24
107	0	1	5	640	4941	25
108	0	3	5	645	5454	23
109	0	5	9	650	13388	25
110	0	2	5	655	4965	24
111	0	3	5	660	16209	23
112	0	1	9	665	4116	22
113	0	1	7	670	2432	26
114	0	3	7	675	3007	24
115	0	5	5	680	7241	23
116	0	2	9	685	7916	26
117	0	3	5	690	24100	23
118	0	3	3	695	1888	24
119	0	2	9	700	3803	25
120	0	5	3	705	7109	25
121	0	3	9	710	12870	25
122	0	1	3	715	2947	23
123	0	4	5	720	2496	21
124	0	4	3	725	10578	21
125	0	5	7	730	3010	24
126	0	2	5	735	12270	26
127	0	2	7	740	9009	25
128	0	1	7	745	19006	21
129	0	2	9	750	1874	23
130	0	1	3	755	8790	24
131	0	2	7	760	5869	26
132	0	1	7	765	5956	21
133	0	4	5	770	16957	24
134	0	2	7	775	11311	22
135	0	3	9	780	28932	24
136	0	5	5	785	16725	23
137	0	2	9	790	2997	24
138	0	5	5	795	13819	22
139	0	3	3	800	5632	24
140	0	1	7	804	1096	21
141	0	1	7	808	10306	22
142	0	2	3	812	22878	25
143	0	5	5	816	12098	23
144	0	1	7	820	36521	24
145	0	5	9	824	9139	25
146	0	4	3	828	13023	21
147	0	2	3	832	21222	25
148	0	4	9	836	8369	23
149	0	1	7	840	6679	22
150	0	2	3	844	1844	23
151	0	4	7	848	7188	21
152	0	5	9	852	864	21
153	0	2	7	856	3462	25
154	0	2	9	860	25098	22
155	0	3	9	864	13007	26
156	0	2	9	868	8182	26
157	0	4	3	872	18222	21
158	0	4	3	876	358	22
159	0	5	7	880	22333	26
160	0	4	3	884	5042	23
161	0	3	9	888	7703	25
162	0	1	9	892	9388	25
163	0	1	5	896	2991	26
164	0	4	9	900	1992	22
165	0	1	9	904	36447	24
166	0	3	7	908	5163	22
167	0	3	5	912	9156	25
168	0	4	9	916	10214	24
169	0	1	7	920	4476	21
170	0	1	9	924	14496	26
171	0	5	3	928	3644	23
172	0	4	3	932	2409	22
173	0	1	9	936	17689	26
174	0	1	5	940	2444	24
175	0	4	7	944	24545	23
176	0	1	9	948	19706	26
177	0	2	7	952	10486	26
178	0	3	7	956	3222	24
179	0	5	5	960	650	22
180	0	2	7	964	9843	23
181	0	1	5	968	19986	22
182	0	3	7	972	314	23
183	0	1	9	976	5505	25
184	0	5	9	980	25	21
185	0	3	7	984	853	23
186	0	2	7	988	4580	26
187	0	5	3	992	1818	22
188	0	2	7	996	25456	23
189	0	4	9	1000	35633	23
190	0	2	3	1004	6453	25
191	0	1	5	1008	42445	23
192	0	4	7	1012	2552	23
193	0	1	9	1016	21944	22
194	0	5	3	1020	384	21
195	0	4	7	1024	11409	23
196	0	1	9	1028	411	24
197	0	1	7	1032	11954	25
198	0	1	7	1036	7895	22
199	0	5	9	1040	3	26
200	0	3	3	1044	2431	24
201	0	2	7	1048	1649	22
202	0	3	3	1052	3553	22
203	0	4	3	1056	2539	22
204	0	5	9	1060	15520	23
205	0	2	9	1064	25495	26
206	0	1	7	1068	3756	26
207	0	4	3	1072	4253	21
208	0	1	5	1076	823	21
209	0	3	5	1080	69	25
210	0	2	3	1084	23195	26
211	0	5	3	1088	29118	26
212	0	1	5	1092	9461	24
213	0	4	9	1096	45100	26
214	0	3	9	1100	4022	24
215	0	4	9	1104	9116	22
216	0	5	5	1108	7128	23
217	0	5	9	1112	2304	26
218	0	2	7	1116	2958	26
219	0	2	3	1120	1058	25
220	0	4	3	1124	12084	25
221	0	3	7	1128	2814	26
222	0	1	7	1132	12722	23
223	0	5	3	1136	11751	21
224	0	4	7	1200	27096	23
225	0	5	5	1205	15726	23
226	0	2	7	1210	874	21
227	0	4	3	1215	5032	26
228	0	2	7	1220	16143	26
229	0	2	7	1225	10148	22
230	0	4	7	1230	21768	26
231	0	1	5	1235	2318	21
232	0	1	3	1240	1271	24
233	0	3	9	1245	3217	25
234	0	3	3	1250	24422	25
235	0	1	9	1255	6771	21
236	0	3	3	1260	9704	21
237	0	4	7	1265	21630	21
238	0	2	3	1270	12336	23
239	0	3	9	1275	1556	21
240	0	2	3	1280	19305	24
241	0	4	7	1285	228	26
242	0	4	9	1290	926	22
243	0	4	5	1295	24887	24
244	0	2	7	1300	1176	23
245	0	2	9	1305	8421	25
246	0	1	9	1310	6650	26
247	0	5	9	1315	2903	23
248	0	3	9	1320	9704	25
249	0	1	5	1325	8301	26
250	0	4	5	1330	2173	26
251	0	1	9	1335	23502	24
252	0	5	9	1340	6376	26
253	0	4	5	1345	6084	24
254	0	1	7	1350	5460	22
255	0	5	7	1355	43971	24
256	0	1	3	1360	7728	26
257	0	4	3	1365	11993	21
258	0	1	5	1370	4199	26
259	0	5	5	1375	64391	26
260	0	1	5	1380	19941	25
261	0	3	5	1385	31279	26
262	0	3	5	1390	9823	22
263	0	5	7	1395	8211	25
264	0	4	7	1400	2218	25
265	0	2	9	1405	13657	26
266	0	5	3	1410	19997	23
267	0	3	7	1415	4456	25
268	0	2	7	1420	1362	22
269	0	3	3	1425	23056	23
270	0	2	7	1430	45592	22
271	0	2	7	1435	11385	22
272	0	4	9	1440	9122	24
273	0	4	7	1445	1223	26
274	0	5	3	1450	4017	21
275	0	1	5	1455	11480	25
276	0	4	7	1460	1736	25
277	0	3	5	1465	18131	25
278	0	4	5	1470	9086	24
279	0	2	9	1475	5954	25
280	0	5	7	1480	4363	24
281	0	3	9	1485	23203	25
282	0	1	3	1490	18613	22
283	0	1	5	1495	3296	21
284	0	3	5	1500	6232	23
285	0	4	7	1505	45841	22
286	0	2	5	1510	17301	22
287	0	3	7	1515	14562	21
288	0	3	5	1520	24448	23
289	0	3	7	1525	27041	22
290	0	5	7	1530	37590	21
291	0	5	9	1535	30714	26
292	0	4	3	1540	9313	21
293	0	3	9	1545	12494	23
294	0	3	7	1550	4477	22
295	0	5	7	1555	24824	25
296	0	1	5	1560	7392	25
297	0	5	5	1565	10374	23
298	0	5	7	1570	14670	26
299	0	1	9	1575	6409	24
300	0	3	9	1580	14178	22
301	0	4	5	1585	1468	21
302	0	3	3	1590	1366	21
303	0	5	9	1595	14486	22
304	0	5	7	1600	8850	24
305	0	3	7	1605	9659	24
306	0	2	3	1610	4743	21
307	0	1	3	1615	4545	21
308	0	4	5	1620	1441	23
309	0	1	3	1625	16622	23
310	0	1	3	1630	21966	25
311	0	4	7	1635	14270	22
312	0	5	9	1640	1275	23
313	0	5	7	1645	28139	22
314	0	5	7	1650	14071	23
315	0	3	7	1655	37166	21
316	0	2	3	1660	1785	25
317	0	2	9	1665	4605	21
318	0	2	3	1670	1138	23
319	0	1	9	1675	2539	23
320	0	1	5	1680	29732	24
321	0	2	7	1685	1374	23
322	0	1	5	1690	6970	22
323	0	4	3	1695	2864	21
324	0	3	5	1700	27299	22
325	0	3	7	1705	678	22
326	0	4	7	1710	909	21
327	0	2	9	1715	26001	21
328	0	1	3	1720	18471	24
329	0	1	5	1725	6349	23
330	0	5	3	1730	2034	21
331	0	5	3	1735	9741	23
332	0	3	9	1740	919	26
333	0	3	5	1745	1496	21
334	0	4	9	1750	14366	23
335	0	1	5	1755	2523	24
336	0	5	7	1760	16529	24
337	0	1	5	1765	1092	26
338	0	1	7	1770	15212	23
339	0	1	9	1775	22943	25
340	0	3	7	1780	12651	22
341	0	1	3	1785	7134	22
342	0	4	3	1790	10690	24
343	0	2	3	1795	1532	21
344	0	3	7	1800	682	23
345	0	2	3	1805	3627	26
346	0	5	3	1810	20697	24
347	0	5	5	1815	12116	26
348	0	3	3	1820	37626	26
349	0	5	9	1825	5291	22
350	0	4	7	1830	15955	26
351	0	4	5	1835	1826	24
352	0	3	5	1840	8039	26
353	0	5	7	1845	8677	23
354	0	1	5	1850	8263	26
355	0	1	3	1855	10553	26
356	0	4	9	1860	13472	25
357	0	5	9	1865	27073	21
358	0	3	5	1870	19541	26
359	0	3	9	1875	7544	23
360	0	5	9	1880	7845	23
361	0	5	3	1885	6980	26
362	0	5	9	1890	9056	23
363	0	4	3	1895	14539	26
364	0	1	9	1900	10810	22
365	0	2	9	1905	4004	23
366	0	1	9	1910	11666	23
367	0	3	5	1915	49354	23
368	0	1	7	1920	2770	26
369	0	4	5	1925	8336	26
370	0	4	9	1930	2783	23
371	0	1	9	1935	630	25
372	0	2	3	1940	11001	25
373	0	1	3	1945	3265	25
374	0	3	5	1950	9296	22
375	0	5	5	1955	7570	23
376	0	4	5	1960	8770	26
377	0	4	3	1965	4640	22
378	0	2	7	1970	2050	25
379	0	2	5	1975	12138	23
380	0	3	7	2000	3185	25
381	0	5	3	2005	6899	22
382	0	5	9	2010	31728	21
383	0	2	5	2015	6721	23
384	0	3	9	2020	13503	23
385	0	2	7	2025	178	24
386	0	2	9	2030	840	23
387	0	3	3	2035	9824	23
388	0	3	9	2040	11594	21
389	0	3	9	2045	1438	23
390	0	3	5	2050	8684	25
391	0	1	7	2055	22969	24
392	0	4	3	2060	3996	26
393	0	3	9	2065	3480	21
394	0	2	9	2070	5588	22
395	0	4	5	2075	2836	22
396	0	1	3	2080	30061	25
397	0	5	3	2085	26206	24
398	0	2	5	2090	8961	26
399	0	1	7	2095	17718	26
400	0	1	3	2100	12229	23
401	0	2	7	2105	21853	21
402	0	4	7	2110	6734	21
403	0	4	9	2115	7299	21
404	0	1	9	2120	1943	25
405	0	3	9	2125	13832	22
406	0	3	3	2130	9343	25
407	0	2	5	2135	3452	22
408	0	2	3	2140	44568	21
409	0	1	3	2145	363	24
410	0	3	9	2150	825	21
411	0	5	9	2155	5241	24
412	0	3	5	2160	16080	23
413	0	1	9	2165	2198	24
414	0	5	3	2170	3192	24
415	0	5	9	2175	522	22
416	0	5	5	2180	8612	25
417	0	4	7	2185	1277	21
418	0	2	5	2190	326	23
419	0	5	5	2195	10381	25
420	0	5	3	2200	2920	21
421	0	4	9	2205	777	26
422	0	5	5	2210	5433	22
423	0	3	9	2215	1174	23
424	0	1	9	2220	50993	21
425	0	4	3	2225	5253	25
426	0	2	7	2230	17528	25
427	0	4	5	2235	5140	25
428	0	5	3	2240	24117	23
429	0	5	3	2245	4781	21
430	0	4	3	2250	9570	25
431	0	4	5	2255	11967	22
432	0	2	9	2260	18991	22
433	0	1	9	2265	5843	25
434	0	1	5	2270	70730	26
435	0	2	3	2275	6030	24
436	0	1	5	2280	94	22
437	0	2	9	2285	7691	21
438	0	1	5	2290	3930	24
439	0	5	3	2295	56828	22
440	0	4	5	2300	7704	25
441	0	5	7	2305	20422	22
442	0	2	9	2310	10507	23
443	0	2	7	2315	10688	24
444	0	5	9	2320	571	23
445	0	4	7	2325	2109	22
446	0	3	5	2330	1457	22
447	0	4	3	2335	1477	23
448	0	4	7	2340	220	24
449	0	2	3	2345	4799	21
450	0	4	9	2400	14383	23
451	0	3	7	2404	20403	24
452	0	4	9	2408	23640	21
453	0	3	9	2412	35281	22
454	0	2	7	2416	9730	26
455	0	3	5	2420	10306	24
456	0	3	3	2424	7709	25
457	0	2	9	2428	4918	24
458	0	3	9	2432	7618	26
459	0	3	9	2436	19018	26
460	0	1	3	2440	29765	23
461	0	5	9	2444	2566	21
462	0	3	3	2448	5814	25
463	0	3	3	2452	12494	21
464	0	3	3	2456	7854	26
465	0	5	7	2460	6857	25
466	0	3	9	2464	9833	22
467	0	3	5	2468	5219	24
468	0	5	7	2472	2238	24
469	0	4	3	2476	21884	26
470	0	5	5	2480	425	26
471	0	4	7	2484	476	25
472	0	4	5	2488	20687	24
473	0	3	5	2492	435	22
474	0	1	9	2496	1333	26
475	0	5	7	2500	6097	25
476	0	2	9	2504	7832	24
477	0	4	9	2508	17875	25
478	0	3	3	2512	573	26
479	0	3	5	2516	20884	26
480	0	2	9	2520	3295	24
481	0	4	7	2524	12669	23
482	0	1	9	2528	4809	22
483	0	3	9	2532	9222	22
484	0	2	3	2536	11938	25
485	0	2	7	2540	15809	21
486	0	1	7	2544	17667	21
487	0	5	9	2548	22561	21
488	0	5	3	2552	21259	26
489	0	4	3	2556	6555	23
490	0	5	9	2560	30460	26
491	0	5	7	2564	13360	24
492	0	4	3	2568	38	21
493	0	3	5	2572	7946	24
494	0	5	9	2576	934	26
495	0	5	7	2580	3962	24
496	0	2	5	2584	6822	23
497	0	4	7	2588	33062	22
498	0	5	7	2592	1389	24
499	0	1	5	2596	11336	24
500	0	1	7	2600	11051	21
501	0	1	9	2604	17208	25
502	0	4	5	2608	34953	25
503	0	5	5	2612	2376	24
504	0	3	9	2616	4191	22
505	0	5	5	2620	12927	24
506	0	4	3	2624	65455	21
507	0	2	7	2628	20910	26
508	0	2	9	2632	22137	22
509	0	2	3	2636	2051	21
510	0	1	5	2640	1224	26
511	0	4	5	2644	14425	26
512	0	4	9	2648	4102	24
513	0	5	7	2652	12442	21
514	0	2	3	2656	9712	23
515	0	2	7	2660	3681	26
516	0	4	9	2664	23798	26
517	0	1	3	2668	22582	23
518	0	2	3	2672	202	23
519	0	1	7	2676	16546	25
520	0	4	9	2680	13113	24
521	0	4	9	2684	14932	21
522	0	4	5	2688	8876	25
523	0	2	7	2692	16601	22
524	0	5	3	2696	29949	21
525	0	1	7	2700	5417	23
526	0	5	5	2704	436	24
527	0	1	9	2708	4938	26
528	0	3	5	2712	38836	22
529	0	1	5	2716	20846	23
530	0	3	3	2720	40142	22
531	0	4	3	2724	9395	22
532	0	4	3	2728	13131	22
533	0	2	7	2732	6861	23
534	0	3	7	2736	3022	26
535	0	1	9	2740	7812	26
536	0	1	3	2744	14706	25
537	0	1	5	2748	1958	24
538	0	1	3	2752	3317	21
539	0	2	7	2756	42386	21
540	0	3	5	2760	16002	26
541	0	5	3	2764	34953	22
542	0	3	3	2768	66	26
543	0	3	3	2772	13405	25
544	0	3	7	2776	4696	24
545	0	1	7	2780	3005	26
546	0	1	9	2800	5774	26
547	0	5	5	2804	5313	21
548	0	2	5	2808	31814	22
549	0	3	5	2812	19974	26
550	0	1	9	2816	6512	25
551	0	2	3	2820	10580	26
552	0	3	7	2824	30258	26
553	0	4	9	2828	5377	26
554	0	2	5	2832	35138	21
555	0	3	9	2836	26485	26
556	0	3	7	2840	3276	26
557	0	2	9	2844	2623	24
558	0	1	3	2848	3646	24
559	0	2	3	2852	32177	25
560	0	1	9	2856	11730	21
561	0	4	3	2860	12888	22
562	0	4	3	2864	23961	24
563	0	2	7	2868	217	25
564	0	5	3	2872	2564	25
565	0	3	3	2876	9690	24
566	0	5	3	2880	417	25
567	0	2	3	2884	23098	22
568	0	3	3	2888	6594	21
569	0	1	3	2892	953	23
570	0	1	5	2896	9791	22
571	0	4	5	2900	14929	22
572	0	1	3	2904	11182	23
573	0	5	5	2908	564	23
574	0	3	3	2912	140	26
575	0	5	9	2916	15234	23
576	0	1	9	2920	14705	21
577	0	1	3	2924	22761	26
578	0	4	9	2928	6649	24
579	0	5	7	2932	14289	21
580	0	5	7	2936	47757	23
581	0	1	9	2940	13597	24
582	0	4	5	2944	6289	24
583	0	5	9	2948	1949	23
584	0	1	7	2952	6233	25
585	0	1	9	2956	5713	22
586	0	1	7	2960	11715	23
587	0	1	5	2964	4349	22
588	0	5	3	2968	8055	23
589	0	5	9	2972	4854	26
590	0	4	3	2976	3286	26
591	0	4	3	2980	8560	21
592	0	1	3	2984	26325	21
593	0	4	9	2988	4452	22
594	0	2	9	2992	5114	26
595	0	5	3	2996	975	25
596	0	2	9	3000	1019	24
597	0	2	5	3004	52624	21
598	0	3	9	3008	7856	26
599	0	1	7	3012	17626	26
600	0	1	7	3016	2489	21
601	0	4	9	3020	9006	25
602	0	2	5	3024	32796	26
603	0	2	5	3028	23013	25
604	0	3	9	3032	3499	24
605	0	3	5	3036	14732	23
606	0	2	3	3040	46793	24
607	0	3	5	3044	24826	24
608	0	1	7	3048	5160	21
609	0	3	7	3052	3096	24
610	0	2	9	3056	2434	25
611	0	2	5	3060	5911	26
612	0	4	3	3064	17687	26
613	0	1	7	3068	10017	23
614	0	2	5	3072	36003	23
615	0	5	9	3076	34979	24
616	0	5	9	3080	3459	25
617	0	4	3	3084	15031	22
618	0	2	3	3088	11386	21
619	0	4	3	3092	20158	23
620	0	2	7	3096	32044	22
621	0	5	7	3100	15719	23
622	0	2	3	3104	5452	26
623	0	4	3	3108	1132	21
624	0	2	9	3112	21751	24
625	0	3	5	3116	587	21
626	0	3	3	3120	20799	22
627	0	2	5	3124	4215	21
628	0	4	7	3128	14407	23
629	0	4	3	3132	32544	21
630	0	4	9	3200	12179	25
631	0	5	5	3204	15226	21
632	0	4	3	3208	5536	21
633	0	3	5	3212	12791	25
634	0	4	9	3216	8528	21
635	0	2	9	3220	7249	24
636	0	5	7	3224	16303	24
637	0	3	3	3228	9712	25
638	0	3	3	3232	27282	25
639	0	3	3	3236	14371	22
640	0	5	9	3240	6111	25
641	0	4	5	3244	16616	25
642	0	5	7	3248	37099	22
643	0	3	7	3252	3637	25
644	0	3	9	3256	1937	22
645	0	3	9	3260	22814	26
646	0	5	3	3264	16120	22
647	0	5	7	3268	4671	24
648	0	2	5	3272	5350	25
649	0	2	9	3276	6153	23
650	0	1	5	3280	21096	26
651	0	3	7	3284	5491	23
652	0	1	5	3288	5634	26
653	0	5	9	3292	13187	23
654	0	5	3	3296	21919	25
655	0	1	9	3300	7331	24
656	0	2	7	3304	2131	25
657	0	4	5	3308	22364	25
658	0	5	5	3312	197	22
659	0	5	7	3316	2755	23
660	0	1	5	3320	25823	21
661	0	5	7	3324	13806	24
662	0	4	7	3328	2303	22
663	0	3	7	3332	6452	26
664	0	5	7	3336	10695	26
665	0	3	5	3340	7500	25
666	0	4	3	3344	235	26
667	0	2	9	3348	1471	22
668	0	3	7	3352	708	23
669	0	1	7	3356	8240	26
670	0	1	5	3360	2719	26
671	0	3	7	3364	14273	26
672	0	2	3	3368	20392	24
673	0	4	9	3372	29541	26
674	0	5	3	3376	6424	25
675	0	4	3	3380	2398	23
676	0	5	3	3384	17931	22
677	0	5	7	3388	1313	22
678	0	1	3	3392	33959	26
679	0	5	3	3396	51373	24
680	0	3	3	3400	4430	26
681	0	3	7	3404	8337	25
682	0	1	3	3408	33075	22
683	0	3	7	3412	4242	26
684	0	3	7	3416	1344	21
685	0	1	5	3420	3782	22
686	0	5	3	3424	5061	21
687	0	4	5	3428	14559	24
688	0	4	3	3432	20349	26
689	0	3	3	3436	634	23
690	0	5	3	3440	4121	25
691	0	2	3	3444	27403	25
692	0	3	7	3448	9280	24
693	0	3	5	3452	14128	22
694	0	2	9	3456	20207	22
695	0	5	5	3460	15085	21
696	0	5	7	3464	10265	24
697	0	2	9	3468	9283	23
698	0	4	9	3472	13362	25
699	0	1	7	3476	13836	23
700	0	5	7	3480	21348	21
701	0	4	5	3484	11726	21
702	0	3	9	3488	3696	22
703	0	1	9	3492	23849	26
704	0	2	5	3496	2653	23
705	0	4	9	3500	1698	21
706	0	2	7	3504	9582	26
707	0	2	5	3508	7394	21
708	0	1	7	3512	3488	25
709	0	1	9	3516	12870	22
710	0	2	7	3520	13732	23
711	0	3	3	3524	730	24
712	0	3	3	3528	28110	26
713	0	1	5	3532	366	24
714	0	3	5	3536	27207	24
715	0	3	7	3540	5792	23
716	0	5	7	3544	16494	22
717	0	2	9	3548	25136	22
718	0	1	3	3552	4451	25
719	0	4	5	3556	4618	24
720	0	4	5	3560	1542	25
721	0	5	9	3600	4568	22
722	0	3	7	3606	4260	22
723	0	5	7	3612	70	26
724	0	2	5	3618	2769	21
725	0	4	3	3624	4361	22
726	0	5	9	3630	2050	22
727	0	4	7	3636	1606	22
728	0	2	3	3642	1269	24
729	0	5	9	3648	14407	24
730	0	4	7	3654	11184	26
731	0	4	3	3660	3244	25
732	0	2	7	3666	6788	23
733	0	5	7	3672	3559	23
734	0	1	7	3678	2020	24
735	0	4	9	3684	13865	25
736	0	1	7	3690	3226	24
737	0	5	3	3696	916	23
738	0	1	5	3702	1256	23
739	0	5	9	3708	43780	21
740	0	5	7	3714	15292	23
741	0	3	7	3720	25861	26
742	0	4	7	3726	7185	26
743	0	3	3	3732	2073	24
744	0	2	5	3738	5543	21
745	0	3	3	3744	3161	22
746	0	4	3	3750	61732	25
747	0	2	5	3756	8522	21
748	0	1	9	3762	19046	24
749	0	5	3	3768	6776	26
750	0	5	7	3774	41486	26
751	0	3	7	3780	14369	22
752	0	2	9	3786	3117	25
753	0	5	7	3792	5208	21
754	0	3	3	3798	9952	25
755	0	5	7	3804	8672	25
756	0	2	7	3810	4713	25
757	0	3	5	3816	3601	22
758	0	5	7	3822	12835	26
759	0	3	3	3828	26894	22
760	0	4	9	3834	44243	25
761	0	3	9	3840	6634	24
762	0	5	5	3846	5348	23
763	0	1	9	3852	9669	21
764	0	2	5	3858	636	23
765	0	3	7	3864	7058	24
766	0	2	7	3870	11836	21
767	0	4	5	3876	12504	23
768	0	1	7	3882	24967	21
769	0	5	5	3888	2848	26
770	0	3	3	3894	1910	25
771	0	1	5	3900	13433	26
772	0	2	7	3906	18034	26
773	0	2	3	3912	4912	25
774	0	4	7	3918	10968	22
775	0	1	9	3924	3238	25
776	0	1	3	3930	24128	23
777	0	1	5	3936	1812	25
778	0	4	3	3942	12123	26
779	0	4	3	3948	44009	25
780	0	1	3	3954	4462	23
781	0	3	5	3960	12550	22
782	0	4	7	3966	4802	25
783	0	3	3	3972	13264	25
784	0	1	5	3978	15735	25
785	0	2	9	4000	28659	25
786	0	2	3	4004	98	21
787	0	2	3	4008	999	23
788	0	3	5	4012	14169	24
789	0	1	9	4016	12273	25
790	0	3	5	4020	5360	26
791	0	3	5	4024	44993	22
792	0	5	7	4028	6467	23
793	0	3	5	4032	2763	22
794	0	1	3	4036	83059	22
795	0	2	9	4040	4206	25
796	0	4	5	4044	8919	24
797	0	3	9	4048	27308	25
798	0	1	9	4052	1358	22
799	0	4	9	4056	31126	23
800	0	2	5	4060	11133	21
801	0	1	9	4064	5112	22
802	0	2	7	4068	12038	26
803	0	1	7	4072	10529	25
804	0	2	3	4076	4013	21
805	0	4	3	4080	4193	21
806	0	2	3	4084	30387	22
807	0	1	7	4088	26797	26
808	0	2	9	4092	16782	26
809	0	2	5	4096	4754	21
810	0	4	7	4100	12545	23
811	0	2	3	4104	2449	21
812	0	5	5	4108	11718	22
813	0	2	5	4112	13764	21
814	0	2	3	4116	10499	25
815	0	1	5	4120	4740	24
816	0	5	3	4124	1196	26
817	0	2	5	4128	14082	25
818	0	1	7	4132	20761	23
819	0	1	5	4136	1857	25
820	0	2	5	4140	6883	23
821	0	5	7	4144	9506	25
822	0	1	9	4148	37024	26
823	0	5	9	4152	3210	22
824	0	3	3	4156	22849	26
825	0	5	7	4160	2245	24
826	0	2	7	4164	3563	23
827	0	4	5	4168	10177	25
828	0	1	3	4172	4930	23
829	0	2	9	4176	4338	23
830	0	3	5	4180	14939	21
831	0	4	5	4184	41621	24
832	0	5	7	4188	404	24
833	0	5	3	4192	14880	23
834	0	3	9	4196	5542	25
835	0	1	5	4200	39773	21
836	0	1	7	4204	185	22
837	0	3	3	4208	16427	26
838	0	2	3	4212	5826	25
839	0	2	3	4216	6863	25
840	0	5	9	4220	52770	23
841	0	1	7	4224	1470	21
842	0	5	3	4228	4749	24
843	0	2	9	4232	5465	24
844	0	2	5	4236	57866	23
845	0	2	3	4240	2317	25
846	0	4	3	4244	5226	26
847	0	4	5	4248	15901	23
848	0	2	5	4252	11693	23
849	0	5	7	4256	13401	25
850	0	3	9	4260	2689	26
851	0	2	3	4264	21530	26
852	0	3	5	4268	929	23
853	0	5	5	4272	39765	23
854	0	2	5	4276	8050	26
855	0	2	9	4280	709	22
856	0	5	9	4284	5983	23
857	0	3	9	4288	6101	25
858	0	4	5	4292	15851	25
859	0	2	5	4296	1447	24
860	0	2	7	4300	465	24
861	0	4	9	4304	5146	24
862	0	5	5	4308	9739	24
863	0	5	3	4312	7165	23
864	0	4	9	4316	11457	26
865	0	1	3	4320	13659	25
866	0	2	7	4324	1971	24
867	0	1	3	4328	29268	26
868	0	4	5	4332	4496	22
869	0	2	7	4336	11594	24
870	0	1	7	4340	4470	22
871	0	2	9	4344	5156	26
872	0	1	3	4348	4385	26
873	0	4	7	4352	5875	25
874	0	2	7	4356	2031	22
875	0	2	9	4360	4648	23
876	0	1	7	4364	2986	22
877	0	5	9	4368	10654	22
878	0	3	7	4372	3337	26
879	0	1	9	4376	13502	21
880	0	2	7	4380	20418	24
881	0	4	3	4400	8874	21
882	0	3	9	4404	35753	22
883	0	2	7	4408	13096	25
884	0	5	3	4412	1299	23
885	0	2	5	4416	25275	22
886	0	1	3	4420	26964	22
887	0	5	3	4424	864	21
888	0	3	7	4428	3010	24
889	0	2	3	4432	4496	23
890	0	2	5	4436	10156	25
891	0	4	9	4440	11509	24
892	0	4	7	4444	150	22
893	0	5	7	4448	3793	21
894	0	5	5	4452	6080	21
895	0	1	3	4456	12225	25
896	0	1	3	4460	9837	24
897	0	1	3	4464	25168	21
898	0	3	9	4468	16670	24
899	0	2	3	4472	4493	24
900	0	5	7	4476	293	21
901	0	4	3	4480	6965	21
902	0	5	3	4484	6572	21
903	0	5	7	4488	37	26
904	0	5	3	4492	5386	23
905	0	1	9	4496	22885	21
906	0	1	9	4500	8999	26
907	0	4	7	4504	13953	25
908	0	4	9	4508	19796	21
909	0	1	7	4512	2200	24
910	0	2	5	4516	21773	21
911	0	1	9	4520	19564	21
912	0	1	3	4524	2032	25
913	0	3	7	4528	713	24
914	0	5	9	4532	4211	26
915	0	4	5	4536	8692	23
916	0	2	9	4540	6121	23
917	0	4	9	4544	26664	25
918	0	1	3	4548	5114	26
919	0	3	7	4552	16017	24
920	0	1	3	4556	18463	24
921	0	3	5	4560	1026	24
922	0	3	5	4564	14088	22
923	0	2	5	4568	0	26
924	0	1	3	4572	595	26
925	0	2	7	4576	14219	24
926	0	3	3	4580	4927	25
927	0	1	7	4584	428	26
928	0	4	3	4588	54823	24
929	0	1	5	4592	8727	24
930	0	1	7	4596	17211	25
931	0	5	5	4600	5042	22
932	0	3	3	4604	21823	25
933	0	2	7	4608	31989	22
934	0	2	5	4612	12641	26
935	0	4	5	4616	5683	23
936	0	5	3	4620	1277	21
937	0	3	5	4624	35035	22
938	0	3	7	4628	4324	22
939	0	4	3	4632	3470	23
940	0	1	7	4636	5182	23
941	0	2	5	4640	2781	24
942	0	2	5	4644	3639	26
943	0	2	3	4648	669	26
944	0	1	7	4652	7742	23
945	0	1	7	4656	17474	24
946	0	4	9	4660	7416	25
947	0	2	3	4664	37156	24
948	0	5	7	4668	44270	21
949	0	2	3	4672	25660	25
950	0	4	5	4676	3283	22
951	0	3	3	4680	13226	26
952	0	1	9	4684	9066	21
953	0	5	5	4688	168	26
954	0	2	3	4692	8983	26
955	0	3	3	4696	34192	24
956	0	1	7	4700	16609	25
957	0	3	7	4704	6572	21
958	0	5	5	4708	37131	26
959	0	3	5	4712	13210	25
960	0	3	7	4716	8676	23
961	0	1	3	4720	8139	21
962	0	1	7	4724	14358	21
963	0	3	5	4728	4128	24
964	0	1	9	4732	6247	26
965	0	2	9	4736	8173	26
966	0	3	9	4740	40718	23
967	0	4	7	4800	3063	24
968	0	2	3	4805	6259	25
969	0	2	5	4810	30121	24
970	0	4	3	4815	6421	23
971	0	5	5	4820	7250	21
972	0	2	5	4825	10670	23
973	0	2	9	4830	1209	24
974	0	3	9	4835	5855	22
975	0	4	7	4840	10365	21
976	0	1	3	4845	20604	25
977	0	1	5	4850	12146	23
978	0	2	7	4855	8922	23
979	0	5	7	4860	3968	23
980	0	4	9	4865	3187	25
981	0	2	9	4870	5775	21
982	0	1	9	4875	743	25
983	0	2	9	4880	1364	26
984	0	3	3	4885	3898	22
985	0	3	5	4890	1182	26
986	0	5	7	4895	20111	21
987	0	3	7	4900	20834	25
988	0	1	5	4905	6199	22
989	0	5	5	4910	14819	23
990	0	4	9	4915	11860	24
991	0	2	7	4920	13645	26
992	0	3	9	4925	57005	23
993	0	5	3	4930	12099	24
994	0	2	5	4935	16001	21
995	0	1	7	4940	23436	23
996	0	2	9	4945	8539	23
997	0	4	9	4950	42273	23
998	0	1	3	4955	12544	21
999	0	4	9	4960	47863	24
1000	0	3	9	4965	19341	21
1001	0	5	5	4970	3225	22
1002	0	5	3	4975	9538	26
1003	0	4	5	4980	694	24
1004	0	3	9	4985	7567	23
1005	0	5	9	4990	18494	21
1006	0	1	9	4995	985	23
1007	0	4	3	5000	6837	24
1008	0	3	7	5005	11861	25
1009	0	3	5	5010	35611	26
1010	0	2	9	5015	1557	26
1011	0	5	5	5020	1437	23
1012	0	1	9	5025	27293	25
1013	0	1	9	5030	13418	24
1014	0	5	7	5035	6833	26
1015	0	2	7	5040	1708	22
1016	0	5	3	5045	6796	22
1017	0	4	7	5050	10707	22
1018	0	1	5	5055	166	22
1019	0	3	5	5060	4487	26
1020	0	2	5	5065	13714	25
1021	0	1	5	5070	1846	24
1022	0	4	3	5075	20702	22
1023	0	2	9	5080	14338	22
1024	0	3	7	5085	4125	26
1025	0	3	7	5090	15942	23
1026	0	3	5	5095	7442	25
1027	0	2	3	5100	36909	26
1028	0	5	5	5105	5344	23
1029	0	2	3	5110	9007	25
1030	0	2	9	5115	861	24
1031	0	2	5	5120	22758	22
1032	0	1	3	5125	53211	23
1033	0	3	9	5130	9399	26
1034	0	2	7	5135	7872	22
1035	0	5	5	5140	72354	24
1036	0	2	9	5145	21523	22
1037	0	2	7	5150	45	21
1038	0	4	3	5155	12250	24
1039	0	3	3	5160	8115	22
1040	0	3	7	5165	181	23
1041	0	1	5	5170	5707	23
1042	0	5	9	5175	2617	21
1043	0	3	3	5180	7281	23
1044	0	3	7	5185	10624	24
1045	0	4	5	5190	8681	22
1046	0	1	7	5195	18285	22
1047	0	2	3	5200	4596	25
1048	0	1	7	5206	2692	24
1049	0	1	9	5212	11107	25
1050	0	1	5	5218	6655	21
1051	0	4	3	5224	30139	22
1052	0	4	5	5230	37682	21
1053	0	4	9	5236	4921	21
1054	0	2	7	5242	4286	25
1055	0	3	7	5248	12871	24
1056	0	1	5	5254	6409	21
1057	0	3	3	5260	22852	24
1058	0	1	7	5266	17395	25
1059	0	1	5	5272	15828	26
1060	0	3	5	5278	4693	23
1061	0	5	7	5284	1602	23
1062	0	5	7	5290	935	22
1063	0	1	7	5296	1263	26
1064	0	1	7	5302	25373	22
1065	0	5	5	5308	3806	24
1066	0	5	5	5314	1598	21
1067	0	4	9	5320	5244	25
1068	0	5	3	5326	2558	23
1069	0	5	3	5332	6884	23
1070	0	5	7	5338	4264	26
1071	0	3	7	5344	6716	22
1072	0	5	7	5350	36086	25
1073	0	3	3	5356	8864	21
1074	0	1	9	5362	4228	23
1075	0	2	9	5368	4324	23
1076	0	2	5	5374	35164	24
1077	0	2	9	5380	5486	25
1078	0	4	5	5386	1396	25
1079	0	5	3	5392	17952	24
1080	0	2	9	5398	36697	22
1081	0	1	5	5404	1864	21
1082	0	2	7	5410	16772	23
1083	0	5	7	5416	16912	24
1084	0	2	7	5422	1293	25
1085	0	4	7	5428	1955	23
1086	0	4	3	5434	26840	22
1087	0	2	5	5440	12656	22
1088	0	1	5	5446	3336	21
1089	0	4	3	5452	20792	24
1090	0	4	3	5458	10518	24
1091	0	4	9	5464	48582	24
1092	0	2	9	5470	3269	23
1093	0	4	9	5476	28515	24
1094	0	1	9	5482	2203	25
1095	0	3	3	5488	26489	21
1096	0	2	7	5494	4340	22
1097	0	4	5	5500	1211	22
1098	0	2	5	5506	10284	21
1099	0	4	3	5512	4551	21
1100	0	4	3	5518	5935	21
1101	0	3	7	5524	6704	23
1102	0	2	9	5530	1618	22
1103	0	1	5	5536	17349	21
1104	0	2	3	5542	4359	25
1105	0	3	9	5548	70220	26
1106	0	4	7	5554	41415	23
1107	0	2	3	5560	6839	21
1108	0	3	9	5566	482	24
1109	0	1	7	5572	73211	23
1110	0	2	3	5578	14907	26
1111	0	5	5	5584	575	22
1112	0	4	9	5600	16223	26
1113	0	2	7	5605	54507	21
1114	0	4	5	5610	18146	24
1115	0	2	9	5615	2378	22
1116	0	3	9	5620	5585	21
1117	0	5	3	5625	4614	24
1118	0	5	9	5630	72921	22
1119	0	3	9	5635	15663	25
1120	0	1	5	5640	5709	23
1121	0	3	3	5645	7687	26
1122	0	3	7	5650	1416	24
1123	0	1	3	5655	5522	25
1124	0	2	3	5660	22989	26
1125	0	1	9	5665	4566	23
1126	0	2	7	5670	2530	25
1127	0	2	9	5675	533	21
1128	0	2	5	5680	5253	22
1129	0	3	9	5685	6270	23
1130	0	5	5	5690	83928	21
1131	0	3	3	5695	22810	23
1132	0	5	7	5700	18807	25
1133	0	1	3	5705	18969	24
1134	0	1	3	5710	5849	24
1135	0	5	5	5715	8932	26
1136	0	5	7	5720	214	26
1137	0	2	3	5725	53465	23
1138	0	4	7	5730	7197	25
1139	0	4	9	5735	1332	25
1140	0	1	3	5740	2412	21
1141	0	3	9	5745	7366	21
1142	0	5	5	5750	11369	24
1143	0	1	9	5755	3371	25
1144	0	3	9	5760	1424	25
1145	0	4	9	5765	9239	22
1146	0	5	9	5770	3313	24
1147	0	5	5	5775	3438	22
1148	0	5	5	5780	1636	21
1149	0	5	9	5785	53038	24
1150	0	1	3	5790	8754	26
1151	0	3	7	5795	49829	25
1152	0	5	7	5800	1242	26
1153	0	5	5	5805	22503	22
1154	0	3	7	5810	33178	25
1155	0	2	3	5815	29891	22
1156	0	1	3	5820	4569	25
1157	0	2	7	5825	16993	23
1158	0	4	5	5830	29120	21
1159	0	1	3	5835	53197	23
1160	0	2	5	5840	19740	21
1161	0	3	7	5845	31056	23
1162	0	5	9	5850	999	26
1163	0	5	3	5855	12010	21
1164	0	2	5	5860	79530	22
1165	0	5	9	5865	23653	24
1166	0	1	7	5870	3539	24
1167	0	4	7	5875	35266	22
1168	0	2	5	5880	11102	24
1169	0	5	3	5885	3526	25
1170	0	2	5	5890	2121	23
1171	0	2	7	5895	5809	25
1172	0	1	5	5900	24317	25
1173	0	1	9	5905	26777	23
1174	0	2	7	5910	9496	25
1175	0	4	7	5915	30291	22
1176	0	4	7	5920	23658	22
1177	0	2	9	5925	24154	26
1178	0	4	3	5930	3563	21
1179	0	3	5	5935	4554	24
1180	0	1	3	5940	938	25
1181	0	3	3	5945	33961	24
1182	0	2	5	5950	29715	21
1183	0	3	7	5955	5478	25
1184	0	3	7	5960	26391	24
1185	0	3	7	5965	179	23
1186	0	3	7	5970	16741	23
1187	0	5	3	5975	34741	23
1188	0	3	5	5980	23353	26
1189	0	5	3	5985	7587	22
1190	0	5	3	5990	2802	21
1191	0	4	9	6000	3619	23
1192	0	3	9	6004	957	22
1193	0	3	7	6008	7459	22
1194	0	3	7	6012	4247	25
1195	0	3	5	6016	3569	25
1196	0	4	9	6020	5713	21
1197	0	5	3	6024	46839	24
1198	0	4	7	6028	3392	24
1199	0	4	9	6032	3471	21
1200	0	4	3	6036	3967	25
1201	0	2	3	6040	4181	23
1202	0	4	9	6044	12446	25
1203	0	1	5	6048	24753	22
1204	0	3	5	6052	20978	21
1205	0	4	5	6056	1727	22
1206	0	2	3	6060	1480	26
1207	0	4	7	6064	2763	24
1208	0	4	9	6068	4278	24
1209	0	4	3	6072	207	23
1210	0	3	5	6076	696	21
1211	0	4	5	6080	7180	26
1212	0	3	7	6084	8328	22
1213	0	2	3	6088	10871	23
1214	0	1	9	6092	29286	25
1215	0	5	3	6096	24119	24
1216	0	1	5	6100	107	22
1217	0	2	5	6104	14995	22
1218	0	3	5	6108	16319	24
1219	0	4	7	6112	49523	25
1220	0	2	5	6116	1378	22
1221	0	2	7	6120	4465	21
1222	0	1	5	6124	1130	23
1223	0	2	5	6128	1739	22
1224	0	5	9	6132	569	24
1225	0	4	7	6136	27829	21
1226	0	5	9	6140	4401	23
1227	0	3	9	6144	6235	23
1228	0	4	5	6148	10833	25
1229	0	4	5	6152	4101	21
1230	0	1	7	6156	9346	21
1231	0	5	7	6160	25536	24
1232	0	3	3	6164	11614	23
1233	0	5	5	6168	68	21
1234	0	5	3	6172	419	26
1235	0	4	9	6176	18225	23
1236	0	4	5	6180	4201	25
1237	0	2	9	6184	527	25
1238	0	5	3	6188	9334	24
1239	0	4	5	6192	16879	22
1240	0	1	7	6196	27479	24
1241	0	4	3	6200	9488	25
1242	0	2	5	6204	12421	26
1243	0	4	5	6208	21994	24
1244	0	2	9	6212	6376	21
1245	0	1	9	6216	17024	21
1246	0	1	5	6220	17123	21
1247	0	1	7	6224	7867	25
1248	0	3	7	6228	9583	24
1249	0	4	5	6232	6789	22
1250	0	3	3	6236	3426	23
1251	0	2	7	6240	13137	26
1252	0	2	7	6244	3238	26
1253	0	5	9	6248	3652	25
1254	0	3	7	6252	1848	26
1255	0	3	5	6256	42389	24
1256	0	1	9	6260	2742	26
1257	0	2	7	6264	8575	23
1258	0	1	5	6268	21023	24
1259	0	4	7	6272	30968	21
1260	0	5	5	6276	21056	25
1261	0	5	5	6280	14888	23
1262	0	1	3	6284	11335	26
1263	0	5	5	6288	125	23
1264	0	4	7	6292	7756	22
1265	0	3	7	6296	2315	23
1266	0	1	3	6300	21275	24
1267	0	4	5	6304	8192	22
1268	0	3	9	6308	9893	24
1269	0	2	9	6312	1696	23
1270	0	1	9	6316	10143	25
1271	0	5	5	6320	40525	24
1272	0	2	3	6324	2275	25
1273	0	4	3	6328	53382	23
1274	0	4	9	6332	1067	22
1275	0	3	3	6336	9906	23
1276	0	5	5	6340	13156	22
1277	0	3	3	6344	3449	25
1278	0	5	7	6348	15393	21
1279	0	5	3	6352	4082	23
1280	0	4	5	6356	1833	26
1281	0	4	5	6360	20997	25
1282	0	1	3	6364	23190	26
1283	0	5	9	6400	2127	23
1284	0	2	3	6405	503	25
1285	0	4	9	6410	25019	22
1286	0	3	9	6415	12408	25
1287	0	3	3	6420	5312	24
1288	0	3	7	6425	23848	21
1289	0	2	9	6430	787	22
1290	0	4	3	6435	10316	23
1291	0	2	7	6440	18433	23
1292	0	1	5	6445	2927	21
1293	0	1	5	6450	11496	23
1294	0	5	3	6455	31571	24
1295	0	2	5	6460	2497	21
1296	0	4	9	6465	32855	26
1297	0	3	9	6470	12075	23
1298	0	1	7	6475	5430	23
1299	0	5	3	6480	3241	25
1300	0	1	7	6485	31538	24
1301	0	3	3	6490	3698	25
1302	0	4	7	6495	30212	22
1303	0	1	7	6500	6499	21
1304	0	3	7	6505	23721	23
1305	0	3	7	6510	3984	26
1306	0	5	7	6515	8142	22
1307	0	4	7	6520	3423	24
1308	0	2	3	6525	2341	23
1309	0	1	5	6530	10430	23
1310	0	3	3	6535	4363	22
1311	0	4	9	6540	37069	21
1312	0	2	3	6545	18608	22
1313	0	2	5	6550	9271	22
1314	0	1	5	6555	18312	22
1315	0	1	3	6560	10	26
1316	0	5	3	6565	23221	24
1317	0	2	5	6570	7145	23
1318	0	3	5	6575	41789	25
1319	0	5	9	6580	11006	26
1320	0	5	9	6585	9086	25
1321	0	3	9	6590	7674	26
1322	0	1	7	6595	11989	21
1323	0	1	3	6600	8268	22
1324	0	4	9	6605	9720	26
1325	0	4	3	6610	18489	23
1326	0	5	9	6615	16605	23
1327	0	2	7	6620	9754	22
1328	0	5	3	6625	746	26
1329	0	3	7	6630	27301	22
1330	0	4	5	6635	11825	24
1331	0	3	5	6640	384	25
1332	0	2	5	6645	26043	23
1333	0	1	7	6650	7986	23
1334	0	4	5	6655	5366	26
1335	0	2	5	6660	25094	21
1336	0	5	7	6665	28479	24
1337	0	5	5	6670	6894	25
1338	0	2	3	6675	4297	21
1339	0	4	7	6680	17054	25
1340	0	5	3	6685	5795	21
1341	0	5	5	6690	6055	22
1342	0	2	3	6695	2387	22
1343	0	3	3	6700	3979	24
1344	0	5	9	6705	17061	21
1345	0	1	3	6710	11682	22
1346	0	5	7	6715	69310	21
1347	0	4	3	6720	13609	26
1348	0	1	3	6725	21531	22
1349	0	4	9	6730	31430	24
1350	0	2	5	6735	4847	23
1351	0	2	7	6740	8000	23
1352	0	5	7	6745	13128	25
1353	0	1	9	6750	17309	23
1354	0	5	5	6755	14677	26
1355	0	3	9	6760	7291	25
1356	0	2	5	6765	12042	25
1357	0	4	7	6770	6565	26
1358	0	3	9	6775	23854	22
1359	0	5	7	6800	944	21
1360	0	4	7	6804	9141	23
1361	0	4	9	6808	33029	21
1362	0	5	7	6812	2497	24
1363	0	4	5	6816	3943	22
1364	0	2	3	6820	36948	26
1365	0	5	7	6824	3831	24
1366	0	2	5	6828	852	24
1367	0	2	7	6832	4312	25
1368	0	4	9	6836	2346	22
1369	0	5	9	6840	28391	21
1370	0	2	5	6844	1184	23
1371	0	5	7	6848	6506	26
1372	0	5	3	6852	1917	23
1373	0	5	7	6856	2839	26
1374	0	1	7	6860	2940	26
1375	0	1	5	6864	1737	23
1376	0	1	7	6868	4143	24
1377	0	4	5	6872	5161	23
1378	0	2	3	6876	16129	22
1379	0	4	7	6880	32421	25
1380	0	4	7	6884	18664	22
1381	0	1	9	6888	884	24
1382	0	1	5	6892	15390	26
1383	0	1	3	6896	1715	23
1384	0	1	5	6900	9985	25
1385	0	3	7	6904	1811	21
1386	0	4	9	6908	5475	21
1387	0	2	7	6912	1564	21
1388	0	2	3	6916	18186	24
1389	0	1	7	6920	28277	22
1390	0	5	3	6924	3341	23
1391	0	2	9	6928	7973	24
1392	0	2	7	6932	10240	24
1393	0	3	7	6936	3063	26
1394	0	5	9	6940	3065	23
1395	0	1	3	6944	7104	21
1396	0	1	9	6948	2803	24
1397	0	3	7	6952	27677	21
1398	0	1	3	6956	4774	25
1399	0	5	5	6960	7972	23
1400	0	4	7	6964	9679	24
1401	0	4	9	6968	14249	22
1402	0	1	3	6972	8334	24
1403	0	2	5	6976	31508	22
1404	0	3	7	6980	21485	21
1405	0	3	7	6984	29408	24
1406	0	3	7	6988	4966	26
1407	0	1	9	6992	7271	26
1408	0	5	3	6996	9485	23
1409	0	5	9	7000	10152	24
1410	0	3	3	7004	2139	21
1411	0	3	9	7008	4006	22
1412	0	3	5	7012	13754	25
1413	0	5	3	7016	31927	23
1414	0	1	9	7020	4055	26
1415	0	3	9	7024	7440	26
1416	0	4	7	7028	2883	21
1417	0	4	7	7032	675	22
1418	0	4	3	7036	15070	23
1419	0	5	5	7040	20176	26
1420	0	2	7	7044	28496	24
1421	0	5	9	7048	35115	24
1422	0	5	5	7052	8847	22
1423	0	3	5	7056	3815	21
1424	0	5	9	7060	13055	25
1425	0	5	5	7064	11256	25
1426	0	4	3	7068	22335	22
1427	0	3	5	7072	30675	24
1428	0	5	9	7076	50599	24
1429	0	1	5	7080	17661	26
1430	0	5	7	7084	31312	25
1431	0	4	9	7088	5963	24
1432	0	3	5	7092	258	25
1433	0	2	9	7096	3513	25
1434	0	5	3	7100	5722	21
1435	0	5	7	7104	1183	26
1436	0	1	7	7108	10138	26
1437	0	5	3	7112	19019	25
1438	0	3	7	7116	4281	22
1439	0	4	7	7120	12636	21
1440	0	5	3	7124	19387	21
1441	0	4	3	7128	29151	21
1442	0	2	5	7132	10292	25
1443	0	3	5	7136	2819	26
1444	0	4	7	7140	16253	21
1445	0	3	3	7144	38393	22
1446	0	5	7	7148	19511	26
1447	0	3	5	7152	12391	21
1448	0	2	9	7200	33464	21
1449	0	2	3	7204	17294	23
1450	0	3	7	7208	3187	26
1451	0	2	5	7212	2002	23
1452	0	5	7	7216	2458	24
1453	0	2	7	7220	8667	26
1454	0	4	7	7224	10365	26
1455	0	4	9	7228	11214	21
1456	0	4	7	7232	2285	21
1457	0	4	9	7236	3110	24
1458	0	3	5	7240	3686	23
1459	0	4	3	7244	3051	22
1460	0	5	7	7248	861	23
1461	0	5	3	7252	6464	23
1462	0	2	3	7256	7600	23
1463	0	5	9	7260	17946	23
1464	0	5	5	7264	12410	25
1465	0	4	3	7268	17725	23
1466	0	1	7	7272	3654	23
1467	0	2	5	7276	6709	26
1468	0	5	3	7280	9603	23
1469	0	1	3	7284	2571	26
1470	0	3	5	7288	26672	21
1471	0	4	7	7292	6506	22
1472	0	2	3	7296	16859	21
1473	0	5	5	7300	794	23
1474	0	5	5	7304	152	25
1475	0	4	7	7308	63717	23
1476	0	4	7	7312	5554	26
1477	0	3	9	7316	4490	22
1478	0	4	9	7320	9071	26
1479	0	3	9	7324	14603	24
1480	0	1	9	7328	19636	26
1481	0	1	7	7332	2686	22
1482	0	1	7	7336	49551	24
1483	0	3	9	7340	3010	21
1484	0	3	7	7344	9246	26
1485	0	4	5	7348	17780	23
1486	0	4	5	7352	2774	26
1487	0	1	7	7356	8486	26
1488	0	3	3	7360	13502	26
1489	0	1	3	7364	17742	26
1490	0	2	3	7368	30378	26
1491	0	3	7	7372	5023	23
1492	0	3	7	7376	9073	22
1493	0	5	5	7380	942	26
1494	0	5	3	7384	10463	25
1495	0	5	9	7388	5828	25
1496	0	2	9	7392	7015	25
1497	0	2	5	7396	19312	22
1498	0	4	3	7400	9987	22
1499	0	5	5	7404	42158	25
1500	0	3	5	7408	14316	25
1501	0	4	3	7412	5639	26
1502	0	3	5	7416	1172	24
1503	0	2	9	7420	16425	21
1504	0	5	7	7424	24638	23
1505	0	4	3	7428	20231	25
1506	0	1	5	7432	6110	22
1507	0	5	3	7436	1550	22
1508	0	3	5	7440	8359	21
1509	0	1	3	7444	10507	24
1510	0	1	5	7448	3241	22
1511	0	2	7	7452	23701	25
1512	0	5	3	7456	14363	24
1513	0	5	7	7460	9869	26
1514	0	3	3	7464	6520	23
1515	0	4	3	7468	24358	21
1516	0	5	7	7472	6799	26
1517	0	4	5	7476	3409	22
1518	0	3	3	7480	3271	24
1519	0	1	9	7484	24644	22
1520	0	1	7	7488	9997	23
1521	0	5	9	7492	16904	24
1522	0	4	3	7496	16775	21
1523	0	5	9	7500	18103	23
1524	0	5	9	7504	3816	26
1525	0	1	7	7508	9572	24
1526	0	2	9	7512	26270	26
1527	0	2	7	7516	13638	21
1528	0	1	5	7520	7897	24
1529	0	5	5	7524	11863	21
1530	0	2	7	7528	9645	24
1531	0	2	3	7532	10143	25
1532	0	5	9	7536	16503	21
1533	0	4	5	7540	9858	22
1534	0	1	5	7600	86	25
1535	0	2	9	7605	6752	26
1536	0	3	3	7610	1364	24
1537	0	5	9	7615	3266	23
1538	0	3	3	7620	5173	24
1539	0	4	7	7625	15383	22
1540	0	4	3	7630	5615	21
1541	0	5	5	7635	1068	25
1542	0	4	5	7640	63	25
1543	0	2	3	7645	1158	22
1544	0	5	9	7650	9197	25
1545	0	5	7	7655	732	22
1546	0	3	5	7660	12399	25
1547	0	3	3	7665	42023	23
1548	0	2	5	7670	12817	24
1549	0	1	3	7675	14989	24
1550	0	1	5	7680	36480	25
1551	0	3	7	7685	2608	23
1552	0	5	5	7690	9888	24
1553	0	3	3	7695	14178	26
1554	0	5	7	7700	6228	22
1555	0	3	7	7705	33994	22
1556	0	5	9	7710	11676	25
1557	0	4	7	7715	4528	21
1558	0	2	9	7720	7689	21
1559	0	5	9	7725	4664	25
1560	0	3	3	7730	31363	25
1561	0	4	7	7735	15273	22
1562	0	5	9	7740	12227	24
1563	0	4	9	7745	24840	21
1564	0	5	7	7750	378	26
1565	0	5	5	7755	13163	24
1566	0	2	7	7760	1452	24
1567	0	1	9	7765	1776	23
1568	0	5	5	7770	9675	21
1569	0	2	5	7775	53950	23
1570	0	1	9	7780	17183	23
1571	0	1	9	7785	2591	24
1572	0	1	5	7790	27287	24
1573	0	4	7	7795	8711	22
1574	0	3	9	7800	8270	22
1575	0	1	5	7805	7849	25
1576	0	1	7	7810	16650	25
1577	0	3	3	7815	12976	25
1578	0	5	9	7820	3347	25
1579	0	5	5	7825	2878	25
1580	0	3	5	7830	28302	26
1581	0	4	9	7835	30032	24
1582	0	1	3	7840	275	24
1583	0	5	3	7845	17579	21
1584	0	5	3	7850	13514	22
1585	0	4	9	7855	5299	21
1586	0	2	7	7860	111	21
1587	0	2	7	7865	666	22
1588	0	4	7	7870	2026	21
1589	0	3	9	7875	819	24
1590	0	3	9	7880	19820	21
1591	0	5	7	7885	18908	23
1592	0	3	9	7890	17387	22
1593	0	4	3	7895	342	26
1594	0	2	5	7900	19062	24
1595	0	5	5	7905	12726	26
1596	0	1	5	7910	7091	22
1597	0	1	5	7915	1690	25
1598	0	2	7	7920	755	23
1599	0	5	7	7925	24412	21
1600	0	3	9	7930	34845	25
1601	0	2	5	7935	8475	23
1602	0	3	7	7940	6461	22
1603	0	1	3	8000	13213	21
1604	0	1	5	8004	36458	21
1605	0	1	5	8008	17021	21
1606	0	3	5	8012	4250	26
1607	0	2	7	8016	555	23
1608	0	1	3	8020	2605	24
1609	0	4	3	8024	31051	24
1610	0	3	3	8028	2541	24
1611	0	3	7	8032	38993	21
1612	0	4	7	8036	882	23
1613	0	3	7	8040	3611	23
1614	0	2	7	8044	6466	26
1615	0	4	5	8048	103	22
1616	0	4	7	8052	14337	25
1617	0	5	7	8056	24491	24
1618	0	5	9	8060	2649	25
1619	0	2	7	8064	13450	25
1620	0	4	7	8068	12836	24
1621	0	1	3	8072	742	22
1622	0	2	3	8076	48386	22
1623	0	3	7	8080	8021	24
1624	0	4	5	8084	2389	22
1625	0	2	3	8088	41310	26
1626	0	3	9	8092	6725	22
1627	0	3	3	8096	24383	25
1628	0	2	5	8100	15291	24
1629	0	3	7	8104	22317	23
1630	0	1	9	8108	413	23
1631	0	1	3	8112	11575	26
1632	0	1	7	8116	10991	23
1633	0	5	3	8120	5624	24
1634	0	2	7	8124	3744	21
1635	0	1	9	8128	6107	23
1636	0	2	3	8132	8360	22
1637	0	5	3	8136	5265	23
1638	0	5	9	8140	20368	26
1639	0	4	7	8144	29986	21
1640	0	2	7	8148	726	22
1641	0	5	3	8152	39900	24
1642	0	2	7	8156	23497	24
1643	0	5	5	8160	3145	24
1644	0	1	9	8164	24967	21
1645	0	1	5	8168	22533	21
1646	0	1	9	8172	15372	21
1647	0	1	5	8176	8445	25
1648	0	3	5	8180	11347	26
1649	0	4	9	8184	18567	23
1650	0	2	7	8188	37620	22
1651	0	1	9	8192	10299	25
1652	0	2	7	8196	32495	21
1653	0	1	9	8200	5872	25
1654	0	2	3	8204	2864	24
1655	0	3	9	8208	25975	23
1656	0	5	5	8212	8915	21
1657	0	1	3	8216	31719	25
1658	0	2	9	8220	8008	25
1659	0	5	3	8224	49667	21
1660	0	3	5	8228	4785	26
1661	0	5	3	8232	6731	21
1662	0	5	5	8236	4713	25
1663	0	3	7	8240	5185	22
1664	0	4	5	8244	26588	21
1665	0	2	9	8248	10182	24
1666	0	2	3	8252	5380	24
1667	0	5	5	8256	14317	25
1668	0	1	3	8260	57674	23
1669	0	1	9	8264	214	23
1670	0	3	5	8268	8482	26
1671	0	4	7	8272	5023	22
1672	0	1	7	8276	656	24
1673	0	1	3	8280	3946	24
1674	0	1	9	8284	11462	23
1675	0	4	5	8288	14165	26
1676	0	4	5	8292	2694	24
1677	0	3	7	8296	16717	25
1678	0	3	9	8300	11371	23
1679	0	4	3	8304	4868	21
1680	0	1	3	8308	3384	26
1681	0	3	7	8312	30887	23
1682	0	5	9	8316	3570	25
1683	0	4	5	8320	32470	22
1684	0	1	9	8324	26248	21
1685	0	1	3	8328	7344	25
1686	0	5	5	8332	13883	26
1687	0	1	7	8400	2871	24
1688	0	4	3	8405	2118	26
1689	0	4	7	8410	5791	24
1690	0	1	7	8415	24915	22
1691	0	1	9	8420	10208	23
1692	0	3	3	8425	24323	24
1693	0	5	9	8430	21461	25
1694	0	2	5	8435	10669	22
1695	0	2	7	8440	11910	22
1696	0	1	9	8445	12232	25
1697	0	5	3	8450	8511	22
1698	0	2	3	8455	4979	23
1699	0	4	9	8460	4334	23
1700	0	4	3	8465	7979	24
1701	0	2	7	8470	310	23
1702	0	5	5	8475	8645	23
1703	0	2	7	8480	10812	23
1704	0	2	7	8485	3947	23
1705	0	4	3	8490	11437	26
1706	0	5	3	8495	8879	21
1707	0	1	7	8500	12703	23
1708	0	1	9	8505	17726	22
1709	0	3	7	8510	8795	25
1710	0	5	5	8515	13827	25
1711	0	3	7	8520	17771	23
1712	0	3	5	8525	4566	22
1713	0	4	9	8530	1998	25
1714	0	4	9	8535	16085	22
1715	0	5	9	8540	6231	23
1716	0	5	5	8545	2265	22
1717	0	2	9	8550	5964	24
1718	0	2	7	8555	7463	22
1719	0	4	3	8560	6812	23
1720	0	3	7	8565	26103	25
1721	0	2	5	8570	1929	26
1722	0	2	5	8575	9185	25
1723	0	2	5	8580	11267	25
1724	0	1	3	8585	1853	22
1725	0	2	5	8590	32603	24
1726	0	1	5	8595	7704	24
1727	0	1	9	8600	2988	26
1728	0	4	7	8605	14104	22
1729	0	5	5	8610	51149	22
1730	0	4	7	8615	661	22
1731	0	5	5	8620	14174	23
1732	0	1	7	8625	6373	22
1733	0	4	9	8630	4438	21
1734	0	5	9	8635	22588	24
1735	0	5	7	8640	2985	23
1736	0	3	5	8645	6337	21
1737	0	4	3	8650	13069	23
1738	0	3	7	8655	12695	25
1739	0	3	9	8660	3831	22
1740	0	1	3	8665	32782	24
1741	0	4	7	8670	396	23
1742	0	1	7	8675	6981	23
1743	0	1	5	8680	12337	22
1744	0	5	5	8685	14398	26
1745	0	3	9	8690	1291	25
1746	0	3	5	8695	3554	21
1747	0	5	5	8700	15055	26
1748	0	1	9	8705	1191	23
1749	0	2	7	8710	2438	26
1750	0	2	3	8715	7335	26
1751	0	4	9	8720	3412	21
1752	0	3	5	8725	551	21
1753	0	4	3	8730	28433	21
1754	0	2	3	8735	6469	25
1755	0	2	9	8740	4935	24
1756	0	5	3	8745	8095	24
1757	0	4	3	8750	28186	25
1758	0	1	5	8755	7190	22
1759	0	5	5	8760	5103	26
1760	0	3	9	8765	1819	23
1761	0	4	3	8770	4321	22
1762	0	3	3	8775	39166	22
1763	0	1	7	8780	18491	26
1764	0	4	9	8785	7525	24
1765	0	1	9	8790	56524	23
1766	0	3	3	8795	5365	22
1767	0	4	5	8800	88	22
1768	0	4	9	8805	4377	21
1769	0	5	3	8810	8758	25
1770	0	3	5	8815	63101	22
1771	0	2	5	8820	8523	26
1772	0	4	5	8825	16110	26
1773	0	5	7	8830	2525	26
1774	0	3	3	8835	8276	25
1775	0	4	9	8840	23083	22
1776	0	2	7	8845	14747	24
1777	0	1	3	8850	26771	24
1778	0	3	9	8855	28922	26
1779	0	3	3	8860	503	23
1780	0	4	9	8865	13581	23
1781	0	2	9	8870	17073	24
1782	0	1	9	8875	1615	23
1783	0	3	3	8880	8496	22
1784	0	3	5	8885	9023	23
1785	0	1	9	8890	19685	21
1786	0	2	9	8895	12535	22
1787	0	2	5	8900	8452	21
1788	0	3	9	8905	26754	22
1789	0	3	3	8910	8573	21
1790	0	5	7	8915	15694	26
1791	0	5	5	8920	8456	22
1792	0	3	7	8925	2870	21
1793	0	3	5	8930	4390	25
1794	0	5	3	8935	1707	25
1795	0	2	9	8940	12013	22
1796	0	2	7	8945	880	22
1797	0	5	3	8950	12780	23
1798	0	2	5	8955	2329	25
1799	0	4	7	8960	14762	23
1800	0	1	9	8965	16234	24
1801	0	4	9	8970	3436	25
1802	0	1	7	8975	6314	25
1803	0	2	9	8980	10309	24
1804	0	5	3	8985	2515	25
1805	0	5	9	8990	35675	26
1806	0	1	5	8995	8529	22
1807	0	3	9	9000	23184	21
1808	0	1	3	9005	6295	22
1809	0	3	5	9010	9929	24
1810	0	1	3	9015	11925	26
1811	0	5	3	9020	10937	21
1812	0	2	3	9025	62051	26
1813	0	4	5	9030	6324	25
1814	0	1	5	9035	13263	24
1815	0	2	9	9040	5769	25
1816	0	4	5	9045	2328	25
1817	0	5	9	9050	7269	26
1818	0	4	3	9055	3569	24
1819	0	4	3	9060	12936	24
1820	0	4	9	9065	5037	22
1821	0	1	7	9070	23165	21
1822	0	2	7	9075	1465	21
1823	0	1	9	9080	19023	21
1824	0	1	5	9085	18638	26
1825	0	4	3	9090	8057	21
1826	0	4	7	9095	4207	25
1827	0	1	9	9100	6796	21
1828	0	5	7	9105	705	22
1829	0	2	5	9110	24096	23
1830	0	3	5	9115	18344	26
1831	0	3	5	9120	642	22
1832	0	4	7	9125	15110	26
1833	0	4	5	9130	2714	23
1834	0	3	3	9135	4272	25
1835	0	5	9	9140	6714	24
1836	0	1	5	9145	5166	25
1837	0	4	3	9150	9569	26
1838	0	3	9	9155	4597	24
1839	0	3	5	9160	10401	23
1840	0	5	5	9165	4235	25
1841	0	4	3	9170	18902	21
1842	0	2	5	9175	1229	25
1843	0	1	7	9180	4798	25
1844	0	3	9	9185	25517	21
1845	0	1	7	9200	1692	25
1846	0	3	3	9204	8595	23
1847	0	5	5	9208	19499	22
1848	0	2	9	9212	12177	22
1849	0	4	5	9216	16679	26
1850	0	3	5	9220	7308	24
1851	0	2	7	9224	11496	23
1852	0	1	9	9228	6090	25
1853	0	4	5	9232	8725	21
1854	0	5	7	9236	5448	22
1855	0	5	5	9240	26120	23
1856	0	3	5	9244	1727	25
1857	0	1	9	9248	11424	25
1858	0	2	5	9252	18615	24
1859	0	2	9	9256	14450	25
1860	0	2	3	9260	12704	22
1861	0	5	7	9264	952	22
1862	0	3	5	9268	19194	26
1863	0	5	9	9272	9382	25
1864	0	1	9	9276	18150	24
1865	0	4	7	9280	10345	25
1866	0	1	5	9284	25639	22
1867	0	4	9	9288	18835	23
1868	0	1	3	9292	1399	26
1869	0	2	7	9296	3298	26
1870	0	1	5	9300	389	26
1871	0	5	5	9304	11830	26
1872	0	2	9	9308	1755	23
1873	0	1	9	9312	13582	22
1874	0	4	7	9316	5399	25
1875	0	1	7	9320	9576	21
1876	0	5	3	9324	17002	22
1877	0	1	3	9328	18464	22
1878	0	4	9	9332	29492	21
1879	0	5	9	9336	12836	22
1880	0	1	3	9340	45584	24
1881	0	5	5	9344	8143	23
1882	0	5	9	9348	19010	26
1883	0	2	3	9352	4387	22
1884	0	4	9	9356	6324	26
1885	0	1	7	9360	2189	23
1886	0	2	5	9364	12738	23
1887	0	1	5	9368	2668	25
1888	0	4	7	9372	21804	22
1889	0	4	9	9376	6392	23
1890	0	3	7	9380	4185	25
1891	0	1	7	9384	15971	21
1892	0	3	7	9388	17200	22
1893	0	2	3	9392	11555	26
1894	0	2	3	9396	31344	21
1895	0	1	9	9400	2997	23
1896	0	1	9	9404	63629	21
1897	0	2	7	9408	9714	21
1898	0	1	7	9412	9580	21
1899	0	5	5	9416	4331	22
1900	0	5	3	9420	3445	24
1901	0	5	5	9424	15256	26
1902	0	4	5	9428	14170	23
1903	0	1	5	9432	6073	22
1904	0	3	9	9436	15232	21
1905	0	3	3	9440	21209	24
1906	0	5	7	9444	7853	21
1907	0	1	3	9448	15295	23
1908	0	5	7	9452	2011	22
1909	0	5	3	9456	20260	21
1910	0	5	5	9460	1658	21
1911	0	2	3	9464	5146	24
1912	0	2	9	9468	14434	25
1913	0	2	5	9472	1687	23
1914	0	1	9	9476	15381	21
1915	0	3	9	9480	2098	25
1916	0	1	7	9484	3965	23
1917	0	2	3	9488	8122	25
1918	0	1	9	9492	1710	26
1919	0	5	5	9496	11386	22
1920	0	2	5	9500	30870	23
1921	0	1	3	9504	13769	24
1922	0	5	3	9508	37052	22
1923	0	3	3	9512	14332	24
1924	0	4	9	9516	35007	22
1925	0	1	9	9520	4213	26
1926	0	2	9	9524	24064	25
1927	0	1	9	9528	8754	23
1928	0	4	7	9532	16680	21
1929	0	4	9	9536	1828	23
1930	0	5	9	9540	9709	21
1931	0	4	5	9544	2716	22
1932	0	1	7	9548	3220	21
1933	0	5	5	9552	11341	25
1934	0	1	9	9556	6276	24
1935	0	2	7	9560	3581	24
1936	0	1	3	9564	19294	21
1937	0	4	5	9568	6084	24
1938	0	5	5	9600	10618	22
1939	0	2	7	9606	10421	22
1940	0	2	9	9612	13920	23
1941	0	2	5	9618	32544	26
1942	0	1	7	9624	553	23
1943	0	4	7	9630	270	21
1944	0	4	5	9636	4007	22
1945	0	1	7	9642	34955	22
1946	0	4	7	9648	441	23
1947	0	2	3	9654	11941	25
1948	0	2	3	9660	27132	26
1949	0	5	5	9666	17439	23
1950	0	1	3	9672	33689	21
1951	0	5	9	9678	8395	23
1952	0	1	7	9684	6580	21
1953	0	2	5	9690	33196	26
1954	0	3	3	9696	5723	26
1955	0	5	9	9702	10045	26
1956	0	5	5	9708	17386	25
1957	0	2	3	9714	65935	25
1958	0	2	7	9720	7201	21
1959	0	2	3	9726	6596	21
1960	0	1	5	9732	39839	26
1961	0	5	9	9738	39382	24
1962	0	2	5	9744	41889	23
1963	0	2	9	9750	157	26
1964	0	1	3	9756	3620	21
1965	0	2	9	9762	31320	25
1966	0	2	5	9768	1443	23
1967	0	3	5	9774	1109	26
1968	0	1	7	9780	15442	25
1969	0	4	3	9786	7492	23
1970	0	2	9	9792	5368	25
1971	0	2	3	9798	25817	25
1972	0	2	7	9804	28193	23
1973	0	5	5	9810	9647	24
1974	0	4	5	9816	31295	25
1975	0	1	9	9822	55333	23
1976	0	5	7	9828	12176	22
1977	0	2	7	9834	32272	21
1978	0	5	9	9840	6396	23
1979	0	4	5	9846	2	26
1980	0	2	3	9852	3613	24
1981	0	1	7	9858	3215	21
1982	0	4	7	9864	11677	24
1983	0	5	5	9870	50186	25
1984	0	3	7	9876	2702	22
1985	0	5	3	9882	634	24
1986	0	3	9	9888	18195	21
1987	0	5	5	9894	4250	22
1988	0	2	5	9900	3167	26
1989	0	1	3	9906	22009	25
1990	0	2	5	9912	8148	26
1991	0	5	3	9918	19543	23
1992	0	2	9	9924	35134	24
1993	0	4	5	9930	2154	21
1994	0	1	5	9936	11502	23
1995	0	2	3	9942	15451	26
1996	0	5	9	9948	39916	24
1997	0	5	7	9954	390	23
1998	0	3	5	9960	17220	21
1999	0	2	7	9966	5307	23
