0	0	5	9	0	3872	26
1	0	1	9	5	1167	29
2	0	3	9	10	3793	28
3	0	3	5	15	9769	26
4	0	1	5	20	7702	29
5	0	2	7	25	24468	30
6	0	2	9	30	9223	26
7	0	3	7	35	24384	27
8	0	4	3	40	46114	32
9	0	3	5	45	655	30
10	0	1	9	50	14654	29
11	0	3	7	55	931	31
12	0	3	7	60	1792	30
13	0	3	9	65	5461	27
14	0	5	7	70	22649	28
15	0	1	7	75	2118	32
16	0	3	7	80	19702	31
17	0	1	7	85	5306	28
18	0	4	3	90	3217	28
19	0	3	7	95	6841	26
20	0	4	9	100	5383	26
21	0	4	7	105	5530	32
22	0	5	7	110	3506	31
23	0	4	9	115	6615	28
24	0	5	5	120	5630	26
25	0	2	5	125	5589	32
26	0	3	9	130	17499	32
27	0	2	3	135	8931	27
28	0	1	7	140	7787	32
29	0	4	7	145	2253	27
30	0	4	9	150	8626	26
31	0	2	7	155	12638	27
32	0	5	5	160	2915	30
33	0	1	7	165	7727	31
34	0	1	9	170	23191	27
35	0	3	5	175	27254	31
36	0	5	7	180	1253	28
37	0	5	7	185	11936	29
38	0	1	3	190	1689	31
39	0	2	9	195	4307	26
40	0	3	3	200	1463	28
41	0	2	5	205	489	32
42	0	3	9	210	24054	27
43	0	1	7	215	401	31
44	0	5	3	220	20591	28
45	0	4	7	225	18747	30
46	0	3	3	230	14147	30
47	0	5	5	235	10344	28
48	0	3	9	240	25401	30
49	0	3	5	245	10593	32
50	0	1	7	250	1269	29
51	0	4	9	255	547	30
52	0	5	9	260	1156	26
53	0	2	3	265	425	29
54	0	3	5	270	3538	29
55	0	2	5	275	28446	27
56	0	1	5	280	21938	30
57	0	5	3	285	22549	32
58	0	4	9	290	2417	26
59	0	5	9	295	1282	30
60	0	4	9	300	1297	31
61	0	1	7	305	137	31
62	0	2	9	310	5961	27
63	0	5	7	315	19763	30
64	0	5	5	320	9330	29
65	0	5	3	325	665	27
66	0	3	3	330	23505	26
67	0	2	9	335	13085	32
68	0	2	3	340	8569	32
69	0	2	3	345	36372	30
70	0	2	9	350	776	29
71	0	4	9	355	2326	28
72	0	1	5	360	3075	29
73	0	2	5	365	32538	28
74	0	1	5	370	4623	30
75	0	2	5	375	4654	27
76	0	1	9	400	8413	31
77	0	5	9	405	2988	26
78	0	4	7	410	11102	26
79	0	1	7	415	10529	29
80	0	4	5	420	13671	28
81	0	4	7	425	2523	29
82	0	4	5	430	12439	30
83	0	3	3	435	26602	26
84	0	4	3	440	881	30
85	0	1	3	445	7575	29
86	0	3	7	450	9833	27
87	0	3	5	455	2394	27
88	0	4	3	460	2972	28
89	0	5	5	465	35633	26
90	0	3	3	470	710	26
91	0	1	7	475	3483	29
92	0	2	7	480	7123	28
93	0	1	3	485	365	27
94	0	3	3	490	2664	27
95	0	2	7	495	1309	29
96	0	5	7	500	12544	31
97	0	4	3	505	715	29
98	0	1	5	510	8138	28
99	0	1	3	515	17443	26
100	0	1	5	520	32148	29
101	0	1	3	525	346	30
102	0	3	3	530	836	28
103	0	2	7	535	31546	32
104	0	2	5	540	8901	28
105	0	2	7	545	30953	26
106	0	3	5	550	20477	26
107	0	3	7	555	2067	31
108	0	2	7	560	15066	31
109	0	1	9	565	32589	27
110	0	1	5	570	6181	28
111	0	1	5	575	11574	30
112	0	2	5	580	3351	32
113	0	3	5	585	10945	30
114	0	1	7	590	6565	28
115	0	1	3	595	29281	27
116	0	3	3	600	5469	27
117	0	5	7	605	8328	26
118	0	2	5	610	16006	32
119	0	5	3	615	900	32
120	0	3	5	620	8189	26
121	0	1	9	625	13600	31
122	0	4	7	630	7054	30
123	0	2	7	635	9898	32
124	0	4	3	640	26957	30
125	0	2	3	645	19971	26
126	0	3	5	650	15646	32
127	0	5	5	655	2619	28
128	0	5	3	660	15911	26
129	0	4	9	665	2925	26
130	0	3	9	670	13416	29
131	0	3	7	675	7088	28
132	0	5	7	680	15622	30
133	0	3	7	685	21789	32
134	0	5	3	690	12693	32
135	0	3	3	695	12649	30
136	0	1	5	700	1565	27
137	0	2	9	705	15169	30
138	0	2	9	710	5493	30
139	0	2	5	715	1902	30
140	0	3	9	720	12584	29
141	0	5	3	725	6150	29
142	0	1	7	730	7524	28
143	0	4	5	735	4035	26
144	0	5	9	740	9477	30
145	0	3	9	745	6929	28
146	0	5	5	750	99	30
147	0	4	5	755	22714	31
148	0	1	7	760	11256	32
149	0	3	9	765	4047	32
150	0	5	5	770	16042	28
151	0	1	9	800	1921	30
152	0	2	9	804	4652	29
153	0	2	3	808	6539	28
154	0	4	7	812	3803	26
155	0	1	7	816	3505	31
156	0	3	5	820	10523	26
157	0	1	7	824	8453	29
158	0	4	5	828	410	28
159	0	1	5	832	14982	28
160	0	5	5	836	2612	27
161	0	4	3	840	11686	30
162	0	4	5	844	6616	30
163	0	4	9	848	8287	31
164	0	3	3	852	3625	31
165	0	3	9	856	37632	26
166	0	2	7	860	26581	32
167	0	4	9	864	6259	32
168	0	4	3	868	34924	30
169	0	3	7	872	17628	30
170	0	5	9	876	18758	26
171	0	2	5	880	12548	30
172	0	4	9	884	1714	28
173	0	1	3	888	10696	28
174	0	3	5	892	6592	29
175	0	4	5	896	1178	29
176	0	5	5	900	2862	29
177	0	5	5	904	2076	30
178	0	3	7	908	189	28
179	0	1	5	912	7296	27
180	0	3	9	916	19460	29
181	0	5	9	920	25358	26
182	0	5	9	924	10626	29
183	0	2	5	928	7134	26
184	0	5	5	932	7823	31
185	0	3	9	936	8935	31
186	0	2	9	940	1597	31
187	0	3	5	944	4415	27
188	0	5	9	948	10006	32
189	0	5	7	952	6119	27
190	0	1	9	956	839	30
191	0	5	9	960	11507	31
192	0	3	5	964	13820	27
193	0	2	5	968	12743	27
194	0	2	3	972	36180	29
195	0	4	7	976	331	31
196	0	1	7	980	45378	31
197	0	2	9	984	40970	29
198	0	2	3	988	301	27
199	0	2	3	992	10685	29
200	0	2	3	996	9523	29
201	0	1	7	1000	11050	30
202	0	5	5	1004	28098	26
203	0	3	9	1008	21896	27
204	0	4	9	1012	8215	32
205	0	4	3	1016	1115	30
206	0	3	3	1020	179	28
207	0	1	7	1024	15776	26
208	0	5	7	1028	71510	32
209	0	1	5	1032	2353	29
210	0	1	5	1036	503	27
211	0	4	9	1040	6640	28
212	0	4	9	1044	8079	26
213	0	3	3	1048	10354	27
214	0	3	5	1052	28980	32
215	0	1	7	1056	4566	26
216	0	5	5	1060	425	27
217	0	3	9	1064	44585	29
218	0	5	5	1068	239	26
219	0	1	5	1072	15966	26
220	0	2	9	1076	21395	27
221	0	4	5	1080	10496	31
222	0	5	9	1084	22051	32
223	0	5	5	1088	9477	29
224	0	3	7	1092	14539	26
225	0	5	3	1096	2291	28
226	0	4	9	1100	40110	28
227	0	2	5	1104	7822	26
228	0	4	3	1108	12225	32
229	0	4	9	1112	6039	30
230	0	3	7	1116	1484	30
231	0	4	5	1120	3374	32
232	0	4	5	1124	1727	28
233	0	2	5	1128	6663	31
234	0	5	5	1132	28603	31
235	0	2	5	1136	2687	31
236	0	5	7	1140	44424	26
237	0	2	9	1144	16577	28
238	0	4	7	1148	36548	27
239	0	1	5	1152	5935	26
240	0	1	9	1200	8566	28
241	0	1	3	1205	5995	31
242	0	4	7	1210	4460	28
243	0	4	7	1215	5882	28
244	0	4	5	1220	5325	32
245	0	3	9	1225	12345	27
246	0	2	9	1230	1626	30
247	0	1	5	1235	1342	32
248	0	4	3	1240	16331	28
249	0	2	5	1245	12075	28
250	0	5	5	1250	58523	30
251	0	4	7	1255	18	28
252	0	3	5	1260	35326	29
253	0	1	9	1265	4095	26
254	0	5	5	1270	17009	27
255	0	4	7	1275	40155	30
256	0	1	7	1280	17176	30
257	0	1	9	1285	5313	30
258	0	1	5	1290	1760	27
259	0	4	7	1295	4661	30
260	0	1	5	1300	1590	27
261	0	1	7	1305	9212	27
262	0	2	7	1310	1164	26
263	0	1	9	1315	11054	27
264	0	3	7	1320	764	31
265	0	3	9	1325	19073	27
266	0	1	7	1330	4125	32
267	0	2	5	1335	791	28
268	0	4	7	1340	13313	29
269	0	1	3	1345	14855	27
270	0	2	3	1350	5007	26
271	0	3	5	1355	4043	32
272	0	4	5	1360	281	28
273	0	4	9	1365	11917	32
274	0	5	5	1370	3065	30
275	0	1	7	1375	6928	29
276	0	5	7	1380	3818	28
277	0	1	5	1385	7245	30
278	0	1	3	1390	2494	30
279	0	1	9	1395	739	31
280	0	4	5	1400	578	30
281	0	3	5	1405	23490	29
282	0	4	5	1410	15952	31
283	0	3	7	1415	54	29
284	0	4	5	1420	6191	26
285	0	5	9	1425	1463	28
286	0	1	9	1430	4242	29
287	0	3	5	1435	22367	27
288	0	2	3	1440	13247	29
289	0	2	7	1445	34376	26
290	0	2	7	1450	6949	26
291	0	4	7	1455	11534	28
292	0	2	5	1460	11371	26
293	0	1	9	1465	11947	29
294	0	1	3	1470	3711	31
295	0	1	3	1475	43950	27
296	0	4	5	1480	4292	30
297	0	3	9	1485	14792	27
298	0	2	9	1490	4730	29
299	0	2	7	1495	9918	30
300	0	3	5	1500	5199	27
301	0	5	7	1505	779	27
302	0	3	9	1510	6864	29
303	0	3	3	1515	409	26
304	0	1	5	1520	4164	28
305	0	2	9	1525	14702	31
306	0	5	3	1530	45985	32
307	0	4	7	1535	4588	29
308	0	1	5	1540	790	29
309	0	5	7	1545	4610	30
310	0	4	3	1550	14140	28
311	0	5	5	1555	4413	26
312	0	1	9	1560	2236	32
313	0	5	7	1565	957	28
314	0	5	5	1570	3856	32
315	0	3	9	1575	3700	31
316	0	2	5	1600	19347	28
317	0	5	3	1603	1104	30
318	0	3	7	1606	2660	26
319	0	4	9	1609	35240	29
320	0	2	9	1612	8274	31
321	0	3	3	1615	7086	31
322	0	1	3	1618	6038	31
323	0	2	3	1621	15590	29
324	0	5	5	1624	3783	27
325	0	3	5	1627	15431	30
326	0	2	9	1630	13440	31
327	0	4	7	1633	5984	31
328	0	4	9	1636	5421	27
329	0	5	5	1639	3469	28
330	0	2	3	1642	1780	32
331	0	2	7	1645	9963	27
332	0	5	5	1648	1636	26
333	0	5	7	1651	11778	32
334	0	4	5	1654	14775	29
335	0	4	7	1657	49735	29
336	0	1	7	1660	6602	32
337	0	2	5	1663	14519	31
338	0	3	3	1666	14907	27
339	0	3	5	1669	14319	28
340	0	1	7	1672	1760	28
341	0	2	5	1675	46952	32
342	0	2	3	1678	18236	31
343	0	3	5	1681	5158	31
344	0	3	5	1684	3464	30
345	0	2	3	1687	1696	32
346	0	4	9	1690	7119	29
347	0	2	9	1693	9204	30
348	0	1	5	1696	5274	30
349	0	4	3	1699	8	32
350	0	4	7	1702	2290	32
351	0	5	5	1705	2871	26
352	0	1	3	1708	8551	26
353	0	3	3	1711	5713	26
354	0	5	7	1714	796	32
355	0	5	3	1717	28330	29
356	0	5	5	1720	13214	29
357	0	1	7	1723	14786	32
358	0	3	7	1726	17283	32
359	0	3	3	1729	10116	31
360	0	5	3	1732	397	26
361	0	1	7	1735	10571	27
362	0	1	9	1738	37014	28
363	0	1	9	1741	20095	26
364	0	3	5	1744	2398	31
365	0	3	5	1747	1645	27
366	0	5	3	1750	2384	32
367	0	1	5	1753	9444	26
368	0	2	3	1756	5518	32
369	0	2	7	1759	4121	29
370	0	2	3	1762	22153	32
371	0	1	3	1765	1248	30
372	0	2	3	1768	5672	28
373	0	5	5	1771	8367	31
374	0	3	3	1774	19960	26
375	0	1	5	1777	8761	32
376	0	2	3	1780	13114	32
377	0	3	7	1783	564	32
378	0	5	7	1786	7765	31
379	0	4	5	1789	1789	27
380	0	5	7	1792	3877	27
381	0	1	9	1795	1783	26
382	0	4	3	1798	453	27
383	0	5	7	1801	5408	27
384	0	2	7	1804	965	29
385	0	3	9	1807	31099	32
386	0	1	7	1810	671	26
387	0	2	5	1813	16573	26
388	0	5	9	1816	9879	26
389	0	5	3	1819	19460	32
390	0	4	5	1822	4568	26
391	0	1	9	1825	15056	32
392	0	4	9	1828	33491	32
393	0	1	9	1831	1833	28
394	0	3	5	1834	13095	27
395	0	5	3	1837	9604	27
396	0	1	7	1840	313	30
397	0	1	3	1843	41532	31
398	0	1	3	1846	2211	26
399	0	1	9	1849	1570	29
400	0	2	3	1852	36349	32
401	0	3	5	1855	27959	28
402	0	1	9	1858	2192	31
403	0	5	7	1861	805	27
404	0	3	3	1864	2071	26
405	0	3	7	1867	935	28
406	0	4	3	1870	21703	30
407	0	1	9	1873	91	28
408	0	5	3	1876	10080	32
409	0	5	5	1879	9478	32
410	0	4	3	1882	3307	30
411	0	3	7	1885	11660	29
412	0	2	3	1888	3165	27
413	0	5	3	1891	11756	30
414	0	3	5	1894	4169	30
415	0	5	3	1897	26984	32
416	0	3	5	1900	9544	32
417	0	2	3	2000	10740	26
418	0	5	3	2004	15949	29
419	0	1	5	2008	3549	32
420	0	2	9	2012	918	27
421	0	3	7	2016	6777	32
422	0	1	5	2020	49468	26
423	0	3	9	2024	10021	26
424	0	3	5	2028	43835	29
425	0	1	5	2032	1634	32
426	0	3	5	2036	2094	30
427	0	2	3	2040	3214	26
428	0	3	3	2044	21830	29
429	0	4	9	2048	3607	31
430	0	5	7	2052	8136	28
431	0	1	9	2056	14294	26
432	0	3	7	2060	25213	32
433	0	4	7	2064	5240	28
434	0	2	5	2068	2482	27
435	0	2	3	2072	5609	31
436	0	5	3	2076	42527	28
437	0	4	7	2080	42959	32
438	0	3	7	2084	2742	27
439	0	4	3	2088	28	27
440	0	4	9	2092	1118	27
441	0	1	7	2096	575	30
442	0	2	3	2100	2387	26
443	0	1	5	2104	180	26
444	0	2	9	2108	9893	27
445	0	2	7	2112	14251	30
446	0	5	9	2116	7915	31
447	0	4	7	2120	4523	27
448	0	3	7	2124	22620	31
449	0	3	5	2128	17623	28
450	0	2	7	2132	27	27
451	0	5	5	2136	6837	29
452	0	1	9	2140	3188	27
453	0	1	7	2144	29198	27
454	0	5	9	2148	601	28
455	0	4	5	2152	8810	26
456	0	2	9	2156	30145	27
457	0	4	3	2160	11020	31
458	0	2	5	2164	1142	31
459	0	2	7	2168	380	26
460	0	1	3	2172	29559	30
461	0	3	9	2176	11028	30
462	0	4	9	2180	2231	32
463	0	2	3	2184	4429	27
464	0	1	7	2188	662	30
465	0	3	5	2192	9443	29
466	0	1	9	2196	16345	29
467	0	3	5	2200	25251	31
468	0	4	9	2204	6908	28
469	0	1	3	2208	30321	31
470	0	5	3	2212	30823	30
471	0	5	9	2216	10308	32
472	0	4	7	2220	5875	31
473	0	1	3	2224	15843	28
474	0	2	7	2228	2193	30
475	0	1	5	2232	326	29
476	0	2	5	2236	3469	32
477	0	1	3	2240	41634	26
478	0	2	9	2244	56	31
479	0	1	7	2248	3925	31
480	0	1	7	2252	12406	26
481	0	4	7	2256	22457	29
482	0	4	7	2260	5869	27
483	0	5	7	2264	846	27
484	0	2	5	2268	3571	29
485	0	5	5	2272	717	31
486	0	5	3	2276	7457	31
487	0	3	3	2280	40377	31
488	0	4	7	2284	4364	26
489	0	3	9	2288	13187	27
490	0	1	3	2292	7272	29
491	0	2	9	2296	5549	29
492	0	2	3	2300	25571	27
493	0	1	9	2304	2280	26
494	0	4	9	2308	1098	29
495	0	2	3	2312	8030	30
496	0	2	7	2316	25160	31
497	0	1	3	2320	24646	32
498	0	1	9	2324	39001	29
499	0	4	7	2328	202	31
500	0	2	7	2332	36237	26
501	0	3	5	2400	11142	26
502	0	1	9	2403	25084	31
503	0	2	5	2406	31587	32
504	0	3	5	2409	22480	30
505	0	3	7	2412	6657	27
506	0	1	9	2415	580	31
507	0	1	9	2418	8326	32
508	0	4	9	2421	16407	29
509	0	4	7	2424	267	31
510	0	3	9	2427	3760	26
511	0	2	9	2430	35957	27
512	0	2	3	2433	10880	32
513	0	1	7	2436	20044	32
514	0	1	3	2439	5869	26
515	0	3	7	2442	854	26
516	0	4	3	2445	2893	28
517	0	4	3	2448	1286	30
518	0	5	9	2451	630	30
519	0	2	5	2454	65223	31
520	0	3	3	2457	1025	30
521	0	3	9	2460	18085	30
522	0	4	7	2463	10216	31
523	0	1	9	2466	17683	27
524	0	1	3	2469	7518	27
525	0	4	3	2472	9664	26
526	0	3	7	2475	14256	31
527	0	3	9	2478	2890	30
528	0	3	3	2481	12442	31
529	0	5	7	2484	13642	32
530	0	5	7	2487	1946	30
531	0	1	5	2490	5723	26
532	0	1	5	2493	92	30
533	0	3	3	2496	52990	32
534	0	5	9	2499	4766	31
535	0	4	3	2502	483	26
536	0	3	9	2505	41972	31
537	0	2	5	2508	7366	28
538	0	2	5	2511	3007	30
539	0	4	7	2514	21377	28
540	0	4	5	2517	130	26
541	0	5	5	2520	39392	32
542	0	4	3	2523	2985	27
543	0	1	3	2526	3989	27
544	0	1	3	2529	6085	27
545	0	5	5	2532	8425	27
546	0	5	9	2535	17853	30
547	0	1	7	2538	863	28
548	0	1	7	2541	18514	26
549	0	2	5	2544	227	28
550	0	4	9	2547	3835	28
551	0	4	7	2550	17927	27
552	0	1	5	2553	20614	28
553	0	5	5	2556	40433	30
554	0	2	5	2559	32766	26
555	0	4	9	2562	2275	28
556	0	4	7	2565	386	27
557	0	1	9	2568	1337	30
558	0	2	5	2571	7450	31
559	0	5	3	2574	4166	29
560	0	1	3	2577	15740	29
561	0	4	3	2580	21486	26
562	0	3	7	2583	23164	26
563	0	5	5	2586	819	30
564	0	5	9	2589	24702	27
565	0	3	5	2592	26451	26
566	0	1	7	2595	34250	30
567	0	5	9	2598	11245	32
568	0	2	7	2601	7939	27
569	0	3	9	2604	5120	32
570	0	5	7	2607	1251	28
571	0	2	7	2610	16904	26
572	0	2	7	2613	25435	26
573	0	2	3	2616	2975	28
574	0	3	9	2619	50231	31
575	0	3	9	2622	1526	31
576	0	5	7	2625	9803	29
577	0	4	7	2628	4115	30
578	0	5	7	2631	5604	32
579	0	2	7	2634	38960	32
580	0	4	5	2637	18112	29
581	0	2	3	2640	11793	28
582	0	3	3	2643	6700	30
583	0	2	7	2646	11824	29
584	0	2	7	2649	6242	30
585	0	1	3	2652	5624	29
586	0	5	3	2655	9818	31
587	0	2	9	2658	515	32
588	0	1	9	2661	654	32
589	0	2	3	2664	2022	28
590	0	5	7	2667	93	31
591	0	3	9	2670	23965	26
592	0	1	3	2673	66959	29
593	0	3	5	2676	31637	27
594	0	4	7	2679	1277	31
595	0	1	5	2682	2348	26
596	0	3	7	2685	1365	32
597	0	5	9	2688	2009	30
598	0	1	3	2691	6341	32
599	0	4	7	2694	8513	26
600	0	4	7	2697	9908	30
601	0	1	9	2700	2176	30
602	0	5	9	2703	10566	27
603	0	3	7	2800	6934	26
604	0	2	7	2805	30269	32
605	0	2	3	2810	8758	28
606	0	2	9	2815	27112	26
607	0	5	3	2820	11023	26
608	0	2	5	2825	47434	32
609	0	5	5	2830	20271	28
610	0	5	3	2835	11439	32
611	0	1	9	2840	16228	30
612	0	1	5	2845	15815	30
613	0	5	7	2850	8351	31
614	0	2	9	2855	8667	32
615	0	4	9	2860	1329	26
616	0	1	9	2865	6235	28
617	0	2	9	2870	3108	30
618	0	3	7	2875	12961	26
619	0	4	9	2880	8273	30
620	0	3	5	2885	4821	28
621	0	5	9	2890	27673	31
622	0	4	3	2895	9719	26
623	0	1	5	2900	4786	31
624	0	3	5	2905	4977	27
625	0	2	9	2910	3210	28
626	0	1	7	2915	17091	29
627	0	5	5	2920	36324	32
628	0	3	7	2925	1515	29
629	0	3	5	2930	19745	30
630	0	1	5	2935	143	32
631	0	1	9	2940	6210	31
632	0	3	5	2945	25430	30
633	0	2	3	2950	24034	32
634	0	4	3	2955	6110	28
635	0	3	7	2960	11393	32
636	0	3	3	2965	493	27
637	0	5	5	2970	54069	29
638	0	5	9	2975	14729	29
639	0	5	5	2980	26222	27
640	0	5	5	2985	7815	28
641	0	1	3	2990	38001	31
642	0	1	5	2995	758	26
643	0	2	5	3000	3257	30
644	0	3	3	3005	9333	28
645	0	5	7	3010	3717	27
646	0	2	7	3015	1698	29
647	0	2	7	3020	8193	31
648	0	2	5	3025	6413	27
649	0	5	7	3030	66453	30
650	0	5	7	3035	17764	30
651	0	2	9	3040	25377	27
652	0	2	3	3045	8169	30
653	0	3	5	3050	29205	27
654	0	2	5	3055	2340	31
655	0	4	9	3060	13006	31
656	0	2	7	3065	11322	29
657	0	5	7	3070	3557	28
658	0	1	3	3075	1255	32
659	0	1	9	3080	13862	30
660	0	2	7	3085	17061	32
661	0	3	5	3090	34598	27
662	0	2	5	3095	7899	29
663	0	4	3	3100	2289	27
664	0	4	3	3105	19522	29
665	0	4	3	3110	2836	27
666	0	4	7	3115	23722	32
667	0	5	3	3120	24233	31
668	0	2	7	3125	1296	28
669	0	4	5	3130	27790	32
670	0	2	9	3135	801	32
671	0	1	7	3200	6460	32
672	0	2	9	3205	8839	27
673	0	4	3	3210	17788	31
674	0	5	7	3215	237	27
675	0	2	5	3220	5602	30
676	0	5	5	3225	21924	30
677	0	3	9	3230	4582	29
678	0	4	5	3235	18632	28
679	0	4	9	3240	911	32
680	0	1	3	3245	1301	31
681	0	5	9	3250	3686	31
682	0	4	3	3255	9254	30
683	0	4	3	3260	1569	32
684	0	3	9	3265	422	26
685	0	5	7	3270	1706	30
686	0	4	7	3275	28928	26
687	0	1	3	3280	41145	28
688	0	1	9	3285	13970	26
689	0	5	3	3290	16040	29
690	0	2	9	3295	27	29
691	0	4	7	3300	18376	31
692	0	5	3	3305	26443	30
693	0	5	3	3310	266	31
694	0	4	9	3315	1654	28
695	0	3	9	3320	9177	27
696	0	4	7	3325	7745	27
697	0	2	5	3330	26219	32
698	0	3	3	3335	6836	27
699	0	4	9	3340	4806	27
700	0	1	3	3345	6228	27
701	0	3	5	3350	3689	31
702	0	1	3	3355	5979	28
703	0	3	9	3360	8626	28
704	0	3	7	3365	32162	31
705	0	5	3	3370	5282	31
706	0	5	9	3375	5319	26
707	0	3	3	3380	15313	31
708	0	4	9	3385	26790	26
709	0	5	9	3390	19567	27
710	0	5	7	3395	20753	27
711	0	4	7	3400	4166	26
712	0	2	3	3405	7577	32
713	0	3	5	3410	319	32
714	0	5	9	3415	10473	32
715	0	3	7	3420	8179	27
716	0	4	5	3425	6260	29
717	0	4	5	3430	5349	30
718	0	2	3	3435	1797	26
719	0	5	7	3440	13336	31
720	0	1	7	3445	4284	26
721	0	4	5	3450	26923	30
722	0	4	5	3455	2373	30
723	0	2	5	3460	5451	32
724	0	3	5	3465	27515	29
725	0	4	5	3470	3956	26
726	0	2	5	3475	8977	27
727	0	3	9	3480	8301	28
728	0	1	5	3485	12396	29
729	0	2	7	3490	7962	26
730	0	4	9	3495	27327	28
731	0	4	3	3500	36335	31
732	0	5	9	3505	25757	28
733	0	5	7	3510	7355	27
734	0	3	9	3515	13238	30
735	0	3	9	3520	21849	26
736	0	4	9	3525	24676	28
737	0	1	3	3530	301	28
738	0	1	5	3535	2545	26
739	0	4	9	3540	13617	27
740	0	5	7	3545	17871	30
741	0	1	7	3600	2519	27
742	0	2	5	3604	933	28
743	0	1	9	3608	25813	31
744	0	1	7	3612	29535	28
745	0	3	3	3616	14809	28
746	0	3	5	3620	4549	31
747	0	2	9	3624	23883	30
748	0	5	3	3628	6952	32
749	0	1	3	3632	12081	27
750	0	4	5	3636	1644	31
751	0	1	3	3640	1477	30
752	0	1	5	3644	16560	31
753	0	3	5	3648	17296	28
754	0	3	5	3652	363	26
755	0	3	7	3656	8584	30
756	0	4	9	3660	1069	26
757	0	4	7	3664	332	29
758	0	1	7	3668	11412	31
759	0	5	5	3672	12618	30
760	0	3	7	3676	21220	29
761	0	3	9	3680	23489	30
762	0	3	9	3684	958	28
763	0	2	3	3688	6285	32
764	0	2	3	3692	28470	31
765	0	1	5	3696	24578	28
766	0	5	9	3700	6337	31
767	0	2	7	3704	119	31
768	0	5	5	3708	5319	28
769	0	2	3	3712	16355	31
770	0	4	9	3716	11678	31
771	0	4	5	3720	5768	26
772	0	4	3	3724	2215	29
773	0	3	3	3728	7407	32
774	0	1	3	3732	27210	27
775	0	5	3	3736	1410	31
776	0	2	3	3740	20517	27
777	0	4	7	3744	4207	31
778	0	1	9	3748	7183	29
779	0	5	5	3752	2530	26
780	0	2	3	3756	40334	27
781	0	5	7	3760	13065	29
782	0	3	7	3764	736	29
783	0	5	3	3768	114	27
784	0	4	5	3772	5298	27
785	0	4	7	3776	18255	31
786	0	4	9	3780	2725	26
787	0	2	5	3784	1530	32
788	0	2	5	3788	6713	26
789	0	1	5	3792	2052	32
790	0	5	9	3796	16773	26
791	0	5	5	3800	22353	32
792	0	1	7	3804	6355	29
793	0	1	9	3808	9332	28
794	0	2	5	3812	22696	31
795	0	3	7	3816	29678	32
796	0	4	9	3820	1433	32
797	0	1	3	3824	13198	28
798	0	5	7	3828	45210	32
799	0	5	3	3832	535	26
800	0	4	3	3836	4257	30
801	0	2	9	3840	4376	26
802	0	2	5	3844	8445	28
803	0	3	3	3848	14274	26
804	0	3	5	3852	150	28
805	0	1	3	3856	16462	30
806	0	2	3	3860	35318	26
807	0	3	3	3864	4073	32
808	0	3	5	3868	24205	27
809	0	4	3	3872	30146	28
810	0	1	7	3876	14128	29
811	0	1	5	3880	18697	27
812	0	4	9	3884	10322	32
813	0	1	3	3888	6610	31
814	0	4	5	3892	13873	28
815	0	3	3	3896	2178	26
816	0	5	5	3900	19267	27
817	0	3	7	3904	836	26
818	0	4	9	3908	625	30
819	0	4	7	3912	1605	26
820	0	3	7	3916	13226	28
821	0	3	7	3920	4119	31
822	0	5	5	3924	10451	30
823	0	5	3	3928	2690	28
824	0	3	3	3932	56870	30
825	0	5	5	3936	18027	31
826	0	3	9	3940	42276	29
827	0	3	3	3944	11867	26
828	0	2	9	3948	11343	26
829	0	3	5	4000	47400	28
830	0	2	3	4005	76621	32
831	0	1	9	4010	1978	32
832	0	4	9	4015	4608	31
833	0	2	7	4020	6266	29
834	0	2	3	4025	26647	28
835	0	1	3	4030	12934	27
836	0	3	3	4035	2065	27
837	0	1	5	4040	5429	28
838	0	3	9	4045	69717	31
839	0	3	5	4050	11316	30
840	0	2	5	4055	21567	30
841	0	1	7	4060	29625	27
842	0	4	9	4065	3496	31
843	0	4	3	4070	8549	31
844	0	5	9	4075	7512	29
845	0	5	7	4080	39684	32
846	0	2	5	4085	3741	26
847	0	5	5	4090	52711	31
848	0	3	7	4095	23192	32
849	0	4	3	4100	13790	31
850	0	3	5	4105	1485	31
851	0	1	3	4110	555	31
852	0	3	5	4115	11494	30
853	0	2	3	4120	22902	32
854	0	2	5	4125	5654	30
855	0	2	7	4130	97	32
856	0	2	5	4135	15455	28
857	0	3	3	4140	4356	32
858	0	1	9	4145	14624	29
859	0	3	9	4150	3216	30
860	0	3	3	4155	17947	26
861	0	5	3	4160	4614	32
862	0	2	5	4165	13539	31
863	0	1	3	4170	26081	32
864	0	2	9	4175	30398	28
865	0	5	7	4180	9315	30
866	0	2	5	4185	7631	28
867	0	2	3	4190	2237	28
868	0	5	3	4195	9113	28
869	0	4	3	4200	311	27
870	0	5	3	4205	95	31
871	0	5	9	4210	6857	31
872	0	1	9	4215	875	27
873	0	1	5	4220	6962	26
874	0	3	3	4225	4125	29
875	0	3	3	4230	16759	26
876	0	4	7	4235	462	26
877	0	1	5	4240	895	32
878	0	1	5	4245	15963	32
879	0	3	7	4250	339	31
880	0	3	3	4255	8548	31
881	0	4	7	4260	48795	31
882	0	5	5	4265	17782	26
883	0	3	9	4270	31626	28
884	0	1	9	4275	23967	30
885	0	2	3	4280	36708	27
886	0	4	5	4285	9207	27
887	0	3	9	4290	7555	32
888	0	5	3	4295	378	31
889	0	5	5	4300	25784	29
890	0	4	9	4305	32898	31
891	0	1	9	4310	23063	27
892	0	1	5	4315	12929	32
893	0	5	9	4320	17221	27
894	0	1	3	4325	21598	30
895	0	2	5	4330	8683	30
896	0	4	5	4335	3275	29
897	0	4	9	4340	5478	32
898	0	3	3	4345	10668	28
899	0	5	3	4350	31144	32
900	0	3	3	4355	8145	30
901	0	5	3	4360	1233	30
902	0	5	3	4365	7295	28
903	0	5	7	4370	21238	31
904	0	5	3	4375	13494	32
905	0	4	5	4380	13715	32
906	0	1	5	4385	44228	29
907	0	3	3	4390	2323	30
908	0	4	9	4395	9872	29
909	0	5	5	4400	11712	29
910	0	4	9	4404	42189	31
911	0	2	3	4408	12675	29
912	0	3	9	4412	10094	26
913	0	3	5	4416	13542	31
914	0	1	9	4420	15516	31
915	0	4	7	4424	18901	27
916	0	1	7	4428	9488	32
917	0	5	7	4432	16543	28
918	0	5	3	4436	266	27
919	0	1	9	4440	41129	27
920	0	2	5	4444	50	28
921	0	4	7	4448	40	28
922	0	3	3	4452	1797	30
923	0	1	9	4456	12554	32
924	0	5	5	4460	1132	28
925	0	5	3	4464	2010	30
926	0	5	5	4468	17942	32
927	0	1	9	4472	4425	26
928	0	1	5	4476	11163	29
929	0	1	9	4480	17950	31
930	0	5	9	4484	8650	30
931	0	5	9	4488	13350	27
932	0	4	3	4492	7915	29
933	0	1	5	4496	19941	32
934	0	1	5	4500	9191	26
935	0	3	9	4504	6368	27
936	0	5	5	4508	8992	28
937	0	1	9	4512	34408	28
938	0	4	9	4516	3502	29
939	0	2	7	4520	2427	30
940	0	1	9	4524	45880	30
941	0	2	5	4528	5349	30
942	0	4	9	4532	28427	29
943	0	1	7	4536	6287	27
944	0	2	7	4540	29314	30
945	0	3	7	4544	3996	27
946	0	4	3	4548	4023	26
947	0	3	3	4552	48908	27
948	0	5	9	4556	444	29
949	0	2	5	4560	510	28
950	0	2	7	4564	41502	31
951	0	4	9	4568	8099	26
952	0	5	7	4572	5070	30
953	0	2	3	4576	11656	26
954	0	3	9	4580	30490	29
955	0	4	7	4584	8065	28
956	0	3	3	4588	38211	32
957	0	5	5	4592	19728	29
958	0	5	5	4596	16144	28
959	0	5	9	4600	8832	28
960	0	5	3	4604	28290	32
961	0	1	5	4608	13177	29
962	0	3	7	4612	10141	27
963	0	3	3	4616	18435	30
964	0	5	7	4620	1392	32
965	0	5	9	4624	4262	30
966	0	4	9	4628	2226	26
967	0	2	7	4632	17056	27
968	0	2	9	4636	1829	30
969	0	3	3	4640	4518	30
970	0	5	5	4644	3706	32
971	0	5	9	4648	11095	29
972	0	2	9	4652	8197	31
973	0	3	7	4656	21898	30
974	0	5	3	4660	54544	30
975	0	1	9	4664	12410	31
976	0	1	7	4668	1224	31
977	0	3	5	4672	15770	28
978	0	4	3	4676	15965	27
979	0	3	7	4680	19728	26
980	0	2	3	4684	24426	29
981	0	2	3	4688	18887	31
982	0	1	9	4692	3810	29
983	0	4	9	4696	9958	26
984	0	5	5	4700	19766	32
985	0	1	3	4704	277	30
986	0	5	5	4708	4746	30
987	0	2	9	4712	23722	28
988	0	3	5	4716	26378	29
989	0	2	9	4720	561	31
990	0	1	7	4724	7244	27
991	0	1	3	4728	15297	31
992	0	1	7	4732	2731	32
993	0	4	9	4736	15807	27
994	0	3	7	4800	3905	31
995	0	1	5	4804	4481	27
996	0	5	7	4808	18680	29
997	0	2	7	4812	1555	31
998	0	1	3	4816	4250	28
999	0	3	7	4820	11426	26
1000	0	4	7	4824	1451	27
1001	0	2	5	4828	8964	32
1002	0	1	5	4832	22111	29
1003	0	2	9	4836	15386	32
1004	0	2	3	4840	17951	28
1005	0	2	7	4844	5453	27
1006	0	3	3	4848	65822	28
1007	0	2	3	4852	8458	26
1008	0	3	3	4856	11997	29
1009	0	3	9	4860	3887	31
1010	0	4	9	4864	5979	29
1011	0	1	9	4868	3094	30
1012	0	1	3	4872	885	28
1013	0	2	7	4876	32394	27
1014	0	4	7	4880	12652	31
1015	0	3	9	4884	1433	27
1016	0	5	5	4888	6018	32
1017	0	4	7	4892	79	26
1018	0	4	9	4896	45482	31
1019	0	5	7	4900	1088	28
1020	0	5	7	4904	43034	26
1021	0	2	3	4908	4414	30
1022	0	4	3	4912	24447	30
1023	0	1	9	4916	1207	31
1024	0	3	5	4920	23640	28
1025	0	5	3	4924	9454	26
1026	0	4	5	4928	6124	30
1027	0	3	9	4932	17267	30
1028	0	5	3	4936	9877	31
1029	0	4	7	4940	13588	28
1030	0	2	3	4944	23200	27
1031	0	4	3	4948	44446	26
1032	0	2	3	4952	6809	32
1033	0	2	7	4956	1554	26
1034	0	4	3	4960	14165	32
1035	0	5	9	4964	5043	30
1036	0	1	9	4968	36231	27
1037	0	5	3	4972	9569	30
1038	0	3	9	4976	18609	31
1039	0	3	7	4980	7005	30
1040	0	3	3	4984	328	27
1041	0	4	3	4988	20634	29
1042	0	4	9	4992	3127	32
1043	0	1	5	4996	11370	30
1044	0	3	9	5000	12711	28
1045	0	5	9	5004	3073	29
1046	0	5	9	5008	12575	29
1047	0	5	9	5012	3790	30
1048	0	5	5	5016	1007	29
1049	0	1	7	5020	2167	29
1050	0	2	3	5024	29900	28
1051	0	2	3	5028	18309	29
1052	0	3	9	5032	1868	26
1053	0	1	7	5036	2852	26
1054	0	4	3	5040	12320	26
1055	0	2	7	5044	19686	30
1056	0	3	3	5048	12826	27
1057	0	1	7	5052	16440	30
1058	0	4	5	5056	23768	29
1059	0	3	9	5060	3148	27
1060	0	3	5	5064	40391	30
1061	0	1	3	5068	3183	31
1062	0	2	3	5072	34779	27
1063	0	4	7	5076	37030	27
1064	0	1	9	5080	6564	29
1065	0	5	9	5084	6475	28
1066	0	4	7	5088	18972	30
1067	0	5	7	5092	35859	28
1068	0	3	7	5096	3291	28
1069	0	5	9	5100	4425	27
1070	0	3	3	5104	2112	32
1071	0	5	3	5108	22364	27
1072	0	1	9	5112	2961	28
1073	0	1	5	5116	9193	26
1074	0	3	7	5120	738	26
1075	0	1	5	5124	1970	29
1076	0	4	3	5128	979	31
1077	0	3	9	5132	3569	32
1078	0	3	9	5136	7009	29
1079	0	3	7	5140	12081	31
1080	0	5	3	5144	27141	30
1081	0	5	5	5148	1656	32
1082	0	3	7	5152	13759	26
1083	0	5	5	5156	6044	27
1084	0	2	5	5160	17150	26
1085	0	1	3	5200	906	31
1086	0	2	3	5205	21347	32
1087	0	2	7	5210	3004	31
1088	0	4	5	5215	7840	32
1089	0	2	5	5220	26135	28
1090	0	2	7	5225	13921	28
1091	0	5	5	5230	2757	30
1092	0	1	7	5235	13957	27
1093	0	1	3	5240	9774	29
1094	0	5	3	5245	7772	26
1095	0	3	9	5250	18956	29
1096	0	3	3	5255	25046	28
1097	0	5	5	5260	3861	30
1098	0	5	7	5265	2542	27
1099	0	4	3	5270	3234	32
1100	0	2	5	5275	6781	31
1101	0	1	5	5280	14436	26
1102	0	2	5	5285	376	28
1103	0	1	5	5290	17746	27
1104	0	3	7	5295	45	30
1105	0	3	9	5300	900	26
1106	0	1	3	5305	9957	26
1107	0	3	7	5310	11268	26
1108	0	4	3	5315	1976	26
1109	0	3	7	5320	8088	30
1110	0	4	5	5325	15613	31
1111	0	5	5	5330	6115	27
1112	0	4	7	5335	4339	27
1113	0	1	7	5340	3096	30
1114	0	3	7	5345	4894	30
1115	0	4	3	5350	21735	30
1116	0	3	7	5355	9601	30
1117	0	2	9	5360	9559	32
1118	0	3	3	5365	2585	26
1119	0	1	7	5370	5143	30
1120	0	4	7	5375	10578	29
1121	0	3	9	5380	10205	31
1122	0	2	3	5385	7616	28
1123	0	1	3	5390	5228	26
1124	0	3	3	5395	11670	31
1125	0	3	9	5400	37522	27
1126	0	4	5	5405	2055	26
1127	0	1	9	5410	13000	32
1128	0	1	3	5415	722	32
1129	0	1	7	5420	3706	29
1130	0	4	5	5425	3866	27
1131	0	4	9	5430	19508	26
1132	0	4	3	5435	824	31
1133	0	5	9	5440	2770	30
1134	0	2	5	5445	2721	32
1135	0	5	9	5450	2619	29
1136	0	4	9	5455	1237	30
1137	0	2	3	5460	28918	32
1138	0	3	7	5465	5969	30
1139	0	5	5	5470	13983	32
1140	0	1	9	5475	8534	31
1141	0	4	7	5480	3015	32
1142	0	3	7	5485	865	31
1143	0	1	9	5490	54529	28
1144	0	4	3	5495	2077	29
1145	0	2	5	5500	4063	26
1146	0	2	7	5505	27848	29
1147	0	1	3	5510	7395	29
1148	0	3	5	5515	3015	31
1149	0	2	3	5520	12265	28
1150	0	5	3	5525	3344	32
1151	0	1	5	5530	4748	28
1152	0	3	3	5535	1018	30
1153	0	5	3	5540	22169	29
1154	0	5	5	5545	12610	29
1155	0	4	5	5550	23501	32
1156	0	5	5	5555	3133	31
1157	0	1	5	5560	13588	27
1158	0	4	3	5565	1953	28
1159	0	1	9	5570	586	28
1160	0	4	5	5575	29569	26
1161	0	5	5	5600	27912	27
1162	0	2	5	5606	9596	26
1163	0	4	5	5612	26071	29
1164	0	5	5	5618	2903	29
1165	0	1	5	5624	31010	31
1166	0	2	3	5630	4858	29
1167	0	4	7	5636	1228	29
1168	0	4	5	5642	297	30
1169	0	3	9	5648	1793	26
1170	0	5	3	5654	16098	26
1171	0	1	5	5660	12278	31
1172	0	5	3	5666	2053	28
1173	0	3	7	5672	8453	27
1174	0	1	7	5678	21963	32
1175	0	5	3	5684	5424	29
1176	0	1	5	5690	8394	26
1177	0	1	3	5696	7859	26
1178	0	3	3	5702	2591	30
1179	0	1	9	5708	4889	31
1180	0	1	3	5714	670	31
1181	0	4	5	5720	14341	30
1182	0	3	5	5726	6943	26
1183	0	4	3	5732	6501	29
1184	0	1	7	5738	273	30
1185	0	3	3	5744	35633	31
1186	0	1	9	5750	15356	29
1187	0	4	3	5756	3043	27
1188	0	5	7	5762	9738	27
1189	0	4	3	5768	5058	26
1190	0	1	5	5774	40681	31
1191	0	4	7	5780	6542	28
1192	0	4	3	5786	17123	29
1193	0	2	9	5792	5063	27
1194	0	2	3	5798	17807	32
1195	0	1	7	5804	11195	29
1196	0	3	3	5810	13364	31
1197	0	4	5	5816	2432	27
1198	0	2	7	5822	17872	32
1199	0	3	7	5828	3205	31
1200	0	5	3	5834	37037	29
1201	0	3	3	5840	19587	32
1202	0	2	7	5846	6863	31
1203	0	1	7	5852	1045	31
1204	0	2	3	5858	27827	28
1205	0	4	9	5864	11076	27
1206	0	2	3	5870	2229	26
1207	0	1	5	5876	10288	28
1208	0	5	7	5882	32	30
1209	0	5	3	5888	4054	32
1210	0	4	3	5894	5276	32
1211	0	4	3	5900	16601	31
1212	0	3	3	5906	7928	30
1213	0	3	3	5912	20286	30
1214	0	5	7	5918	60113	29
1215	0	5	9	5924	2944	28
1216	0	2	3	5930	7461	27
1217	0	3	5	5936	1702	29
1218	0	3	7	5942	23906	32
1219	0	2	3	5948	3714	30
1220	0	5	7	5954	2717	27
1221	0	4	3	5960	1383	28
1222	0	4	9	5966	9356	28
1223	0	1	3	5972	13693	30
1224	0	2	7	5978	2272	27
1225	0	2	5	5984	4597	30
1226	0	2	5	6000	25503	27
1227	0	3	3	6004	20120	26
1228	0	2	7	6008	15817	27
1229	0	5	9	6012	3183	28
1230	0	3	3	6016	14133	30
1231	0	2	9	6020	4622	31
1232	0	5	7	6024	14691	26
1233	0	1	7	6028	38567	32
1234	0	2	9	6032	5742	27
1235	0	4	9	6036	3449	32
1236	0	3	9	6040	3641	31
1237	0	3	9	6044	5279	27
1238	0	3	9	6048	8724	27
1239	0	2	9	6052	6533	29
1240	0	2	9	6056	18120	31
1241	0	1	5	6060	1896	26
1242	0	5	5	6064	3001	30
1243	0	1	5	6068	3762	27
1244	0	5	9	6072	53293	26
1245	0	3	3	6076	2935	26
1246	0	1	5	6080	33131	31
1247	0	2	9	6084	34669	31
1248	0	3	5	6088	5186	30
1249	0	2	3	6092	9734	29
1250	0	4	5	6096	1860	28
1251	0	5	7	6100	9302	28
1252	0	1	7	6104	4625	28
1253	0	1	5	6108	8518	27
1254	0	4	9	6112	387	29
1255	0	2	9	6116	22405	27
1256	0	4	5	6120	3662	29
1257	0	1	5	6124	16879	27
1258	0	4	3	6128	29012	30
1259	0	1	7	6132	10505	30
1260	0	2	5	6136	15364	32
1261	0	4	3	6140	5290	32
1262	0	5	9	6144	22245	26
1263	0	5	7	6148	17621	27
1264	0	3	3	6152	10836	27
1265	0	3	3	6156	440	26
1266	0	5	7	6160	530	30
1267	0	3	7	6164	8900	31
1268	0	1	3	6168	6856	28
1269	0	2	9	6172	16327	30
1270	0	3	3	6176	37430	30
1271	0	5	5	6180	1359	32
1272	0	1	5	6184	11472	28
1273	0	1	9	6188	7039	29
1274	0	5	5	6192	8012	32
1275	0	5	3	6196	697	26
1276	0	4	9	6200	26230	31
1277	0	4	5	6204	3815	26
1278	0	1	5	6208	14144	30
1279	0	5	5	6212	37353	27
1280	0	1	9	6216	5765	32
1281	0	5	7	6220	33028	28
1282	0	1	9	6224	7441	29
1283	0	5	5	6228	2332	31
1284	0	1	7	6232	1123	26
1285	0	3	5	6236	1987	28
1286	0	1	3	6240	103171	29
1287	0	5	5	6244	2644	32
1288	0	2	7	6248	31580	28
1289	0	5	3	6252	9185	26
1290	0	5	7	6256	51927	28
1291	0	2	5	6260	8480	30
1292	0	4	9	6264	7066	30
1293	0	2	5	6268	32493	29
1294	0	1	5	6272	14358	29
1295	0	4	9	6276	6589	31
1296	0	1	7	6280	4328	32
1297	0	5	9	6284	7208	28
1298	0	3	5	6288	13467	26
1299	0	3	9	6292	36475	32
1300	0	4	7	6296	2290	29
1301	0	4	9	6300	6394	26
1302	0	1	7	6304	8538	29
1303	0	2	5	6308	11220	32
1304	0	4	9	6312	10991	31
1305	0	5	3	6316	446	28
1306	0	5	3	6320	30892	32
1307	0	1	9	6324	25058	32
1308	0	2	3	6328	256	27
1309	0	4	7	6400	44396	28
1310	0	4	9	6404	37986	29
1311	0	1	9	6408	56099	29
1312	0	5	3	6412	777	29
1313	0	4	7	6416	37307	28
1314	0	5	7	6420	2705	31
1315	0	2	9	6424	18492	29
1316	0	4	3	6428	26982	29
1317	0	5	5	6432	13184	28
1318	0	4	3	6436	13685	26
1319	0	5	9	6440	7001	31
1320	0	2	3	6444	443	30
1321	0	5	3	6448	22410	30
1322	0	1	9	6452	10866	28
1323	0	2	3	6456	27679	28
1324	0	2	3	6460	16961	28
1325	0	1	9	6464	7153	26
1326	0	1	7	6468	13017	28
1327	0	4	3	6472	13759	31
1328	0	1	7	6476	16446	32
1329	0	1	5	6480	800	27
1330	0	4	7	6484	16813	26
1331	0	4	9	6488	6873	28
1332	0	1	3	6492	10932	26
1333	0	4	7	6496	16172	30
1334	0	2	9	6500	18267	31
1335	0	3	3	6504	41475	31
1336	0	5	9	6508	6685	32
1337	0	4	5	6512	23145	29
1338	0	2	7	6516	10318	32
1339	0	2	5	6520	651	31
1340	0	4	3	6524	3118	29
1341	0	1	5	6528	1584	29
1342	0	4	5	6532	2331	30
1343	0	3	3	6536	36633	26
1344	0	2	3	6540	10326	29
1345	0	5	7	6544	66633	31
1346	0	3	3	6548	7043	26
1347	0	5	3	6552	8072	27
1348	0	2	9	6556	15778	31
1349	0	4	7	6560	29151	26
1350	0	1	7	6564	9012	28
1351	0	2	3	6568	12131	30
1352	0	1	9	6572	17701	27
1353	0	4	7	6576	3174	27
1354	0	2	7	6580	29707	27
1355	0	4	5	6584	4774	31
1356	0	3	9	6588	20405	31
1357	0	5	7	6592	11259	26
1358	0	5	5	6596	22823	30
1359	0	4	3	6600	1961	31
1360	0	4	7	6604	5630	32
1361	0	1	3	6608	3317	26
1362	0	5	3	6612	1671	32
1363	0	1	7	6616	37654	26
1364	0	1	9	6620	3005	27
1365	0	5	3	6624	8851	27
1366	0	5	9	6628	5986	28
1367	0	2	7	6632	4673	32
1368	0	3	7	6636	2287	30
1369	0	3	7	6640	3189	32
1370	0	3	9	6644	5331	29
1371	0	5	9	6648	486	32
1372	0	4	9	6652	1130	29
1373	0	3	7	6656	11848	28
1374	0	2	7	6660	2877	28
1375	0	2	7	6664	29237	26
1376	0	2	9	6668	13264	26
1377	0	3	9	6672	12356	27
1378	0	5	9	6676	4687	31
1379	0	3	5	6680	17154	29
1380	0	4	9	6684	61	32
1381	0	2	5	6688	2270	27
1382	0	2	3	6692	36140	26
1383	0	3	9	6696	21558	32
1384	0	1	7	6700	9225	31
1385	0	3	5	6704	1500	29
1386	0	3	3	6708	13116	26
1387	0	3	7	6712	5458	31
1388	0	2	9	6716	20866	28
1389	0	4	5	6720	7251	26
1390	0	5	3	6724	1965	26
1391	0	5	5	6728	20473	31
1392	0	4	3	6732	47	32
1393	0	4	7	6736	6661	26
1394	0	3	7	6740	13611	31
1395	0	4	9	6744	52419	28
1396	0	2	3	6800	60736	30
1397	0	3	7	6805	2980	30
1398	0	3	3	6810	15764	32
1399	0	3	3	6815	682	28
1400	0	1	9	6820	11096	28
1401	0	1	5	6825	1553	27
1402	0	3	5	6830	4559	29
1403	0	5	5	6835	8272	31
1404	0	1	9	6840	9667	29
1405	0	1	9	6845	8041	29
1406	0	4	5	6850	9481	26
1407	0	4	3	6855	1862	32
1408	0	2	9	6860	233	32
1409	0	5	3	6865	40	26
1410	0	2	7	6870	12921	31
1411	0	5	3	6875	2301	29
1412	0	5	7	6880	4031	28
1413	0	3	9	6885	1133	26
1414	0	5	3	6890	1890	31
1415	0	3	5	6895	2709	31
1416	0	4	9	6900	4122	26
1417	0	2	5	6905	4210	32
1418	0	1	3	6910	6540	28
1419	0	4	7	6915	1318	30
1420	0	2	3	6920	23333	26
1421	0	2	5	6925	332	30
1422	0	5	9	6930	8276	29
1423	0	4	5	6935	15276	30
1424	0	4	5	6940	1030	31
1425	0	4	5	6945	9326	31
1426	0	1	7	6950	437	26
1427	0	1	5	6955	13085	28
1428	0	5	3	6960	35735	29
1429	0	4	9	6965	3071	32
1430	0	1	5	6970	30140	29
1431	0	5	3	6975	7151	28
1432	0	1	9	6980	29124	28
1433	0	3	7	6985	3744	29
1434	0	3	7	6990	2052	26
1435	0	3	5	6995	25811	31
1436	0	4	9	7000	23275	30
1437	0	3	9	7005	7232	28
1438	0	3	3	7010	3957	29
1439	0	5	7	7015	591	28
1440	0	5	3	7020	10165	28
1441	0	5	9	7025	8833	27
1442	0	1	7	7030	5099	31
1443	0	3	7	7035	20639	28
1444	0	3	9	7040	18972	27
1445	0	5	9	7045	45034	30
1446	0	5	7	7050	9138	29
1447	0	2	3	7055	29414	31
1448	0	4	5	7060	3946	27
1449	0	1	5	7065	7760	26
1450	0	5	9	7070	14312	27
1451	0	5	9	7075	14357	31
1452	0	3	7	7080	19299	28
1453	0	4	7	7085	11839	27
1454	0	1	3	7090	2653	27
1455	0	4	7	7095	10297	31
1456	0	2	5	7100	11711	30
1457	0	5	3	7105	10878	32
1458	0	2	9	7110	6450	32
1459	0	2	5	7115	155	30
1460	0	1	5	7120	7229	28
1461	0	3	3	7125	25673	31
1462	0	4	9	7130	2598	28
1463	0	4	3	7135	18923	32
1464	0	5	7	7200	1059	30
1465	0	2	5	7205	2833	28
1466	0	5	5	7210	3658	27
1467	0	3	9	7215	209	31
1468	0	1	5	7220	32424	32
1469	0	3	7	7225	3647	32
1470	0	4	5	7230	5094	27
1471	0	2	3	7235	21845	31
1472	0	5	3	7240	181	28
1473	0	2	5	7245	5584	32
1474	0	5	7	7250	9128	27
1475	0	3	3	7255	4912	32
1476	0	1	7	7260	13713	32
1477	0	3	3	7265	13574	27
1478	0	2	5	7270	31210	28
1479	0	4	5	7275	1341	27
1480	0	4	7	7280	87	27
1481	0	5	5	7285	1561	27
1482	0	2	9	7290	5807	26
1483	0	4	9	7295	7684	29
1484	0	4	9	7300	9041	30
1485	0	1	5	7305	2999	31
1486	0	3	7	7310	12570	26
1487	0	2	5	7315	4017	26
1488	0	3	7	7320	866	27
1489	0	4	3	7325	10443	28
1490	0	1	9	7330	3620	27
1491	0	5	7	7335	3615	31
1492	0	1	3	7340	450	29
1493	0	1	9	7345	3744	31
1494	0	4	5	7350	10863	32
1495	0	2	9	7355	14018	30
1496	0	1	9	7360	4740	31
1497	0	2	7	7365	9657	31
1498	0	3	3	7370	16001	30
1499	0	1	5	7375	10521	32
1500	0	1	7	7380	15010	29
1501	0	3	9	7385	8701	30
1502	0	1	9	7390	47480	32
1503	0	1	7	7395	219	28
1504	0	3	9	7400	1675	32
1505	0	4	9	7405	23470	29
1506	0	1	9	7410	13776	28
1507	0	1	5	7415	6696	28
1508	0	5	9	7420	1191	32
1509	0	3	3	7425	23805	28
1510	0	3	9	7430	27043	32
1511	0	5	5	7435	34982	29
1512	0	3	7	7440	13314	29
1513	0	3	5	7445	4453	30
1514	0	4	7	7450	67	29
1515	0	1	9	7455	4815	27
1516	0	2	3	7460	8284	30
1517	0	5	3	7465	15352	32
1518	0	1	3	7470	3680	27
1519	0	4	3	7475	23884	31
1520	0	5	9	7480	9883	27
1521	0	3	3	7485	45944	26
1522	0	5	5	7490	35406	30
1523	0	2	5	7495	5202	30
1524	0	2	7	7500	19	31
1525	0	5	9	7505	1076	29
1526	0	1	9	7510	19383	27
1527	0	5	5	7515	16487	30
1528	0	3	9	7520	17980	26
1529	0	4	7	7525	22263	30
1530	0	3	3	7530	115	26
1531	0	4	9	7535	1647	26
1532	0	5	3	7540	33948	29
1533	0	2	3	7545	5020	28
1534	0	4	9	7550	5971	31
1535	0	2	9	7555	8115	29
1536	0	4	7	7560	1825	27
1537	0	1	5	7565	5459	31
1538	0	2	3	7570	5033	30
1539	0	1	3	7600	13329	27
1540	0	1	7	7604	9276	29
1541	0	2	3	7608	3004	30
1542	0	3	5	7612	2529	27
1543	0	1	7	7616	2786	31
1544	0	1	3	7620	13907	29
1545	0	2	7	7624	4534	31
1546	0	2	3	7628	10694	27
1547	0	3	9	7632	15572	31
1548	0	3	3	7636	3652	28
1549	0	4	7	7640	3695	30
1550	0	1	9	7644	2535	26
1551	0	1	9	7648	11132	31
1552	0	2	7	7652	4087	29
1553	0	4	9	7656	24770	31
1554	0	1	7	7660	275	30
1555	0	4	5	7664	15958	28
1556	0	4	5	7668	10073	26
1557	0	5	7	7672	11901	27
1558	0	4	9	7676	200	29
1559	0	3	9	7680	546	29
1560	0	3	9	7684	709	27
1561	0	1	7	7688	32958	30
1562	0	4	5	7692	12638	28
1563	0	2	5	7696	3466	28
1564	0	1	3	7700	22996	28
1565	0	5	9	7704	17465	31
1566	0	5	3	7708	58	32
1567	0	2	7	7712	4776	26
1568	0	5	5	7716	30014	31
1569	0	2	9	7720	8661	32
1570	0	3	3	7724	2519	26
1571	0	1	9	7728	1713	31
1572	0	3	3	7732	5721	28
1573	0	5	3	7736	10800	26
1574	0	4	7	7740	4715	28
1575	0	4	7	7744	4979	29
1576	0	5	9	7748	18626	32
1577	0	5	9	7752	16187	31
1578	0	2	3	7756	13144	27
1579	0	1	3	7760	13937	26
1580	0	3	9	7764	8220	27
1581	0	3	3	7768	926	29
1582	0	3	5	7772	7950	28
1583	0	5	5	7776	8596	28
1584	0	4	7	7780	12705	30
1585	0	2	3	7784	6231	27
1586	0	3	5	7788	21961	29
1587	0	1	5	7792	843	30
1588	0	1	7	7796	4613	31
1589	0	1	7	7800	12824	28
1590	0	4	7	7804	30840	29
1591	0	5	9	7808	8609	26
1592	0	3	5	7812	5150	28
1593	0	4	3	7816	4246	26
1594	0	3	3	7820	11401	32
1595	0	5	3	7824	11071	31
1596	0	3	9	7828	10137	28
1597	0	2	9	7832	33591	32
1598	0	5	5	7836	5249	29
1599	0	2	5	7840	30229	30
1600	0	2	5	7844	4449	32
1601	0	1	5	7848	3636	26
1602	0	4	5	7852	19855	32
1603	0	1	5	7856	16554	29
1604	0	1	5	7860	943	30
1605	0	5	3	7864	708	27
1606	0	4	7	7868	3063	29
1607	0	3	5	7872	14257	28
1608	0	1	3	7876	9531	29
1609	0	3	9	7880	13790	26
1610	0	4	7	7884	35310	29
1611	0	4	7	7888	21091	27
1612	0	3	7	7892	39727	26
1613	0	4	9	7896	4797	29
1614	0	1	3	7900	9545	27
1615	0	1	7	7904	48938	31
1616	0	4	3	7908	7204	28
1617	0	5	3	7912	1805	32
1618	0	4	7	7916	10928	31
1619	0	5	9	7920	7125	26
1620	0	3	5	7924	31426	27
1621	0	5	9	7928	33180	27
1622	0	2	9	7932	111	28
1623	0	5	9	8000	3637	29
1624	0	4	5	8005	10718	28
1625	0	4	5	8010	13575	32
1626	0	4	5	8015	18396	29
1627	0	4	3	8020	1015	27
1628	0	3	9	8025	47042	27
1629	0	4	5	8030	15380	30
1630	0	1	9	8035	17599	27
1631	0	4	9	8040	22691	32
1632	0	5	5	8045	5856	28
1633	0	5	9	8050	16451	29
1634	0	4	7	8055	5682	26
1635	0	3	5	8060	3206	26
1636	0	5	9	8065	3702	29
1637	0	2	3	8070	15989	32
1638	0	4	9	8075	6868	31
1639	0	4	7	8080	10868	28
1640	0	4	7	8085	2377	31
1641	0	1	9	8090	1871	27
1642	0	1	3	8095	8800	27
1643	0	4	7	8100	12129	30
1644	0	2	9	8105	14824	32
1645	0	5	3	8110	1210	27
1646	0	2	5	8115	9542	32
1647	0	4	5	8120	235	31
1648	0	4	9	8125	16608	32
1649	0	3	5	8130	11938	26
1650	0	1	9	8135	1966	28
1651	0	4	7	8140	6758	28
1652	0	4	5	8145	5011	27
1653	0	1	7	8150	28444	28
1654	0	5	9	8155	58480	29
1655	0	3	7	8160	5597	30
1656	0	4	5	8165	3487	31
1657	0	4	5	8170	9511	29
1658	0	2	9	8175	2058	26
1659	0	3	3	8180	6095	30
1660	0	2	7	8185	3830	31
1661	0	5	7	8190	1867	27
1662	0	5	7	8195	15064	26
1663	0	2	7	8200	20962	32
1664	0	2	3	8205	29413	32
1665	0	1	7	8210	1240	29
1666	0	5	3	8215	6987	32
1667	0	3	7	8220	2941	29
1668	0	5	5	8225	36532	28
1669	0	4	9	8230	4525	26
1670	0	1	9	8235	15171	27
1671	0	2	3	8240	15072	29
1672	0	1	3	8245	14603	27
1673	0	5	9	8250	24	28
1674	0	2	5	8255	3744	27
1675	0	3	5	8260	18318	26
1676	0	5	9	8265	6480	32
1677	0	3	3	8270	5604	31
1678	0	4	9	8275	9640	29
1679	0	5	5	8280	8192	27
1680	0	2	9	8285	1655	26
1681	0	5	3	8290	17362	31
1682	0	1	3	8295	4836	28
1683	0	5	7	8300	5168	27
1684	0	3	7	8305	10163	27
1685	0	3	3	8310	4961	31
1686	0	1	7	8315	8503	31
1687	0	4	7	8320	7837	32
1688	0	1	9	8325	16818	26
1689	0	2	9	8330	53	29
1690	0	4	9	8335	48375	28
1691	0	2	5	8340	15195	26
1692	0	1	3	8345	10368	31
1693	0	2	9	8400	459	26
1694	0	2	3	8404	4672	30
1695	0	4	9	8408	435	30
1696	0	1	5	8412	6732	26
1697	0	4	5	8416	14211	28
1698	0	2	7	8420	15373	30
1699	0	2	3	8424	11332	28
1700	0	5	9	8428	12753	28
1701	0	4	9	8432	4826	28
1702	0	5	3	8436	832	28
1703	0	1	3	8440	6857	31
1704	0	2	7	8444	29256	32
1705	0	4	7	8448	6870	32
1706	0	4	7	8452	15568	27
1707	0	4	5	8456	4974	31
1708	0	5	5	8460	12210	26
1709	0	3	5	8464	2823	28
1710	0	4	9	8468	37335	31
1711	0	2	3	8472	25351	26
1712	0	1	5	8476	63966	32
1713	0	3	7	8480	13047	31
1714	0	1	5	8484	3766	30
1715	0	2	7	8488	8525	26
1716	0	4	5	8492	20081	31
1717	0	1	9	8496	5451	32
1718	0	4	3	8500	3522	30
1719	0	5	9	8504	10272	27
1720	0	1	3	8508	10714	30
1721	0	2	5	8512	39178	32
1722	0	3	7	8516	7474	29
1723	0	3	5	8520	35465	32
1724	0	5	9	8524	4839	31
1725	0	5	5	8528	89684	27
1726	0	2	3	8532	1763	30
1727	0	4	5	8536	13170	27
1728	0	3	9	8540	13654	31
1729	0	3	5	8544	3174	30
1730	0	2	3	8548	5231	32
1731	0	1	5	8552	15415	29
1732	0	1	7	8556	12628	26
1733	0	2	9	8560	33988	27
1734	0	5	5	8564	22008	32
1735	0	4	3	8568	19176	30
1736	0	1	3	8572	14353	28
1737	0	1	3	8576	27213	30
1738	0	4	3	8580	6899	28
1739	0	5	9	8584	1745	27
1740	0	4	5	8588	11358	30
1741	0	2	3	8592	2211	26
1742	0	5	5	8596	22072	31
1743	0	4	7	8600	9426	30
1744	0	4	3	8604	602	31
1745	0	3	9	8608	1306	28
1746	0	1	9	8612	15403	26
1747	0	3	5	8616	29676	32
1748	0	1	7	8620	17539	29
1749	0	5	7	8624	20180	30
1750	0	1	5	8628	3031	31
1751	0	5	5	8632	796	27
1752	0	5	3	8636	6950	30
1753	0	3	9	8640	1909	29
1754	0	2	3	8644	249	30
1755	0	4	5	8648	14160	28
1756	0	2	3	8652	24257	32
1757	0	2	7	8656	1521	29
1758	0	1	3	8660	1309	32
1759	0	2	3	8664	29334	30
1760	0	3	5	8668	4267	27
1761	0	5	5	8672	748	26
1762	0	1	7	8676	12940	26
1763	0	3	3	8680	6252	28
1764	0	1	5	8684	23279	28
1765	0	3	5	8688	3170	27
1766	0	1	7	8692	3108	32
1767	0	4	7	8696	666	30
1768	0	3	5	8700	20754	32
1769	0	3	5	8704	7657	32
1770	0	2	7	8708	19986	30
1771	0	4	3	8712	29714	27
1772	0	3	9	8716	31548	30
1773	0	5	3	8720	1521	29
1774	0	1	5	8800	39640	30
1775	0	4	9	8805	6581	30
1776	0	2	3	8810	1543	27
1777	0	5	3	8815	30229	31
1778	0	5	3	8820	27508	27
1779	0	3	3	8825	3116	29
1780	0	5	5	8830	3883	26
1781	0	5	9	8835	2996	30
1782	0	4	7	8840	27413	30
1783	0	3	3	8845	24080	26
1784	0	3	9	8850	110	32
1785	0	3	7	8855	4094	31
1786	0	1	3	8860	4002	31
1787	0	4	7	8865	8408	30
1788	0	1	7	8870	30393	30
1789	0	2	3	8875	1915	29
1790	0	2	9	8880	31939	31
1791	0	5	5	8885	10368	32
1792	0	1	9	8890	18904	30
1793	0	2	9	8895	8908	30
1794	0	3	7	8900	21701	26
1795	0	5	3	8905	9621	29
1796	0	1	7	8910	8522	26
1797	0	3	3	8915	6850	28
1798	0	4	3	8920	13971	27
1799	0	1	9	8925	20363	29
1800	0	3	3	8930	24951	28
1801	0	3	5	8935	13265	28
1802	0	5	3	8940	1171	26
1803	0	3	5	8945	4219	30
1804	0	4	3	8950	36	32
1805	0	3	3	8955	4405	30
1806	0	3	7	8960	1759	30
1807	0	1	9	8965	4638	27
1808	0	2	5	8970	2438	31
1809	0	3	3	8975	10947	32
1810	0	2	3	8980	10183	27
1811	0	3	9	8985	35494	26
1812	0	2	7	8990	2983	27
1813	0	3	3	8995	24921	29
1814	0	3	7	9000	12153	30
1815	0	3	7	9005	977	29
1816	0	2	7	9010	2124	28
1817	0	3	5	9015	18974	32
1818	0	1	3	9020	6067	29
1819	0	4	9	9025	10049	30
1820	0	3	3	9030	35615	29
1821	0	2	3	9035	15466	27
1822	0	3	3	9040	1719	26
1823	0	2	5	9045	13491	28
1824	0	1	5	9050	9358	26
1825	0	3	3	9055	3173	31
1826	0	3	5	9060	1573	29
1827	0	2	9	9065	6206	32
1828	0	3	7	9070	3991	28
1829	0	2	5	9075	6367	26
1830	0	3	5	9080	29400	30
1831	0	5	9	9085	13890	31
1832	0	1	9	9090	3161	29
1833	0	5	5	9095	1029	31
1834	0	1	9	9100	5238	26
1835	0	2	3	9105	11222	30
1836	0	5	9	9110	1643	30
1837	0	1	5	9115	11047	26
1838	0	5	3	9120	23814	27
1839	0	5	7	9125	14525	27
1840	0	5	9	9130	1988	27
1841	0	1	5	9135	39569	29
1842	0	2	5	9140	4625	31
1843	0	4	5	9145	4666	30
1844	0	5	9	9150	10282	28
1845	0	5	9	9155	48274	30
1846	0	3	7	9160	5325	30
1847	0	3	9	9165	30071	27
1848	0	4	5	9170	26189	26
1849	0	5	9	9175	17017	29
1850	0	4	7	9180	5915	27
1851	0	4	5	9185	15029	26
1852	0	3	3	9190	465	32
1853	0	1	5	9200	1543	30
1854	0	4	7	9204	24315	26
1855	0	1	3	9208	1958	27
1856	0	5	3	9212	9201	28
1857	0	4	9	9216	6493	30
1858	0	3	9	9220	16872	29
1859	0	1	9	9224	17669	27
1860	0	5	9	9228	2446	27
1861	0	2	7	9232	15826	30
1862	0	3	5	9236	460	31
1863	0	1	3	9240	17746	31
1864	0	5	9	9244	13849	28
1865	0	2	3	9248	26085	29
1866	0	2	3	9252	15124	30
1867	0	2	3	9256	1780	29
1868	0	3	3	9260	8830	29
1869	0	2	5	9264	356	32
1870	0	3	7	9268	36019	32
1871	0	1	3	9272	9866	28
1872	0	3	3	9276	32209	31
1873	0	1	7	9280	14247	28
1874	0	4	9	9284	6422	28
1875	0	2	9	9288	50862	32
1876	0	1	7	9292	6220	28
1877	0	5	7	9296	20010	29
1878	0	2	5	9300	1259	32
1879	0	2	5	9304	9836	28
1880	0	5	5	9308	24853	26
1881	0	1	5	9312	2744	27
1882	0	3	7	9316	8722	32
1883	0	4	9	9320	8936	32
1884	0	4	7	9324	274	32
1885	0	5	9	9328	2670	29
1886	0	3	9	9332	12517	32
1887	0	1	5	9336	1411	31
1888	0	2	7	9340	2890	30
1889	0	1	9	9344	2725	32
1890	0	3	9	9348	897	28
1891	0	2	3	9352	14856	26
1892	0	4	7	9356	22515	29
1893	0	4	5	9360	1156	32
1894	0	1	7	9364	8746	26
1895	0	4	5	9368	6539	30
1896	0	4	9	9372	31145	30
1897	0	1	3	9376	9523	26
1898	0	4	7	9380	12177	27
1899	0	3	7	9384	14025	32
1900	0	4	9	9388	3705	26
1901	0	1	7	9392	2989	26
1902	0	1	9	9396	6079	31
1903	0	3	9	9400	23420	26
1904	0	2	3	9404	19774	30
1905	0	3	5	9408	21167	31
1906	0	1	3	9412	18305	28
1907	0	2	5	9416	5043	29
1908	0	2	7	9420	14698	27
1909	0	2	9	9424	25706	26
1910	0	5	5	9428	16445	31
1911	0	1	7	9432	15456	32
1912	0	2	5	9436	4597	30
1913	0	2	5	9440	2609	26
1914	0	2	5	9444	27240	26
1915	0	5	7	9448	46902	32
1916	0	4	9	9452	2919	31
1917	0	5	7	9456	8622	32
1918	0	3	5	9460	16611	31
1919	0	5	9	9464	7966	32
1920	0	5	3	9468	3271	29
1921	0	1	7	9472	11161	31
1922	0	1	5	9476	30906	31
1923	0	2	3	9480	4588	30
1924	0	5	5	9484	37826	30
1925	0	2	7	9488	3297	31
1926	0	3	7	9492	15008	31
1927	0	5	9	9496	21976	32
1928	0	5	9	9500	2343	27
1929	0	1	5	9504	62062	31
1930	0	4	9	9508	744	27
1931	0	5	7	9512	23317	28
1932	0	1	9	9516	2290	27
1933	0	4	7	9520	6338	26
1934	0	3	7	9600	4174	28
1935	0	5	9	9606	12716	32
1936	0	5	7	9612	19740	29
1937	0	1	7	9618	12897	32
1938	0	2	7	9624	15171	28
1939	0	1	3	9630	2587	26
1940	0	5	9	9636	6475	27
1941	0	1	5	9642	4358	28
1942	0	5	9	9648	6225	29
1943	0	5	9	9654	4831	30
1944	0	1	7	9660	7331	26
1945	0	2	3	9666	5129	28
1946	0	1	7	9672	5966	28
1947	0	3	3	9678	12645	29
1948	0	3	9	9684	2606	31
1949	0	2	3	9690	9255	27
1950	0	5	5	9696	2740	32
1951	0	4	5	9702	6389	31
1952	0	4	7	9708	19211	27
1953	0	4	7	9714	1983	28
1954	0	4	5	9720	7188	28
1955	0	3	3	9726	12950	28
1956	0	1	3	9732	4222	28
1957	0	4	7	9738	997	27
1958	0	3	7	9744	27717	28
1959	0	1	7	9750	10052	31
1960	0	1	9	9756	1465	26
1961	0	2	3	9762	34306	29
1962	0	3	7	9768	2173	28
1963	0	2	3	9774	14932	29
1964	0	4	9	9780	20739	32
1965	0	5	9	9786	26408	29
1966	0	5	9	9792	9593	31
1967	0	3	7	9798	28622	30
1968	0	4	9	9804	27830	31
1969	0	3	5	9810	3344	27
1970	0	5	9	9816	2278	29
1971	0	3	5	9822	9779	31
1972	0	3	9	9828	19014	30
1973	0	3	5	9834	9730	31
1974	0	1	3	9840	846	30
1975	0	4	9	9846	32627	27
1976	0	2	7	9852	2689	27
1977	0	2	7	9858	10771	27
1978	0	2	7	9864	23642	29
1979	0	3	3	9870	11281	27
1980	0	1	9	9876	22644	29
1981	0	1	5	9882	772	28
1982	0	2	3	9888	12414	26
1983	0	4	9	9894	12254	26
1984	0	1	9	9900	18735	32
1985	0	5	5	9906	12506	28
1986	0	2	9	9912	722	26
1987	0	2	3	9918	259	31
1988	0	1	3	9924	38537	30
1989	0	5	5	9930	12050	32
1990	0	4	9	9936	5296	30
1991	0	1	3	9942	15590	27
1992	0	3	3	9948	17021	29
1993	0	2	9	9954	1954	29
1994	0	1	3	9960	987	26
1995	0	4	7	9966	7717	31
1996	0	4	9	10000	1793	32
1997	0	4	7	10100	14166	26
1998	0	1	3	10200	8536	30
1999	0	2	9	10300	10068	30
