0	0	2	3	0	16265	27
1	0	3	3	5	8262	27
2	0	5	3	10	7270	32
3	0	2	5	15	28453	26
4	0	1	7	20	10851	26
5	0	2	9	25	4986	26
6	0	5	7	30	5911	26
7	0	5	5	35	8198	31
8	0	2	5	40	283	29
9	0	4	7	45	6344	32
10	0	4	9	50	35008	26
11	0	1	9	55	221	29
12	0	4	3	60	4958	27
13	0	2	5	65	2992	30
14	0	2	7	70	15664	26
15	0	4	3	75	7283	30
16	0	5	3	80	10387	32
17	0	2	3	85	25985	32
18	0	2	7	90	3904	32
19	0	3	7	95	2119	27
20	0	4	3	100	778	31
21	0	5	5	105	9667	32
22	0	2	7	110	3118	32
23	0	3	5	115	1520	28
24	0	5	5	120	36170	29
25	0	5	7	125	8493	30
26	0	3	9	130	3573	28
27	0	5	5	135	9748	29
28	0	2	3	140	40381	26
29	0	3	3	145	11509	26
30	0	2	5	150	12153	32
31	0	1	5	155	18837	32
32	0	2	3	160	26313	26
33	0	5	9	165	53082	30
34	0	3	5	170	1517	26
35	0	1	5	175	16999	32
36	0	3	9	180	11655	30
37	0	4	3	185	8566	31
38	0	4	7	190	2674	28
39	0	1	9	195	793	28
40	0	1	7	200	18645	26
41	0	1	5	205	3217	27
42	0	1	7	210	8055	30
43	0	4	5	215	11273	28
44	0	3	5	220	35025	30
45	0	3	3	225	831	29
46	0	4	9	230	11478	32
47	0	4	7	235	11717	27
48	0	4	7	240	3087	26
49	0	4	5	245	2921	28
50	0	1	5	250	23125	27
51	0	1	9	255	13464	30
52	0	2	5	260	6856	31
53	0	1	9	265	38051	27
54	0	4	9	270	2789	27
55	0	2	9	275	2513	28
56	0	1	7	280	3757	28
57	0	2	9	285	4903	29
58	0	3	9	290	37403	30
59	0	1	9	295	1104	29
60	0	4	3	300	1032	30
61	0	5	3	305	21461	30
62	0	3	3	310	9049	30
63	0	5	5	315	6261	28
64	0	2	3	320	17837	26
65	0	4	7	325	2006	27
66	0	5	7	330	1669	28
67	0	4	3	335	5177	29
68	0	4	9	340	1289	29
69	0	1	5	345	42677	27
70	0	2	5	350	21517	26
71	0	1	9	355	857	27
72	0	4	5	360	13881	30
73	0	2	9	365	2886	29
74	0	2	3	370	5608	26
75	0	4	9	375	21097	30
76	0	4	9	400	796	28
77	0	4	5	404	11601	29
78	0	1	3	408	2279	31
79	0	2	5	412	25844	26
80	0	1	9	416	26651	30
81	0	4	3	420	12068	27
82	0	2	9	424	4793	29
83	0	4	7	428	16604	31
84	0	2	9	432	17243	31
85	0	1	7	436	39370	27
86	0	4	9	440	5293	26
87	0	1	5	444	31973	32
88	0	2	3	448	18201	28
89	0	1	7	452	31877	31
90	0	5	9	456	8048	29
91	0	2	3	460	4042	26
92	0	2	3	464	9703	27
93	0	3	9	468	1424	31
94	0	2	9	472	47872	31
95	0	2	7	476	37422	29
96	0	4	3	480	14674	29
97	0	2	5	484	1032	27
98	0	2	5	488	21645	28
99	0	5	7	492	18842	28
100	0	4	5	496	33188	26
101	0	1	7	500	3699	28
102	0	1	7	504	8843	31
103	0	4	5	508	3539	32
104	0	3	3	512	5785	28
105	0	1	5	516	18472	26
106	0	3	5	520	54008	26
107	0	1	5	524	3003	27
108	0	5	7	528	10544	26
109	0	1	9	532	5732	30
110	0	4	9	536	1598	26
111	0	3	5	540	12567	31
112	0	2	9	544	2126	31
113	0	1	7	548	893	30
114	0	5	9	552	2623	31
115	0	5	9	556	7136	29
116	0	4	3	560	8401	26
117	0	5	7	564	18181	32
118	0	3	7	568	12399	29
119	0	2	5	572	20019	31
120	0	5	9	576	19154	27
121	0	4	3	580	2670	29
122	0	2	3	584	10123	27
123	0	3	5	588	2266	31
124	0	1	7	592	7912	30
125	0	5	3	596	9517	32
126	0	5	9	600	8668	26
127	0	1	7	604	10228	31
128	0	5	3	608	3172	31
129	0	1	5	612	6486	29
130	0	5	9	616	1561	26
131	0	3	7	620	48069	26
132	0	2	9	624	18410	27
133	0	2	5	628	5755	28
134	0	4	3	632	35222	32
135	0	1	5	636	11807	28
136	0	4	7	640	1435	28
137	0	3	7	644	921	29
138	0	1	7	648	5484	29
139	0	2	5	652	45198	31
140	0	3	5	656	43569	27
141	0	3	5	660	1743	31
142	0	2	7	664	5090	32
143	0	2	5	668	6146	31
144	0	3	7	672	19621	31
145	0	3	5	676	21955	31
146	0	5	5	680	1582	27
147	0	1	7	684	7911	30
148	0	3	9	688	29650	26
149	0	2	9	692	9142	28
150	0	3	7	696	7224	28
151	0	4	7	700	31145	30
152	0	4	7	704	6920	30
153	0	5	9	708	290	30
154	0	5	9	712	62794	27
155	0	5	3	716	16051	30
156	0	4	7	720	14268	27
157	0	3	5	724	5156	26
158	0	3	7	728	17772	28
159	0	3	9	732	21617	28
160	0	2	7	736	3794	26
161	0	2	9	740	6439	27
162	0	2	5	744	54284	29
163	0	4	5	748	2193	29
164	0	1	9	752	3576	30
165	0	1	5	756	1850	32
166	0	1	5	760	24006	30
167	0	1	5	764	18247	29
168	0	3	7	768	1600	30
169	0	5	7	772	10134	29
170	0	2	5	776	4904	26
171	0	1	5	800	6736	30
172	0	5	9	805	6400	29
173	0	2	5	810	13206	30
174	0	5	3	815	21836	30
175	0	3	5	820	13020	28
176	0	3	7	825	23076	29
177	0	1	7	830	2222	29
178	0	1	9	835	5488	32
179	0	4	3	840	12370	31
180	0	1	9	845	6620	31
181	0	4	3	850	385	28
182	0	4	7	855	12879	31
183	0	3	3	860	14410	29
184	0	3	9	865	40327	27
185	0	2	3	870	2627	29
186	0	4	9	875	9410	28
187	0	3	9	880	17149	29
188	0	2	7	885	5859	27
189	0	4	9	890	2818	28
190	0	2	7	895	32030	26
191	0	2	3	900	17299	28
192	0	1	9	905	4302	27
193	0	3	7	910	9108	26
194	0	5	7	915	14681	31
195	0	1	5	920	9802	32
196	0	2	3	925	1894	28
197	0	3	5	930	2361	28
198	0	1	5	935	1852	27
199	0	2	5	940	13021	31
200	0	2	3	945	44163	27
201	0	5	9	950	5025	31
202	0	4	3	955	5316	32
203	0	3	3	960	5081	30
204	0	1	7	965	2643	27
205	0	3	3	970	275	31
206	0	5	7	975	8609	26
207	0	3	5	980	17685	26
208	0	1	9	985	2469	32
209	0	3	5	990	4851	31
210	0	3	7	995	25818	26
211	0	3	9	1000	8969	31
212	0	3	5	1005	48396	26
213	0	4	7	1010	1661	29
214	0	3	3	1015	6350	30
215	0	4	5	1020	3284	30
216	0	4	3	1025	16985	29
217	0	5	3	1030	4111	32
218	0	2	5	1035	2704	28
219	0	5	7	1040	756	26
220	0	3	5	1045	10977	30
221	0	4	5	1050	1321	26
222	0	4	9	1055	6031	27
223	0	4	7	1060	29656	27
224	0	4	9	1065	12244	28
225	0	1	3	1070	10184	31
226	0	5	7	1075	1647	28
227	0	2	5	1080	25593	28
228	0	2	7	1085	39088	32
229	0	4	7	1090	3937	30
230	0	1	5	1095	8708	26
231	0	5	3	1100	13495	27
232	0	1	5	1105	315	28
233	0	4	7	1110	14645	27
234	0	3	9	1115	13249	30
235	0	2	3	1120	1024	32
236	0	5	3	1125	13439	28
237	0	1	5	1130	4502	27
238	0	3	7	1135	8349	27
239	0	1	9	1140	34287	28
240	0	2	7	1145	13848	28
241	0	1	5	1150	17771	28
242	0	2	3	1155	10254	29
243	0	5	3	1160	663	28
244	0	2	5	1165	4728	28
245	0	4	9	1170	6215	28
246	0	4	7	1200	18233	27
247	0	3	3	1205	2264	31
248	0	1	5	1210	1547	29
249	0	2	3	1215	7536	27
250	0	3	3	1220	19374	29
251	0	3	9	1225	23254	29
252	0	2	9	1230	45171	26
253	0	2	7	1235	1025	26
254	0	5	9	1240	777	27
255	0	3	7	1245	24531	26
256	0	1	9	1250	35265	29
257	0	1	5	1255	7008	31
258	0	5	3	1260	14678	27
259	0	1	7	1265	11792	29
260	0	3	5	1270	26976	29
261	0	4	3	1275	11947	30
262	0	1	9	1280	19893	27
263	0	3	3	1285	28405	28
264	0	2	9	1290	20347	31
265	0	3	7	1295	2805	32
266	0	3	5	1300	8328	28
267	0	4	9	1305	3898	32
268	0	1	7	1310	7411	32
269	0	2	3	1315	4788	30
270	0	4	5	1320	10008	27
271	0	3	7	1325	7050	27
272	0	3	7	1330	18656	30
273	0	2	7	1335	3600	32
274	0	3	3	1340	5668	30
275	0	3	3	1345	21042	28
276	0	2	5	1350	9054	29
277	0	4	7	1355	5009	32
278	0	2	5	1360	10695	32
279	0	5	3	1365	3219	32
280	0	2	5	1370	18777	29
281	0	2	5	1375	37576	30
282	0	2	3	1380	17151	32
283	0	1	5	1385	8201	30
284	0	2	7	1390	7817	26
285	0	4	5	1395	12947	29
286	0	4	3	1400	14384	26
287	0	4	7	1405	34602	27
288	0	5	7	1410	12332	26
289	0	5	5	1415	19193	30
290	0	1	3	1420	1737	29
291	0	4	7	1425	3157	30
292	0	2	5	1430	11212	32
293	0	2	9	1435	25013	31
294	0	3	5	1440	592	32
295	0	4	5	1445	667	30
296	0	5	7	1450	39604	27
297	0	5	3	1455	13240	27
298	0	4	3	1460	3250	30
299	0	4	9	1465	1495	29
300	0	2	5	1470	28096	32
301	0	5	9	1475	8409	28
302	0	3	7	1480	14903	32
303	0	4	5	1485	18837	31
304	0	3	9	1490	27706	26
305	0	5	7	1495	5293	27
306	0	1	5	1500	835	31
307	0	5	5	1505	15172	26
308	0	5	7	1510	14666	28
309	0	2	9	1515	3228	32
310	0	1	5	1520	5000	29
311	0	3	3	1525	11170	30
312	0	4	3	1530	22967	32
313	0	5	3	1535	7628	27
314	0	4	5	1540	21610	26
315	0	1	9	1545	33377	32
316	0	3	3	1550	24480	31
317	0	1	5	1555	4527	29
318	0	2	7	1560	6693	27
319	0	3	7	1565	2041	27
320	0	5	5	1570	8561	31
321	0	4	9	1575	9753	27
322	0	5	3	1600	12100	32
323	0	2	5	1604	13045	27
324	0	2	9	1608	2591	27
325	0	5	7	1612	4884	29
326	0	2	5	1616	21780	28
327	0	1	7	1620	29318	32
328	0	4	3	1624	2844	26
329	0	4	7	1628	4669	32
330	0	3	5	1632	23915	27
331	0	3	3	1636	23722	28
332	0	1	7	1640	1317	27
333	0	4	7	1644	7679	29
334	0	4	9	1648	4832	32
335	0	2	5	1652	4060	26
336	0	5	9	1656	3375	31
337	0	3	7	1660	41537	26
338	0	3	7	1664	10832	30
339	0	2	9	1668	1561	31
340	0	4	3	1672	10781	31
341	0	4	9	1676	47442	26
342	0	5	3	1680	3271	32
343	0	3	9	1684	6256	26
344	0	4	3	1688	7332	26
345	0	3	9	1692	9035	31
346	0	1	7	1696	5713	31
347	0	2	3	1700	1764	30
348	0	4	7	1704	499	31
349	0	2	5	1708	1400	26
350	0	2	5	1712	2442	32
351	0	5	3	1716	12558	30
352	0	3	5	1720	3304	32
353	0	1	7	1724	1011	28
354	0	5	5	1728	11210	30
355	0	3	7	1732	5121	31
356	0	1	7	1736	24355	29
357	0	1	3	1740	594	30
358	0	3	7	1744	10925	30
359	0	4	3	1748	10023	29
360	0	4	3	1752	8795	32
361	0	5	9	1756	2008	32
362	0	1	3	1760	8476	32
363	0	1	9	1764	5796	28
364	0	5	5	1768	5585	31
365	0	4	3	1772	7830	27
366	0	2	7	1776	8360	28
367	0	1	7	1780	5732	28
368	0	2	5	1784	1795	27
369	0	2	9	1788	9523	32
370	0	1	3	1792	14166	27
371	0	5	5	1796	27794	30
372	0	4	7	1800	15265	32
373	0	5	7	1804	4375	29
374	0	4	5	1808	9952	29
375	0	1	5	1812	9041	31
376	0	5	7	1816	4588	27
377	0	3	3	1820	3118	31
378	0	3	5	1824	2761	27
379	0	4	9	1828	13132	28
380	0	5	3	1832	37364	31
381	0	5	5	1836	14465	30
382	0	2	9	1840	24701	26
383	0	3	7	1844	1276	26
384	0	3	5	1848	1784	26
385	0	3	3	1852	2902	29
386	0	5	7	1856	11636	28
387	0	5	9	1860	281	32
388	0	4	3	1864	24081	31
389	0	2	3	1868	49665	27
390	0	2	9	1872	6504	30
391	0	4	7	1876	2629	26
392	0	5	3	1880	5562	29
393	0	5	7	1884	344	27
394	0	3	9	1888	11070	32
395	0	4	3	1892	6929	31
396	0	3	9	1896	7715	26
397	0	5	5	1900	23218	29
398	0	3	7	1904	416	28
399	0	1	9	1908	45776	32
400	0	1	5	1912	331	29
401	0	5	3	1916	83237	28
402	0	1	9	1920	73381	28
403	0	2	9	1924	8150	31
404	0	1	5	1928	6479	32
405	0	2	9	2000	3988	27
406	0	2	7	2004	31752	31
407	0	4	9	2008	32834	29
408	0	2	5	2012	8736	32
409	0	5	3	2016	972	32
410	0	3	9	2020	361	30
411	0	4	5	2024	12251	30
412	0	4	9	2028	22201	28
413	0	5	7	2032	32329	27
414	0	4	9	2036	11320	31
415	0	5	9	2040	20516	27
416	0	4	9	2044	3971	31
417	0	4	5	2048	6243	32
418	0	3	7	2052	3370	27
419	0	3	3	2056	2053	27
420	0	4	5	2060	23462	31
421	0	3	9	2064	7814	28
422	0	3	5	2068	8663	30
423	0	5	3	2072	2019	26
424	0	5	9	2076	1662	27
425	0	2	5	2080	8224	26
426	0	5	5	2084	9070	26
427	0	4	3	2088	14111	31
428	0	3	9	2092	14568	29
429	0	1	3	2096	1602	30
430	0	3	7	2100	678	30
431	0	5	5	2104	7443	30
432	0	5	7	2108	2599	28
433	0	3	5	2112	3099	28
434	0	3	7	2116	12193	31
435	0	5	3	2120	37629	28
436	0	4	5	2124	14554	28
437	0	5	3	2128	5724	28
438	0	2	3	2132	13811	27
439	0	1	5	2136	23204	31
440	0	2	7	2140	4039	31
441	0	2	9	2144	13885	32
442	0	3	7	2148	8464	32
443	0	5	3	2152	18598	31
444	0	4	3	2156	37053	30
445	0	4	5	2160	18098	32
446	0	1	9	2164	5243	30
447	0	1	7	2168	6927	28
448	0	1	9	2172	6487	28
449	0	3	9	2176	18358	30
450	0	1	3	2180	2047	26
451	0	5	5	2184	852	27
452	0	2	7	2188	11319	27
453	0	1	5	2192	25130	27
454	0	3	7	2196	1527	26
455	0	4	7	2200	9546	26
456	0	3	7	2204	7958	30
457	0	1	7	2208	22210	27
458	0	2	9	2212	5423	30
459	0	4	3	2216	30483	31
460	0	3	7	2220	16752	27
461	0	3	7	2224	3255	26
462	0	1	3	2228	3170	32
463	0	2	3	2232	5973	28
464	0	2	7	2236	277	27
465	0	3	7	2240	10056	32
466	0	4	9	2244	7065	28
467	0	2	7	2248	11458	26
468	0	2	3	2252	4184	28
469	0	4	7	2256	12740	28
470	0	1	5	2260	1485	32
471	0	4	9	2264	27924	29
472	0	2	3	2268	15361	30
473	0	2	5	2272	5921	29
474	0	1	7	2276	24621	29
475	0	2	7	2280	2277	32
476	0	1	3	2284	43118	29
477	0	3	5	2288	15557	31
478	0	2	9	2292	2685	29
479	0	2	5	2296	5181	27
480	0	2	5	2300	1838	28
481	0	4	7	2304	1155	31
482	0	4	5	2308	3840	28
483	0	5	9	2312	30246	31
484	0	5	9	2316	41348	29
485	0	4	5	2320	51566	29
486	0	4	7	2400	22888	29
487	0	4	3	2405	4591	26
488	0	5	9	2410	1373	27
489	0	5	9	2415	1122	31
490	0	3	7	2420	7657	30
491	0	4	9	2425	23571	26
492	0	3	3	2430	190	30
493	0	4	3	2435	17251	28
494	0	4	7	2440	1304	30
495	0	5	3	2445	593	31
496	0	2	9	2450	7249	32
497	0	1	7	2455	1451	30
498	0	4	5	2460	17370	29
499	0	1	5	2465	5871	30
500	0	5	7	2470	4872	30
501	0	5	5	2475	16112	30
502	0	5	5	2480	1868	32
503	0	2	3	2485	17300	26
504	0	3	5	2490	13195	31
505	0	3	5	2495	3523	29
506	0	3	3	2500	5106	29
507	0	5	5	2505	2999	31
508	0	1	9	2510	64	31
509	0	1	3	2515	35165	26
510	0	4	5	2520	10301	30
511	0	5	5	2525	17041	32
512	0	5	7	2530	12340	31
513	0	1	5	2535	156	28
514	0	3	7	2540	18119	29
515	0	4	9	2545	12966	28
516	0	4	3	2550	39793	30
517	0	2	3	2555	4497	26
518	0	3	3	2560	6619	31
519	0	3	5	2565	445	31
520	0	5	3	2570	15101	28
521	0	1	7	2575	1631	27
522	0	2	9	2580	8487	31
523	0	3	3	2585	2753	30
524	0	2	9	2590	2416	30
525	0	3	7	2595	3559	31
526	0	1	9	2600	26131	31
527	0	4	3	2605	38476	28
528	0	4	7	2610	4051	31
529	0	2	5	2615	20798	31
530	0	1	7	2620	15250	32
531	0	5	7	2625	23468	31
532	0	5	9	2630	39134	27
533	0	1	5	2635	20154	31
534	0	3	9	2640	205	30
535	0	3	3	2645	6194	30
536	0	5	5	2650	35398	31
537	0	2	3	2655	8570	28
538	0	3	7	2660	3493	32
539	0	3	7	2665	15006	26
540	0	2	3	2670	12252	26
541	0	4	5	2675	11942	30
542	0	4	5	2680	4497	28
543	0	5	7	2685	2113	26
544	0	1	7	2690	8637	26
545	0	3	5	2695	14996	31
546	0	5	3	2700	2940	28
547	0	3	7	2705	33	28
548	0	1	5	2710	49192	32
549	0	1	7	2715	7008	28
550	0	1	9	2720	1059	26
551	0	1	9	2725	1821	31
552	0	4	7	2730	14051	32
553	0	1	3	2735	15639	31
554	0	1	5	2740	13341	28
555	0	4	3	2745	2777	28
556	0	3	5	2750	3165	31
557	0	2	3	2755	33583	28
558	0	1	3	2760	10440	28
559	0	5	7	2765	6338	26
560	0	2	5	2770	5502	31
561	0	4	9	2775	5874	26
562	0	2	7	2780	32737	26
563	0	4	5	2785	2411	26
564	0	1	5	2790	3092	27
565	0	4	9	2795	15175	31
566	0	1	5	2800	19114	30
567	0	4	3	2805	21184	32
568	0	4	7	2810	66318	30
569	0	1	5	2815	5656	31
570	0	4	7	2820	14976	29
571	0	3	3	2825	7246	28
572	0	4	7	2830	742	27
573	0	1	5	2835	14869	31
574	0	2	3	2840	6063	31
575	0	2	7	2845	1073	31
576	0	3	3	2850	20217	32
577	0	3	3	2855	5086	30
578	0	2	7	2860	14128	29
579	0	4	7	2865	7596	32
580	0	4	7	2870	481	29
581	0	4	5	2875	25842	28
582	0	4	7	2880	44795	28
583	0	3	3	2885	22305	29
584	0	2	7	2890	16108	30
585	0	1	9	2895	10369	27
586	0	2	3	2900	2215	32
587	0	4	7	2905	3187	29
588	0	1	3	2910	1845	29
589	0	4	7	2915	19950	27
590	0	5	7	2920	2255	32
591	0	4	3	2925	102	28
592	0	1	9	2930	31800	32
593	0	3	9	2935	22161	32
594	0	1	5	2940	5093	27
595	0	4	3	2945	3495	32
596	0	2	7	2950	14276	30
597	0	5	9	2955	1678	28
598	0	4	5	2960	32673	32
599	0	2	9	2965	19045	27
600	0	2	9	2970	29832	26
601	0	1	9	2975	5901	28
602	0	5	9	2980	81	30
603	0	1	3	2985	11223	27
604	0	3	9	2990	15687	31
605	0	3	7	2995	11970	30
606	0	2	5	3000	1011	30
607	0	4	5	3005	46694	26
608	0	5	3	3010	4835	26
609	0	5	7	3015	10567	29
610	0	2	9	3020	5972	29
611	0	1	5	3025	26097	27
612	0	5	7	3030	3407	32
613	0	3	7	3035	1426	28
614	0	2	3	3040	5562	29
615	0	4	3	3045	7936	28
616	0	5	5	3050	6352	31
617	0	4	7	3055	1138	29
618	0	3	9	3060	7028	28
619	0	1	7	3065	12550	32
620	0	3	7	3070	9556	32
621	0	2	7	3075	9943	27
622	0	4	3	3080	13914	29
623	0	1	3	3085	2464	29
624	0	1	7	3090	2745	32
625	0	1	7	3095	14624	26
626	0	3	5	3100	8906	28
627	0	2	7	3105	2946	27
628	0	5	9	3110	5440	29
629	0	4	9	3115	1865	31
630	0	5	9	3120	5928	26
631	0	3	5	3125	13824	30
632	0	4	7	3130	6355	30
633	0	1	9	3135	27209	27
634	0	2	7	3140	9642	32
635	0	3	9	3145	12629	26
636	0	5	5	3150	25165	30
637	0	3	7	3155	5516	27
638	0	1	3	3160	1461	30
639	0	4	9	3165	1365	26
640	0	4	7	3170	8263	29
641	0	4	9	3175	2514	31
642	0	5	7	3180	27827	28
643	0	2	5	3185	9771	32
644	0	2	7	3190	6500	30
645	0	4	5	3200	4025	31
646	0	4	7	3205	17193	29
647	0	4	5	3210	20399	30
648	0	1	9	3215	7648	28
649	0	3	3	3220	23766	31
650	0	4	9	3225	22115	27
651	0	4	3	3230	11151	26
652	0	2	9	3235	13946	32
653	0	4	9	3240	4037	32
654	0	5	3	3245	3395	28
655	0	1	5	3250	5232	31
656	0	3	7	3255	14531	32
657	0	4	9	3260	20648	27
658	0	5	5	3265	6190	28
659	0	2	5	3270	304	30
660	0	1	5	3275	1361	27
661	0	5	7	3280	23860	29
662	0	4	5	3285	11456	30
663	0	2	3	3290	2494	27
664	0	5	7	3295	2612	29
665	0	4	7	3300	14774	32
666	0	2	7	3305	7736	29
667	0	5	7	3310	5183	31
668	0	1	9	3315	9846	29
669	0	4	3	3320	15277	28
670	0	5	7	3325	11197	30
671	0	3	7	3330	521	30
672	0	4	5	3335	44670	31
673	0	5	3	3340	4908	28
674	0	2	9	3345	1962	29
675	0	5	9	3350	5355	27
676	0	3	3	3355	13007	32
677	0	3	9	3360	1661	29
678	0	4	5	3365	17502	31
679	0	2	5	3370	30242	27
680	0	3	9	3375	34384	30
681	0	4	3	3380	14716	31
682	0	1	9	3385	16465	32
683	0	3	9	3390	8377	30
684	0	5	3	3395	4320	30
685	0	2	9	3400	18427	32
686	0	2	5	3405	68981	30
687	0	1	9	3410	1609	31
688	0	2	9	3415	12597	31
689	0	2	5	3420	2660	26
690	0	5	5	3425	35668	27
691	0	1	7	3430	693	29
692	0	4	5	3435	40413	32
693	0	4	7	3440	1127	26
694	0	3	5	3445	3	31
695	0	5	9	3450	12083	26
696	0	5	7	3455	10238	27
697	0	4	5	3460	15019	26
698	0	2	7	3465	5382	29
699	0	3	9	3470	14862	31
700	0	3	7	3475	19915	27
701	0	4	9	3480	6343	31
702	0	3	5	3485	3572	26
703	0	3	7	3490	16696	32
704	0	3	7	3495	3537	27
705	0	2	3	3500	19263	29
706	0	5	9	3505	11909	28
707	0	3	9	3510	5196	29
708	0	2	9	3515	1737	29
709	0	5	3	3520	26103	27
710	0	4	3	3525	14118	32
711	0	1	7	3530	10205	29
712	0	1	5	3535	661	29
713	0	3	9	3540	7926	27
714	0	5	5	3545	1026	32
715	0	2	5	3550	6142	29
716	0	5	9	3555	1488	30
717	0	2	7	3560	1433	32
718	0	2	3	3565	25986	30
719	0	4	9	3570	6350	29
720	0	3	5	3600	14906	27
721	0	2	9	3606	5163	30
722	0	4	7	3612	14479	32
723	0	5	7	3618	5373	29
724	0	5	9	3624	17700	27
725	0	4	3	3630	9596	27
726	0	5	5	3636	960	30
727	0	5	7	3642	26077	31
728	0	2	7	3648	4903	30
729	0	3	9	3654	8713	29
730	0	5	5	3660	18506	32
731	0	4	7	3666	35428	31
732	0	1	3	3672	17525	32
733	0	2	7	3678	707	26
734	0	5	7	3684	1395	32
735	0	4	3	3690	9122	32
736	0	2	7	3696	7155	30
737	0	4	3	3702	64001	32
738	0	5	3	3708	3406	29
739	0	4	9	3714	8394	26
740	0	2	3	3720	2025	30
741	0	4	5	3726	12439	27
742	0	4	3	3732	56139	27
743	0	2	9	3738	17304	30
744	0	4	3	3744	8491	26
745	0	5	7	3750	5660	31
746	0	1	3	3756	29	26
747	0	1	5	3762	7895	31
748	0	4	5	3768	92	26
749	0	2	3	3774	10985	27
750	0	1	3	3780	8758	29
751	0	4	9	3786	7424	27
752	0	3	3	3792	21167	29
753	0	4	7	3798	36072	32
754	0	5	5	3804	82174	29
755	0	2	9	3810	7396	29
756	0	1	5	3816	14846	31
757	0	4	9	3822	27222	30
758	0	4	9	3828	46971	31
759	0	5	5	3834	14641	32
760	0	3	9	3840	15370	32
761	0	5	3	3846	16312	29
762	0	2	3	3852	193	32
763	0	5	9	3858	11566	26
764	0	5	7	3864	1268	27
765	0	5	7	3870	16345	26
766	0	1	7	3876	19611	29
767	0	4	9	3882	67587	28
768	0	4	5	3888	5614	27
769	0	2	5	3894	9570	26
770	0	1	7	3900	36307	31
771	0	1	7	3906	1554	30
772	0	2	5	3912	24068	28
773	0	3	5	3918	5777	29
774	0	2	9	3924	3542	31
775	0	5	3	3930	818	26
776	0	3	7	3936	5336	29
777	0	3	9	3942	33218	27
778	0	2	5	3948	23071	28
779	0	5	5	3954	6033	28
780	0	4	9	3960	9530	27
781	0	4	3	3966	10842	32
782	0	2	5	3972	25297	30
783	0	1	7	3978	15970	28
784	0	3	9	3984	75789	32
785	0	2	5	3990	4711	31
786	0	1	5	4000	1522	28
787	0	3	7	4004	20402	32
788	0	2	3	4008	720	29
789	0	4	9	4012	12587	28
790	0	4	7	4016	20753	26
791	0	4	9	4020	9651	26
792	0	1	5	4024	182	27
793	0	1	9	4028	9380	29
794	0	2	3	4032	18223	27
795	0	2	3	4036	6375	26
796	0	3	3	4040	11908	27
797	0	5	3	4044	5584	27
798	0	2	3	4048	13060	29
799	0	4	7	4052	17292	26
800	0	5	3	4056	10159	28
801	0	2	5	4060	72	30
802	0	2	3	4064	1377	29
803	0	3	9	4068	7351	26
804	0	1	5	4072	12536	28
805	0	5	7	4076	6061	31
806	0	2	7	4080	10873	31
807	0	5	9	4084	7098	32
808	0	2	9	4088	14246	27
809	0	1	5	4092	32441	28
810	0	4	3	4096	1279	26
811	0	3	5	4100	17771	30
812	0	3	5	4104	524	28
813	0	4	5	4108	10549	28
814	0	1	7	4112	2045	31
815	0	4	7	4116	1634	32
816	0	4	7	4120	23997	32
817	0	1	7	4124	3946	29
818	0	2	3	4128	11623	26
819	0	4	5	4132	17931	29
820	0	4	3	4136	11761	30
821	0	3	9	4140	52625	29
822	0	3	7	4144	33393	31
823	0	5	5	4148	15447	32
824	0	4	7	4152	15576	26
825	0	3	9	4156	6107	31
826	0	1	3	4160	1349	29
827	0	2	5	4164	4682	32
828	0	2	3	4168	11029	28
829	0	5	9	4172	22251	30
830	0	2	9	4176	6885	31
831	0	3	7	4180	51983	27
832	0	2	9	4184	3842	31
833	0	3	9	4188	1137	28
834	0	1	5	4192	20850	26
835	0	3	5	4196	9370	29
836	0	3	3	4200	7996	29
837	0	4	7	4204	6546	30
838	0	5	5	4208	1099	32
839	0	3	3	4212	11044	27
840	0	1	7	4216	15659	32
841	0	2	7	4220	13400	29
842	0	1	7	4224	1567	31
843	0	2	7	4228	1605	27
844	0	5	7	4232	9544	27
845	0	1	5	4236	615	28
846	0	2	5	4240	8556	30
847	0	3	9	4244	6750	31
848	0	5	5	4248	5845	31
849	0	4	5	4252	12723	28
850	0	3	5	4256	9516	27
851	0	2	7	4260	5151	31
852	0	3	3	4264	16719	27
853	0	3	9	4268	26231	26
854	0	5	5	4272	1790	28
855	0	2	3	4276	10513	32
856	0	5	7	4280	844	31
857	0	2	7	4284	5822	29
858	0	5	5	4288	15762	32
859	0	4	5	4292	3441	30
860	0	5	5	4296	4113	28
861	0	5	3	4300	3823	32
862	0	3	7	4304	22400	30
863	0	2	3	4308	22884	29
864	0	5	7	4312	8232	30
865	0	2	7	4316	1455	32
866	0	2	7	4320	8283	32
867	0	5	5	4324	36514	32
868	0	3	3	4328	17166	27
869	0	4	3	4332	11446	27
870	0	1	7	4336	12289	28
871	0	1	3	4340	7047	28
872	0	2	5	4344	2569	29
873	0	5	9	4348	227	31
874	0	4	7	4352	574	30
875	0	3	7	4356	36461	27
876	0	2	5	4400	24038	30
877	0	2	3	4404	20111	30
878	0	1	7	4408	2314	31
879	0	3	5	4412	13557	30
880	0	2	5	4416	26382	26
881	0	3	5	4420	13527	30
882	0	2	3	4424	33263	26
883	0	4	7	4428	35365	32
884	0	2	5	4432	4210	29
885	0	5	5	4436	1099	26
886	0	5	7	4440	3216	32
887	0	4	3	4444	5860	30
888	0	3	5	4448	36409	32
889	0	5	5	4452	3300	27
890	0	3	9	4456	7710	31
891	0	1	5	4460	1291	26
892	0	5	3	4464	14028	30
893	0	2	9	4468	21856	28
894	0	4	9	4472	4477	31
895	0	1	5	4476	7305	32
896	0	4	9	4480	21072	32
897	0	4	7	4484	3792	28
898	0	2	9	4488	11893	29
899	0	4	3	4492	6836	27
900	0	4	9	4496	9620	29
901	0	2	3	4500	9784	30
902	0	5	9	4504	13283	29
903	0	2	3	4508	17680	29
904	0	3	9	4512	153	32
905	0	3	5	4516	1309	32
906	0	1	3	4520	2039	27
907	0	4	3	4524	15845	28
908	0	5	3	4528	22055	29
909	0	3	9	4532	2476	26
910	0	5	7	4536	15211	27
911	0	4	5	4540	3533	26
912	0	2	9	4544	2814	31
913	0	2	3	4548	669	28
914	0	3	3	4552	5361	29
915	0	2	3	4556	11427	30
916	0	3	3	4560	4902	31
917	0	5	3	4564	27376	30
918	0	1	7	4568	9731	26
919	0	5	5	4572	6308	29
920	0	2	9	4576	25356	26
921	0	4	5	4580	1428	27
922	0	2	9	4584	5	32
923	0	4	9	4588	8816	26
924	0	1	5	4592	1819	29
925	0	1	3	4596	9289	28
926	0	1	9	4600	16869	31
927	0	5	7	4604	5253	27
928	0	2	3	4608	14744	26
929	0	3	3	4612	10722	30
930	0	4	9	4616	1599	28
931	0	4	9	4620	10820	28
932	0	5	3	4624	2440	27
933	0	2	7	4628	16214	29
934	0	4	5	4632	1608	26
935	0	5	5	4636	4832	29
936	0	3	7	4640	79	26
937	0	1	9	4644	2186	30
938	0	2	9	4648	32757	32
939	0	5	3	4652	2566	30
940	0	4	3	4656	32126	31
941	0	2	5	4660	8369	29
942	0	4	9	4664	9463	27
943	0	1	7	4668	17398	32
944	0	5	7	4672	8856	26
945	0	5	5	4676	2966	30
946	0	4	5	4680	26815	27
947	0	3	3	4684	12097	27
948	0	5	7	4688	7798	32
949	0	2	7	4692	14339	27
950	0	3	5	4696	1541	26
951	0	5	9	4700	31811	27
952	0	4	9	4704	15079	27
953	0	3	7	4708	2981	26
954	0	2	3	4712	9721	27
955	0	1	5	4716	6941	27
956	0	5	3	4720	9773	30
957	0	2	9	4724	1937	29
958	0	2	9	4728	11936	32
959	0	2	7	4732	7706	30
960	0	2	5	4736	5142	26
961	0	1	7	4740	19420	26
962	0	3	9	4744	311	28
963	0	3	3	4748	3452	31
964	0	4	3	4752	763	31
965	0	2	9	4756	1593	31
966	0	4	3	4760	884	32
967	0	5	5	4764	7572	27
968	0	4	7	4800	31703	27
969	0	3	9	4804	350	32
970	0	4	7	4808	11222	30
971	0	3	3	4812	2218	27
972	0	4	3	4816	39591	30
973	0	1	7	4820	5412	28
974	0	1	5	4824	7792	31
975	0	1	7	4828	5678	30
976	0	5	5	4832	10035	26
977	0	2	5	4836	3214	26
978	0	4	5	4840	77301	26
979	0	1	9	4844	30566	31
980	0	3	7	4848	12458	26
981	0	4	7	4852	1530	29
982	0	1	9	4856	25111	27
983	0	5	5	4860	121	32
984	0	5	7	4864	7623	30
985	0	5	3	4868	2609	27
986	0	5	9	4872	25318	26
987	0	3	7	4876	39915	27
988	0	1	5	4880	2467	28
989	0	4	9	4884	13908	32
990	0	1	3	4888	17867	31
991	0	1	7	4892	23385	30
992	0	4	3	4896	9225	30
993	0	5	3	4900	7414	28
994	0	3	7	4904	22297	29
995	0	3	5	4908	1663	30
996	0	4	7	4912	7766	26
997	0	2	9	4916	4202	28
998	0	2	5	4920	14597	27
999	0	4	7	4924	6082	27
1000	0	1	3	4928	1921	30
1001	0	4	3	4932	6640	32
1002	0	5	7	4936	14703	32
1003	0	3	9	4940	7153	32
1004	0	3	3	4944	1128	29
1005	0	5	5	4948	36389	31
1006	0	2	7	4952	40691	29
1007	0	3	5	4956	5213	31
1008	0	2	5	4960	16273	27
1009	0	2	7	4964	2355	29
1010	0	1	3	4968	24720	27
1011	0	3	9	4972	4664	30
1012	0	4	7	4976	1959	28
1013	0	1	9	4980	14790	26
1014	0	5	9	4984	21117	29
1015	0	4	9	4988	3117	29
1016	0	1	7	4992	31106	32
1017	0	3	5	4996	188	29
1018	0	3	5	5000	18160	27
1019	0	5	3	5004	24142	29
1020	0	3	3	5008	3382	31
1021	0	2	7	5012	1357	31
1022	0	5	3	5016	3976	32
1023	0	1	7	5020	3333	28
1024	0	2	7	5024	3523	27
1025	0	3	9	5028	16633	32
1026	0	4	9	5032	12007	30
1027	0	4	9	5036	8370	28
1028	0	4	9	5040	8782	32
1029	0	4	9	5044	5135	26
1030	0	2	3	5048	27693	29
1031	0	4	7	5052	3796	30
1032	0	1	9	5056	9093	32
1033	0	1	7	5060	11019	32
1034	0	1	9	5064	17831	27
1035	0	4	7	5068	2995	26
1036	0	5	3	5072	6401	29
1037	0	4	9	5076	6694	27
1038	0	2	5	5080	30351	28
1039	0	5	3	5084	8768	31
1040	0	4	5	5088	3122	30
1041	0	2	5	5092	8968	27
1042	0	2	5	5096	3008	32
1043	0	4	7	5100	92	31
1044	0	3	9	5104	20162	30
1045	0	3	5	5108	7224	27
1046	0	3	3	5112	14726	27
1047	0	4	3	5116	21121	29
1048	0	1	5	5120	12028	31
1049	0	5	9	5124	11461	32
1050	0	3	7	5128	2742	31
1051	0	1	3	5132	7413	29
1052	0	5	7	5136	8699	27
1053	0	2	5	5140	21802	30
1054	0	1	7	5144	1978	29
1055	0	4	5	5148	502	32
1056	0	5	9	5152	1850	26
1057	0	5	9	5156	7478	30
1058	0	1	5	5160	2597	30
1059	0	5	5	5164	4982	30
1060	0	1	5	5168	4618	27
1061	0	3	7	5172	7486	26
1062	0	5	7	5176	21505	32
1063	0	4	5	5180	6014	27
1064	0	1	7	5184	3903	26
1065	0	3	5	5188	11035	30
1066	0	3	9	5192	18773	30
1067	0	4	9	5200	9578	29
1068	0	1	3	5204	32752	32
1069	0	1	3	5208	11207	29
1070	0	4	9	5212	20273	26
1071	0	3	7	5216	8259	30
1072	0	2	3	5220	1201	27
1073	0	3	3	5224	3636	28
1074	0	2	7	5228	12166	32
1075	0	1	7	5232	15242	29
1076	0	1	3	5236	25976	32
1077	0	1	5	5240	3848	26
1078	0	3	9	5244	6722	31
1079	0	5	3	5248	19442	26
1080	0	1	9	5252	528	31
1081	0	1	9	5256	19577	26
1082	0	3	7	5260	24407	30
1083	0	4	3	5264	28087	26
1084	0	1	3	5268	1863	27
1085	0	1	9	5272	6950	32
1086	0	4	9	5276	16905	28
1087	0	4	7	5280	14203	28
1088	0	5	3	5284	7148	29
1089	0	2	5	5288	15832	27
1090	0	5	7	5292	974	26
1091	0	1	3	5296	35863	32
1092	0	4	7	5300	3182	30
1093	0	3	3	5304	10423	31
1094	0	5	7	5308	2662	30
1095	0	1	7	5312	17374	29
1096	0	2	9	5316	14170	28
1097	0	3	3	5320	21091	31
1098	0	4	3	5324	15712	31
1099	0	1	5	5328	2863	26
1100	0	5	7	5332	12998	29
1101	0	4	3	5336	2049	30
1102	0	4	3	5340	26846	29
1103	0	5	3	5344	315	28
1104	0	1	3	5348	19305	32
1105	0	1	9	5352	14719	27
1106	0	5	9	5356	5460	28
1107	0	3	5	5360	3520	31
1108	0	1	7	5364	2682	30
1109	0	5	9	5368	6803	32
1110	0	3	5	5372	2032	26
1111	0	4	7	5376	24348	32
1112	0	2	9	5380	425	32
1113	0	1	3	5384	5980	30
1114	0	5	5	5388	4224	31
1115	0	1	7	5392	8685	26
1116	0	5	3	5396	10845	29
1117	0	2	5	5400	31852	32
1118	0	3	3	5404	3457	32
1119	0	5	7	5408	21844	26
1120	0	4	7	5412	22431	27
1121	0	5	5	5416	1223	28
1122	0	4	9	5420	1278	26
1123	0	4	7	5424	2708	31
1124	0	2	5	5428	9035	29
1125	0	4	7	5432	24095	26
1126	0	4	3	5436	3688	26
1127	0	4	3	5440	8679	29
1128	0	4	5	5444	774	31
1129	0	1	9	5448	24691	28
1130	0	5	7	5452	319	26
1131	0	3	3	5456	712	26
1132	0	3	5	5460	9433	28
1133	0	3	5	5464	2929	30
1134	0	5	7	5468	1818	29
1135	0	2	7	5472	26064	26
1136	0	3	9	5476	29045	30
1137	0	3	5	5480	22233	28
1138	0	3	3	5484	1315	26
1139	0	1	3	5488	6896	26
1140	0	1	3	5492	923	30
1141	0	2	7	5496	8350	29
1142	0	4	9	5500	8163	30
1143	0	5	3	5504	194	29
1144	0	4	3	5508	10320	27
1145	0	1	3	5512	2820	26
1146	0	4	3	5516	29550	26
1147	0	3	7	5520	22022	32
1148	0	3	7	5524	4004	32
1149	0	4	3	5528	13818	29
1150	0	2	7	5532	2235	26
1151	0	1	7	5536	17292	29
1152	0	1	9	5540	10330	31
1153	0	4	5	5544	26704	31
1154	0	3	9	5548	5478	31
1155	0	1	3	5552	9976	27
1156	0	1	5	5556	690	30
1157	0	5	7	5600	14100	31
1158	0	4	7	5605	8245	31
1159	0	3	5	5610	32641	31
1160	0	2	9	5615	7002	27
1161	0	1	7	5620	22824	31
1162	0	4	3	5625	2554	26
1163	0	5	7	5630	4770	28
1164	0	1	3	5635	6260	31
1165	0	1	3	5640	1239	32
1166	0	2	5	5645	4701	30
1167	0	5	7	5650	20463	27
1168	0	1	5	5655	3482	26
1169	0	3	9	5660	6345	31
1170	0	4	7	5665	11115	29
1171	0	2	7	5670	16720	27
1172	0	4	5	5675	20970	31
1173	0	3	3	5680	20133	31
1174	0	5	7	5685	17325	28
1175	0	2	3	5690	5066	30
1176	0	1	7	5695	11098	30
1177	0	5	7	5700	1066	29
1178	0	1	5	5705	11775	29
1179	0	1	5	5710	4620	28
1180	0	5	5	5715	36180	26
1181	0	2	5	5720	6624	26
1182	0	2	7	5725	3153	30
1183	0	5	3	5730	5709	28
1184	0	5	5	5735	14538	28
1185	0	4	3	5740	3660	30
1186	0	3	5	5745	7857	28
1187	0	4	9	5750	12680	29
1188	0	5	5	5755	22767	32
1189	0	5	7	5760	10298	28
1190	0	2	5	5765	21270	29
1191	0	3	5	5770	2980	32
1192	0	5	9	5775	5100	29
1193	0	1	7	5780	2232	28
1194	0	4	5	5785	63675	32
1195	0	5	5	5790	3032	32
1196	0	3	5	5795	4445	29
1197	0	4	3	5800	2170	28
1198	0	4	9	5805	11285	30
1199	0	4	9	5810	7817	28
1200	0	5	7	5815	25985	28
1201	0	5	7	5820	1217	31
1202	0	3	3	5825	10656	32
1203	0	1	7	5830	24764	27
1204	0	1	5	5835	998	26
1205	0	5	9	5840	6499	31
1206	0	3	3	5845	33276	30
1207	0	4	9	5850	17326	26
1208	0	5	9	5855	1643	29
1209	0	1	9	5860	268	27
1210	0	5	7	5865	38964	30
1211	0	1	7	5870	42458	26
1212	0	5	3	5875	819	27
1213	0	3	3	5880	2343	29
1214	0	3	3	5885	49020	31
1215	0	1	7	5890	216	26
1216	0	5	3	5895	11598	27
1217	0	5	9	5900	20129	30
1218	0	1	5	5905	11795	32
1219	0	3	9	5910	1859	27
1220	0	3	9	5915	11537	30
1221	0	4	7	5920	13367	26
1222	0	5	3	5925	41400	28
1223	0	2	9	5930	13516	31
1224	0	1	7	5935	10427	28
1225	0	1	5	5940	5815	30
1226	0	3	9	5945	6240	30
1227	0	3	7	5950	12807	29
1228	0	4	9	5955	20456	32
1229	0	5	5	5960	9335	28
1230	0	4	7	5965	425	26
1231	0	3	5	6000	6913	27
1232	0	1	9	6004	7743	32
1233	0	2	7	6008	1900	27
1234	0	2	7	6012	6835	32
1235	0	1	7	6016	23127	28
1236	0	4	3	6020	21671	27
1237	0	1	9	6024	5320	28
1238	0	4	9	6028	4258	28
1239	0	1	5	6032	4009	29
1240	0	2	3	6036	4723	26
1241	0	5	7	6040	15125	27
1242	0	4	9	6044	8918	26
1243	0	5	7	6048	21115	31
1244	0	5	9	6052	11453	31
1245	0	1	7	6056	23522	28
1246	0	4	5	6060	2005	30
1247	0	2	7	6064	2218	26
1248	0	4	7	6068	2477	30
1249	0	3	7	6072	45368	31
1250	0	5	3	6076	11107	31
1251	0	4	7	6080	8232	32
1252	0	4	9	6084	9310	28
1253	0	2	3	6088	7527	29
1254	0	1	9	6092	23684	30
1255	0	1	3	6096	2882	28
1256	0	5	7	6100	1646	29
1257	0	2	5	6104	29269	26
1258	0	5	3	6108	4150	32
1259	0	1	3	6112	14280	28
1260	0	3	3	6116	153	26
1261	0	5	7	6120	3966	27
1262	0	5	3	6124	34982	27
1263	0	1	7	6128	10621	26
1264	0	3	5	6132	52381	26
1265	0	3	5	6136	8887	28
1266	0	5	9	6140	8209	27
1267	0	3	5	6144	30242	32
1268	0	2	7	6148	16311	29
1269	0	3	5	6152	1653	28
1270	0	2	5	6156	2413	32
1271	0	5	3	6160	3637	31
1272	0	1	3	6164	8668	28
1273	0	1	9	6168	5017	28
1274	0	1	9	6172	20456	27
1275	0	4	5	6176	27773	28
1276	0	1	7	6180	1912	32
1277	0	1	5	6184	1814	30
1278	0	2	9	6188	752	26
1279	0	5	3	6192	15337	32
1280	0	2	3	6196	3138	32
1281	0	1	5	6200	3241	30
1282	0	5	3	6204	7607	32
1283	0	1	3	6208	22065	26
1284	0	5	3	6212	33166	30
1285	0	5	9	6216	9276	27
1286	0	4	7	6220	27422	32
1287	0	5	7	6224	114	29
1288	0	1	7	6228	4032	29
1289	0	1	7	6232	2992	30
1290	0	1	3	6236	15544	32
1291	0	3	9	6240	30755	26
1292	0	2	9	6244	815	29
1293	0	4	7	6248	11084	32
1294	0	3	5	6252	3798	28
1295	0	2	5	6256	539	31
1296	0	1	7	6260	17671	26
1297	0	3	5	6264	33187	26
1298	0	2	3	6268	22036	30
1299	0	3	7	6272	1155	29
1300	0	2	7	6276	5425	27
1301	0	2	9	6280	3204	31
1302	0	1	3	6284	6654	29
1303	0	2	3	6288	714	27
1304	0	2	5	6292	19018	32
1305	0	1	9	6296	5026	32
1306	0	4	7	6300	48240	29
1307	0	4	9	6304	2647	26
1308	0	1	3	6308	12522	27
1309	0	3	7	6312	38590	28
1310	0	1	7	6316	822	28
1311	0	5	3	6320	52958	31
1312	0	5	5	6324	22922	26
1313	0	5	3	6328	10155	32
1314	0	5	9	6332	7520	29
1315	0	2	7	6336	17953	28
1316	0	1	5	6340	20051	27
1317	0	4	9	6344	1328	27
1318	0	1	5	6348	12611	28
1319	0	3	5	6352	7149	31
1320	0	4	9	6356	11767	28
1321	0	1	3	6360	7984	30
1322	0	2	9	6364	12066	29
1323	0	1	3	6400	8869	31
1324	0	2	5	6404	6180	29
1325	0	5	7	6408	3600	31
1326	0	4	5	6412	2615	27
1327	0	2	5	6416	29087	28
1328	0	3	7	6420	876	32
1329	0	5	5	6424	17858	28
1330	0	4	9	6428	1678	28
1331	0	3	3	6432	2832	32
1332	0	4	5	6436	4275	32
1333	0	4	5	6440	41683	29
1334	0	4	5	6444	5312	31
1335	0	5	5	6448	65584	27
1336	0	1	5	6452	19994	27
1337	0	4	9	6456	6365	31
1338	0	5	7	6460	564	26
1339	0	5	3	6464	10839	30
1340	0	2	5	6468	9752	31
1341	0	1	7	6472	14459	32
1342	0	4	7	6476	5388	27
1343	0	4	3	6480	4725	27
1344	0	5	9	6484	2013	28
1345	0	2	3	6488	16087	26
1346	0	4	5	6492	883	26
1347	0	2	9	6496	8191	30
1348	0	5	9	6500	1772	28
1349	0	1	7	6504	8206	26
1350	0	1	3	6508	3167	30
1351	0	2	7	6512	13154	32
1352	0	3	9	6516	4053	31
1353	0	5	9	6520	5965	32
1354	0	5	9	6524	7548	26
1355	0	1	7	6528	25222	29
1356	0	1	9	6532	11001	28
1357	0	5	3	6536	28019	30
1358	0	5	9	6540	12781	30
1359	0	3	7	6544	9209	27
1360	0	3	7	6548	1899	31
1361	0	2	3	6552	878	26
1362	0	1	3	6556	1637	26
1363	0	2	7	6560	24814	32
1364	0	5	7	6564	21219	26
1365	0	4	7	6568	23250	28
1366	0	1	9	6572	13982	32
1367	0	1	9	6576	25742	29
1368	0	1	9	6580	2878	26
1369	0	5	7	6584	7616	28
1370	0	2	5	6588	40216	27
1371	0	3	7	6592	6134	29
1372	0	4	5	6596	728	27
1373	0	1	3	6600	686	30
1374	0	1	9	6604	26764	26
1375	0	3	3	6608	31023	29
1376	0	2	7	6612	1591	29
1377	0	4	7	6616	4429	27
1378	0	2	3	6620	5506	29
1379	0	1	3	6624	13094	29
1380	0	1	3	6628	2503	31
1381	0	2	7	6632	14491	30
1382	0	3	7	6636	17853	26
1383	0	2	3	6640	10270	32
1384	0	4	5	6644	9376	30
1385	0	2	5	6648	7497	29
1386	0	5	3	6652	30862	26
1387	0	5	5	6656	28634	26
1388	0	5	7	6660	8368	29
1389	0	4	7	6664	7845	28
1390	0	5	5	6668	6041	31
1391	0	1	5	6672	28612	29
1392	0	4	3	6676	16945	26
1393	0	3	9	6680	8564	31
1394	0	3	7	6684	7138	32
1395	0	1	5	6688	7980	30
1396	0	5	5	6692	10204	31
1397	0	3	9	6696	8037	27
1398	0	4	5	6700	8225	27
1399	0	1	5	6704	4255	32
1400	0	1	3	6708	618	26
1401	0	3	5	6712	2499	29
1402	0	2	3	6716	3966	29
1403	0	5	5	6720	13209	26
1404	0	5	3	6724	9069	31
1405	0	3	7	6728	21387	27
1406	0	3	5	6732	11207	30
1407	0	2	9	6736	3152	27
1408	0	4	9	6740	8298	31
1409	0	2	7	6744	9377	29
1410	0	4	3	6748	16808	32
1411	0	3	5	6752	4135	26
1412	0	4	9	6756	9193	27
1413	0	5	7	6760	56712	27
1414	0	2	7	6764	5123	29
1415	0	2	9	6768	7071	26
1416	0	4	7	6772	4219	26
1417	0	5	3	6776	9648	26
1418	0	3	5	6780	4829	27
1419	0	4	5	6784	5444	29
1420	0	5	5	6788	32317	27
1421	0	1	5	6800	18175	31
1422	0	2	3	6805	5752	32
1423	0	3	3	6810	15859	31
1424	0	1	3	6815	926	29
1425	0	2	3	6820	705	30
1426	0	5	5	6825	12390	28
1427	0	2	5	6830	9547	28
1428	0	4	7	6835	11215	30
1429	0	1	7	6840	6266	29
1430	0	4	7	6845	5203	31
1431	0	5	7	6850	12127	27
1432	0	5	5	6855	20089	26
1433	0	1	9	6860	863	29
1434	0	5	3	6865	11422	28
1435	0	4	7	6870	3	27
1436	0	5	5	6875	6529	27
1437	0	4	5	6880	1354	26
1438	0	3	9	6885	548	27
1439	0	1	9	6890	14874	29
1440	0	4	9	6895	23393	31
1441	0	3	5	6900	14154	32
1442	0	2	7	6905	6307	28
1443	0	3	3	6910	38580	26
1444	0	5	7	6915	15551	28
1445	0	3	3	6920	1318	31
1446	0	2	5	6925	5595	28
1447	0	5	5	6930	17389	32
1448	0	2	5	6935	2129	28
1449	0	2	7	6940	36	32
1450	0	2	7	6945	2517	29
1451	0	1	3	6950	245	31
1452	0	5	7	6955	2047	26
1453	0	1	9	6960	1690	30
1454	0	2	9	6965	5472	30
1455	0	1	9	6970	3777	28
1456	0	1	3	6975	19750	29
1457	0	4	9	6980	9532	30
1458	0	4	3	6985	10789	29
1459	0	3	3	6990	7692	27
1460	0	4	3	6995	2497	31
1461	0	2	3	7000	720	28
1462	0	4	3	7005	11730	29
1463	0	3	3	7010	1164	27
1464	0	4	9	7015	2534	31
1465	0	5	5	7020	1501	31
1466	0	3	9	7025	7824	32
1467	0	3	3	7030	7522	30
1468	0	5	7	7035	5681	31
1469	0	3	9	7040	5119	27
1470	0	2	5	7045	311	32
1471	0	1	5	7050	2524	26
1472	0	3	5	7055	8505	32
1473	0	2	7	7060	11637	30
1474	0	5	5	7065	8488	31
1475	0	2	3	7070	3289	28
1476	0	5	7	7075	5569	29
1477	0	4	3	7080	6557	32
1478	0	4	7	7085	83	28
1479	0	4	3	7090	42196	31
1480	0	5	7	7095	13841	28
1481	0	5	9	7100	25309	29
1482	0	1	9	7105	5854	26
1483	0	3	9	7110	11122	31
1484	0	4	9	7115	2943	32
1485	0	4	7	7120	4834	32
1486	0	5	3	7125	7826	27
1487	0	5	5	7130	13715	29
1488	0	5	9	7135	14578	31
1489	0	5	3	7140	5057	26
1490	0	4	5	7145	2574	30
1491	0	2	7	7150	24619	29
1492	0	5	3	7155	8650	29
1493	0	5	9	7160	10167	32
1494	0	3	7	7165	8873	31
1495	0	3	9	7170	19274	28
1496	0	5	3	7175	855	29
1497	0	5	5	7180	4563	26
1498	0	5	3	7185	17607	28
1499	0	5	3	7200	11261	30
1500	0	5	3	7204	11770	31
1501	0	5	5	7208	28492	30
1502	0	5	9	7212	5893	26
1503	0	4	7	7216	20272	26
1504	0	1	3	7220	45476	32
1505	0	2	5	7224	91809	29
1506	0	3	9	7228	8621	32
1507	0	4	9	7232	9215	28
1508	0	1	7	7236	11748	32
1509	0	5	9	7240	1622	28
1510	0	2	3	7244	27486	31
1511	0	3	3	7248	5856	30
1512	0	1	5	7252	9349	27
1513	0	1	3	7256	11699	30
1514	0	4	5	7260	18659	31
1515	0	5	3	7264	4439	28
1516	0	1	3	7268	13385	28
1517	0	2	5	7272	236	31
1518	0	4	3	7276	24947	28
1519	0	1	5	7280	23491	31
1520	0	5	5	7284	12208	29
1521	0	3	7	7288	19187	29
1522	0	4	5	7292	17250	32
1523	0	1	5	7296	405	31
1524	0	5	5	7300	2009	29
1525	0	5	9	7304	2009	28
1526	0	1	3	7308	13526	29
1527	0	3	5	7312	33048	32
1528	0	5	9	7316	1240	32
1529	0	2	5	7320	14760	28
1530	0	3	9	7324	2249	31
1531	0	1	5	7328	678	29
1532	0	4	3	7332	12650	30
1533	0	4	5	7336	6093	31
1534	0	4	9	7340	5082	32
1535	0	1	5	7344	18035	30
1536	0	5	3	7348	8093	28
1537	0	2	3	7352	10147	32
1538	0	2	7	7356	11828	31
1539	0	2	7	7360	2950	29
1540	0	1	7	7364	20515	26
1541	0	2	3	7368	34396	31
1542	0	4	9	7372	701	29
1543	0	1	9	7376	10319	29
1544	0	4	3	7380	7067	27
1545	0	1	5	7384	19736	26
1546	0	1	3	7388	4810	28
1547	0	5	3	7392	26583	31
1548	0	1	7	7396	18313	27
1549	0	3	7	7400	2880	28
1550	0	2	9	7404	1631	26
1551	0	3	9	7408	606	31
1552	0	1	3	7412	6988	30
1553	0	5	9	7416	28983	29
1554	0	1	9	7420	42202	27
1555	0	3	5	7424	21063	27
1556	0	1	3	7428	1871	31
1557	0	5	5	7432	5258	27
1558	0	5	5	7436	12987	29
1559	0	1	3	7440	20793	30
1560	0	2	3	7444	4688	32
1561	0	1	5	7448	10301	32
1562	0	4	3	7452	6910	29
1563	0	5	3	7456	29809	29
1564	0	2	9	7460	37349	29
1565	0	1	9	7464	22282	28
1566	0	4	3	7468	15918	26
1567	0	2	3	7472	1852	29
1568	0	2	3	7476	3900	30
1569	0	4	9	7480	136	26
1570	0	5	9	7484	20486	32
1571	0	5	9	7488	1284	28
1572	0	5	7	7492	5985	32
1573	0	3	7	7496	12838	32
1574	0	5	7	7500	486	30
1575	0	3	3	7504	14263	30
1576	0	4	9	7508	16215	32
1577	0	4	5	7512	2464	28
1578	0	3	5	7516	10645	30
1579	0	4	9	7520	5118	29
1580	0	4	9	7524	20841	26
1581	0	2	3	7528	18456	30
1582	0	2	9	7532	2002	31
1583	0	2	5	7536	25935	29
1584	0	5	7	7540	10426	28
1585	0	1	3	7544	1556	26
1586	0	1	3	7600	11408	31
1587	0	5	5	7605	16205	26
1588	0	3	7	7610	6700	29
1589	0	2	5	7615	8761	31
1590	0	5	5	7620	12031	32
1591	0	1	9	7625	1750	26
1592	0	3	9	7630	28829	29
1593	0	2	5	7635	19531	26
1594	0	1	5	7640	26992	29
1595	0	5	3	7645	3338	26
1596	0	4	3	7650	8445	28
1597	0	5	7	7655	1812	26
1598	0	4	3	7660	11651	32
1599	0	3	3	7665	11033	32
1600	0	3	5	7670	900	26
1601	0	5	9	7675	2487	31
1602	0	3	9	7680	11403	26
1603	0	3	7	7685	17706	26
1604	0	4	7	7690	6025	29
1605	0	3	9	7695	311	30
1606	0	4	3	7700	12825	31
1607	0	4	7	7705	18415	31
1608	0	5	3	7710	24568	32
1609	0	3	7	7715	3857	29
1610	0	4	7	7720	1079	27
1611	0	3	7	7725	38259	28
1612	0	2	9	7730	17463	30
1613	0	1	7	7735	4521	26
1614	0	2	5	7740	87030	30
1615	0	1	3	7745	9272	27
1616	0	4	7	7750	6588	27
1617	0	2	9	7755	9661	32
1618	0	5	5	7760	4913	27
1619	0	2	7	7765	21539	29
1620	0	1	9	7770	3141	29
1621	0	4	7	7775	60865	32
1622	0	4	7	7780	15070	32
1623	0	1	7	7785	17094	32
1624	0	4	5	7790	5701	27
1625	0	4	3	7795	13781	32
1626	0	2	3	7800	2558	32
1627	0	3	5	7805	10672	32
1628	0	2	5	7810	17247	29
1629	0	5	7	7815	19125	29
1630	0	5	9	7820	2529	28
1631	0	5	3	7825	11022	32
1632	0	5	3	7830	9972	29
1633	0	1	5	7835	52007	30
1634	0	1	5	7840	3857	28
1635	0	5	9	7845	12149	27
1636	0	4	3	7850	2262	29
1637	0	4	3	7855	5782	30
1638	0	4	7	7860	8081	26
1639	0	3	9	7865	9715	30
1640	0	2	3	7870	7507	28
1641	0	2	5	7875	21197	26
1642	0	1	5	7880	24478	27
1643	0	1	9	7885	1991	26
1644	0	4	9	7890	6789	29
1645	0	3	7	7895	13462	30
1646	0	5	9	7900	5527	29
1647	0	2	5	7905	10862	28
1648	0	1	3	7910	19575	29
1649	0	1	3	7915	5285	27
1650	0	2	7	7920	20604	32
1651	0	2	5	7925	36518	29
1652	0	5	5	7930	19566	32
1653	0	3	5	7935	18581	29
1654	0	2	5	7940	5562	29
1655	0	5	7	7945	982	26
1656	0	1	5	7950	7665	31
1657	0	3	5	7955	23089	27
1658	0	5	3	7960	5993	31
1659	0	5	7	7965	14933	29
1660	0	1	7	7970	21518	31
1661	0	1	9	7975	838	32
1662	0	2	3	7980	267	28
1663	0	5	5	7985	923	28
1664	0	4	7	7990	1064	26
1665	0	4	5	8000	7966	28
1666	0	3	5	8004	6017	31
1667	0	2	7	8008	18157	26
1668	0	5	3	8012	477	30
1669	0	2	5	8016	5404	28
1670	0	2	3	8020	5476	30
1671	0	5	5	8024	491	29
1672	0	3	3	8028	779	31
1673	0	3	5	8032	18226	29
1674	0	5	7	8036	5521	26
1675	0	5	5	8040	6155	28
1676	0	4	5	8044	1585	31
1677	0	4	9	8048	9912	31
1678	0	2	7	8052	4757	29
1679	0	2	9	8056	14603	30
1680	0	5	3	8060	4518	29
1681	0	1	9	8064	10890	29
1682	0	3	3	8068	18433	28
1683	0	1	3	8072	6253	27
1684	0	4	9	8076	44975	30
1685	0	3	7	8080	3257	32
1686	0	1	9	8084	19117	26
1687	0	3	9	8088	18004	26
1688	0	4	9	8092	11483	27
1689	0	2	9	8096	2622	27
1690	0	5	5	8100	2158	28
1691	0	1	9	8104	4589	28
1692	0	5	9	8108	54335	31
1693	0	4	3	8112	18068	29
1694	0	2	5	8116	15335	32
1695	0	2	5	8120	6081	29
1696	0	1	3	8124	19742	31
1697	0	1	9	8128	19068	31
1698	0	2	3	8132	846	26
1699	0	5	7	8136	35230	27
1700	0	1	3	8140	3941	31
1701	0	3	5	8144	10679	28
1702	0	3	3	8148	9756	31
1703	0	4	7	8152	6994	26
1704	0	4	3	8156	55085	29
1705	0	2	3	8160	18184	28
1706	0	4	3	8164	26421	30
1707	0	3	9	8168	281	28
1708	0	3	9	8172	6508	28
1709	0	3	3	8176	41947	26
1710	0	1	3	8180	37163	28
1711	0	2	7	8184	28872	26
1712	0	1	7	8188	8976	31
1713	0	4	5	8192	14026	27
1714	0	1	5	8196	6092	26
1715	0	1	7	8200	3247	27
1716	0	3	7	8204	3986	29
1717	0	1	3	8208	11481	26
1718	0	2	7	8212	1233	30
1719	0	2	3	8216	22535	27
1720	0	4	5	8220	13994	28
1721	0	5	7	8224	11529	31
1722	0	3	9	8228	2147	32
1723	0	3	5	8232	22195	29
1724	0	2	9	8236	2647	26
1725	0	2	3	8240	597	28
1726	0	5	7	8244	627	31
1727	0	5	3	8248	4022	28
1728	0	1	3	8252	737	29
1729	0	3	5	8256	42565	30
1730	0	4	3	8260	10823	30
1731	0	4	7	8264	4768	26
1732	0	3	7	8268	8178	31
1733	0	3	3	8272	5743	28
1734	0	1	7	8276	6617	31
1735	0	2	9	8280	15467	26
1736	0	3	7	8284	489	31
1737	0	4	5	8288	5042	28
1738	0	3	3	8292	6460	30
1739	0	2	9	8296	2620	28
1740	0	4	7	8300	5139	28
1741	0	4	9	8304	17823	30
1742	0	5	3	8308	5323	31
1743	0	2	9	8312	12470	26
1744	0	2	7	8316	3317	32
1745	0	4	9	8320	3529	28
1746	0	5	5	8324	18792	30
1747	0	2	5	8328	4278	30
1748	0	4	9	8332	5736	28
1749	0	2	7	8336	7946	31
1750	0	4	7	8340	1464	32
1751	0	5	3	8344	2545	30
1752	0	5	5	8348	14376	27
1753	0	1	3	8352	2996	31
1754	0	1	3	8356	3588	32
1755	0	1	7	8400	13035	26
1756	0	1	5	8404	6650	29
1757	0	5	9	8408	15012	27
1758	0	2	9	8412	3352	26
1759	0	3	9	8416	34014	27
1760	0	2	5	8420	15682	30
1761	0	5	3	8424	11134	27
1762	0	2	7	8428	39730	31
1763	0	1	5	8432	7118	30
1764	0	4	3	8436	5648	29
1765	0	3	7	8440	11831	28
1766	0	4	9	8444	6447	27
1767	0	4	5	8448	1898	29
1768	0	3	9	8452	3700	28
1769	0	4	5	8456	13439	26
1770	0	3	3	8460	2634	28
1771	0	5	3	8464	33683	26
1772	0	4	9	8468	2671	29
1773	0	5	7	8472	27811	28
1774	0	3	7	8476	8287	32
1775	0	1	5	8480	29566	30
1776	0	5	7	8484	3598	32
1777	0	1	3	8488	8746	31
1778	0	2	7	8492	11031	30
1779	0	4	3	8496	34417	30
1780	0	2	9	8500	3572	30
1781	0	3	3	8504	16685	27
1782	0	1	3	8508	28220	32
1783	0	5	7	8512	10277	31
1784	0	5	7	8516	23278	30
1785	0	5	9	8520	6192	32
1786	0	4	5	8524	11920	31
1787	0	3	7	8528	3828	26
1788	0	3	9	8532	1560	29
1789	0	5	3	8536	17193	31
1790	0	1	5	8540	4262	30
1791	0	4	7	8544	4737	29
1792	0	2	7	8548	1255	28
1793	0	5	5	8552	7733	28
1794	0	5	5	8556	7546	31
1795	0	5	5	8560	16339	26
1796	0	2	5	8564	19931	32
1797	0	5	7	8568	29012	26
1798	0	4	9	8572	3790	30
1799	0	4	3	8576	11441	30
1800	0	5	9	8580	21925	27
1801	0	2	9	8584	12421	27
1802	0	5	7	8588	421	27
1803	0	5	7	8592	14702	28
1804	0	4	5	8596	4062	28
1805	0	5	5	8600	2312	32
1806	0	1	5	8604	57285	27
1807	0	1	7	8608	19118	31
1808	0	3	7	8612	15372	32
1809	0	5	9	8616	5051	27
1810	0	2	9	8620	6199	26
1811	0	5	5	8624	28621	30
1812	0	3	5	8628	1433	30
1813	0	4	7	8632	4289	29
1814	0	2	9	8636	13816	29
1815	0	5	5	8640	45972	29
1816	0	5	9	8644	14440	28
1817	0	2	9	8648	5896	32
1818	0	1	9	8652	10733	26
1819	0	5	3	8656	43048	29
1820	0	4	3	8660	70705	29
1821	0	2	5	8664	1844	27
1822	0	2	7	8668	296	26
1823	0	3	7	8672	8414	29
1824	0	3	9	8676	5634	29
1825	0	4	5	8680	24570	32
1826	0	3	7	8684	22010	31
1827	0	5	5	8688	15472	26
1828	0	5	5	8692	6844	29
1829	0	4	3	8696	16876	31
1830	0	4	3	8700	1329	30
1831	0	5	3	8704	5136	32
1832	0	3	5	8708	3399	27
1833	0	3	7	8712	51739	32
1834	0	4	3	8716	1318	28
1835	0	5	3	8720	11380	29
1836	0	4	5	8800	15127	32
1837	0	1	7	8804	2655	30
1838	0	1	5	8808	4078	29
1839	0	1	5	8812	13710	31
1840	0	4	5	8816	6363	31
1841	0	4	9	8820	21473	26
1842	0	5	3	8824	9607	26
1843	0	3	3	8828	18081	27
1844	0	4	3	8832	5316	31
1845	0	1	9	8836	5952	32
1846	0	2	5	8840	2882	31
1847	0	4	9	8844	19242	32
1848	0	3	7	8848	18799	32
1849	0	1	9	8852	8044	28
1850	0	5	7	8856	539	31
1851	0	5	5	8860	6575	32
1852	0	5	9	8864	4622	32
1853	0	4	7	8868	4254	26
1854	0	1	3	8872	11527	27
1855	0	4	7	8876	14313	26
1856	0	1	5	8880	11624	26
1857	0	2	9	8884	9072	30
1858	0	2	7	8888	4834	32
1859	0	1	3	8892	6459	28
1860	0	3	9	8896	4896	26
1861	0	2	3	8900	3727	26
1862	0	1	3	8904	5393	28
1863	0	5	5	8908	41032	26
1864	0	1	7	8912	3272	29
1865	0	2	9	8916	681	26
1866	0	3	3	8920	12988	28
1867	0	5	7	8924	1616	30
1868	0	1	7	8928	2624	26
1869	0	2	9	8932	885	32
1870	0	1	9	8936	3642	29
1871	0	4	3	8940	8349	31
1872	0	2	7	8944	1264	29
1873	0	1	5	8948	28919	27
1874	0	1	7	8952	9873	30
1875	0	1	3	8956	2153	29
1876	0	3	3	8960	10744	26
1877	0	5	7	8964	3388	32
1878	0	5	7	8968	1895	31
1879	0	2	9	8972	49374	29
1880	0	3	3	8976	12853	26
1881	0	4	7	8980	507	32
1882	0	2	9	8984	32490	27
1883	0	4	5	8988	35063	27
1884	0	4	5	8992	14897	26
1885	0	5	9	8996	13786	31
1886	0	1	5	9000	347	32
1887	0	4	7	9004	35520	27
1888	0	3	7	9008	5529	31
1889	0	5	7	9012	6279	28
1890	0	5	9	9016	58232	29
1891	0	2	5	9020	2470	28
1892	0	4	3	9024	24201	31
1893	0	1	5	9028	24660	26
1894	0	3	7	9032	5094	31
1895	0	3	5	9036	1873	31
1896	0	3	7	9040	7638	30
1897	0	5	7	9044	10515	26
1898	0	2	5	9048	9309	30
1899	0	3	3	9052	4325	31
1900	0	4	9	9056	15704	30
1901	0	2	7	9060	1099	26
1902	0	4	5	9064	11066	31
1903	0	1	9	9068	15279	32
1904	0	1	3	9072	3085	31
1905	0	2	5	9076	9386	26
1906	0	4	7	9080	4659	29
1907	0	4	5	9084	6322	31
1908	0	4	3	9088	16061	29
1909	0	5	9	9092	7241	30
1910	0	2	5	9096	1332	32
1911	0	2	7	9100	5629	27
1912	0	3	5	9104	5820	32
1913	0	5	9	9108	5130	28
1914	0	3	9	9112	17068	28
1915	0	4	3	9116	4170	26
1916	0	5	3	9120	4872	32
1917	0	3	9	9124	6451	26
1918	0	2	3	9128	3552	32
1919	0	2	9	9200	9735	31
1920	0	1	7	9205	325	26
1921	0	4	7	9210	14980	27
1922	0	3	3	9215	16966	32
1923	0	1	9	9220	18672	30
1924	0	3	3	9225	987	29
1925	0	4	7	9230	945	27
1926	0	5	3	9235	12074	26
1927	0	1	5	9240	3107	28
1928	0	3	9	9245	9967	29
1929	0	4	3	9250	6459	32
1930	0	3	7	9255	14186	31
1931	0	3	7	9260	94	26
1932	0	3	3	9265	14704	27
1933	0	2	5	9270	22253	26
1934	0	4	3	9275	3513	32
1935	0	1	7	9280	10122	32
1936	0	1	3	9285	6938	26
1937	0	1	3	9290	2877	27
1938	0	4	5	9295	15252	28
1939	0	3	9	9300	2213	26
1940	0	1	3	9305	5377	28
1941	0	3	9	9310	11578	27
1942	0	1	7	9315	2835	31
1943	0	3	9	9320	29745	26
1944	0	4	3	9325	4320	28
1945	0	4	3	9330	11540	27
1946	0	5	3	9335	19414	29
1947	0	4	5	9340	8782	28
1948	0	3	5	9345	1439	30
1949	0	5	5	9350	645	30
1950	0	3	3	9355	19982	31
1951	0	5	9	9360	679	30
1952	0	4	7	9365	4759	26
1953	0	5	7	9370	49600	31
1954	0	3	7	9375	3874	30
1955	0	1	3	9380	203	29
1956	0	5	5	9385	4819	27
1957	0	4	5	9390	20141	26
1958	0	4	9	9395	12297	28
1959	0	2	7	9400	1963	30
1960	0	2	5	9405	28659	32
1961	0	4	3	9410	1180	26
1962	0	1	5	9415	22394	27
1963	0	1	9	9420	4654	29
1964	0	3	3	9425	17109	32
1965	0	5	9	9430	1227	32
1966	0	4	7	9435	13234	26
1967	0	2	3	9440	9341	31
1968	0	2	7	9445	1185	28
1969	0	2	5	9450	2514	28
1970	0	3	9	9455	23130	26
1971	0	5	3	9460	1540	30
1972	0	5	7	9465	14304	30
1973	0	4	3	9470	1102	32
1974	0	2	7	9475	2595	29
1975	0	3	7	9480	6285	31
1976	0	4	9	9485	8379	28
1977	0	5	5	9490	22039	31
1978	0	2	9	9495	8002	27
1979	0	5	9	9500	7421	28
1980	0	5	7	9505	3843	31
1981	0	1	9	9510	1471	30
1982	0	3	3	9515	1467	30
1983	0	3	7	9520	8606	32
1984	0	1	9	9525	11158	26
1985	0	3	9	9530	12205	26
1986	0	4	9	9535	13689	26
1987	0	4	5	9540	15377	29
1988	0	5	7	9545	10058	29
1989	0	4	9	9550	3246	29
1990	0	2	3	9555	3278	31
1991	0	3	9	9560	11794	32
1992	0	3	3	9565	10186	31
1993	0	2	9	9570	10086	31
1994	0	2	7	9575	3616	26
1995	0	3	3	9580	3736	27
1996	0	2	7	9585	17830	26
1997	0	5	9	9590	26371	27
1998	0	1	7	9600	2041	26
1999	0	5	3	9800	2755	29
