0	0	4	40	0	4032	103
1	0	3	10	5	7723	120
2	0	3	50	10	3451	160
3	0	1	20	15	11394	142
4	0	4	30	20	567	179
5	0	3	30	25	38152	194
6	0	5	20	30	10325	109
7	0	2	30	35	14055	150
8	0	5	10	40	36438	161
9	0	3	50	45	5618	103
10	0	5	10	50	2427	145
11	0	4	10	55	20090	192
12	0	1	20	60	6534	142
13	0	4	20	65	7062	196
14	0	1	10	70	2351	187
15	0	2	20	75	7843	153
16	0	3	50	80	26027	107
17	0	1	50	85	11560	181
18	0	3	20	90	36784	126
19	0	5	20	95	6033	163
20	0	3	10	100	1571	113
21	0	4	50	105	50331	110
22	0	2	30	110	3615	150
23	0	2	10	115	9766	187
24	0	4	20	120	11999	119
25	0	3	10	125	55863	162
26	0	2	50	130	13840	114
27	0	3	40	135	29462	136
28	0	5	50	140	17881	183
29	0	4	10	145	6071	190
30	0	1	40	150	2036	189
31	0	5	10	155	13719	171
32	0	1	30	160	18774	173
33	0	5	30	165	6050	163
34	0	2	50	170	25554	119
35	0	3	50	175	3069	115
36	0	3	10	180	22422	154
37	0	4	10	185	5908	147
38	0	2	40	190	15325	124
39	0	4	40	195	8295	168
40	0	3	30	200	2421	171
41	0	5	10	205	253	160
42	0	2	20	210	5694	135
43	0	4	30	215	17261	136
44	0	2	10	220	4147	129
45	0	2	50	225	15934	198
46	0	4	50	230	19522	146
47	0	4	10	235	41271	197
48	0	2	20	240	14047	111
49	0	4	30	245	3013	123
50	0	1	30	250	18948	105
51	0	1	10	255	15519	193
52	0	3	40	260	2698	116
53	0	4	30	265	25309	107
54	0	2	50	270	11276	116
55	0	5	40	275	4288	193
56	0	2	40	280	2896	170
57	0	1	50	285	14173	173
58	0	3	10	290	47536	122
59	0	2	20	295	687	116
60	0	1	30	300	3841	180
61	0	2	40	305	13048	173
62	0	2	30	310	29637	168
63	0	1	50	315	9714	172
64	0	2	20	320	2947	115
65	0	5	10	325	8363	174
66	0	4	40	330	263	119
67	0	1	50	335	289	180
68	0	3	20	340	9954	177
69	0	4	10	345	36501	171
70	0	4	10	350	12067	200
71	0	4	50	355	8242	160
72	0	5	10	360	27301	156
73	0	5	40	365	7267	158
74	0	3	40	370	2865	193
75	0	4	10	400	1289	153
76	0	2	40	404	11209	175
77	0	3	50	408	8256	113
78	0	5	50	412	3688	157
79	0	2	20	416	27295	122
80	0	4	20	420	2484	115
81	0	3	40	424	15127	118
82	0	2	20	428	3048	125
83	0	2	30	432	9651	159
84	0	3	40	436	11092	185
85	0	1	30	440	6755	196
86	0	2	20	444	7843	155
87	0	2	50	448	29186	165
88	0	3	30	452	18544	146
89	0	3	20	456	10428	126
90	0	1	20	460	135	146
91	0	3	20	464	1986	182
92	0	1	10	468	6288	125
93	0	5	20	472	13140	108
94	0	3	10	476	3060	189
95	0	1	50	480	8803	198
96	0	3	30	484	1337	193
97	0	2	20	488	20772	164
98	0	2	10	492	9448	121
99	0	3	50	496	18746	156
100	0	3	10	500	14988	179
101	0	4	10	504	18148	166
102	0	2	50	508	6213	119
103	0	3	10	512	16053	141
104	0	5	30	516	10636	124
105	0	3	40	520	4228	145
106	0	1	10	524	21152	137
107	0	4	10	528	16498	158
108	0	1	40	532	13168	114
109	0	4	50	536	8496	163
110	0	3	10	540	14186	118
111	0	4	40	544	15147	156
112	0	1	50	548	6712	115
113	0	1	40	552	1050	100
114	0	4	10	556	24360	100
115	0	4	40	560	9781	162
116	0	1	20	564	6927	148
117	0	1	10	568	5408	108
118	0	3	20	572	36371	187
119	0	2	50	576	18572	120
120	0	3	50	580	267	119
121	0	2	40	584	1392	154
122	0	3	20	588	3247	133
123	0	1	50	592	48982	151
124	0	3	50	596	33960	124
125	0	2	40	600	7884	118
126	0	4	40	604	1118	135
127	0	5	40	608	3163	148
128	0	2	30	612	3123	170
129	0	3	50	616	14153	196
130	0	1	30	620	67578	161
131	0	1	20	624	18398	110
132	0	2	50	628	36566	193
133	0	3	50	632	7716	101
134	0	5	10	636	2439	144
135	0	5	10	640	6279	150
136	0	2	50	644	4494	199
137	0	4	10	648	8003	184
138	0	2	50	652	40131	135
139	0	1	50	656	4387	139
140	0	5	30	660	11057	159
141	0	4	20	664	15832	197
142	0	2	20	668	3387	151
143	0	4	40	672	3931	184
144	0	5	20	676	26188	107
145	0	2	40	680	4182	190
146	0	2	20	684	15453	166
147	0	1	20	688	4700	124
148	0	2	20	692	19122	107
149	0	5	30	696	13220	127
150	0	5	40	700	1017	149
151	0	2	30	704	16288	185
152	0	4	10	708	24591	178
153	0	1	20	712	17009	101
154	0	5	10	716	17545	136
155	0	2	20	720	11105	125
156	0	1	40	724	9384	133
157	0	2	50	728	6558	169
158	0	5	20	732	19110	116
159	0	4	40	736	1347	105
160	0	4	50	740	2798	110
161	0	2	20	744	10896	189
162	0	2	30	748	8757	189
163	0	3	40	752	43650	119
164	0	4	20	756	8583	102
165	0	3	50	760	28794	107
166	0	3	40	764	17351	163
167	0	4	50	800	36991	113
168	0	2	30	805	27614	157
169	0	4	50	810	7422	151
170	0	3	50	815	3373	163
171	0	2	10	820	36397	164
172	0	5	10	825	6091	173
173	0	3	20	830	12444	147
174	0	2	20	835	2457	161
175	0	5	30	840	4099	122
176	0	1	30	845	23909	102
177	0	4	40	850	37955	150
178	0	1	40	855	1209	143
179	0	2	20	860	12486	135
180	0	5	30	865	17001	152
181	0	3	20	870	17371	110
182	0	4	30	875	6849	141
183	0	3	10	880	9891	142
184	0	3	20	885	11338	147
185	0	4	10	890	3512	176
186	0	3	10	895	29301	133
187	0	1	30	900	2600	192
188	0	4	50	905	14691	165
189	0	4	40	910	10417	119
190	0	4	30	915	24019	116
191	0	5	50	920	26634	130
192	0	5	50	925	14059	168
193	0	3	20	930	23463	129
194	0	2	10	935	1240	128
195	0	4	10	940	65	170
196	0	2	40	945	2900	108
197	0	4	30	950	3813	132
198	0	1	30	955	17554	181
199	0	3	20	960	45792	200
200	0	5	50	965	9054	126
201	0	4	20	970	17633	153
202	0	4	50	975	6624	168
203	0	3	20	980	4905	156
204	0	3	40	985	6591	165
205	0	4	30	990	1663	185
206	0	3	20	995	5069	111
207	0	1	40	1000	3069	130
208	0	4	50	1005	10196	140
209	0	5	30	1010	7821	114
210	0	1	50	1015	16165	122
211	0	2	50	1020	10548	183
212	0	1	20	1025	4718	125
213	0	4	10	1030	1948	182
214	0	4	20	1035	5145	154
215	0	2	30	1040	7025	100
216	0	4	50	1045	2117	148
217	0	5	30	1050	37628	146
218	0	5	30	1055	5400	173
219	0	5	10	1060	3567	126
220	0	5	40	1065	67028	175
221	0	2	20	1070	10117	172
222	0	5	10	1075	3422	149
223	0	4	40	1080	4620	138
224	0	5	30	1085	10887	134
225	0	3	50	1090	5237	133
226	0	3	10	1095	3640	197
227	0	2	40	1100	9308	143
228	0	1	10	1105	9510	119
229	0	4	20	1110	2378	191
230	0	4	50	1115	931	113
231	0	3	50	1120	10740	171
232	0	3	20	1125	2517	170
233	0	4	20	1130	1505	144
234	0	2	20	1135	1492	108
235	0	2	10	1140	52641	200
236	0	4	30	1145	4997	142
237	0	1	10	1150	1256	185
238	0	1	30	1155	1792	178
239	0	5	40	1160	7889	162
240	0	2	40	1165	28788	165
241	0	2	20	1170	13951	102
242	0	3	30	1175	11685	151
243	0	5	20	1200	3091	151
244	0	3	50	1205	22009	197
245	0	2	30	1210	3943	134
246	0	4	40	1215	10022	105
247	0	1	50	1220	9325	187
248	0	4	10	1225	8554	176
249	0	1	30	1230	12771	128
250	0	1	10	1235	22269	122
251	0	3	10	1240	3583	162
252	0	4	50	1245	28872	159
253	0	2	20	1250	8590	154
254	0	3	40	1255	48034	125
255	0	3	30	1260	38663	155
256	0	4	10	1265	8853	103
257	0	1	10	1270	1326	130
258	0	3	50	1275	16126	122
259	0	5	40	1280	857	131
260	0	1	20	1285	24277	189
261	0	2	30	1290	19613	168
262	0	1	40	1295	13612	111
263	0	1	40	1300	5984	149
264	0	2	40	1305	6214	100
265	0	4	10	1310	1930	151
266	0	5	40	1315	6041	113
267	0	3	50	1320	2786	181
268	0	2	40	1325	401	174
269	0	3	10	1330	5377	155
270	0	3	50	1335	1298	158
271	0	3	40	1340	772	164
272	0	4	10	1345	20428	169
273	0	1	50	1350	25501	110
274	0	4	20	1355	5132	162
275	0	3	20	1360	4434	172
276	0	5	50	1365	35316	120
277	0	1	50	1370	254	198
278	0	1	50	1375	7831	141
279	0	3	50	1380	4563	200
280	0	4	10	1385	18585	127
281	0	2	20	1390	15336	109
282	0	3	40	1395	363	168
283	0	5	40	1400	26736	191
284	0	3	20	1405	4915	169
285	0	2	50	1410	20344	151
286	0	4	50	1415	13732	111
287	0	2	10	1420	13600	115
288	0	2	40	1425	1756	118
289	0	5	50	1430	2046	153
290	0	3	10	1435	7522	196
291	0	4	30	1440	3229	112
292	0	3	20	1445	5359	163
293	0	1	40	1450	868	146
294	0	4	20	1455	11425	174
295	0	5	10	1460	1321	197
296	0	2	40	1465	107	192
297	0	2	50	1470	3131	102
298	0	4	40	1475	20773	150
299	0	5	40	1480	14117	146
300	0	3	40	1485	25902	121
301	0	2	50	1490	5336	124
302	0	4	10	1495	8495	113
303	0	2	50	1500	1930	120
304	0	4	40	1505	9649	170
305	0	3	20	1510	18242	159
306	0	4	50	1515	6967	194
307	0	4	10	1520	356	149
308	0	4	50	1525	2138	193
309	0	5	30	1530	13406	153
310	0	3	40	1535	154	134
311	0	4	10	1540	8337	106
312	0	1	10	1545	11780	190
313	0	1	50	1550	6595	122
314	0	1	30	1600	3966	104
315	0	5	10	1605	1898	179
316	0	4	50	1610	17903	100
317	0	1	50	1615	18507	120
318	0	3	30	1620	698	181
319	0	5	40	1625	10633	150
320	0	5	10	1630	7551	139
321	0	3	40	1635	15169	198
322	0	1	10	1640	884	163
323	0	3	50	1645	25058	120
324	0	5	10	1650	27094	160
325	0	5	30	1655	24168	146
326	0	1	30	1660	14532	101
327	0	3	30	1665	16536	122
328	0	2	30	1670	3719	137
329	0	4	20	1675	3352	166
330	0	2	30	1680	4279	181
331	0	4	10	1685	15173	118
332	0	2	20	1690	2648	148
333	0	2	10	1695	18596	195
334	0	5	20	1700	6783	179
335	0	3	20	1705	6714	103
336	0	3	10	1710	2890	197
337	0	2	40	1715	25572	148
338	0	2	50	1720	4981	120
339	0	1	50	1725	9710	110
340	0	3	50	1730	5659	158
341	0	1	50	1735	12678	163
342	0	3	10	1740	8678	123
343	0	2	20	1745	7469	166
344	0	2	20	1750	1865	119
345	0	4	50	1755	40192	190
346	0	4	20	1760	11319	122
347	0	3	30	1765	33247	140
348	0	1	10	1770	18634	142
349	0	5	20	1775	7567	195
350	0	1	20	1780	4791	196
351	0	1	40	1785	3025	171
352	0	5	30	1790	2281	122
353	0	4	50	1795	3216	100
354	0	5	40	1800	3052	107
355	0	1	10	1805	2192	123
356	0	1	40	1810	4075	162
357	0	2	20	1815	11971	194
358	0	2	50	1820	3502	161
359	0	4	10	1825	13898	124
360	0	3	50	1830	990	158
361	0	1	30	1835	14152	171
362	0	3	40	1840	17263	112
363	0	5	40	1845	30231	126
364	0	3	50	1850	5598	173
365	0	5	30	1855	4198	115
366	0	2	50	1860	4327	158
367	0	4	10	1865	21814	195
368	0	1	40	1870	56601	143
369	0	4	10	1875	23004	100
370	0	2	50	1880	32306	183
371	0	3	10	1885	26906	152
372	0	5	50	1890	7094	200
373	0	3	30	1895	8360	170
374	0	3	50	1900	2855	193
375	0	4	20	1905	20229	176
376	0	5	30	1910	2717	175
377	0	5	50	1915	11228	197
378	0	1	40	1920	15805	101
379	0	2	20	1925	32003	171
380	0	2	10	1930	3546	123
381	0	3	10	1935	17364	161
382	0	3	20	1940	38496	181
383	0	2	10	1945	19240	142
384	0	3	50	1950	29517	170
385	0	2	40	1955	962	109
386	0	5	40	1960	9436	197
387	0	4	30	1965	39534	148
388	0	2	30	1970	9936	187
389	0	5	10	1975	3691	155
390	0	2	40	1980	1817	142
391	0	2	50	2000	10490	102
392	0	5	50	2005	11870	188
393	0	3	50	2010	12728	197
394	0	3	10	2015	7745	152
395	0	2	20	2020	13805	187
396	0	4	20	2025	26443	151
397	0	4	30	2030	10856	197
398	0	4	20	2035	1138	193
399	0	3	40	2040	22668	103
400	0	2	50	2045	13020	131
401	0	5	20	2050	17796	128
402	0	3	50	2055	35096	197
403	0	3	50	2060	32874	141
404	0	3	30	2065	9200	111
405	0	3	20	2070	6860	144
406	0	1	40	2075	17980	171
407	0	2	50	2080	13352	152
408	0	2	10	2085	284	108
409	0	1	20	2090	6329	132
410	0	1	30	2095	40001	149
411	0	2	40	2100	13682	165
412	0	1	40	2105	27529	193
413	0	1	40	2110	4674	190
414	0	3	10	2115	6747	100
415	0	5	50	2120	4531	197
416	0	4	20	2125	15844	191
417	0	1	30	2130	39877	170
418	0	3	40	2135	59	157
419	0	2	10	2140	4207	163
420	0	1	50	2145	16669	119
421	0	4	30	2150	4983	110
422	0	3	30	2155	3851	108
423	0	1	30	2160	15547	189
424	0	2	30	2165	14953	159
425	0	1	10	2170	5159	180
426	0	4	10	2175	3705	165
427	0	2	10	2180	18873	103
428	0	5	30	2185	318	117
429	0	1	30	2190	9015	105
430	0	1	10	2195	31099	125
431	0	2	10	2200	11217	179
432	0	1	30	2205	8737	104
433	0	4	50	2210	25779	198
434	0	5	20	2215	3750	139
435	0	3	40	2220	7912	196
436	0	1	20	2225	20471	164
437	0	1	20	2230	293	139
438	0	5	40	2235	3667	131
439	0	5	40	2240	7826	126
440	0	1	10	2245	4290	138
441	0	3	50	2250	24778	145
442	0	3	20	2255	33662	139
443	0	1	10	2260	1994	155
444	0	5	40	2265	4288	105
445	0	1	50	2270	7401	178
446	0	1	10	2275	13811	110
447	0	5	20	2280	4375	198
448	0	1	50	2285	3038	197
449	0	4	20	2290	2107	156
450	0	4	50	2295	36081	196
451	0	3	40	2300	31185	181
452	0	1	50	2305	10710	139
453	0	3	20	2310	19004	130
454	0	2	40	2315	1238	184
455	0	4	30	2320	4667	120
456	0	2	50	2325	8281	119
457	0	2	20	2330	2982	108
458	0	1	30	2335	3027	183
459	0	3	30	2340	2469	131
460	0	5	10	2345	2232	179
461	0	5	40	2350	49600	168
462	0	3	20	2355	12431	134
463	0	1	30	2360	8202	102
464	0	1	20	2400	7958	106
465	0	4	30	2404	5299	171
466	0	1	10	2408	2136	161
467	0	2	40	2412	191	195
468	0	2	20	2416	668	151
469	0	1	20	2420	35306	105
470	0	4	30	2424	8224	133
471	0	4	10	2428	14804	152
472	0	2	40	2432	14473	139
473	0	3	10	2436	8953	130
474	0	1	10	2440	63918	125
475	0	3	10	2444	25199	175
476	0	1	10	2448	6136	171
477	0	2	30	2452	1552	153
478	0	2	50	2456	6657	183
479	0	1	30	2460	3485	182
480	0	5	50	2464	13151	170
481	0	5	50	2468	38662	168
482	0	2	20	2472	10094	106
483	0	2	20	2476	24044	162
484	0	3	30	2480	10344	110
485	0	3	20	2484	90446	144
486	0	1	10	2488	204	139
487	0	4	20	2492	15378	175
488	0	2	20	2496	18459	114
489	0	1	40	2500	35061	118
490	0	1	50	2504	49872	176
491	0	5	50	2508	10946	156
492	0	5	50	2512	19382	156
493	0	2	20	2516	965	200
494	0	1	30	2520	4441	148
495	0	2	30	2524	4568	170
496	0	1	30	2528	3106	110
497	0	2	50	2532	7051	137
498	0	5	50	2536	13244	148
499	0	1	10	2540	34475	135
500	0	1	50	2544	4232	117
501	0	5	30	2548	13225	116
502	0	3	10	2552	3473	147
503	0	1	30	2556	3883	192
504	0	5	40	2560	13121	122
505	0	5	50	2564	3321	144
506	0	2	50	2568	3058	142
507	0	4	50	2572	801	109
508	0	2	20	2576	19291	104
509	0	4	40	2580	2989	109
510	0	3	30	2584	30598	150
511	0	5	20	2588	5680	167
512	0	1	30	2592	18973	125
513	0	1	50	2596	42457	101
514	0	3	30	2600	8812	162
515	0	1	20	2604	2823	110
516	0	4	20	2608	6436	161
517	0	1	50	2612	18167	172
518	0	4	50	2616	29936	193
519	0	3	50	2620	7971	163
520	0	4	20	2624	4987	131
521	0	2	50	2628	6972	186
522	0	5	30	2632	3145	180
523	0	1	30	2636	1371	132
524	0	1	20	2640	39536	129
525	0	5	40	2644	27363	177
526	0	5	20	2648	28584	196
527	0	5	30	2652	11716	139
528	0	3	30	2656	2927	183
529	0	5	40	2660	13617	155
530	0	3	30	2664	12580	164
531	0	5	20	2668	37487	134
532	0	2	40	2672	7240	104
533	0	1	40	2676	7901	147
534	0	5	40	2680	37169	165
535	0	1	30	2684	74371	153
536	0	2	50	2688	14804	121
537	0	1	50	2692	4149	115
538	0	2	40	2696	2680	140
539	0	3	40	2700	4912	167
540	0	2	20	2704	17871	101
541	0	3	20	2708	36525	130
542	0	3	50	2712	30728	170
543	0	4	40	2716	9980	104
544	0	4	20	2720	294	169
545	0	1	30	2800	11213	109
546	0	4	30	2804	19561	130
547	0	4	50	2808	21279	155
548	0	5	50	2812	9773	138
549	0	5	20	2816	1260	137
550	0	3	10	2820	27809	109
551	0	5	30	2824	7132	139
552	0	4	50	2828	8980	145
553	0	3	50	2832	2425	186
554	0	3	40	2836	11098	104
555	0	5	50	2840	23301	131
556	0	5	50	2844	6898	136
557	0	3	30	2848	1855	115
558	0	1	10	2852	4514	162
559	0	1	50	2856	17491	145
560	0	1	40	2860	4879	148
561	0	3	30	2864	11045	103
562	0	2	30	2868	22615	126
563	0	3	40	2872	1549	150
564	0	2	10	2876	10157	145
565	0	4	10	2880	40538	115
566	0	4	40	2884	30938	162
567	0	1	40	2888	4486	178
568	0	1	20	2892	194	137
569	0	3	50	2896	8863	109
570	0	5	30	2900	8338	190
571	0	3	30	2904	1572	145
572	0	5	20	2908	10402	132
573	0	1	20	2912	10454	125
574	0	2	30	2916	14890	161
575	0	1	10	2920	5886	101
576	0	5	50	2924	8756	116
577	0	2	50	2928	13155	175
578	0	3	10	2932	1049	163
579	0	5	50	2936	5275	120
580	0	1	10	2940	1179	147
581	0	1	20	2944	966	141
582	0	5	40	2948	822	101
583	0	3	10	2952	1490	146
584	0	2	30	2956	18008	145
585	0	3	10	2960	2698	125
586	0	2	20	2964	6727	190
587	0	5	40	2968	3776	118
588	0	3	10	2972	25336	143
589	0	1	50	2976	1241	133
590	0	2	30	2980	9871	116
591	0	5	20	2984	10002	105
592	0	1	40	2988	46251	154
593	0	2	40	2992	6808	195
594	0	3	50	2996	21	118
595	0	4	50	3000	2276	199
596	0	1	50	3004	1320	103
597	0	1	20	3008	19410	119
598	0	2	30	3012	60707	160
599	0	1	10	3016	721	154
600	0	3	40	3020	13790	147
601	0	4	50	3024	8131	153
602	0	4	40	3028	20192	117
603	0	3	50	3032	425	128
604	0	1	50	3036	10959	147
605	0	1	40	3040	18098	164
606	0	1	20	3044	24331	106
607	0	3	30	3048	34871	119
608	0	1	20	3052	7666	125
609	0	2	40	3056	2915	102
610	0	5	50	3060	4961	114
611	0	3	10	3064	17706	162
612	0	5	20	3068	736	152
613	0	1	20	3072	37993	142
614	0	5	50	3076	13434	199
615	0	1	20	3080	3560	107
616	0	3	50	3084	9200	102
617	0	4	20	3088	15771	180
618	0	1	10	3092	5060	105
619	0	4	10	3096	5538	120
620	0	3	50	3100	9233	126
621	0	4	10	3104	12738	143
622	0	3	30	3108	6808	134
623	0	5	20	3112	29985	103
624	0	1	20	3116	39090	194
625	0	1	10	3120	32868	184
626	0	2	50	3124	1865	192
627	0	3	30	3128	1904	138
628	0	4	20	3200	10402	107
629	0	3	40	3204	9268	162
630	0	1	10	3208	4000	198
631	0	5	30	3212	15118	198
632	0	5	20	3216	13385	115
633	0	3	10	3220	308	109
634	0	3	10	3224	13398	173
635	0	2	20	3228	11039	195
636	0	2	40	3232	3666	123
637	0	3	50	3236	382	173
638	0	3	20	3240	8757	200
639	0	2	50	3244	76824	182
640	0	3	40	3248	4860	118
641	0	4	40	3252	7936	170
642	0	5	20	3256	19187	194
643	0	2	20	3260	13060	141
644	0	2	50	3264	17108	119
645	0	4	30	3268	18692	155
646	0	5	10	3272	8462	153
647	0	1	20	3276	254	112
648	0	2	50	3280	17096	196
649	0	2	40	3284	16402	111
650	0	2	50	3288	12170	197
651	0	2	40	3292	5599	124
652	0	5	20	3296	7339	114
653	0	4	30	3300	11737	139
654	0	3	20	3304	8848	127
655	0	4	40	3308	353	103
656	0	2	20	3312	732	118
657	0	4	20	3316	27196	114
658	0	2	30	3320	914	135
659	0	1	40	3324	13067	163
660	0	4	40	3328	12084	173
661	0	3	40	3332	15344	169
662	0	4	20	3336	5460	111
663	0	3	30	3340	32624	163
664	0	2	40	3344	32295	104
665	0	1	30	3348	11683	116
666	0	3	50	3352	1252	146
667	0	3	20	3356	416	143
668	0	3	20	3360	4029	170
669	0	3	30	3364	898	104
670	0	4	30	3368	60296	184
671	0	5	10	3372	8417	129
672	0	2	50	3376	2879	181
673	0	5	20	3380	5091	123
674	0	1	20	3384	447	101
675	0	4	10	3388	651	156
676	0	5	40	3392	23269	150
677	0	1	20	3396	17623	194
678	0	4	30	3400	2065	184
679	0	3	50	3404	2266	138
680	0	1	10	3408	6732	130
681	0	2	30	3412	1574	180
682	0	2	40	3416	5879	142
683	0	3	40	3420	21596	196
684	0	2	50	3424	27723	166
685	0	4	30	3428	28975	174
686	0	5	20	3432	3593	184
687	0	2	40	3436	593	176
688	0	5	40	3440	8408	182
689	0	5	30	3444	12378	169
690	0	1	50	3448	9377	176
691	0	4	30	3452	5486	109
692	0	2	20	3456	38037	138
693	0	3	40	3460	23133	137
694	0	3	10	3464	5423	109
695	0	5	10	3468	11343	150
696	0	5	30	3472	1510	158
697	0	2	50	3476	23928	130
698	0	1	40	3480	15757	136
699	0	1	20	3484	1773	103
700	0	2	40	3488	14064	108
701	0	2	50	3492	7661	110
702	0	4	10	3496	15969	142
703	0	4	20	3500	13950	191
704	0	4	10	3504	16715	127
705	0	2	50	3508	1715	168
706	0	1	40	3512	2085	143
707	0	1	10	3516	1422	191
708	0	3	20	3520	10622	138
709	0	5	10	3524	7590	172
710	0	5	50	3528	2277	154
711	0	1	10	3532	4100	124
712	0	5	40	3536	16080	130
713	0	5	30	3540	27777	197
714	0	5	40	3544	3199	132
715	0	3	20	3548	8602	193
716	0	2	50	3600	4882	127
717	0	2	30	3607	9083	115
718	0	2	40	3614	406	198
719	0	3	20	3621	262	130
720	0	1	20	3628	5421	133
721	0	2	10	3635	626	170
722	0	4	30	3642	9068	162
723	0	4	50	3649	12316	100
724	0	3	40	3656	9056	128
725	0	1	10	3663	11816	175
726	0	4	40	3670	9479	192
727	0	4	20	3677	5333	144
728	0	2	10	3684	48293	114
729	0	2	20	3691	6644	152
730	0	4	40	3698	32721	198
731	0	3	50	3705	58426	119
732	0	1	30	3712	473	157
733	0	3	20	3719	251	181
734	0	1	20	3726	7890	130
735	0	5	20	3733	37897	120
736	0	3	20	3740	5877	137
737	0	3	30	3747	14448	151
738	0	4	30	3754	1039	169
739	0	5	50	3761	17510	199
740	0	4	40	3768	16686	131
741	0	5	10	3775	1908	193
742	0	4	30	3782	7414	138
743	0	5	30	3789	427	110
744	0	5	30	3796	7633	114
745	0	5	50	3803	3497	152
746	0	4	50	3810	11892	179
747	0	2	40	3817	701	141
748	0	4	10	3824	11625	104
749	0	1	50	3831	22919	116
750	0	4	10	3838	3895	123
751	0	4	10	3845	10623	143
752	0	5	10	3852	21304	133
753	0	3	30	3859	14830	105
754	0	1	10	3866	17839	170
755	0	1	30	3873	12239	139
756	0	3	20	3880	34080	148
757	0	1	20	3887	1185	142
758	0	1	40	3894	2055	163
759	0	4	10	3901	1605	153
760	0	4	10	3908	10613	177
761	0	2	30	3915	19356	200
762	0	5	50	3922	1666	177
763	0	2	50	3929	2123	187
764	0	1	30	3936	9167	174
765	0	2	10	3943	2389	134
766	0	1	30	3950	3463	167
767	0	3	30	3957	15164	149
768	0	4	20	3964	6522	167
769	0	5	20	3971	3884	111
770	0	5	50	4000	1594	156
771	0	4	30	4005	12069	176
772	0	3	50	4010	7128	147
773	0	2	40	4015	3705	199
774	0	5	30	4020	3785	200
775	0	2	10	4025	2927	140
776	0	3	40	4030	10698	132
777	0	4	50	4035	8205	152
778	0	4	20	4040	2250	186
779	0	4	40	4045	3892	177
780	0	2	20	4050	72569	196
781	0	2	50	4055	8065	150
782	0	1	20	4060	16089	139
783	0	1	20	4065	1674	198
784	0	3	20	4070	1922	129
785	0	1	40	4075	5117	155
786	0	3	50	4080	2117	187
787	0	3	10	4085	4793	152
788	0	3	10	4090	3402	111
789	0	1	40	4095	22178	191
790	0	2	50	4100	192	173
791	0	3	10	4105	4164	196
792	0	2	50	4110	9385	189
793	0	1	30	4115	37976	115
794	0	2	40	4120	2389	122
795	0	2	20	4125	36033	131
796	0	5	10	4130	210	116
797	0	3	30	4135	4257	152
798	0	4	10	4140	8337	136
799	0	3	30	4145	4112	181
800	0	5	20	4150	25	185
801	0	2	20	4155	29086	130
802	0	3	30	4160	12175	175
803	0	4	40	4165	5057	194
804	0	2	50	4170	15599	160
805	0	1	30	4175	12357	147
806	0	1	10	4180	1802	196
807	0	3	20	4185	9986	134
808	0	4	50	4190	6933	105
809	0	5	50	4195	9780	130
810	0	4	50	4200	608	107
811	0	4	20	4205	7093	197
812	0	2	50	4210	30775	156
813	0	3	50	4215	25482	186
814	0	2	50	4220	1637	158
815	0	2	20	4225	1233	126
816	0	1	10	4230	772	160
817	0	4	40	4235	89651	179
818	0	5	40	4240	171	157
819	0	1	50	4245	2484	118
820	0	4	10	4250	228	148
821	0	3	30	4255	30521	115
822	0	1	20	4260	7629	138
823	0	4	40	4265	10320	176
824	0	3	20	4270	3623	139
825	0	2	50	4275	21351	161
826	0	2	40	4280	1153	187
827	0	2	30	4285	8083	132
828	0	1	10	4290	1068	177
829	0	3	20	4295	4631	168
830	0	2	50	4300	2664	124
831	0	5	10	4305	4131	180
832	0	1	50	4310	62339	115
833	0	2	50	4315	25531	105
834	0	5	20	4320	3858	192
835	0	1	50	4325	1081	166
836	0	5	30	4330	22919	175
837	0	3	30	4335	6019	146
838	0	5	20	4340	6185	137
839	0	2	40	4345	8440	182
840	0	5	30	4400	2793	160
841	0	1	30	4404	10901	152
842	0	5	10	4408	26534	146
843	0	3	10	4412	14036	181
844	0	3	40	4416	18903	184
845	0	4	40	4420	10117	177
846	0	2	10	4424	5547	139
847	0	5	50	4428	13023	102
848	0	5	30	4432	21277	158
849	0	5	30	4436	1037	196
850	0	1	10	4440	26270	172
851	0	2	30	4444	217	137
852	0	3	40	4448	4017	195
853	0	4	10	4452	4519	118
854	0	4	20	4456	3798	132
855	0	2	50	4460	1009	170
856	0	1	10	4464	6978	192
857	0	5	50	4468	750	199
858	0	1	20	4472	1043	155
859	0	1	10	4476	27183	200
860	0	5	50	4480	9615	160
861	0	4	30	4484	12576	163
862	0	3	20	4488	7841	158
863	0	1	40	4492	1516	138
864	0	3	10	4496	5322	106
865	0	4	40	4500	17034	127
866	0	4	20	4504	7214	181
867	0	1	10	4508	517	150
868	0	4	40	4512	11159	194
869	0	1	10	4516	506	193
870	0	3	40	4520	3384	151
871	0	4	30	4524	13228	114
872	0	5	20	4528	10895	141
873	0	3	10	4532	8538	176
874	0	2	20	4536	46562	159
875	0	4	30	4540	6577	196
876	0	3	20	4544	377	170
877	0	3	10	4548	18220	157
878	0	2	50	4552	18378	193
879	0	5	40	4556	14093	162
880	0	5	40	4560	7418	121
881	0	3	50	4564	6734	184
882	0	3	50	4568	12943	175
883	0	2	30	4572	27	182
884	0	2	10	4576	6791	197
885	0	1	30	4580	2398	187
886	0	2	30	4584	81	186
887	0	3	50	4588	13697	198
888	0	3	30	4592	11286	173
889	0	3	20	4596	2591	122
890	0	5	40	4600	12436	174
891	0	5	40	4604	18802	177
892	0	3	20	4608	4473	192
893	0	5	20	4612	8476	138
894	0	3	50	4616	36903	121
895	0	1	10	4620	9805	197
896	0	3	20	4624	1494	195
897	0	5	20	4628	17727	108
898	0	1	10	4632	4829	175
899	0	5	50	4636	425	157
900	0	5	20	4640	1504	196
901	0	2	50	4644	4769	190
902	0	1	20	4648	701	109
903	0	4	30	4652	18660	166
904	0	3	40	4656	21773	144
905	0	3	40	4660	2982	157
906	0	3	10	4664	6563	197
907	0	1	40	4668	17922	119
908	0	2	40	4672	4885	159
909	0	1	40	4676	22711	137
910	0	4	30	4680	611	100
911	0	4	50	4684	12946	134
912	0	4	50	4688	3889	106
913	0	1	30	4692	5975	193
914	0	1	30	4696	6853	178
915	0	2	10	4700	1558	177
916	0	2	30	4704	54590	189
917	0	2	40	4708	7788	177
918	0	4	40	4712	13918	141
919	0	3	30	4716	2338	120
920	0	2	20	4720	16705	141
921	0	2	30	4724	17698	184
922	0	3	30	4800	6800	177
923	0	1	20	4805	6355	172
924	0	1	20	4810	6052	118
925	0	3	10	4815	7271	175
926	0	1	20	4820	5294	123
927	0	1	10	4825	1133	103
928	0	5	20	4830	9723	154
929	0	2	20	4835	6558	162
930	0	1	20	4840	4364	101
931	0	4	50	4845	3600	161
932	0	3	50	4850	7166	183
933	0	3	50	4855	16583	136
934	0	1	30	4860	10217	167
935	0	4	40	4865	1714	132
936	0	2	40	4870	5596	175
937	0	4	20	4875	24585	109
938	0	4	40	4880	2167	137
939	0	5	30	4885	2861	139
940	0	3	30	4890	17121	190
941	0	2	50	4895	3156	167
942	0	1	20	4900	5099	138
943	0	3	50	4905	17137	136
944	0	5	50	4910	1873	122
945	0	2	40	4915	50599	139
946	0	2	40	4920	8670	171
947	0	2	40	4925	30151	199
948	0	4	40	4930	889	161
949	0	1	40	4935	21409	145
950	0	4	30	4940	10096	107
951	0	2	30	4945	12248	118
952	0	1	40	4950	1069	167
953	0	3	40	4955	2010	155
954	0	3	30	4960	3999	115
955	0	3	50	4965	5107	112
956	0	4	20	4970	27089	112
957	0	1	50	4975	12446	138
958	0	4	20	4980	5985	147
959	0	5	40	4985	5787	169
960	0	3	20	4990	23883	134
961	0	2	50	4995	4826	194
962	0	1	20	5000	2983	165
963	0	1	30	5005	29358	198
964	0	5	30	5010	9434	135
965	0	5	40	5015	18755	139
966	0	2	50	5020	2834	152
967	0	2	50	5025	9006	170
968	0	1	10	5030	20512	125
969	0	2	40	5035	4314	145
970	0	1	20	5040	16588	101
971	0	3	10	5045	1511	180
972	0	3	10	5050	4491	139
973	0	5	20	5055	7717	101
974	0	5	10	5060	6477	130
975	0	5	30	5065	8810	175
976	0	2	20	5070	6640	145
977	0	1	40	5075	13389	141
978	0	2	30	5080	3721	149
979	0	5	30	5085	6348	179
980	0	2	20	5090	33755	104
981	0	5	30	5095	6910	124
982	0	2	20	5100	225	142
983	0	5	30	5105	15414	109
984	0	3	40	5110	22939	155
985	0	5	40	5115	13131	183
986	0	4	20	5120	2293	195
987	0	5	20	5125	4201	128
988	0	5	30	5130	7516	120
989	0	3	30	5135	3083	155
990	0	5	20	5140	3257	120
991	0	2	40	5145	15587	137
992	0	1	10	5150	7809	162
993	0	5	10	5155	18312	168
994	0	2	10	5160	5146	104
995	0	2	30	5165	6719	197
996	0	2	30	5170	134	101
997	0	1	40	5175	6804	141
998	0	3	20	5180	2917	100
999	0	5	10	5185	5244	184
1000	0	1	40	5190	17893	188
1001	0	5	50	5195	51755	100
1002	0	2	30	5200	1263	174
1003	0	2	10	5204	17607	115
1004	0	1	20	5208	1040	144
1005	0	2	20	5212	7186	128
1006	0	5	30	5216	4760	179
1007	0	2	30	5220	11328	165
1008	0	3	30	5224	16033	124
1009	0	4	10	5228	17291	140
1010	0	2	30	5232	30554	167
1011	0	3	40	5236	3028	172
1012	0	4	30	5240	5715	189
1013	0	5	40	5244	48119	168
1014	0	3	20	5248	7014	165
1015	0	3	50	5252	6652	110
1016	0	1	30	5256	4496	151
1017	0	2	50	5260	8243	156
1018	0	3	40	5264	758	142
1019	0	1	50	5268	25365	152
1020	0	2	30	5272	11502	145
1021	0	2	40	5276	29579	123
1022	0	3	30	5280	773	149
1023	0	3	40	5284	10770	171
1024	0	3	20	5288	797	125
1025	0	5	40	5292	265	164
1026	0	3	10	5296	12257	118
1027	0	3	10	5300	9050	171
1028	0	3	10	5304	1610	198
1029	0	4	30	5308	53447	133
1030	0	4	10	5312	8534	173
1031	0	1	30	5316	58262	103
1032	0	3	30	5320	7317	140
1033	0	3	20	5324	29245	166
1034	0	4	40	5328	12126	191
1035	0	3	30	5332	36785	103
1036	0	3	50	5336	4947	151
1037	0	5	20	5340	3439	127
1038	0	4	10	5344	12266	165
1039	0	2	30	5348	6161	126
1040	0	5	20	5352	4945	103
1041	0	3	40	5356	9934	129
1042	0	3	40	5360	9804	103
1043	0	2	20	5364	14535	181
1044	0	1	50	5368	4365	188
1045	0	3	40	5372	177	149
1046	0	3	10	5376	5137	149
1047	0	2	20	5380	8234	195
1048	0	3	40	5384	4985	102
1049	0	5	20	5388	30800	195
1050	0	1	50	5392	1482	146
1051	0	1	30	5396	8665	146
1052	0	3	10	5400	5573	199
1053	0	3	30	5404	4924	148
1054	0	3	40	5408	16050	138
1055	0	4	10	5412	23584	165
1056	0	3	20	5416	30957	151
1057	0	4	50	5420	8499	102
1058	0	5	40	5424	14656	190
1059	0	2	40	5428	757	180
1060	0	4	20	5432	19969	109
1061	0	3	30	5436	19185	108
1062	0	4	20	5440	7971	168
1063	0	4	10	5444	16576	192
1064	0	5	50	5448	3521	167
1065	0	2	10	5452	31810	163
1066	0	5	10	5456	17454	131
1067	0	2	20	5460	7536	122
1068	0	1	10	5464	5093	177
1069	0	1	50	5468	8063	162
1070	0	1	50	5472	1101	160
1071	0	1	20	5476	784	123
1072	0	3	50	5480	23314	191
1073	0	2	20	5484	12933	115
1074	0	1	30	5488	9356	148
1075	0	5	40	5492	660	115
1076	0	4	50	5496	5294	119
1077	0	1	10	5500	5359	169
1078	0	3	40	5504	4066	183
1079	0	5	30	5508	610	177
1080	0	2	30	5512	13435	115
1081	0	1	50	5516	1857	124
1082	0	1	20	5520	2523	168
1083	0	4	50	5524	2713	102
1084	0	4	30	5528	24681	187
1085	0	4	40	5532	62852	127
1086	0	4	20	5536	11632	105
1087	0	1	50	5540	1533	192
1088	0	5	30	5600	2309	127
1089	0	1	40	5604	17957	126
1090	0	5	10	5608	355	152
1091	0	5	10	5612	21287	148
1092	0	5	30	5616	9424	137
1093	0	3	20	5620	10382	186
1094	0	3	10	5624	10726	117
1095	0	3	40	5628	9316	196
1096	0	4	30	5632	969	162
1097	0	4	40	5636	19896	112
1098	0	2	30	5640	7127	113
1099	0	5	50	5644	5651	125
1100	0	3	30	5648	3423	117
1101	0	2	50	5652	25635	127
1102	0	2	20	5656	1959	117
1103	0	2	50	5660	22821	141
1104	0	4	20	5664	21657	135
1105	0	5	40	5668	652	123
1106	0	3	40	5672	12859	155
1107	0	1	50	5676	14932	183
1108	0	2	50	5680	19024	200
1109	0	4	10	5684	13823	123
1110	0	1	20	5688	8393	145
1111	0	2	20	5692	9961	182
1112	0	2	20	5696	2982	120
1113	0	5	10	5700	12790	113
1114	0	5	10	5704	5884	165
1115	0	4	20	5708	13204	186
1116	0	2	10	5712	11244	140
1117	0	1	20	5716	3992	166
1118	0	1	30	5720	25110	104
1119	0	2	20	5724	3607	140
1120	0	3	50	5728	4430	158
1121	0	5	20	5732	12479	140
1122	0	2	40	5736	4131	195
1123	0	5	30	5740	10122	151
1124	0	1	40	5744	7396	109
1125	0	2	50	5748	3570	112
1126	0	2	50	5752	8789	186
1127	0	1	30	5756	3903	105
1128	0	5	10	5760	854	199
1129	0	4	50	5764	18	153
1130	0	1	10	5768	44699	154
1131	0	5	10	5772	9508	107
1132	0	5	30	5776	29211	156
1133	0	3	50	5780	29145	158
1134	0	3	10	5784	19397	159
1135	0	5	40	5788	18825	189
1136	0	5	40	5792	59152	106
1137	0	4	30	5796	4966	127
1138	0	5	30	5800	5484	167
1139	0	4	50	5804	20525	164
1140	0	1	10	5808	4934	173
1141	0	3	30	5812	28736	122
1142	0	4	50	5816	4713	192
1143	0	2	30	5820	8106	104
1144	0	1	20	5824	3824	181
1145	0	4	40	5828	7509	171
1146	0	3	40	5832	11307	127
1147	0	5	20	5836	26321	124
1148	0	3	20	5840	2550	121
1149	0	4	40	5844	30877	131
1150	0	1	40	5848	32205	156
1151	0	4	10	5852	18995	196
1152	0	4	20	5856	32412	107
1153	0	1	20	5860	2502	174
1154	0	2	50	5864	830	167
1155	0	3	20	5868	11045	178
1156	0	1	20	5872	10718	132
1157	0	2	40	5876	10433	167
1158	0	2	10	5880	5943	131
1159	0	3	30	5884	10356	123
1160	0	4	40	5888	9153	137
1161	0	3	10	5892	5733	150
1162	0	1	50	5896	12365	184
1163	0	3	10	5900	18935	147
1164	0	3	50	5904	14775	170
1165	0	1	20	5908	37464	138
1166	0	3	40	5912	12655	126
1167	0	5	30	5916	4421	163
1168	0	3	10	5920	23103	155
1169	0	5	30	5924	10872	176
1170	0	4	40	5928	13467	180
1171	0	4	30	5932	3765	113
1172	0	1	40	5936	29746	199
1173	0	3	30	5940	709	140
1174	0	1	10	5944	30693	167
1175	0	5	30	5948	6128	135
1176	0	1	20	5952	4658	148
1177	0	5	20	5956	19322	191
1178	0	5	10	5960	4226	170
1179	0	3	50	5964	63516	139
1180	0	4	10	5968	12499	185
1181	0	2	30	5972	11957	162
1182	0	3	20	5976	1082	184
1183	0	1	20	5980	1879	168
1184	0	4	10	5984	868	197
1185	0	3	10	5988	2399	158
1186	0	2	50	5992	11434	200
1187	0	5	20	6000	15454	183
1188	0	1	50	6005	22372	191
1189	0	5	40	6010	2673	182
1190	0	5	20	6015	2693	156
1191	0	4	50	6020	6371	140
1192	0	3	30	6025	35556	196
1193	0	2	10	6030	18655	144
1194	0	5	10	6035	4035	126
1195	0	4	50	6040	37830	122
1196	0	3	30	6045	3704	138
1197	0	1	50	6050	9091	145
1198	0	5	30	6055	18335	135
1199	0	5	10	6060	4574	142
1200	0	1	10	6065	20149	144
1201	0	4	20	6070	4315	165
1202	0	3	10	6075	418	169
1203	0	3	40	6080	10863	145
1204	0	1	10	6085	3439	151
1205	0	3	20	6090	13030	143
1206	0	3	20	6095	25291	198
1207	0	1	40	6100	24997	168
1208	0	5	10	6105	3705	106
1209	0	3	30	6110	13192	132
1210	0	3	50	6115	3941	129
1211	0	2	50	6120	18756	142
1212	0	2	40	6125	4007	197
1213	0	5	10	6130	6042	193
1214	0	5	20	6135	32087	138
1215	0	2	10	6140	27973	176
1216	0	5	50	6145	4171	166
1217	0	5	30	6150	8273	115
1218	0	5	10	6155	15438	150
1219	0	1	50	6160	8979	111
1220	0	4	20	6165	5014	139
1221	0	4	30	6170	31495	143
1222	0	4	40	6175	7465	172
1223	0	3	20	6180	12750	174
1224	0	1	10	6185	6026	120
1225	0	1	50	6190	3654	139
1226	0	2	10	6195	4644	117
1227	0	5	40	6200	1635	154
1228	0	3	30	6205	17731	114
1229	0	3	20	6210	40321	144
1230	0	3	50	6215	1730	197
1231	0	1	30	6220	18756	103
1232	0	5	50	6225	207	155
1233	0	1	10	6230	46881	127
1234	0	2	50	6235	2403	195
1235	0	1	50	6240	5078	119
1236	0	5	30	6245	10891	193
1237	0	5	30	6250	8096	139
1238	0	1	20	6255	27133	116
1239	0	2	50	6260	6279	154
1240	0	5	40	6265	4327	160
1241	0	2	10	6270	16114	132
1242	0	1	20	6275	7360	177
1243	0	4	20	6280	2353	159
1244	0	3	50	6285	30275	152
1245	0	4	30	6290	6342	114
1246	0	2	20	6295	1643	143
1247	0	3	20	6300	9655	102
1248	0	3	40	6305	23398	105
1249	0	3	50	6310	5790	151
1250	0	4	10	6315	13074	156
1251	0	3	10	6320	17504	122
1252	0	2	40	6325	19768	195
1253	0	5	30	6330	3551	123
1254	0	2	40	6335	44471	103
1255	0	3	40	6340	26051	101
1256	0	1	30	6345	21902	193
1257	0	5	50	6400	5733	196
1258	0	3	40	6404	2688	125
1259	0	5	10	6408	51839	111
1260	0	2	10	6412	5012	125
1261	0	4	30	6416	16685	144
1262	0	4	20	6420	1312	153
1263	0	2	50	6424	4287	162
1264	0	1	40	6428	9127	135
1265	0	2	20	6432	8067	126
1266	0	2	10	6436	17813	187
1267	0	2	40	6440	4349	170
1268	0	3	10	6444	2891	198
1269	0	5	20	6448	10581	118
1270	0	3	40	6452	4388	183
1271	0	5	20	6456	19490	127
1272	0	5	20	6460	11067	199
1273	0	4	10	6464	4563	196
1274	0	2	20	6468	3044	151
1275	0	3	20	6472	11075	107
1276	0	4	20	6476	7597	167
1277	0	1	20	6480	4027	113
1278	0	1	30	6484	15920	121
1279	0	3	40	6488	49835	106
1280	0	4	40	6492	1733	197
1281	0	4	40	6496	17544	114
1282	0	2	10	6500	3771	148
1283	0	5	30	6504	5912	163
1284	0	4	10	6508	4308	188
1285	0	1	40	6512	5484	174
1286	0	4	40	6516	48930	109
1287	0	1	20	6520	17171	132
1288	0	4	20	6524	53	124
1289	0	4	20	6528	4204	194
1290	0	1	20	6532	8468	127
1291	0	1	40	6536	2929	198
1292	0	3	50	6540	4109	114
1293	0	1	10	6544	28771	104
1294	0	5	40	6548	819	129
1295	0	1	10	6552	9628	116
1296	0	3	50	6556	12102	179
1297	0	4	20	6560	2064	114
1298	0	4	30	6564	12443	123
1299	0	1	30	6568	6752	126
1300	0	2	20	6572	12165	127
1301	0	1	30	6576	20843	174
1302	0	1	10	6580	4961	105
1303	0	4	20	6584	3805	187
1304	0	1	20	6588	954	168
1305	0	4	40	6592	23653	129
1306	0	3	50	6596	2164	123
1307	0	3	30	6600	8106	199
1308	0	4	20	6604	392	173
1309	0	5	30	6608	5597	196
1310	0	5	30	6612	6471	134
1311	0	5	20	6616	9680	180
1312	0	5	20	6620	12434	174
1313	0	1	50	6624	2926	118
1314	0	2	30	6628	22939	115
1315	0	4	20	6632	10217	111
1316	0	2	30	6636	7877	196
1317	0	4	50	6640	15046	191
1318	0	3	40	6644	80436	174
1319	0	5	50	6648	2175	161
1320	0	3	30	6652	8472	116
1321	0	2	40	6656	150	155
1322	0	3	20	6660	4272	145
1323	0	4	50	6664	30091	104
1324	0	5	50	6668	996	192
1325	0	3	10	6672	1127	186
1326	0	3	30	6676	8633	113
1327	0	4	10	6680	14183	195
1328	0	4	30	6684	3457	167
1329	0	1	10	6688	13388	134
1330	0	5	20	6692	41080	129
1331	0	5	50	6696	4470	152
1332	0	3	40	6700	12248	190
1333	0	5	50	6704	4354	196
1334	0	1	20	6708	5116	179
1335	0	4	10	6712	4463	123
1336	0	3	30	6716	6737	109
1337	0	4	40	6720	74406	162
1338	0	5	20	6724	4497	195
1339	0	1	30	6728	6977	159
1340	0	3	50	6732	2704	150
1341	0	2	20	6736	8125	110
1342	0	2	10	6740	15658	159
1343	0	5	50	6800	11986	128
1344	0	5	50	6804	25314	159
1345	0	1	10	6808	36577	147
1346	0	1	20	6812	10167	123
1347	0	3	50	6816	916	196
1348	0	5	40	6820	703	190
1349	0	2	30	6824	8146	117
1350	0	4	30	6828	876	121
1351	0	5	10	6832	30408	189
1352	0	1	30	6836	2081	140
1353	0	4	40	6840	7839	163
1354	0	3	10	6844	30911	109
1355	0	1	30	6848	11761	173
1356	0	3	20	6852	8917	128
1357	0	2	20	6856	6538	100
1358	0	4	20	6860	2558	196
1359	0	3	10	6864	51933	183
1360	0	2	10	6868	5127	115
1361	0	5	40	6872	7657	129
1362	0	5	10	6876	3306	131
1363	0	3	10	6880	5352	138
1364	0	5	10	6884	6237	167
1365	0	1	30	6888	1342	182
1366	0	3	30	6892	29444	190
1367	0	5	30	6896	5002	178
1368	0	5	40	6900	24421	140
1369	0	3	20	6904	9359	193
1370	0	1	40	6908	1859	101
1371	0	4	50	6912	7924	134
1372	0	5	40	6916	6170	196
1373	0	3	20	6920	9792	115
1374	0	3	50	6924	39891	110
1375	0	2	20	6928	174	106
1376	0	5	40	6932	4003	196
1377	0	4	30	6936	13226	117
1378	0	5	50	6940	487	145
1379	0	4	50	6944	1632	144
1380	0	2	50	6948	8763	162
1381	0	5	40	6952	6946	118
1382	0	4	20	6956	12141	104
1383	0	3	50	6960	17001	149
1384	0	3	30	6964	11052	112
1385	0	1	20	6968	574	141
1386	0	4	20	6972	1974	112
1387	0	4	10	6976	2091	127
1388	0	2	50	6980	5744	187
1389	0	1	40	6984	15378	106
1390	0	1	50	6988	18513	195
1391	0	2	20	6992	115	108
1392	0	5	20	6996	19674	166
1393	0	2	10	7000	4730	112
1394	0	4	20	7004	1174	144
1395	0	4	20	7008	15714	120
1396	0	3	10	7012	3470	179
1397	0	5	50	7016	5524	120
1398	0	5	50	7020	3079	162
1399	0	5	20	7024	17787	177
1400	0	3	30	7028	471	158
1401	0	2	40	7032	3144	146
1402	0	4	20	7036	2740	156
1403	0	2	20	7040	8691	197
1404	0	2	40	7044	5155	116
1405	0	1	40	7048	10614	188
1406	0	5	20	7052	8773	193
1407	0	4	10	7056	11038	125
1408	0	1	40	7060	8700	152
1409	0	2	40	7064	28821	103
1410	0	1	50	7068	5005	177
1411	0	4	50	7072	23297	111
1412	0	3	30	7076	5741	155
1413	0	5	30	7080	804	151
1414	0	2	10	7084	7586	121
1415	0	2	30	7088	28665	197
1416	0	1	20	7092	21644	125
1417	0	2	20	7096	7923	182
1418	0	1	40	7100	17023	125
1419	0	5	40	7104	5329	126
1420	0	2	10	7108	36970	170
1421	0	4	30	7112	16831	163
1422	0	3	40	7116	38770	192
1423	0	4	50	7120	1907	133
1424	0	3	30	7200	16894	199
1425	0	5	30	7205	1726	193
1426	0	4	30	7210	13576	168
1427	0	4	30	7215	951	183
1428	0	5	10	7220	7497	171
1429	0	5	40	7225	3198	191
1430	0	5	20	7230	17294	127
1431	0	1	50	7235	29540	175
1432	0	5	40	7240	6990	155
1433	0	5	30	7245	3726	169
1434	0	2	20	7250	1113	187
1435	0	1	20	7255	4070	116
1436	0	2	30	7260	3218	163
1437	0	2	50	7265	1548	107
1438	0	1	10	7270	6296	133
1439	0	3	50	7275	178	125
1440	0	1	50	7280	9011	148
1441	0	1	20	7285	9590	187
1442	0	4	20	7290	12403	176
1443	0	1	10	7295	7640	183
1444	0	1	50	7300	5762	130
1445	0	3	10	7305	31863	183
1446	0	4	40	7310	11908	154
1447	0	1	50	7315	16213	115
1448	0	5	50	7320	23356	192
1449	0	2	50	7325	2454	147
1450	0	4	50	7330	27015	196
1451	0	1	50	7335	17522	198
1452	0	5	20	7340	11330	196
1453	0	5	10	7345	24273	135
1454	0	3	20	7350	20497	107
1455	0	4	10	7355	4016	195
1456	0	4	10	7360	3777	154
1457	0	5	20	7365	707	122
1458	0	5	50	7370	17125	199
1459	0	3	20	7375	2907	123
1460	0	3	10	7380	28851	120
1461	0	2	50	7385	7009	109
1462	0	5	10	7390	1765	155
1463	0	2	50	7395	3970	162
1464	0	2	30	7400	1895	176
1465	0	1	50	7405	6668	101
1466	0	4	10	7410	6433	156
1467	0	3	50	7415	1442	187
1468	0	4	10	7420	44879	164
1469	0	2	50	7425	2394	105
1470	0	1	50	7430	13413	134
1471	0	4	30	7435	15030	117
1472	0	1	10	7440	936	149
1473	0	3	40	7445	16311	100
1474	0	5	40	7450	21301	179
1475	0	2	50	7455	6205	184
1476	0	1	10	7460	1395	187
1477	0	3	30	7465	8068	108
1478	0	4	50	7470	17409	103
1479	0	1	30	7475	20958	115
1480	0	1	40	7480	8432	139
1481	0	4	40	7485	33054	152
1482	0	4	30	7490	2966	192
1483	0	3	20	7495	3936	124
1484	0	2	50	7500	4971	195
1485	0	5	20	7505	64966	130
1486	0	1	30	7510	4343	180
1487	0	1	30	7515	10234	119
1488	0	3	20	7520	7133	161
1489	0	3	20	7525	19565	192
1490	0	2	20	7530	213	162
1491	0	3	10	7535	2352	140
1492	0	3	10	7540	5375	108
1493	0	4	50	7545	2574	109
1494	0	1	40	7550	1332	105
1495	0	4	10	7555	1075	138
1496	0	1	10	7560	6402	132
1497	0	2	20	7565	5403	114
1498	0	5	40	7600	4714	107
1499	0	5	50	7605	37209	128
1500	0	4	50	7610	8676	127
1501	0	2	50	7615	8707	167
1502	0	2	40	7620	17368	152
1503	0	4	10	7625	13536	186
1504	0	2	50	7630	8608	113
1505	0	5	30	7635	2388	178
1506	0	5	50	7640	14161	149
1507	0	2	30	7645	24284	195
1508	0	1	30	7650	454	157
1509	0	2	20	7655	6434	123
1510	0	3	50	7660	2304	107
1511	0	2	30	7665	18199	145
1512	0	1	30	7670	4137	119
1513	0	5	30	7675	32684	184
1514	0	3	30	7680	14873	185
1515	0	5	20	7685	43481	168
1516	0	4	20	7690	3033	118
1517	0	2	50	7695	23353	131
1518	0	1	10	7700	34274	167
1519	0	3	10	7705	1957	146
1520	0	5	20	7710	1569	121
1521	0	4	40	7715	22079	136
1522	0	1	30	7720	13128	125
1523	0	1	50	7725	2266	172
1524	0	1	40	7730	2138	143
1525	0	3	50	7735	8197	194
1526	0	1	20	7740	5227	108
1527	0	3	10	7745	25642	139
1528	0	3	10	7750	12194	195
1529	0	1	30	7755	16390	140
1530	0	1	40	7760	55620	152
1531	0	5	50	7765	16501	173
1532	0	3	50	7770	2158	101
1533	0	5	50	7775	19968	175
1534	0	2	30	7780	4468	188
1535	0	4	50	7785	53844	172
1536	0	2	10	7790	2258	100
1537	0	1	30	7795	9389	105
1538	0	2	20	7800	17516	111
1539	0	2	30	7805	2073	116
1540	0	1	30	7810	4327	182
1541	0	5	10	7815	6869	185
1542	0	5	10	7820	9230	163
1543	0	1	10	7825	404	138
1544	0	1	20	7830	11913	184
1545	0	5	40	7835	3246	117
1546	0	2	40	7840	26101	121
1547	0	3	30	7845	6676	125
1548	0	2	30	7850	7907	125
1549	0	1	20	7855	1696	137
1550	0	1	40	7860	23797	120
1551	0	5	20	7865	9751	101
1552	0	2	20	7870	6537	147
1553	0	2	30	7875	2298	161
1554	0	5	30	7880	21430	106
1555	0	5	20	7885	13434	191
1556	0	2	20	7890	22833	141
1557	0	1	50	7895	10779	180
1558	0	4	20	7900	8635	143
1559	0	4	10	7905	205	119
1560	0	4	10	7910	21079	170
1561	0	2	40	7915	19978	109
1562	0	4	30	7920	3133	100
1563	0	1	50	7925	4149	117
1564	0	2	30	7930	6635	172
1565	0	4	10	7935	6693	135
1566	0	4	30	7940	11482	143
1567	0	2	30	7945	7870	144
1568	0	3	50	7950	11721	196
1569	0	4	30	7955	15349	112
1570	0	3	20	7960	19418	168
1571	0	3	50	7965	13696	112
1572	0	5	30	7970	1124	119
1573	0	4	30	8000	18379	150
1574	0	3	40	8005	22587	165
1575	0	1	20	8010	13929	137
1576	0	4	30	8015	4358	174
1577	0	5	30	8020	11996	188
1578	0	1	30	8025	9387	188
1579	0	1	50	8030	31276	125
1580	0	2	10	8035	11254	173
1581	0	4	50	8040	31313	184
1582	0	1	40	8045	6117	114
1583	0	2	40	8050	8468	158
1584	0	5	50	8055	25694	120
1585	0	1	30	8060	6829	151
1586	0	4	40	8065	4754	126
1587	0	2	30	8070	55639	140
1588	0	5	20	8075	45952	169
1589	0	3	20	8080	12171	198
1590	0	3	40	8085	1780	130
1591	0	1	20	8090	10376	120
1592	0	3	20	8095	361	163
1593	0	4	20	8100	16667	192
1594	0	3	30	8105	4829	147
1595	0	4	50	8110	8126	172
1596	0	2	40	8115	2769	185
1597	0	5	20	8120	3361	145
1598	0	5	40	8125	11249	166
1599	0	2	20	8130	2706	149
1600	0	2	20	8135	11647	174
1601	0	1	20	8140	6238	178
1602	0	1	40	8145	19508	129
1603	0	3	50	8150	17170	112
1604	0	4	10	8155	4806	169
1605	0	4	50	8160	2406	108
1606	0	5	50	8165	7546	182
1607	0	3	40	8170	12135	197
1608	0	5	50	8175	4744	197
1609	0	5	20	8180	1888	170
1610	0	1	40	8185	5525	116
1611	0	2	40	8190	2963	154
1612	0	1	20	8195	616	193
1613	0	3	20	8200	10607	117
1614	0	3	50	8205	6300	146
1615	0	1	10	8210	27745	187
1616	0	2	50	8215	6360	196
1617	0	2	50	8220	15429	143
1618	0	2	10	8225	6328	198
1619	0	1	10	8230	56190	121
1620	0	1	30	8235	1269	108
1621	0	3	50	8240	11789	103
1622	0	3	10	8245	8383	175
1623	0	1	30	8250	51358	199
1624	0	2	40	8255	10519	183
1625	0	3	10	8260	3026	148
1626	0	1	30	8265	12631	150
1627	0	2	10	8270	4964	128
1628	0	2	10	8275	7228	103
1629	0	5	40	8280	5276	193
1630	0	5	40	8285	7862	152
1631	0	5	20	8290	745	128
1632	0	5	50	8295	286	121
1633	0	4	10	8300	4999	138
1634	0	5	40	8305	4367	152
1635	0	1	50	8310	2724	196
1636	0	4	20	8315	1577	155
1637	0	3	40	8320	12208	102
1638	0	4	30	8325	2325	189
1639	0	1	50	8330	14477	111
1640	0	2	30	8335	40993	170
1641	0	1	50	8340	14089	129
1642	0	2	40	8345	13078	144
1643	0	1	10	8350	21454	200
1644	0	2	40	8355	3748	181
1645	0	1	10	8360	30169	177
1646	0	1	50	8365	9028	128
1647	0	5	10	8370	7017	145
1648	0	2	20	8400	5026	145
1649	0	3	20	8405	6753	161
1650	0	2	50	8410	1007	177
1651	0	5	40	8415	7905	142
1652	0	4	20	8420	21582	148
1653	0	5	40	8425	11536	145
1654	0	2	50	8430	1284	140
1655	0	4	30	8435	64946	171
1656	0	4	20	8440	27957	102
1657	0	5	10	8445	20384	130
1658	0	2	10	8450	2338	130
1659	0	2	50	8455	1359	121
1660	0	3	30	8460	9079	159
1661	0	4	40	8465	1643	153
1662	0	2	30	8470	2436	194
1663	0	1	10	8475	42397	104
1664	0	5	40	8480	13120	117
1665	0	2	20	8485	4431	188
1666	0	2	40	8490	2605	132
1667	0	2	20	8495	14828	154
1668	0	4	40	8500	3972	166
1669	0	2	10	8505	2758	151
1670	0	3	50	8510	18048	131
1671	0	4	10	8515	17792	194
1672	0	3	20	8520	9512	154
1673	0	1	10	8525	14817	186
1674	0	4	30	8530	286	152
1675	0	5	30	8535	6321	180
1676	0	2	20	8540	39198	160
1677	0	3	50	8545	13305	176
1678	0	4	50	8550	15183	117
1679	0	1	40	8555	13114	105
1680	0	2	20	8560	14217	120
1681	0	2	30	8565	2801	104
1682	0	1	40	8570	68284	183
1683	0	5	40	8575	268	143
1684	0	3	50	8580	3862	115
1685	0	5	50	8585	75683	110
1686	0	2	10	8590	3070	181
1687	0	1	20	8595	6250	176
1688	0	3	20	8600	3280	198
1689	0	1	20	8605	4444	182
1690	0	3	40	8610	4287	194
1691	0	4	10	8615	4385	124
1692	0	2	40	8620	7424	173
1693	0	3	30	8625	858	167
1694	0	4	30	8630	2235	153
1695	0	3	40	8635	21927	116
1696	0	5	20	8640	8490	135
1697	0	1	40	8645	14169	139
1698	0	1	30	8650	2203	182
1699	0	1	20	8655	38478	194
1700	0	5	20	8660	15442	144
1701	0	5	40	8665	20535	175
1702	0	1	20	8670	2106	179
1703	0	1	20	8675	1765	195
1704	0	5	20	8680	12687	129
1705	0	4	40	8685	4410	184
1706	0	2	30	8690	32819	188
1707	0	4	10	8695	1607	163
1708	0	1	10	8700	10818	194
1709	0	3	30	8705	14133	161
1710	0	3	10	8710	411	110
1711	0	2	20	8715	3177	126
1712	0	1	20	8720	1253	112
1713	0	2	30	8725	8617	124
1714	0	5	40	8730	6391	101
1715	0	2	50	8735	4673	154
1716	0	4	50	8740	1690	171
1717	0	3	50	8745	2115	150
1718	0	4	10	8750	14271	189
1719	0	1	50	8755	13185	106
1720	0	1	20	8760	1040	107
1721	0	2	30	8765	18683	157
1722	0	4	10	8770	7622	156
1723	0	4	30	8775	43037	185
1724	0	4	30	8800	28233	158
1725	0	4	50	8805	7656	107
1726	0	3	30	8810	4480	120
1727	0	1	40	8815	7809	188
1728	0	2	40	8820	9295	132
1729	0	2	40	8825	2446	136
1730	0	5	10	8830	27914	144
1731	0	1	40	8835	3758	120
1732	0	3	30	8840	8372	194
1733	0	4	30	8845	17043	124
1734	0	2	20	8850	33938	162
1735	0	3	40	8855	24934	145
1736	0	1	10	8860	580	126
1737	0	5	30	8865	23574	189
1738	0	5	20	8870	5535	113
1739	0	4	20	8875	41166	132
1740	0	3	20	8880	781	123
1741	0	4	10	8885	1269	117
1742	0	5	10	8890	20050	183
1743	0	1	50	8895	9506	137
1744	0	4	10	8900	3872	171
1745	0	2	20	8905	842	167
1746	0	3	50	8910	2781	111
1747	0	5	10	8915	35715	149
1748	0	3	50	8920	12808	166
1749	0	2	30	8925	22560	200
1750	0	5	40	8930	14761	145
1751	0	3	30	8935	5087	186
1752	0	2	30	8940	71375	151
1753	0	5	40	8945	8342	176
1754	0	1	10	8950	25094	186
1755	0	3	50	8955	32735	188
1756	0	1	30	8960	5154	119
1757	0	3	50	8965	2508	195
1758	0	2	40	8970	3166	136
1759	0	2	30	8975	2395	122
1760	0	2	10	8980	66197	163
1761	0	2	40	8985	7321	200
1762	0	2	20	8990	10590	131
1763	0	5	20	8995	6324	158
1764	0	4	20	9000	18710	116
1765	0	2	30	9005	17366	191
1766	0	5	40	9010	15728	132
1767	0	3	40	9015	5002	189
1768	0	1	10	9020	10168	162
1769	0	2	10	9025	9270	156
1770	0	2	40	9030	3864	128
1771	0	4	30	9035	3803	183
1772	0	3	30	9040	18849	136
1773	0	1	50	9045	15620	156
1774	0	3	30	9050	11105	184
1775	0	2	20	9055	48648	190
1776	0	2	20	9060	45425	174
1777	0	4	20	9065	30771	118
1778	0	1	20	9070	14307	113
1779	0	3	10	9075	21775	192
1780	0	1	50	9080	3690	196
1781	0	3	30	9085	5404	172
1782	0	4	50	9090	20730	122
1783	0	1	20	9095	14119	132
1784	0	2	10	9100	7770	191
1785	0	2	40	9105	9764	159
1786	0	4	10	9110	3801	169
1787	0	3	50	9115	14	118
1788	0	4	30	9120	25633	138
1789	0	4	30	9125	75	175
1790	0	3	10	9130	8948	126
1791	0	3	10	9135	23470	131
1792	0	4	50	9140	11861	152
1793	0	3	40	9145	2507	192
1794	0	2	20	9150	42757	169
1795	0	2	40	9155	11187	123
1796	0	3	40	9160	8661	187
1797	0	1	40	9165	6175	124
1798	0	2	30	9170	16998	121
1799	0	2	40	9175	8586	180
1800	0	3	40	9180	4939	134
1801	0	1	20	9200	24119	123
1802	0	5	50	9205	5689	187
1803	0	1	40	9210	1505	109
1804	0	1	40	9215	10185	172
1805	0	2	20	9220	6875	163
1806	0	5	10	9225	9673	149
1807	0	2	40	9230	3767	195
1808	0	3	10	9235	27320	192
1809	0	4	50	9240	26911	197
1810	0	2	30	9245	37855	113
1811	0	2	20	9250	6664	100
1812	0	3	40	9255	8131	181
1813	0	5	30	9260	6027	145
1814	0	1	40	9265	29749	126
1815	0	5	30	9270	12041	191
1816	0	3	40	9275	12076	178
1817	0	1	10	9280	26996	199
1818	0	4	20	9285	32428	168
1819	0	2	40	9290	3181	157
1820	0	3	20	9295	8157	121
1821	0	2	50	9300	15674	114
1822	0	4	20	9305	7371	150
1823	0	3	40	9310	9995	188
1824	0	5	10	9315	151	129
1825	0	4	30	9320	6470	197
1826	0	5	30	9325	12386	130
1827	0	1	40	9330	11102	145
1828	0	4	30	9335	16941	188
1829	0	1	50	9340	71093	161
1830	0	5	30	9345	7585	102
1831	0	2	30	9350	10268	150
1832	0	2	40	9355	2172	197
1833	0	4	40	9360	2460	133
1834	0	5	30	9365	8309	157
1835	0	5	40	9370	6105	173
1836	0	4	30	9375	50423	186
1837	0	3	20	9380	14622	112
1838	0	1	30	9385	1529	161
1839	0	5	40	9390	496	128
1840	0	2	30	9395	40	110
1841	0	3	30	9400	24	175
1842	0	5	40	9405	1315	126
1843	0	1	40	9410	53143	142
1844	0	2	50	9415	601	161
1845	0	2	40	9420	1256	126
1846	0	1	30	9425	5475	150
1847	0	5	20	9430	3183	107
1848	0	3	10	9435	3815	166
1849	0	3	40	9440	4954	178
1850	0	4	50	9445	42854	145
1851	0	2	40	9450	11596	188
1852	0	3	30	9455	7603	157
1853	0	1	50	9460	8921	164
1854	0	4	20	9465	215	159
1855	0	1	40	9470	11246	120
1856	0	3	10	9475	6271	173
1857	0	3	20	9480	20076	199
1858	0	2	40	9485	1336	180
1859	0	2	20	9490	2024	175
1860	0	2	40	9495	18863	132
1861	0	5	20	9500	35912	104
1862	0	3	10	9505	8637	107
1863	0	3	20	9510	27637	131
1864	0	4	20	9515	6646	194
1865	0	1	50	9520	5781	164
1866	0	5	40	9525	3622	103
1867	0	4	10	9530	4397	147
1868	0	5	10	9535	27066	188
1869	0	1	10	9540	8743	154
1870	0	1	50	9545	12541	105
1871	0	1	30	9550	31930	165
1872	0	1	40	9555	17896	138
1873	0	4	40	9560	26753	139
1874	0	5	10	9565	3128	146
1875	0	1	50	9570	8108	147
1876	0	3	10	9575	11779	188
1877	0	4	30	9580	7639	108
1878	0	1	40	9585	8716	127
1879	0	4	20	9590	29313	103
1880	0	4	10	9595	621	147
1881	0	1	20	9600	6347	122
1882	0	4	30	9605	4826	179
1883	0	2	50	9610	6495	109
1884	0	2	50	9615	309	115
1885	0	4	40	9620	22684	114
1886	0	4	10	9625	1340	193
1887	0	2	50	9630	12294	132
1888	0	1	20	9635	2201	175
1889	0	5	50	9640	26640	137
1890	0	3	40	9645	57550	100
1891	0	2	20	9650	2275	188
1892	0	2	30	9655	10963	132
1893	0	4	20	9660	40021	186
1894	0	4	50	9665	3422	196
1895	0	2	10	9670	660	106
1896	0	5	20	9675	8054	167
1897	0	2	20	9680	2734	196
1898	0	2	20	9685	9927	148
1899	0	2	10	9690	13179	198
1900	0	2	10	9695	21906	122
1901	0	2	30	9700	736	102
1902	0	5	20	9705	4946	120
1903	0	2	10	9710	16875	112
1904	0	3	40	9715	14050	173
1905	0	4	20	9720	511	180
1906	0	1	10	9725	22341	150
1907	0	4	40	9730	10322	117
1908	0	1	40	9735	4195	118
1909	0	3	30	9740	8974	112
1910	0	3	30	9745	48875	132
1911	0	4	30	9750	33006	164
1912	0	3	30	9755	4211	172
1913	0	4	20	9760	2563	177
1914	0	4	10	9765	1328	128
1915	0	2	30	9770	5767	110
1916	0	2	50	9775	11568	125
1917	0	2	20	9780	1199	199
1918	0	2	30	9785	24915	115
1919	0	1	40	9790	10305	179
1920	0	2	50	9795	3886	171
1921	0	3	50	9800	11596	172
1922	0	4	40	9805	1798	173
1923	0	1	20	9810	45	151
1924	0	3	20	9815	8950	154
1925	0	5	40	9820	7747	118
1926	0	5	50	9825	4826	133
1927	0	2	30	9830	19963	152
1928	0	1	40	9835	12402	144
1929	0	4	50	9840	2322	140
1930	0	2	30	9845	27	180
1931	0	1	50	9850	6567	192
1932	0	2	20	9855	28649	161
1933	0	4	40	9860	22747	130
1934	0	2	10	9865	925	182
1935	0	3	30	9870	56367	144
1936	0	1	10	9875	909	102
1937	0	2	30	9880	10302	167
1938	0	5	20	9885	15628	136
1939	0	3	40	9890	49389	136
1940	0	3	40	9895	52	165
1941	0	5	20	9900	9028	175
1942	0	2	10	9905	5095	114
1943	0	3	50	9910	12292	162
1944	0	2	20	9915	28686	104
1945	0	5	10	9920	686	136
1946	0	5	50	9925	25119	115
1947	0	3	10	9930	6262	156
1948	0	1	10	9935	23557	157
1949	0	2	30	9940	24171	186
1950	0	1	20	9945	6848	182
1951	0	3	10	9950	6005	169
1952	0	1	50	9955	4791	181
1953	0	2	40	9960	51630	170
1954	0	1	10	9965	5929	126
1955	0	5	20	9970	2970	151
1956	0	3	40	9975	30363	130
1957	0	5	10	9980	4877	170
1958	0	4	40	9985	3124	158
1959	0	3	10	9990	2893	155
1960	0	5	20	9995	14878	147
1961	0	4	30	10000	415	198
1962	0	4	50	10010	32377	174
1963	0	3	40	10020	1521	178
1964	0	2	50	10030	8916	132
1965	0	3	40	10040	9891	141
1966	0	2	20	10050	340	103
1967	0	4	50	10060	7091	142
1968	0	3	20	10070	1508	196
1969	0	2	30	10080	1451	185
1970	0	1	30	10090	4428	107
1971	0	1	20	10100	520	158
1972	0	3	10	10110	5487	163
1973	0	4	40	10120	26587	180
1974	0	3	50	10130	10182	114
1975	0	2	30	10140	16534	196
1976	0	2	40	10150	3835	157
1977	0	1	50	10160	8275	110
1978	0	4	10	10170	1202	146
1979	0	4	20	10180	7619	117
1980	0	1	40	10190	10963	102
1981	0	2	40	10200	31016	177
1982	0	2	20	10210	36182	195
1983	0	4	20	10220	18042	159
1984	0	4	40	10230	16215	158
1985	0	4	30	10240	11253	111
1986	0	5	50	10250	1162	111
1987	0	1	40	10260	30562	191
1988	0	4	30	10270	7391	103
1989	0	3	50	10280	23164	130
1990	0	5	50	10290	877	113
1991	0	2	50	10300	16116	133
1992	0	4	50	10310	5113	108
1993	0	2	10	10320	8655	181
1994	0	4	20	10330	3827	189
1995	0	4	10	10340	42199	167
1996	0	2	30	10350	10878	101
1997	0	5	20	10360	3088	136
1998	0	2	50	10370	1488	130
1999	0	5	30	10380	5113	164
