0	0	3	40	0	398	14
1	0	4	10	9	2221	10
2	0	4	30	18	6101	11
3	0	2	30	27	7027	11
4	0	3	30	36	3378	13
5	0	1	30	45	88	14
6	0	1	40	54	2680	13
7	0	1	30	63	7793	11
8	0	5	40	72	3656	15
9	0	4	50	81	306	15
10	0	5	30	90	4150	15
11	0	3	10	99	5554	13
12	0	3	10	108	762	14
13	0	1	40	117	13406	12
14	0	5	40	126	1422	11
15	0	5	20	135	6361	10
16	0	4	40	144	4612	12
17	0	4	10	153	2210	13
18	0	1	30	162	1888	12
19	0	5	50	171	3242	14
20	0	5	20	180	2073	12
21	0	1	10	189	969	15
22	0	1	20	198	2505	12
23	0	5	40	207	1627	11
24	0	1	30	216	8372	15
25	0	4	30	225	5315	10
26	0	1	20	234	2732	14
27	0	4	40	243	3765	15
28	0	4	50	252	9416	12
29	0	2	50	261	159	11
30	0	1	30	270	4894	12
31	0	4	10	279	8555	10
32	0	5	20	288	2375	13
33	0	2	20	297	998	12
34	0	2	10	306	0	12
35	0	2	10	315	2514	10
36	0	2	20	324	1178	12
37	0	2	40	333	1537	10
38	0	3	30	342	4661	12
39	0	3	10	351	1578	13
40	0	1	20	360	3359	14
41	0	5	10	369	10061	14
42	0	2	10	400	2838	13
43	0	1	40	409	59	14
44	0	2	50	418	3125	15
45	0	5	20	427	1387	10
46	0	4	10	436	1926	11
47	0	3	20	445	2822	11
48	0	4	10	454	486	14
49	0	2	20	463	2167	15
50	0	2	10	472	2781	15
51	0	2	50	481	1425	10
52	0	4	20	490	2573	10
53	0	5	40	499	482	13
54	0	2	30	508	3099	10
55	0	3	30	517	8464	14
56	0	3	50	526	12953	13
57	0	4	50	535	2378	15
58	0	1	10	544	12042	11
59	0	5	50	553	7207	13
60	0	5	20	562	2993	10
61	0	3	50	571	8429	14
62	0	2	40	580	12183	15
63	0	4	40	589	3284	13
64	0	3	20	598	1834	13
65	0	1	20	607	5767	14
66	0	3	50	616	1442	10
67	0	1	50	625	12204	11
68	0	5	40	634	13397	15
69	0	4	30	643	7150	10
70	0	3	10	652	3114	14
71	0	3	50	661	1817	11
72	0	2	40	670	5332	11
73	0	3	20	679	206	14
74	0	4	30	688	17424	15
75	0	1	10	697	2657	13
76	0	4	50	706	4912	11
77	0	1	30	715	2396	14
78	0	4	40	724	6280	12
79	0	2	10	733	3504	14
80	0	5	20	742	1741	14
81	0	4	50	751	17946	13
82	0	5	40	760	2735	11
83	0	3	30	800	2668	12
84	0	1	40	809	3088	12
85	0	4	40	818	2084	11
86	0	1	40	827	2095	15
87	0	1	40	836	1626	10
88	0	1	40	845	4578	12
89	0	4	30	854	513	13
90	0	4	20	863	2819	13
91	0	3	20	872	6580	13
92	0	1	30	881	1838	14
93	0	3	30	890	7673	15
94	0	3	40	899	6420	13
95	0	4	20	908	4681	10
96	0	3	30	917	13611	15
97	0	4	30	926	11831	10
98	0	3	20	935	4163	11
99	0	1	30	944	6033	10
100	0	3	30	953	18539	10
101	0	4	20	962	2244	10
102	0	3	30	971	3117	11
103	0	1	30	980	1324	13
104	0	4	20	989	8392	11
105	0	5	10	998	584	14
106	0	1	20	1007	3314	14
107	0	1	50	1016	2207	12
108	0	2	10	1025	541	13
109	0	2	30	1034	221	12
110	0	4	40	1043	756	12
111	0	3	20	1052	2853	14
112	0	5	20	1061	4271	12
113	0	5	50	1070	1829	12
114	0	1	30	1079	2630	15
115	0	2	20	1088	3089	12
116	0	4	20	1097	1932	13
117	0	4	10	1106	2507	12
118	0	4	50	1115	89	11
119	0	5	40	1124	13055	11
120	0	1	30	1133	1758	15
121	0	2	10	1142	13858	15
122	0	1	10	1151	1264	15
123	0	1	20	1160	7439	12
124	0	5	20	1169	1582	13
125	0	5	40	1200	5296	10
126	0	2	20	1210	22942	12
127	0	5	10	1220	8589	11
128	0	1	40	1230	1157	10
129	0	1	20	1240	1411	15
130	0	3	40	1250	2924	14
131	0	1	20	1260	5693	11
132	0	4	20	1270	6517	13
133	0	4	10	1280	53	12
134	0	4	40	1290	3599	13
135	0	1	50	1300	10285	13
136	0	1	30	1310	2372	11
137	0	4	20	1320	960	13
138	0	5	20	1330	3760	11
139	0	2	40	1340	2057	14
140	0	4	20	1350	7399	13
141	0	1	40	1360	16452	13
142	0	5	30	1370	930	12
143	0	4	20	1380	3953	15
144	0	5	40	1390	11846	10
145	0	2	50	1400	21930	14
146	0	4	10	1410	653	10
147	0	2	40	1420	5	12
148	0	2	50	1430	1855	10
149	0	2	20	1440	1210	10
150	0	1	10	1450	1464	13
151	0	4	20	1460	2780	12
152	0	1	30	1470	10414	15
153	0	3	30	1480	4621	15
154	0	1	10	1490	2199	11
155	0	1	20	1500	87	11
156	0	3	20	1510	690	11
157	0	3	20	1520	4776	15
158	0	1	10	1530	12417	15
159	0	4	30	1540	619	10
160	0	3	50	1550	599	11
161	0	1	10	1560	4559	12
162	0	5	20	1600	759	12
163	0	1	50	1613	7068	14
164	0	5	40	1626	3064	14
165	0	4	20	1639	2132	11
166	0	4	10	1652	4897	11
167	0	2	10	1665	4120	10
168	0	1	10	1678	5944	14
169	0	5	30	1691	3269	11
170	0	2	50	1704	380	11
171	0	5	50	1717	744	15
172	0	5	50	1730	7758	11
173	0	3	20	1743	3869	12
174	0	2	30	1756	506	14
175	0	5	40	1769	1861	11
176	0	3	40	1782	5728	13
177	0	3	50	1795	4121	15
178	0	1	30	1808	9055	11
179	0	4	30	1821	1607	14
180	0	2	40	1834	3500	10
181	0	1	40	1847	21557	10
182	0	4	20	1860	2869	11
183	0	5	30	1873	18503	15
184	0	1	10	1886	18741	12
185	0	4	20	1899	70	12
186	0	1	50	1912	7161	11
187	0	1	40	1925	506	14
188	0	4	10	1938	3569	10
189	0	4	30	1951	3392	12
190	0	4	40	1964	5794	12
191	0	4	10	1977	5551	12
192	0	3	10	2000	1194	13
193	0	2	40	2016	2509	11
194	0	4	40	2032	1220	12
195	0	3	20	2048	709	10
196	0	1	30	2064	6659	11
197	0	4	40	2080	1901	14
198	0	5	30	2096	388	11
199	0	2	20	2112	3063	15
200	0	3	50	2128	1368	13
201	0	2	10	2144	2835	15
202	0	1	30	2160	1032	13
203	0	2	20	2176	6702	15
204	0	1	20	2192	746	15
205	0	1	10	2208	588	13
206	0	5	30	2224	4140	11
207	0	4	20	2240	1461	12
208	0	2	10	2256	3339	11
209	0	1	20	2272	208	15
210	0	3	40	2288	1206	13
211	0	1	20	2304	2897	11
212	0	2	50	2320	6456	13
213	0	3	40	2336	3914	11
214	0	2	40	2352	3285	10
215	0	2	10	2368	620	10
216	0	3	50	2384	736	11
217	0	1	40	2400	806	12
218	0	1	50	2410	7290	12
219	0	1	30	2420	2916	11
220	0	4	30	2430	3470	15
221	0	4	20	2440	3539	13
222	0	4	50	2450	216	10
223	0	3	40	2460	902	12
224	0	2	50	2470	6305	14
225	0	3	40	2480	1663	14
226	0	2	50	2490	9699	11
227	0	3	10	2500	1978	10
228	0	4	30	2510	1765	15
229	0	4	20	2520	12535	14
230	0	5	20	2530	3296	10
231	0	4	10	2540	1930	15
232	0	3	30	2550	3198	14
233	0	5	10	2560	1791	12
234	0	1	30	2570	168	11
235	0	1	40	2580	313	10
236	0	1	10	2590	5841	13
237	0	2	50	2600	4805	12
238	0	5	10	2610	6856	15
239	0	5	50	2620	7693	14
240	0	4	50	2630	1865	11
241	0	2	30	2640	2994	14
242	0	5	40	2650	3219	12
243	0	3	50	2660	3101	10
244	0	1	50	2670	1492	15
245	0	4	30	2680	1149	10
246	0	2	20	2690	11940	15
247	0	1	20	2700	4020	12
248	0	1	10	2710	9451	10
249	0	2	40	2720	508	12
250	0	1	20	2730	20780	14
251	0	5	40	2740	3957	14
252	0	3	40	2750	3105	12
253	0	4	50	2760	3423	15
254	0	3	50	2770	12404	15
255	0	5	40	2780	4850	10
256	0	3	10	2800	2428	15
257	0	4	50	2808	103	11
258	0	1	30	2816	78	10
259	0	3	30	2824	7089	11
260	0	5	20	2832	1021	12
261	0	3	20	2840	1175	11
262	0	5	40	2848	11920	12
263	0	4	50	2856	3762	12
264	0	2	10	2864	2689	15
265	0	4	40	2872	8397	14
266	0	3	50	2880	13393	12
267	0	3	40	2888	2319	11
268	0	3	20	2896	3498	15
269	0	1	50	2904	2652	15
270	0	2	50	2912	1885	13
271	0	2	50	2920	2531	14
272	0	2	30	2928	1802	12
273	0	2	50	2936	16667	13
274	0	2	40	2944	625	10
275	0	2	50	2952	218	11
276	0	5	30	2960	139	10
277	0	2	10	2968	2880	15
278	0	2	40	2976	8850	13
279	0	3	20	2984	3137	14
280	0	1	30	2992	1982	15
281	0	2	30	3000	1300	14
282	0	3	10	3008	2649	15
283	0	2	50	3016	1084	13
284	0	4	50	3024	13080	15
285	0	5	30	3032	10823	11
286	0	2	20	3040	7404	12
287	0	4	30	3048	14827	15
288	0	2	20	3056	2083	12
289	0	1	50	3064	1653	11
290	0	3	40	3072	3873	11
291	0	2	20	3080	5423	12
292	0	2	30	3088	4554	12
293	0	2	40	3096	18340	14
294	0	5	40	3104	3960	11
295	0	2	30	3112	503	15
296	0	3	50	3120	3449	11
297	0	1	50	3128	11477	15
298	0	2	40	3136	205	11
299	0	2	20	3144	2276	10
300	0	2	30	3152	1341	13
301	0	5	40	3160	2849	14
302	0	3	10	3168	209	13
303	0	5	10	3200	2186	11
304	0	5	40	3210	5444	14
305	0	4	30	3220	2982	15
306	0	4	20	3230	1233	11
307	0	2	50	3240	3242	14
308	0	3	20	3250	2250	14
309	0	2	50	3260	9289	14
310	0	1	10	3270	4412	10
311	0	2	10	3280	11372	15
312	0	2	10	3290	580	14
313	0	3	10	3300	2584	12
314	0	2	10	3310	2313	11
315	0	4	40	3320	11816	14
316	0	5	10	3330	5883	11
317	0	4	50	3340	4975	15
318	0	5	10	3350	4171	13
319	0	2	40	3360	3250	14
320	0	3	20	3370	140	11
321	0	4	30	3380	18191	13
322	0	1	30	3390	138	14
323	0	3	20	3400	1121	14
324	0	3	20	3410	7994	14
325	0	1	40	3420	4015	11
326	0	5	20	3430	6227	12
327	0	5	50	3440	1867	14
328	0	2	20	3450	1760	12
329	0	1	10	3460	107	10
330	0	5	10	3470	2579	15
331	0	4	40	3480	382	10
332	0	5	20	3490	2489	14
333	0	5	30	3500	2440	12
334	0	2	50	3510	1197	10
335	0	2	40	3520	8525	11
336	0	4	30	3530	1027	11
337	0	3	10	3540	261	14
338	0	2	10	3550	2723	14
339	0	5	20	3560	2293	15
340	0	2	20	3570	4408	15
341	0	5	20	3580	1355	14
342	0	2	20	3590	3151	10
343	0	1	20	3600	2804	14
344	0	5	50	3608	4439	11
345	0	2	30	3616	4540	11
346	0	5	10	3624	3738	14
347	0	4	30	3632	911	10
348	0	1	30	3640	3198	12
349	0	2	10	3648	4565	13
350	0	2	30	3656	1710	13
351	0	4	10	3664	8041	12
352	0	1	50	3672	1402	12
353	0	5	10	3680	2722	12
354	0	4	50	3688	2039	14
355	0	3	10	3696	1401	10
356	0	4	20	3704	2580	15
357	0	1	50	3712	6571	14
358	0	2	40	3720	3252	12
359	0	5	10	3728	466	13
360	0	5	10	3736	5332	13
361	0	5	20	3744	8917	13
362	0	5	40	3752	889	11
363	0	2	10	3760	2067	14
364	0	2	50	3768	2225	15
365	0	3	20	3776	3442	15
366	0	2	40	3784	2603	11
367	0	3	40	3792	4537	11
368	0	2	10	3800	980	11
369	0	1	20	3808	3264	10
370	0	5	10	3816	5111	13
371	0	3	50	3824	4910	13
372	0	2	40	3832	983	10
373	0	1	40	3840	948	13
374	0	1	30	3848	8774	14
375	0	4	50	3856	5498	13
376	0	2	20	3864	2349	13
377	0	1	10	3872	3020	10
378	0	3	30	3880	3412	13
379	0	2	50	3888	822	12
380	0	1	30	3896	106	12
381	0	1	50	3904	3522	12
382	0	4	20	3912	6913	11
383	0	1	10	3920	4500	15
384	0	4	40	3928	4542	12
385	0	1	10	3936	3757	12
386	0	3	50	3944	6346	13
387	0	1	10	3952	13977	11
388	0	1	40	3960	235	13
389	0	4	50	4000	13203	15
390	0	3	30	4010	2082	11
391	0	4	40	4020	2178	12
392	0	1	30	4030	2826	11
393	0	2	50	4040	1936	11
394	0	1	20	4050	4817	12
395	0	3	50	4060	5974	12
396	0	5	40	4070	368	12
397	0	1	10	4080	610	12
398	0	4	30	4090	321	14
399	0	3	30	4100	391	11
400	0	5	40	4110	893	15
401	0	3	30	4120	10576	12
402	0	3	20	4130	17186	14
403	0	1	20	4140	19641	12
404	0	3	50	4150	12801	15
405	0	5	30	4160	4096	15
406	0	3	20	4170	4177	12
407	0	1	10	4180	353	15
408	0	5	40	4190	3717	14
409	0	1	50	4200	4225	11
410	0	1	40	4210	7623	12
411	0	4	10	4220	11635	15
412	0	4	20	4230	1059	11
413	0	1	50	4240	1852	15
414	0	5	30	4250	350	10
415	0	4	10	4260	654	10
416	0	1	50	4270	290	12
417	0	5	30	4280	2970	12
418	0	3	20	4290	5161	11
419	0	1	40	4300	6805	13
420	0	1	30	4310	6087	12
421	0	2	30	4320	2843	10
422	0	2	10	4330	3881	14
423	0	3	20	4340	1173	12
424	0	3	40	4350	659	14
425	0	2	30	4360	1435	10
426	0	2	30	4370	894	12
427	0	5	40	4380	7189	15
428	0	1	30	4390	2861	10
429	0	3	30	4400	479	12
430	0	4	20	4410	4304	10
431	0	2	10	4420	1441	11
432	0	2	30	4430	2411	11
433	0	5	50	4440	2620	11
434	0	3	10	4450	16997	13
435	0	3	10	4460	409	10
436	0	4	40	4470	3656	13
437	0	4	10	4480	7083	15
438	0	4	20	4490	5036	15
439	0	5	20	4500	154	12
440	0	4	50	4510	12982	15
441	0	2	40	4520	4963	14
442	0	1	30	4530	1812	13
443	0	1	40	4540	2076	11
444	0	3	10	4550	474	13
445	0	4	30	4560	2467	12
446	0	5	20	4570	829	10
447	0	1	40	4580	584	11
448	0	3	30	4590	1425	10
449	0	3	10	4600	3187	11
450	0	3	10	4610	4889	10
451	0	1	20	4620	3319	10
452	0	3	40	4630	2156	10
453	0	3	40	4640	1202	11
454	0	3	10	4650	1493	15
455	0	3	10	4660	4702	15
456	0	1	30	4670	1471	14
457	0	5	50	4680	5269	12
458	0	3	30	4690	7345	13
459	0	1	20	4700	4289	14
460	0	3	50	4710	2322	13
461	0	3	30	4720	6724	13
462	0	1	40	4730	3408	14
463	0	2	10	4740	2710	11
464	0	3	40	4750	19985	11
465	0	5	40	4760	3182	11
466	0	3	30	4770	2714	14
467	0	4	20	4800	5577	15
468	0	3	40	4809	1944	12
469	0	2	30	4818	17257	10
470	0	5	20	4827	3209	13
471	0	2	40	4836	1098	12
472	0	2	10	4845	6601	12
473	0	4	10	4854	4645	14
474	0	3	50	4863	7766	14
475	0	4	40	4872	293	13
476	0	2	10	4881	623	13
477	0	2	20	4890	973	12
478	0	1	20	4899	614	14
479	0	5	20	4908	4705	12
480	0	2	20	4917	484	10
481	0	2	40	4926	265	11
482	0	3	20	4935	3058	14
483	0	3	20	4944	13063	15
484	0	1	30	4953	2094	12
485	0	4	50	4962	400	10
486	0	5	20	4971	8677	10
487	0	4	50	4980	857	10
488	0	3	50	4989	740	12
489	0	1	50	4998	1394	13
490	0	3	40	5007	6231	11
491	0	4	50	5016	8066	11
492	0	1	40	5025	18117	11
493	0	3	10	5034	240	10
494	0	3	20	5043	3639	15
495	0	1	20	5052	636	11
496	0	2	10	5061	590	10
497	0	4	20	5070	8231	11
498	0	3	10	5079	2122	10
499	0	4	30	5088	3312	11
500	0	2	50	5097	13726	14
501	0	2	50	5106	2285	10
502	0	4	50	5115	5562	14
503	0	1	50	5124	1502	15
504	0	3	40	5133	23836	14
505	0	1	20	5142	2504	13
506	0	4	20	5151	5640	13
507	0	4	40	5160	5235	12
508	0	1	40	5200	2064	13
509	0	5	30	5209	1101	11
510	0	2	10	5218	3167	12
511	0	4	10	5227	384	12
512	0	5	30	5236	3564	13
513	0	4	10	5245	645	10
514	0	5	50	5254	3137	14
515	0	2	10	5263	1887	11
516	0	1	10	5272	1310	14
517	0	3	20	5281	3783	15
518	0	2	40	5290	353	15
519	0	4	40	5299	9133	10
520	0	5	20	5308	4350	10
521	0	5	40	5317	1425	14
522	0	2	30	5326	3498	13
523	0	3	50	5335	379	15
524	0	5	50	5344	878	14
525	0	2	30	5353	4619	11
526	0	2	10	5362	1155	11
527	0	5	50	5371	5540	12
528	0	2	40	5380	375	14
529	0	3	40	5389	4942	12
530	0	2	30	5398	10843	13
531	0	4	40	5407	1270	11
532	0	5	10	5416	6526	11
533	0	2	50	5425	3462	12
534	0	3	30	5434	5148	14
535	0	1	30	5443	4543	15
536	0	3	50	5452	1503	12
537	0	2	30	5461	1000	15
538	0	1	40	5470	13343	10
539	0	1	20	5479	11408	14
540	0	1	30	5488	1657	13
541	0	1	40	5497	677	13
542	0	4	10	5506	6239	12
543	0	4	20	5515	10535	11
544	0	5	40	5524	5503	11
545	0	4	30	5533	4784	15
546	0	4	20	5542	1297	13
547	0	3	30	5551	7336	10
548	0	3	10	5560	2891	12
549	0	1	10	5569	999	14
550	0	5	10	5578	8094	12
551	0	4	40	5600	2983	11
552	0	3	40	5611	6199	11
553	0	4	30	5622	2883	10
554	0	4	20	5633	9214	11
555	0	3	10	5644	4409	10
556	0	5	20	5655	7650	13
557	0	1	10	5666	4320	15
558	0	2	10	5677	492	10
559	0	2	20	5688	1498	13
560	0	5	10	5699	965	11
561	0	4	20	5710	24	10
562	0	3	50	5721	4091	14
563	0	3	10	5732	4734	10
564	0	3	50	5743	1468	13
565	0	3	30	5754	1285	10
566	0	5	10	5765	1355	10
567	0	4	40	5776	42	10
568	0	1	40	5787	2213	12
569	0	5	30	5798	8004	14
570	0	4	20	5809	260	14
571	0	5	40	5820	239	15
572	0	3	40	5831	4168	14
573	0	1	30	5842	613	10
574	0	4	10	5853	3272	13
575	0	5	30	5864	2830	13
576	0	1	40	5875	2852	11
577	0	4	10	5886	4254	11
578	0	4	10	5897	1681	14
579	0	1	20	5908	2768	15
580	0	3	10	5919	2095	13
581	0	4	30	5930	2115	10
582	0	2	50	5941	1071	10
583	0	1	30	5952	8109	10
584	0	3	30	5963	7368	15
585	0	4	50	5974	2096	12
586	0	1	10	6000	2649	10
587	0	1	40	6013	1374	11
588	0	4	40	6026	4547	11
589	0	1	30	6039	230	14
590	0	1	10	6052	7006	12
591	0	3	40	6065	4231	13
592	0	5	20	6078	445	14
593	0	5	30	6091	4221	13
594	0	2	10	6104	5206	12
595	0	2	20	6117	1620	12
596	0	3	40	6130	2898	15
597	0	1	50	6143	403	12
598	0	1	30	6156	3880	13
599	0	2	20	6169	2558	10
600	0	4	20	6182	2112	15
601	0	1	40	6195	1239	12
602	0	2	50	6208	2146	14
603	0	4	30	6221	4197	13
604	0	3	40	6234	688	15
605	0	1	30	6247	6637	13
606	0	2	10	6260	8428	12
607	0	2	20	6273	4147	10
608	0	1	20	6286	12392	12
609	0	4	40	6299	1996	13
610	0	2	30	6312	687	14
611	0	1	10	6325	880	11
612	0	3	50	6338	1526	11
613	0	1	40	6351	3832	11
614	0	4	10	6364	9401	15
615	0	1	30	6400	6511	11
616	0	2	30	6410	5899	10
617	0	3	20	6420	5914	13
618	0	1	40	6430	7651	10
619	0	4	50	6440	9186	11
620	0	3	30	6450	6251	10
621	0	5	30	6460	22748	14
622	0	5	10	6470	1610	15
623	0	1	10	6480	1841	13
624	0	4	30	6490	156	12
625	0	2	40	6500	2111	11
626	0	5	20	6510	12206	10
627	0	4	20	6520	21486	11
628	0	5	20	6530	2140	13
629	0	3	50	6540	1023	10
630	0	2	50	6550	19183	13
631	0	1	40	6560	2137	15
632	0	3	40	6570	137	13
633	0	3	50	6580	8179	13
634	0	3	10	6590	373	15
635	0	3	30	6600	609	11
636	0	3	40	6610	21591	12
637	0	4	20	6620	3519	12
638	0	4	50	6630	4952	11
639	0	3	50	6640	129	12
640	0	2	50	6650	3015	10
641	0	5	50	6660	7304	10
642	0	1	30	6670	1637	14
643	0	5	50	6680	1348	13
644	0	5	50	6690	9131	15
645	0	5	50	6700	3966	10
646	0	5	40	6710	1634	11
647	0	5	40	6720	2684	13
648	0	1	20	6730	5501	14
649	0	1	30	6740	10320	11
650	0	5	50	6750	3301	11
651	0	1	20	6760	5440	11
652	0	5	20	6770	1116	11
653	0	2	30	6780	5113	12
654	0	5	50	6800	4584	10
655	0	5	50	6810	2135	10
656	0	1	30	6820	10932	13
657	0	1	40	6830	189	10
658	0	1	10	6840	3782	10
659	0	1	10	6850	5514	13
660	0	1	20	6860	7780	12
661	0	4	40	6870	8584	11
662	0	2	50	6880	1051	12
663	0	3	30	6890	5224	11
664	0	2	50	6900	2051	10
665	0	1	40	6910	5451	15
666	0	4	30	6920	714	13
667	0	5	10	6930	2367	13
668	0	4	40	6940	2996	12
669	0	1	30	6950	5763	14
670	0	3	50	6960	6605	14
671	0	4	10	6970	823	14
672	0	4	30	6980	255	12
673	0	3	40	6990	6872	14
674	0	2	10	7000	1847	10
675	0	3	40	7010	12105	10
676	0	5	10	7020	4323	15
677	0	5	10	7030	185	11
678	0	2	20	7040	2546	14
679	0	4	40	7050	2105	12
680	0	2	50	7060	310	15
681	0	1	30	7070	2492	13
682	0	3	50	7080	1140	13
683	0	4	50	7090	2694	12
684	0	3	10	7100	4360	15
685	0	2	30	7110	1142	11
686	0	1	20	7120	746	13
687	0	1	10	7130	1497	11
688	0	4	50	7140	835	13
689	0	4	10	7150	4501	14
690	0	2	10	7160	924	13
691	0	2	50	7200	11922	12
692	0	4	20	7210	14537	11
693	0	3	40	7220	13084	13
694	0	3	40	7230	768	15
695	0	4	10	7240	4158	15
696	0	3	50	7250	3744	13
697	0	3	10	7260	3733	13
698	0	4	10	7270	8652	13
699	0	4	20	7280	668	15
700	0	2	20	7290	2504	12
701	0	5	30	7300	8786	13
702	0	1	10	7310	13051	11
703	0	1	50	7320	16533	10
704	0	4	30	7330	493	12
705	0	2	40	7340	1885	13
706	0	2	40	7350	4575	15
707	0	3	30	7360	2199	12
708	0	1	20	7370	1732	11
709	0	2	20	7380	5246	10
710	0	5	50	7390	5593	10
711	0	1	20	7400	8819	12
712	0	5	30	7410	3425	11
713	0	2	30	7420	903	14
714	0	5	10	7430	4475	14
715	0	5	40	7440	1998	15
716	0	1	50	7450	4030	14
717	0	3	50	7460	5403	10
718	0	1	20	7470	270	12
719	0	1	20	7480	663	14
720	0	1	20	7490	3410	11
721	0	3	20	7500	7624	12
722	0	2	10	7510	1194	10
723	0	1	30	7520	7634	13
724	0	4	30	7530	3255	10
725	0	1	10	7540	7835	12
726	0	1	50	7550	955	12
727	0	2	50	7560	421	14
728	0	1	10	7570	4152	14
729	0	3	50	7580	5143	11
730	0	5	40	7590	1684	12
731	0	2	10	7600	222	12
732	0	2	10	7610	698	13
733	0	3	50	7620	1525	14
734	0	2	20	7630	11529	15
735	0	2	20	7640	822	11
736	0	1	30	7650	2789	11
737	0	3	50	7660	1226	12
738	0	1	20	7670	1874	15
739	0	2	20	7680	1358	11
740	0	1	40	7690	3348	12
741	0	4	40	7700	5502	10
742	0	1	40	7710	12951	15
743	0	2	40	7720	2449	13
744	0	4	20	7730	10231	13
745	0	2	40	7740	1523	11
746	0	2	20	7750	1873	10
747	0	2	50	7760	5902	12
748	0	4	40	7770	1362	15
749	0	3	10	7780	6084	15
750	0	4	20	7790	46	11
751	0	5	10	7800	8066	12
752	0	3	40	7810	3118	10
753	0	3	40	7820	5270	15
754	0	4	50	7830	3471	14
755	0	5	50	7840	3807	10
756	0	4	30	7850	3984	13
757	0	1	40	7860	466	14
758	0	2	30	7870	2228	15
759	0	3	30	7880	1188	10
760	0	1	50	7890	713	10
761	0	1	50	7900	3483	10
762	0	2	30	7910	6005	14
763	0	3	20	7920	3955	10
764	0	2	40	7930	1957	13
765	0	3	50	7940	4802	14
766	0	5	20	7950	5230	14
767	0	3	30	7960	1194	13
768	0	5	10	7970	1194	15
769	0	3	40	8000	2674	12
770	0	5	20	8009	8871	13
771	0	4	50	8018	1853	11
772	0	3	40	8027	1828	11
773	0	4	10	8036	6008	11
774	0	1	30	8045	3525	12
775	0	2	40	8054	7004	10
776	0	2	40	8063	8849	13
777	0	5	30	8072	6442	13
778	0	2	20	8081	10589	15
779	0	3	40	8090	1098	15
780	0	4	40	8099	2654	12
781	0	4	50	8108	2326	15
782	0	3	10	8117	6670	15
783	0	4	10	8126	7990	14
784	0	5	40	8135	4980	10
785	0	5	40	8144	2590	15
786	0	5	30	8153	2874	12
787	0	4	20	8162	2234	14
788	0	5	10	8171	5340	10
789	0	3	20	8180	1601	15
790	0	4	50	8189	3240	14
791	0	5	40	8198	1990	13
792	0	1	30	8207	7256	13
793	0	3	40	8216	497	14
794	0	1	20	8225	531	10
795	0	5	50	8234	16948	11
796	0	3	20	8243	14047	12
797	0	4	20	8252	1618	15
798	0	5	10	8261	294	10
799	0	1	30	8270	1012	15
800	0	2	20	8279	3538	12
801	0	5	40	8288	492	12
802	0	2	40	8297	2878	13
803	0	2	50	8306	6460	13
804	0	3	40	8315	8842	12
805	0	5	20	8324	4094	10
806	0	3	20	8333	2772	11
807	0	4	30	8342	5776	14
808	0	3	10	8351	633	13
809	0	2	20	8360	5605	13
810	0	3	20	8369	5141	12
811	0	4	50	8378	7097	10
812	0	4	20	8400	797	15
813	0	4	40	8409	828	15
814	0	5	50	8418	5914	13
815	0	2	50	8427	5126	11
816	0	3	40	8436	5881	11
817	0	3	30	8445	9759	15
818	0	3	40	8454	9903	15
819	0	2	10	8463	9640	13
820	0	4	30	8472	825	11
821	0	1	10	8481	1435	10
822	0	3	30	8490	2947	13
823	0	3	50	8499	10537	15
824	0	4	50	8508	10771	14
825	0	1	30	8517	2765	10
826	0	4	20	8526	3052	13
827	0	5	50	8535	1150	12
828	0	3	40	8544	4231	10
829	0	1	40	8553	3667	10
830	0	5	20	8562	7759	14
831	0	4	20	8571	3264	14
832	0	5	30	8580	5226	13
833	0	1	50	8589	4891	15
834	0	1	30	8598	4233	13
835	0	4	50	8607	1843	10
836	0	3	20	8616	10521	11
837	0	2	20	8625	40	12
838	0	1	20	8634	14596	12
839	0	5	30	8643	296	10
840	0	3	20	8652	15042	14
841	0	1	50	8661	5521	13
842	0	1	10	8670	1322	10
843	0	3	50	8679	16323	12
844	0	1	10	8688	3731	12
845	0	1	50	8697	5161	13
846	0	2	20	8706	948	14
847	0	2	50	8715	4199	13
848	0	4	50	8724	1692	11
849	0	4	30	8733	2057	15
850	0	3	10	8742	970	15
851	0	5	40	8751	236	12
852	0	2	40	8760	2157	15
853	0	4	10	8800	701	12
854	0	3	50	8808	151	14
855	0	2	20	8816	1345	11
856	0	2	20	8824	3609	15
857	0	5	50	8832	3516	14
858	0	3	10	8840	8124	15
859	0	3	10	8848	1985	11
860	0	2	10	8856	452	12
861	0	3	20	8864	1151	15
862	0	2	40	8872	471	14
863	0	3	20	8880	3159	12
864	0	2	50	8888	9110	15
865	0	4	10	8896	724	14
866	0	4	30	8904	426	13
867	0	3	30	8912	2579	15
868	0	4	10	8920	3054	12
869	0	1	50	8928	2062	13
870	0	5	40	8936	6328	15
871	0	2	20	8944	5708	15
872	0	2	20	8952	11176	13
873	0	3	20	8960	7444	15
874	0	4	40	8968	10840	14
875	0	3	30	8976	2304	14
876	0	5	50	8984	80	15
877	0	5	30	8992	3090	10
878	0	2	40	9000	1552	12
879	0	4	50	9008	930	10
880	0	5	10	9016	1358	11
881	0	2	20	9024	8608	15
882	0	2	10	9032	9412	11
883	0	4	20	9040	1154	11
884	0	4	40	9048	1943	10
885	0	1	40	9056	6416	11
886	0	3	30	9064	607	14
887	0	2	20	9072	3362	10
888	0	3	50	9080	4415	11
889	0	4	10	9088	1830	11
890	0	3	30	9096	5964	10
891	0	3	20	9104	1680	13
892	0	4	20	9112	609	12
893	0	4	10	9120	3496	10
894	0	4	30	9128	13353	13
895	0	1	50	9136	5187	15
896	0	5	20	9144	4056	15
897	0	4	40	9152	5319	14
898	0	2	10	9200	358	13
899	0	2	50	9209	2326	14
900	0	2	30	9218	3909	10
901	0	4	50	9227	5326	14
902	0	4	50	9236	492	11
903	0	4	50	9245	11396	13
904	0	4	40	9254	3742	15
905	0	1	40	9263	2430	10
906	0	3	30	9272	504	15
907	0	4	30	9281	3397	10
908	0	5	20	9290	1031	13
909	0	1	30	9299	3658	10
910	0	3	20	9308	1235	12
911	0	3	40	9317	231	14
912	0	4	10	9326	1221	11
913	0	5	10	9335	4330	14
914	0	4	10	9344	436	15
915	0	5	40	9353	1009	12
916	0	2	20	9362	1693	13
917	0	3	20	9371	7878	13
918	0	5	40	9380	703	12
919	0	2	10	9389	415	13
920	0	2	30	9398	99	10
921	0	2	10	9407	3042	13
922	0	5	40	9416	6576	14
923	0	5	50	9425	729	11
924	0	3	30	9434	3955	12
925	0	3	20	9443	2401	12
926	0	3	10	9452	3856	12
927	0	4	10	9461	1760	12
928	0	4	40	9470	8480	11
929	0	4	40	9479	927	15
930	0	4	10	9488	6448	14
931	0	2	10	9497	1338	11
932	0	4	30	9506	2410	12
933	0	5	50	9515	8503	14
934	0	2	20	9524	3506	10
935	0	1	20	9533	3211	13
936	0	4	30	9542	5841	14
937	0	3	10	9551	13168	13
938	0	1	40	9560	4120	11
939	0	3	50	9600	10606	10
940	0	4	20	9609	4563	11
941	0	4	10	9618	3363	14
942	0	3	50	9627	1669	12
943	0	3	20	9636	286	10
944	0	2	40	9645	428	15
945	0	1	40	9654	5073	11
946	0	4	20	9663	332	11
947	0	5	10	9672	2615	14
948	0	1	10	9681	2611	10
949	0	5	40	9690	5409	11
950	0	5	40	9699	1921	11
951	0	3	50	9708	5998	11
952	0	4	10	9717	3415	12
953	0	1	50	9726	17394	10
954	0	1	30	9735	2154	13
955	0	1	20	9744	381	12
956	0	4	10	9753	10587	10
957	0	4	50	9762	11913	10
958	0	1	30	9771	1508	10
959	0	2	30	9780	679	13
960	0	3	40	9789	7249	13
961	0	4	20	9798	5748	13
962	0	5	40	9807	4714	14
963	0	1	40	9816	82	14
964	0	3	20	9825	6412	11
965	0	2	20	9834	15933	10
966	0	4	20	9843	3700	12
967	0	4	20	9852	1928	12
968	0	3	40	9861	322	14
969	0	3	40	9870	3205	12
970	0	2	10	9879	2429	14
971	0	4	20	9888	1927	10
972	0	3	40	9897	980	11
973	0	2	40	9906	1054	11
974	0	3	50	9915	2165	11
975	0	3	30	9924	2434	11
976	0	4	10	9933	849	10
977	0	3	20	9942	5352	13
978	0	3	10	9951	270	12
979	0	3	40	9960	9598	11
980	0	4	10	9969	1858	10
981	0	4	50	9978	596	14
982	0	4	10	9987	8370	11
983	0	5	10	10000	596	10
984	0	5	10	10009	6983	13
985	0	1	20	10018	96	12
986	0	3	10	10027	4953	15
987	0	4	40	10036	2506	12
988	0	5	20	10045	2496	10
989	0	2	10	10054	2714	13
990	0	3	20	10063	3900	13
991	0	5	40	10072	6830	14
992	0	2	40	10081	4184	13
993	0	5	20	10090	2667	13
994	0	1	20	10099	389	12
995	0	5	10	10108	10004	14
996	0	5	20	10117	8361	15
997	0	2	20	10126	1547	14
998	0	1	10	10135	1260	15
999	0	1	30	10144	511	14
1000	0	2	30	10153	489	15
1001	0	1	50	10162	4779	15
1002	0	2	30	10171	2060	10
1003	0	3	20	10180	10531	13
1004	0	4	30	10189	1347	12
1005	0	1	20	10198	27635	11
1006	0	1	20	10207	3278	15
1007	0	3	20	10216	1677	10
1008	0	3	10	10225	3366	14
1009	0	3	50	10234	12925	12
1010	0	2	10	10243	9198	12
1011	0	2	50	10252	850	12
1012	0	2	40	10261	8610	14
1013	0	3	40	10270	2075	15
1014	0	3	20	10279	6143	13
1015	0	4	50	10288	4790	15
1016	0	1	10	10297	8678	11
1017	0	5	40	10306	3227	14
1018	0	2	30	10315	867	10
1019	0	2	10	10324	5966	14
1020	0	5	10	10333	1265	11
1021	0	1	30	10342	593	15
1022	0	5	50	10351	10019	11
1023	0	2	40	10360	3515	10
1024	0	5	30	10369	10548	15
1025	0	2	30	10400	4048	10
1026	0	2	30	10412	5292	12
1027	0	3	20	10424	5247	14
1028	0	2	30	10436	598	15
1029	0	3	40	10448	2773	12
1030	0	4	20	10460	3465	12
1031	0	3	50	10472	8178	12
1032	0	3	20	10484	2519	14
1033	0	3	40	10496	11614	13
1034	0	2	20	10508	6320	11
1035	0	4	10	10520	4487	10
1036	0	3	30	10532	5328	14
1037	0	1	40	10544	11866	13
1038	0	2	30	10556	7656	13
1039	0	4	40	10568	7006	12
1040	0	1	50	10580	2497	13
1041	0	1	40	10592	1833	14
1042	0	1	40	10604	9076	14
1043	0	2	30	10616	2802	14
1044	0	5	50	10628	3596	11
1045	0	2	30	10640	2258	10
1046	0	4	50	10652	10926	15
1047	0	5	50	10664	1117	13
1048	0	3	50	10676	4842	10
1049	0	2	20	10688	2007	12
1050	0	5	50	10700	131	13
1051	0	5	30	10712	1558	10
1052	0	1	50	10724	538	13
1053	0	4	50	10736	2735	11
1054	0	2	20	10748	7559	12
1055	0	2	50	10760	15130	15
1056	0	1	10	10800	6037	13
1057	0	5	40	10808	6809	15
1058	0	3	50	10816	32415	14
1059	0	2	10	10824	4193	12
1060	0	4	40	10832	1233	14
1061	0	3	50	10840	7055	11
1062	0	1	50	10848	909	10
1063	0	1	20	10856	285	11
1064	0	5	40	10864	1918	10
1065	0	5	20	10872	118	15
1066	0	4	30	10880	5151	14
1067	0	4	10	10888	11164	10
1068	0	2	30	10896	3774	13
1069	0	4	20	10904	468	12
1070	0	2	30	10912	13082	11
1071	0	5	30	10920	11074	13
1072	0	4	20	10928	4831	11
1073	0	3	40	10936	1838	14
1074	0	1	20	10944	1487	11
1075	0	5	30	10952	9353	12
1076	0	1	50	10960	1104	11
1077	0	3	30	10968	2141	13
1078	0	2	40	10976	19180	15
1079	0	4	10	10984	2748	15
1080	0	3	30	10992	4838	10
1081	0	3	40	11000	2692	15
1082	0	1	30	11008	116	13
1083	0	1	10	11016	5457	13
1084	0	3	50	11024	2523	15
1085	0	4	40	11032	1187	11
1086	0	2	50	11040	5460	15
1087	0	4	20	11048	14293	12
1088	0	2	20	11056	404	11
1089	0	1	20	11064	6789	12
1090	0	3	10	11072	9029	13
1091	0	3	40	11080	10021	14
1092	0	4	50	11088	11889	15
1093	0	1	30	11096	907	10
1094	0	1	50	11104	3294	13
1095	0	4	50	11112	4039	11
1096	0	5	50	11120	717	14
1097	0	1	20	11128	7035	12
1098	0	2	40	11136	524	14
1099	0	1	40	11144	3319	11
1100	0	3	50	11152	4914	12
1101	0	1	50	11160	22340	15
1102	0	3	20	11168	4009	10
1103	0	4	40	11176	3581	13
1104	0	5	50	11184	2266	10
1105	0	1	20	11200	399	15
1106	0	2	20	11211	3886	14
1107	0	4	10	11222	5666	14
1108	0	3	40	11233	817	10
1109	0	3	50	11244	11628	15
1110	0	2	50	11255	5325	13
1111	0	4	30	11266	1812	15
1112	0	4	50	11277	6995	10
1113	0	5	50	11288	2794	14
1114	0	5	30	11299	11815	12
1115	0	1	10	11310	5973	15
1116	0	2	30	11321	6436	13
1117	0	1	40	11332	2456	12
1118	0	3	20	11343	3674	12
1119	0	1	10	11354	529	14
1120	0	3	30	11365	1338	10
1121	0	1	20	11376	5580	11
1122	0	2	40	11387	7389	14
1123	0	1	20	11398	6319	11
1124	0	1	20	11409	968	14
1125	0	5	40	11420	178	12
1126	0	2	40	11431	17837	14
1127	0	3	40	11442	2757	11
1128	0	3	40	11453	6584	11
1129	0	3	20	11464	4493	15
1130	0	5	30	11475	5376	14
1131	0	5	40	11486	2134	15
1132	0	1	50	11497	1379	14
1133	0	2	10	11508	2233	13
1134	0	2	10	11519	6236	12
1135	0	3	40	11530	4888	10
1136	0	5	30	11541	7777	14
1137	0	3	50	11552	2298	10
1138	0	1	10	11563	1495	12
1139	0	3	30	11574	1866	15
1140	0	3	20	11585	4035	13
1141	0	4	40	11600	17421	10
1142	0	1	40	11614	6189	12
1143	0	5	20	11628	654	12
1144	0	5	20	11642	337	14
1145	0	5	30	11656	3028	13
1146	0	4	50	11670	387	14
1147	0	5	50	11684	2363	10
1148	0	2	10	11698	1178	13
1149	0	5	50	11712	6163	13
1150	0	3	30	11726	7227	13
1151	0	4	10	11740	4887	11
1152	0	3	10	11754	1028	10
1153	0	2	40	11768	26702	10
1154	0	3	10	11782	1310	11
1155	0	2	40	11796	12413	10
1156	0	4	20	11810	668	11
1157	0	2	50	11824	7304	15
1158	0	3	20	11838	1890	14
1159	0	1	10	11852	1970	13
1160	0	5	40	11866	450	11
1161	0	4	30	11880	526	13
1162	0	2	30	11894	12004	13
1163	0	1	20	11908	2852	10
1164	0	3	20	11922	923	11
1165	0	2	20	11936	1556	14
1166	0	3	40	11950	301	10
1167	0	2	40	11964	2031	12
1168	0	4	40	12000	4992	12
1169	0	2	50	12009	1110	12
1170	0	1	40	12018	10027	10
1171	0	5	30	12027	1802	13
1172	0	1	30	12036	636	10
1173	0	5	40	12045	1035	12
1174	0	3	40	12054	2682	10
1175	0	5	40	12063	1411	15
1176	0	5	30	12072	13412	15
1177	0	3	20	12081	4703	12
1178	0	2	10	12090	4993	12
1179	0	2	40	12099	4608	11
1180	0	1	50	12108	12092	14
1181	0	3	40	12117	3126	13
1182	0	2	40	12126	1113	13
1183	0	3	50	12135	86	13
1184	0	1	50	12144	7305	12
1185	0	1	20	12153	137	12
1186	0	2	30	12162	827	15
1187	0	5	10	12171	1387	14
1188	0	4	10	12180	642	12
1189	0	5	30	12189	7197	11
1190	0	5	20	12198	3207	15
1191	0	3	30	12207	72	15
1192	0	5	30	12216	249	11
1193	0	1	10	12225	10254	14
1194	0	4	50	12234	1238	14
1195	0	5	40	12243	2870	10
1196	0	3	20	12252	150	13
1197	0	1	20	12261	1298	12
1198	0	2	10	12270	11585	10
1199	0	4	50	12279	5686	10
1200	0	3	40	12288	2453	12
1201	0	3	10	12297	4738	11
1202	0	2	20	12306	5283	14
1203	0	5	10	12315	51	11
1204	0	4	20	12324	8079	13
1205	0	4	50	12333	2562	15
1206	0	4	40	12342	3268	11
1207	0	4	20	12351	26752	13
1208	0	4	50	12360	2853	15
1209	0	3	30	12369	16091	11
1210	0	3	10	12400	18449	11
1211	0	1	50	12409	2482	14
1212	0	1	50	12418	538	12
1213	0	2	40	12427	4717	13
1214	0	5	20	12436	2301	15
1215	0	3	50	12445	3322	13
1216	0	2	50	12454	8493	15
1217	0	4	30	12463	10571	10
1218	0	5	20	12472	4445	13
1219	0	2	10	12481	756	14
1220	0	5	40	12490	582	14
1221	0	3	30	12499	6048	12
1222	0	3	40	12508	1149	10
1223	0	4	10	12517	8427	10
1224	0	3	30	12526	4696	12
1225	0	3	10	12535	9231	11
1226	0	5	10	12544	1439	12
1227	0	5	30	12553	1014	11
1228	0	2	50	12562	13051	14
1229	0	4	50	12571	15023	10
1230	0	3	30	12580	1206	12
1231	0	4	20	12589	4656	12
1232	0	1	20	12598	5492	11
1233	0	4	10	12607	12348	12
1234	0	5	50	12616	1022	14
1235	0	4	50	12625	1189	12
1236	0	2	20	12634	6625	14
1237	0	3	30	12643	1046	12
1238	0	5	30	12652	669	15
1239	0	3	10	12661	1822	13
1240	0	2	40	12670	2582	11
1241	0	4	20	12679	833	11
1242	0	1	20	12688	6110	15
1243	0	2	30	12697	727	10
1244	0	2	20	12706	7445	10
1245	0	4	20	12715	373	10
1246	0	3	30	12724	8902	12
1247	0	4	50	12733	1835	13
1248	0	2	40	12742	2657	15
1249	0	1	50	12751	4843	10
1250	0	3	50	12760	3995	10
1251	0	4	40	12769	457	12
1252	0	1	10	12778	3729	14
1253	0	1	50	12787	5922	12
1254	0	4	10	12800	3903	11
1255	0	5	20	12810	4543	10
1256	0	5	20	12820	2350	11
1257	0	3	10	12830	7717	14
1258	0	3	40	12840	1553	14
1259	0	1	10	12850	13619	12
1260	0	4	50	12860	748	13
1261	0	4	10	12870	1627	15
1262	0	2	20	12880	150	15
1263	0	1	50	12890	3049	14
1264	0	5	10	12900	5115	15
1265	0	4	50	12910	1439	15
1266	0	1	40	12920	5031	13
1267	0	3	50	12930	752	10
1268	0	3	40	12940	2516	14
1269	0	1	20	12950	795	12
1270	0	2	40	12960	5627	15
1271	0	4	20	12970	4200	13
1272	0	5	10	12980	5962	10
1273	0	3	10	12990	1454	10
1274	0	5	20	13000	4771	13
1275	0	1	30	13010	11785	12
1276	0	3	20	13020	22746	12
1277	0	2	10	13030	348	10
1278	0	3	40	13040	137	10
1279	0	4	10	13050	3683	12
1280	0	1	40	13060	34	14
1281	0	1	10	13070	10891	14
1282	0	4	40	13080	5367	12
1283	0	1	10	13090	1202	13
1284	0	1	10	13100	1692	10
1285	0	5	40	13110	661	15
1286	0	4	20	13120	339	13
1287	0	1	20	13130	14621	15
1288	0	5	50	13140	1609	10
1289	0	5	40	13150	3164	13
1290	0	5	30	13160	6703	11
1291	0	4	10	13200	12354	10
1292	0	1	50	13212	9563	13
1293	0	4	30	13224	829	13
1294	0	4	20	13236	869	15
1295	0	3	40	13248	609	12
1296	0	3	50	13260	654	12
1297	0	1	20	13272	1148	11
1298	0	2	30	13284	2352	11
1299	0	4	30	13296	3125	10
1300	0	3	40	13308	1869	13
1301	0	1	30	13320	5098	12
1302	0	2	10	13332	9249	15
1303	0	1	30	13344	1455	12
1304	0	5	20	13356	11750	11
1305	0	4	40	13368	15978	13
1306	0	5	40	13380	1621	12
1307	0	4	50	13392	1435	14
1308	0	1	40	13404	315	15
1309	0	4	40	13416	4504	14
1310	0	3	50	13428	4586	13
1311	0	3	10	13440	1790	10
1312	0	1	30	13452	6879	14
1313	0	4	30	13464	5092	12
1314	0	1	30	13476	12705	14
1315	0	4	40	13488	1078	14
1316	0	1	20	13500	3620	12
1317	0	1	20	13512	6009	11
1318	0	5	50	13524	835	14
1319	0	1	20	13536	3369	15
1320	0	1	40	13548	998	11
1321	0	1	20	13560	5413	13
1322	0	3	50	13600	7339	15
1323	0	3	10	13611	10118	10
1324	0	2	50	13622	1832	11
1325	0	3	30	13633	6450	14
1326	0	4	20	13644	5413	10
1327	0	1	40	13655	3541	12
1328	0	5	50	13666	464	10
1329	0	3	30	13677	3240	10
1330	0	4	30	13688	6367	10
1331	0	2	10	13699	5499	11
1332	0	1	40	13710	4073	15
1333	0	4	20	13721	2706	15
1334	0	2	20	13732	1037	14
1335	0	5	10	13743	1359	11
1336	0	5	10	13754	135	15
1337	0	4	20	13765	2273	10
1338	0	1	40	13776	1499	12
1339	0	2	20	13787	1806	13
1340	0	5	10	13798	6838	13
1341	0	1	30	13809	6056	15
1342	0	1	30	13820	9141	10
1343	0	1	20	13831	4262	12
1344	0	3	40	13842	7993	15
1345	0	2	20	13853	2405	10
1346	0	4	40	13864	573	11
1347	0	3	20	13875	835	10
1348	0	3	50	13886	1040	15
1349	0	1	40	13897	12769	11
1350	0	3	20	13908	3157	15
1351	0	2	40	13919	1871	10
1352	0	2	20	13930	251	13
1353	0	1	10	13941	8329	11
1354	0	4	50	13952	1550	15
1355	0	3	20	13963	3995	15
1356	0	3	40	13974	8483	12
1357	0	5	10	13985	15785	14
1358	0	4	30	14000	11097	11
1359	0	3	40	14010	632	12
1360	0	1	20	14020	1097	13
1361	0	4	10	14030	5479	15
1362	0	4	50	14040	852	13
1363	0	3	10	14050	2941	14
1364	0	1	20	14060	8455	14
1365	0	2	50	14070	10943	12
1366	0	3	30	14080	5121	11
1367	0	2	10	14090	1597	15
1368	0	3	20	14100	2705	14
1369	0	1	20	14110	4437	12
1370	0	4	30	14120	907	15
1371	0	2	10	14130	706	12
1372	0	1	30	14140	2500	15
1373	0	3	40	14150	6975	11
1374	0	2	20	14160	5548	11
1375	0	5	10	14170	2325	12
1376	0	5	40	14180	7414	13
1377	0	2	40	14190	817	13
1378	0	1	20	14200	229	10
1379	0	5	40	14210	9882	10
1380	0	4	40	14220	4399	12
1381	0	2	10	14230	3222	15
1382	0	4	40	14240	1774	13
1383	0	4	20	14250	653	15
1384	0	5	20	14260	37	11
1385	0	2	50	14270	2198	15
1386	0	5	40	14280	4634	14
1387	0	5	40	14290	5766	13
1388	0	1	20	14300	746	10
1389	0	4	50	14310	3632	14
1390	0	3	30	14320	2096	15
1391	0	1	10	14330	216	11
1392	0	5	50	14340	2740	15
1393	0	4	10	14350	727	15
1394	0	2	50	14360	526	15
1395	0	1	50	14370	304	14
1396	0	2	30	14400	3547	11
1397	0	3	20	14407	1896	11
1398	0	1	10	14414	5988	14
1399	0	2	50	14421	10595	13
1400	0	5	50	14428	5236	15
1401	0	3	30	14435	6523	12
1402	0	1	10	14442	4774	12
1403	0	3	40	14449	3273	13
1404	0	2	10	14456	5640	12
1405	0	1	20	14463	1937	13
1406	0	2	10	14470	9581	10
1407	0	4	40	14477	1075	11
1408	0	5	40	14484	534	10
1409	0	4	40	14491	8498	12
1410	0	4	30	14498	6212	12
1411	0	1	50	14505	4752	15
1412	0	5	40	14512	10350	13
1413	0	4	50	14519	89	10
1414	0	5	50	14526	2609	15
1415	0	4	20	14533	4642	13
1416	0	1	20	14540	1960	12
1417	0	1	40	14547	168	14
1418	0	4	50	14554	2863	13
1419	0	4	30	14561	2438	14
1420	0	2	10	14568	1145	13
1421	0	3	40	14575	12738	14
1422	0	1	40	14582	692	14
1423	0	4	20	14589	9010	15
1424	0	4	40	14596	1216	13
1425	0	4	30	14603	651	13
1426	0	2	20	14610	4386	13
1427	0	2	30	14617	1417	15
1428	0	2	40	14624	4839	11
1429	0	1	20	14631	4520	13
1430	0	4	40	14638	7663	11
1431	0	3	30	14645	2507	12
1432	0	2	40	14652	2101	15
1433	0	4	20	14659	541	13
1434	0	1	40	14666	820	11
1435	0	2	20	14673	7946	10
1436	0	2	50	14680	7762	12
1437	0	1	50	14687	6428	10
1438	0	3	10	14694	2008	13
1439	0	4	50	14701	3928	14
1440	0	1	40	14708	2886	14
1441	0	2	10	14715	2393	12
1442	0	1	10	14722	4067	13
1443	0	3	40	14729	1368	13
1444	0	1	20	14736	6607	12
1445	0	2	30	14743	4990	15
1446	0	2	20	14750	547	14
1447	0	1	50	14757	2568	14
1448	0	5	10	14764	4646	10
1449	0	3	40	14771	2295	12
1450	0	1	40	14778	4629	11
1451	0	2	50	14785	3165	12
1452	0	4	20	14800	8050	14
1453	0	2	40	14809	1541	15
1454	0	5	40	14818	4560	15
1455	0	3	10	14827	5901	11
1456	0	2	40	14836	4144	13
1457	0	2	50	14845	6477	13
1458	0	4	50	14854	1407	15
1459	0	3	40	14863	3720	14
1460	0	4	10	14872	5061	15
1461	0	5	30	14881	3770	11
1462	0	3	50	14890	3055	10
1463	0	4	20	14899	2377	12
1464	0	5	10	14908	112	11
1465	0	1	10	14917	1558	15
1466	0	5	20	14926	1350	15
1467	0	1	30	14935	6401	15
1468	0	4	10	14944	7246	14
1469	0	4	40	14953	3832	15
1470	0	3	20	14962	7096	10
1471	0	5	30	14971	3546	12
1472	0	3	40	14980	4159	10
1473	0	5	10	14989	8677	14
1474	0	4	40	14998	11416	15
1475	0	1	10	15007	6413	11
1476	0	2	40	15016	1544	10
1477	0	4	10	15025	8141	11
1478	0	4	50	15034	362	12
1479	0	2	10	15043	3188	13
1480	0	3	20	15052	91	15
1481	0	1	20	15061	853	14
1482	0	3	30	15070	3781	15
1483	0	5	10	15079	1231	14
1484	0	1	40	15088	18993	11
1485	0	3	50	15097	1461	14
1486	0	4	10	15106	3658	13
1487	0	1	50	15115	372	15
1488	0	4	40	15124	2365	13
1489	0	3	40	15133	2139	10
1490	0	5	30	15142	981	12
1491	0	1	10	15151	223	15
1492	0	3	10	15160	2795	10
1493	0	5	20	15169	6229	15
1494	0	5	50	15178	9528	14
1495	0	1	20	15187	9356	13
1496	0	4	10	15200	9914	11
1497	0	2	40	15210	843	10
1498	0	3	40	15220	1215	12
1499	0	5	20	15230	2659	12
1500	0	3	20	15240	2222	10
1501	0	1	50	15250	1599	14
1502	0	3	50	15260	4055	10
1503	0	2	20	15270	292	11
1504	0	5	20	15280	3729	11
1505	0	1	10	15290	411	15
1506	0	4	10	15300	9222	11
1507	0	4	20	15310	15774	15
1508	0	3	50	15320	1895	10
1509	0	5	40	15330	8528	14
1510	0	1	30	15340	2398	10
1511	0	4	40	15350	5981	12
1512	0	3	50	15360	5026	10
1513	0	2	40	15370	5501	12
1514	0	5	30	15380	3497	14
1515	0	3	40	15390	2983	11
1516	0	3	10	15400	27436	11
1517	0	4	50	15410	1253	12
1518	0	4	30	15420	2441	11
1519	0	2	10	15430	5116	12
1520	0	2	10	15440	5139	12
1521	0	4	20	15450	880	10
1522	0	2	50	15460	1734	12
1523	0	2	30	15470	2195	14
1524	0	4	20	15480	2035	13
1525	0	3	20	15490	5983	11
1526	0	3	20	15500	355	11
1527	0	3	20	15510	7785	11
1528	0	1	10	15520	15283	10
1529	0	4	30	15530	158	11
1530	0	2	50	15540	8570	15
1531	0	5	10	15550	557	10
1532	0	1	30	15560	3739	15
1533	0	4	40	15600	3674	15
1534	0	5	50	15609	525	13
1535	0	3	20	15618	4722	10
1536	0	4	30	15627	3238	14
1537	0	2	20	15636	3113	14
1538	0	5	50	15645	4299	13
1539	0	5	30	15654	8963	11
1540	0	5	40	15663	2081	12
1541	0	5	40	15672	3857	13
1542	0	3	50	15681	4970	14
1543	0	5	10	15690	3329	15
1544	0	3	20	15699	13208	10
1545	0	1	40	15708	2332	15
1546	0	3	10	15717	1655	14
1547	0	1	20	15726	5635	13
1548	0	1	50	15735	924	10
1549	0	2	10	15744	1924	13
1550	0	4	20	15753	9400	11
1551	0	1	20	15762	4165	15
1552	0	4	10	15771	5287	15
1553	0	1	30	15780	3108	15
1554	0	4	10	15789	5748	10
1555	0	4	50	15798	1038	10
1556	0	5	10	15807	15244	12
1557	0	2	30	15816	967	11
1558	0	3	50	15825	4457	14
1559	0	3	10	15834	7096	15
1560	0	4	50	15843	50	13
1561	0	1	40	15852	176	10
1562	0	4	20	15861	10	15
1563	0	5	30	15870	1653	15
1564	0	4	40	15879	26841	15
1565	0	1	30	15888	1547	10
1566	0	4	20	15897	737	13
1567	0	4	20	15906	486	10
1568	0	3	40	15915	3915	15
1569	0	3	10	15924	8830	14
1570	0	5	20	15933	14117	12
1571	0	2	40	15942	2450	13
1572	0	4	50	15951	3770	14
1573	0	5	10	15960	3312	15
1574	0	3	20	15969	1519	15
1575	0	2	30	16000	441	14
1576	0	2	20	16010	2664	11
1577	0	2	40	16020	6182	12
1578	0	4	10	16030	2458	13
1579	0	4	30	16040	12583	13
1580	0	1	10	16050	2297	13
1581	0	3	50	16060	1599	13
1582	0	3	30	16070	4208	11
1583	0	4	10	16080	3626	13
1584	0	1	10	16090	576	15
1585	0	1	40	16100	1074	15
1586	0	2	50	16110	2021	11
1587	0	5	50	16120	277	15
1588	0	1	30	16130	7294	15
1589	0	1	10	16140	8991	12
1590	0	3	20	16150	5021	14
1591	0	3	50	16160	1662	12
1592	0	4	20	16170	8130	15
1593	0	3	40	16180	7048	13
1594	0	1	40	16190	8517	13
1595	0	5	50	16200	1801	12
1596	0	1	30	16210	3830	14
1597	0	4	30	16220	1865	15
1598	0	1	20	16230	3340	10
1599	0	2	50	16240	4112	10
1600	0	2	30	16250	1277	12
1601	0	4	40	16260	1016	13
1602	0	3	40	16270	563	14
1603	0	4	40	16280	1521	11
1604	0	3	40	16290	2119	10
1605	0	2	30	16300	2366	14
1606	0	2	20	16310	149	11
1607	0	4	10	16320	746	15
1608	0	4	10	16330	1015	15
1609	0	2	40	16340	4289	11
1610	0	3	30	16350	5424	14
1611	0	3	20	16360	848	15
1612	0	3	20	16370	5636	13
1613	0	4	20	16400	5019	10
1614	0	2	50	16409	1999	12
1615	0	1	50	16418	4595	15
1616	0	3	20	16427	1992	14
1617	0	1	20	16436	2086	11
1618	0	5	20	16445	915	15
1619	0	3	10	16454	5762	15
1620	0	4	30	16463	10315	15
1621	0	5	20	16472	427	13
1622	0	4	50	16481	1291	11
1623	0	2	40	16490	5235	12
1624	0	1	40	16499	769	10
1625	0	2	30	16508	3982	10
1626	0	3	30	16517	3557	13
1627	0	2	20	16526	6094	11
1628	0	4	20	16535	4583	11
1629	0	4	30	16544	12273	13
1630	0	1	10	16553	2680	15
1631	0	3	50	16562	482	11
1632	0	1	30	16571	997	12
1633	0	3	20	16580	6790	13
1634	0	2	10	16589	4603	10
1635	0	2	20	16598	955	15
1636	0	5	20	16607	883	15
1637	0	5	40	16616	1628	15
1638	0	1	20	16625	817	12
1639	0	4	40	16634	4654	11
1640	0	5	20	16643	887	14
1641	0	3	50	16652	1027	11
1642	0	1	40	16661	7404	15
1643	0	4	50	16670	797	13
1644	0	4	30	16679	659	14
1645	0	5	10	16688	2968	14
1646	0	1	40	16697	3513	14
1647	0	5	50	16706	669	15
1648	0	1	40	16715	2282	10
1649	0	5	50	16724	882	13
1650	0	2	40	16733	14056	14
1651	0	1	20	16742	941	12
1652	0	5	10	16751	736	10
1653	0	4	20	16760	6497	10
1654	0	3	20	16769	5065	11
1655	0	3	20	16800	754	14
1656	0	1	50	16808	11869	12
1657	0	2	50	16816	2053	12
1658	0	3	10	16824	609	11
1659	0	1	20	16832	6070	10
1660	0	5	50	16840	7791	10
1661	0	5	10	16848	1175	10
1662	0	1	40	16856	2678	13
1663	0	5	40	16864	1262	12
1664	0	1	40	16872	743	11
1665	0	5	40	16880	3964	13
1666	0	3	50	16888	14083	12
1667	0	1	50	16896	11172	10
1668	0	3	20	16904	126	10
1669	0	1	40	16912	798	13
1670	0	2	30	16920	2653	10
1671	0	4	30	16928	238	14
1672	0	5	50	16936	1002	15
1673	0	1	40	16944	2909	14
1674	0	3	50	16952	3323	10
1675	0	2	30	16960	4783	13
1676	0	4	30	16968	1195	13
1677	0	5	50	16976	400	13
1678	0	3	20	16984	3449	14
1679	0	1	30	16992	4211	11
1680	0	2	40	17000	188	11
1681	0	3	30	17008	2283	14
1682	0	2	30	17016	1705	10
1683	0	4	20	17024	2646	13
1684	0	3	40	17032	16365	14
1685	0	1	50	17040	1305	12
1686	0	4	50	17048	11626	11
1687	0	3	10	17056	2162	12
1688	0	5	50	17064	415	12
1689	0	4	50	17072	2866	11
1690	0	2	20	17080	1225	13
1691	0	4	30	17088	6371	12
1692	0	2	40	17096	858	14
1693	0	5	50	17104	2070	12
1694	0	5	50	17112	7092	10
1695	0	5	10	17120	11550	14
1696	0	3	10	17128	5363	13
1697	0	1	10	17136	3397	13
1698	0	4	20	17144	44	12
1699	0	4	50	17152	2962	10
1700	0	3	20	17160	3225	11
1701	0	5	40	17168	4150	14
1702	0	3	40	17200	524	14
1703	0	1	10	17210	1171	13
1704	0	4	30	17220	4995	13
1705	0	3	20	17230	9736	10
1706	0	1	20	17240	17749	13
1707	0	4	30	17250	4214	12
1708	0	1	30	17260	1090	10
1709	0	2	40	17270	83	13
1710	0	5	40	17280	9796	11
1711	0	2	10	17290	7678	14
1712	0	4	30	17300	6941	14
1713	0	2	30	17310	2695	15
1714	0	5	30	17320	5308	15
1715	0	2	20	17330	2195	12
1716	0	4	40	17340	9517	15
1717	0	2	30	17350	16	15
1718	0	3	10	17360	1355	13
1719	0	1	50	17370	8867	14
1720	0	2	40	17380	4601	12
1721	0	5	40	17390	3218	10
1722	0	2	10	17400	7332	13
1723	0	4	30	17410	2932	14
1724	0	4	30	17420	9956	15
1725	0	3	50	17430	4661	13
1726	0	2	40	17440	8004	10
1727	0	1	10	17450	6806	12
1728	0	2	50	17460	4641	13
1729	0	4	40	17470	3870	11
1730	0	4	30	17480	12793	15
1731	0	3	30	17490	4634	10
1732	0	2	40	17500	351	11
1733	0	5	30	17510	224	13
1734	0	4	20	17520	410	15
1735	0	2	10	17530	2045	12
1736	0	1	50	17540	1496	15
1737	0	1	30	17550	391	12
1738	0	5	50	17560	5893	10
1739	0	5	20	17570	294	14
1740	0	5	30	17580	1371	15
1741	0	1	30	17590	1392	14
1742	0	2	40	17600	788	12
1743	0	3	10	17609	325	15
1744	0	5	10	17618	3645	10
1745	0	1	20	17627	2114	14
1746	0	1	50	17636	14450	14
1747	0	5	20	17645	4853	14
1748	0	1	20	17654	4425	13
1749	0	3	30	17663	2095	14
1750	0	2	30	17672	150	14
1751	0	1	40	17681	5301	14
1752	0	4	10	17690	1341	15
1753	0	3	20	17699	511	13
1754	0	3	10	17708	7323	14
1755	0	3	40	17717	2	11
1756	0	4	40	17726	6552	11
1757	0	4	20	17735	3698	10
1758	0	2	30	17744	1643	14
1759	0	2	30	17753	101	15
1760	0	2	30	17762	194	15
1761	0	1	10	17771	747	10
1762	0	2	30	17780	13372	14
1763	0	3	40	17789	3855	14
1764	0	3	20	17798	253	14
1765	0	3	20	17807	1032	10
1766	0	1	20	17816	5866	13
1767	0	5	10	17825	5861	10
1768	0	4	10	17834	1995	10
1769	0	3	30	17843	1628	12
1770	0	1	30	17852	467	12
1771	0	4	10	17861	6730	13
1772	0	3	30	17870	1062	15
1773	0	4	40	17879	975	15
1774	0	1	20	17888	3672	15
1775	0	1	20	17897	1973	13
1776	0	4	50	17906	1872	14
1777	0	4	50	17915	5741	14
1778	0	5	20	17924	10182	13
1779	0	4	10	17933	2824	11
1780	0	3	50	17942	5023	15
1781	0	3	20	17951	707	11
1782	0	5	40	17960	642	15
1783	0	4	30	17969	1307	14
1784	0	3	10	17978	3499	13
1785	0	4	50	18000	1018	11
1786	0	5	30	18008	2051	11
1787	0	4	20	18016	13288	14
1788	0	2	20	18024	967	15
1789	0	2	40	18032	407	14
1790	0	3	30	18040	3611	11
1791	0	2	40	18048	4934	15
1792	0	4	50	18056	5647	13
1793	0	4	30	18064	5478	11
1794	0	3	40	18072	94	14
1795	0	5	20	18080	510	14
1796	0	4	50	18088	1597	10
1797	0	4	50	18096	3287	13
1798	0	5	50	18104	67	11
1799	0	2	50	18112	1851	15
1800	0	1	50	18120	4101	10
1801	0	1	50	18128	912	13
1802	0	2	20	18136	1484	14
1803	0	3	50	18144	1630	10
1804	0	3	50	18152	1412	12
1805	0	3	30	18160	1008	10
1806	0	4	10	18168	2780	14
1807	0	5	20	18176	283	15
1808	0	2	10	18184	2931	13
1809	0	3	50	18192	2393	10
1810	0	4	40	18200	3944	13
1811	0	1	40	18208	178	13
1812	0	5	50	18216	4579	12
1813	0	3	30	18224	7099	12
1814	0	4	30	18232	1483	15
1815	0	5	20	18240	8667	14
1816	0	1	30	18248	89	10
1817	0	3	10	18256	4630	15
1818	0	1	40	18264	144	11
1819	0	5	30	18272	7244	12
1820	0	4	50	18280	7001	15
1821	0	2	50	18288	6546	15
1822	0	4	40	18296	3231	11
1823	0	2	30	18304	1403	11
1824	0	5	50	18312	5385	10
1825	0	4	50	18320	2053	13
1826	0	5	20	18328	238	15
1827	0	4	10	18336	2673	13
1828	0	1	50	18344	857	10
1829	0	1	50	18352	2622	11
1830	0	3	20	18360	248	13
1831	0	1	10	18400	6714	10
1832	0	4	50	18414	5469	13
1833	0	3	20	18428	3203	13
1834	0	4	10	18442	8013	10
1835	0	2	10	18456	2862	12
1836	0	1	10	18470	7640	13
1837	0	3	50	18484	6719	15
1838	0	2	30	18498	15937	12
1839	0	5	40	18512	1787	12
1840	0	1	40	18526	5147	12
1841	0	5	10	18540	1618	11
1842	0	2	20	18554	2351	10
1843	0	5	30	18568	5786	14
1844	0	3	50	18582	2538	11
1845	0	3	40	18596	3202	14
1846	0	3	40	18610	109	12
1847	0	2	30	18624	10404	11
1848	0	1	50	18638	2289	11
1849	0	4	30	18652	593	10
1850	0	5	50	18666	410	13
1851	0	1	40	18680	4125	10
1852	0	3	20	18694	2976	12
1853	0	1	30	18708	794	14
1854	0	4	10	18722	3142	10
1855	0	4	10	18736	7230	11
1856	0	3	20	18750	4197	11
1857	0	5	40	18764	57	12
1858	0	3	50	18778	3614	10
1859	0	4	10	18800	9050	14
1860	0	4	10	18807	721	11
1861	0	5	10	18814	54	11
1862	0	4	30	18821	8332	15
1863	0	2	10	18828	156	11
1864	0	1	30	18835	1978	12
1865	0	4	30	18842	6719	12
1866	0	2	50	18849	1417	10
1867	0	2	40	18856	559	14
1868	0	5	20	18863	13454	12
1869	0	2	30	18870	6412	13
1870	0	4	10	18877	136	11
1871	0	3	40	18884	935	11
1872	0	2	40	18891	4875	12
1873	0	2	50	18898	4497	14
1874	0	4	50	18905	478	10
1875	0	4	40	18912	2720	13
1876	0	5	40	18919	1790	14
1877	0	5	10	18926	6233	12
1878	0	4	30	18933	6997	10
1879	0	3	20	18940	837	12
1880	0	2	10	18947	1876	11
1881	0	3	50	18954	566	14
1882	0	4	10	18961	212	12
1883	0	3	20	18968	226	10
1884	0	2	50	18975	1933	14
1885	0	2	40	18982	2155	13
1886	0	3	50	18989	1361	13
1887	0	3	30	18996	3330	14
1888	0	4	10	19003	27	12
1889	0	1	10	19010	118	15
1890	0	4	40	19017	7902	10
1891	0	1	30	19024	7275	10
1892	0	1	50	19031	987	14
1893	0	4	20	19038	357	14
1894	0	1	30	19045	869	11
1895	0	1	30	19052	4956	11
1896	0	2	40	19059	2444	12
1897	0	1	10	19066	2083	15
1898	0	4	10	19073	1876	11
1899	0	5	20	19080	4271	14
1900	0	2	50	19087	1163	14
1901	0	1	50	19094	9070	13
1902	0	2	10	19101	12917	14
1903	0	4	20	19108	4054	14
1904	0	1	20	19115	441	15
1905	0	2	20	19122	8794	11
1906	0	5	10	19129	11195	13
1907	0	1	20	19136	7582	13
1908	0	3	40	19143	279	13
1909	0	1	30	19150	208	13
1910	0	4	30	19157	2578	12
1911	0	4	10	19200	7872	14
1912	0	1	10	19213	833	12
1913	0	1	40	19226	2083	13
1914	0	3	50	19239	2948	13
1915	0	1	20	19252	134	12
1916	0	2	10	19265	13065	14
1917	0	2	10	19278	6869	14
1918	0	5	20	19291	4258	13
1919	0	4	50	19304	14525	15
1920	0	1	40	19317	2978	14
1921	0	4	20	19330	5287	11
1922	0	3	30	19343	528	11
1923	0	5	20	19356	11011	13
1924	0	3	50	19369	11084	12
1925	0	3	40	19382	871	10
1926	0	3	50	19395	18361	13
1927	0	4	20	19408	3859	14
1928	0	2	20	19421	2613	13
1929	0	3	20	19434	2058	14
1930	0	3	50	19447	147	10
1931	0	5	30	19460	12386	15
1932	0	1	10	19473	2144	11
1933	0	5	10	19486	744	11
1934	0	1	20	19499	11024	14
1935	0	1	10	19512	2600	13
1936	0	2	40	19525	752	15
1937	0	5	40	19538	2141	13
1938	0	2	50	19551	12026	11
1939	0	5	40	19564	2727	12
1940	0	2	30	19577	2596	10
1941	0	2	40	19600	2310	10
1942	0	1	50	19608	2753	11
1943	0	4	40	19616	12511	15
1944	0	2	40	19624	3229	12
1945	0	1	30	19632	4	12
1946	0	1	20	19640	4196	14
1947	0	5	10	19648	6700	11
1948	0	1	20	19656	3320	11
1949	0	5	20	19664	709	14
1950	0	5	30	19672	5521	12
1951	0	5	40	19680	4051	13
1952	0	1	50	19688	5559	11
1953	0	1	20	19696	2049	12
1954	0	5	40	19704	562	10
1955	0	4	30	19712	2928	12
1956	0	4	30	19720	5925	11
1957	0	3	50	19728	97	11
1958	0	1	30	19736	4812	12
1959	0	3	40	19744	9573	14
1960	0	5	30	19752	9178	14
1961	0	2	40	19760	1543	14
1962	0	5	50	19768	1848	10
1963	0	5	20	19776	4375	14
1964	0	4	30	19784	58	12
1965	0	5	50	19792	2938	13
1966	0	4	10	19800	2356	13
1967	0	2	50	19808	73	10
1968	0	1	30	19816	2535	15
1969	0	2	50	19824	177	15
1970	0	5	30	19832	7903	12
1971	0	2	20	19840	3170	11
1972	0	5	10	19848	8158	13
1973	0	1	30	19856	701	11
1974	0	3	20	19864	2740	15
1975	0	4	50	19872	361	14
1976	0	3	30	19880	1075	10
1977	0	4	50	19888	733	12
1978	0	3	30	19896	1926	10
1979	0	3	20	19904	11018	10
1980	0	3	30	19912	3158	12
1981	0	3	50	19920	779	11
1982	0	3	50	19928	226	13
1983	0	3	10	19936	1526	14
1984	0	4	50	19944	4243	12
1985	0	3	20	19952	2038	13
1986	0	4	40	19960	912	14
1987	0	1	40	19968	56	14
1988	0	5	30	19976	157	11
1989	0	2	50	19984	2160	11
1990	0	3	40	20000	4887	11
1991	0	4	50	20040	637	14
1992	0	5	20	20080	5018	11
1993	0	5	20	20120	171	13
1994	0	5	20	20160	3616	13
1995	0	5	50	20200	684	11
1996	0	3	50	20240	284	10
1997	0	2	40	20280	7148	12
1998	0	1	20	20320	11366	13
1999	0	2	40	20360	137	15
