0	0	1	10	0	7289	19
1	0	2	50	9	6998	17
2	0	3	50	18	364	15
3	0	1	40	27	3573	19
4	0	2	30	36	234	15
5	0	1	10	45	3515	21
6	0	4	50	54	3639	21
7	0	2	50	63	1808	17
8	0	3	50	72	10312	20
9	0	3	20	81	1944	21
10	0	5	20	90	2393	21
11	0	1	50	99	959	17
12	0	1	30	108	1310	18
13	0	4	10	117	1550	15
14	0	1	20	126	1189	18
15	0	3	10	135	2128	15
16	0	5	50	144	1701	19
17	0	3	50	153	1445	17
18	0	2	10	162	10179	15
19	0	4	50	171	8194	19
20	0	5	20	180	2640	19
21	0	4	10	189	2383	20
22	0	2	10	198	9292	21
23	0	5	20	207	7325	19
24	0	3	50	216	2082	17
25	0	2	30	225	2918	20
26	0	1	20	234	18616	21
27	0	1	20	243	7637	19
28	0	2	40	252	5404	16
29	0	5	10	261	1131	15
30	0	3	10	270	2913	21
31	0	5	30	279	3556	21
32	0	1	30	288	4879	17
33	0	5	30	297	19	21
34	0	4	20	306	4894	20
35	0	2	40	315	1896	18
36	0	1	30	324	2045	21
37	0	2	10	333	5082	17
38	0	2	40	342	9020	19
39	0	4	10	351	8384	16
40	0	2	10	360	11561	16
41	0	4	30	400	1921	19
42	0	1	20	415	8662	17
43	0	1	20	430	4017	19
44	0	4	30	445	15509	15
45	0	1	20	460	3119	18
46	0	1	20	475	1790	18
47	0	4	20	490	6203	15
48	0	4	10	505	404	15
49	0	2	20	520	4695	16
50	0	1	10	535	4074	21
51	0	5	40	550	6125	19
52	0	2	50	565	1038	16
53	0	1	10	580	4109	18
54	0	2	30	595	16164	16
55	0	3	10	610	1973	20
56	0	5	50	625	10313	18
57	0	3	40	640	1136	17
58	0	4	40	655	817	16
59	0	1	10	670	3098	17
60	0	5	40	685	3608	15
61	0	4	40	700	5475	16
62	0	1	10	715	3899	16
63	0	3	40	730	4528	20
64	0	1	20	745	8089	15
65	0	1	50	760	7902	15
66	0	5	20	775	2841	15
67	0	2	50	800	1282	19
68	0	1	50	811	3823	17
69	0	4	40	822	8465	15
70	0	2	30	833	49	16
71	0	4	50	844	3945	16
72	0	2	20	855	2097	19
73	0	4	10	866	181	20
74	0	2	50	877	10449	18
75	0	2	50	888	428	15
76	0	3	40	899	3316	17
77	0	2	40	910	1249	17
78	0	1	40	921	7878	19
79	0	2	40	932	7986	20
80	0	2	20	943	683	16
81	0	2	10	954	905	20
82	0	3	10	965	5637	19
83	0	5	20	976	206	21
84	0	4	50	987	3741	15
85	0	4	20	998	5290	16
86	0	3	30	1009	1787	19
87	0	1	30	1020	259	20
88	0	4	10	1031	91	19
89	0	2	20	1042	1521	21
90	0	3	40	1053	2416	21
91	0	3	50	1064	664	18
92	0	4	20	1075	3058	16
93	0	1	40	1086	1760	16
94	0	4	20	1097	1329	16
95	0	4	30	1108	886	21
96	0	4	20	1119	5687	18
97	0	3	30	1130	930	18
98	0	1	50	1141	5810	19
99	0	3	30	1152	502	21
100	0	2	50	1163	134	17
101	0	5	20	1174	361	21
102	0	3	30	1200	757	19
103	0	5	20	1209	976	15
104	0	5	40	1218	4540	21
105	0	3	10	1227	47	20
106	0	3	30	1236	1884	21
107	0	4	50	1245	814	17
108	0	4	20	1254	5027	15
109	0	5	40	1263	8505	16
110	0	5	20	1272	6992	18
111	0	4	10	1281	4265	16
112	0	3	50	1290	1956	20
113	0	3	50	1299	1546	17
114	0	5	40	1308	1925	16
115	0	3	40	1317	1988	16
116	0	1	30	1326	18381	19
117	0	1	50	1335	3399	16
118	0	4	50	1344	290	20
119	0	3	50	1353	575	20
120	0	4	20	1362	2780	17
121	0	5	50	1371	2361	17
122	0	3	50	1380	1160	21
123	0	5	40	1389	1421	18
124	0	2	10	1398	2220	15
125	0	4	40	1407	7840	20
126	0	5	40	1416	388	15
127	0	1	30	1425	213	18
128	0	5	40	1434	5736	19
129	0	4	20	1443	5204	18
130	0	3	30	1452	1679	19
131	0	1	20	1461	1759	21
132	0	1	50	1470	2791	20
133	0	3	20	1479	5427	19
134	0	5	50	1488	7115	17
135	0	2	50	1497	292	17
136	0	5	30	1506	122	16
137	0	3	40	1515	3098	18
138	0	1	30	1524	1858	15
139	0	2	50	1533	3622	16
140	0	1	40	1542	1771	16
141	0	5	40	1551	774	16
142	0	2	10	1560	1706	19
143	0	4	20	1569	611	18
144	0	3	10	1600	2697	18
145	0	5	40	1611	6393	20
146	0	1	50	1622	5812	20
147	0	2	20	1633	961	20
148	0	2	50	1644	14611	15
149	0	1	40	1655	8866	21
150	0	3	50	1666	937	17
151	0	4	30	1677	824	16
152	0	4	40	1688	591	20
153	0	4	50	1699	3997	20
154	0	5	20	1710	3838	19
155	0	3	10	1721	3539	15
156	0	2	20	1732	7200	21
157	0	4	40	1743	8264	16
158	0	4	20	1754	6252	15
159	0	2	10	1765	6847	16
160	0	3	30	1776	10063	20
161	0	2	50	1787	1564	18
162	0	4	20	1798	2196	20
163	0	1	50	1809	17570	19
164	0	3	20	1820	3086	19
165	0	4	50	1831	2539	19
166	0	3	20	1842	666	17
167	0	5	40	1853	4135	15
168	0	3	10	1864	2689	15
169	0	3	50	1875	1492	21
170	0	4	10	1886	1795	15
171	0	4	50	1897	2396	15
172	0	1	20	1908	897	16
173	0	3	50	1919	2573	18
174	0	2	10	1930	5988	18
175	0	4	40	1941	1571	15
176	0	4	40	1952	415	20
177	0	5	40	1963	465	18
178	0	3	40	1974	6613	21
179	0	2	30	2000	3958	16
180	0	4	50	2009	390	21
181	0	4	20	2018	8443	16
182	0	5	30	2027	324	18
183	0	5	10	2036	8180	19
184	0	1	20	2045	2926	16
185	0	5	50	2054	681	17
186	0	2	40	2063	985	15
187	0	3	50	2072	8172	21
188	0	3	50	2081	536	21
189	0	2	40	2090	1118	17
190	0	1	30	2099	1075	17
191	0	1	50	2108	681	21
192	0	4	20	2117	5522	18
193	0	4	30	2126	3213	20
194	0	4	30	2135	4514	18
195	0	4	50	2144	139	20
196	0	2	20	2153	5601	18
197	0	1	10	2162	1782	15
198	0	2	10	2171	3705	20
199	0	4	10	2180	83	21
200	0	2	20	2189	4134	17
201	0	1	10	2198	519	19
202	0	4	10	2207	5153	20
203	0	4	10	2216	4346	16
204	0	3	30	2225	3014	21
205	0	5	10	2234	5678	16
206	0	3	20	2243	16897	21
207	0	1	40	2252	4351	16
208	0	2	40	2261	7743	16
209	0	2	30	2270	1381	19
210	0	5	20	2279	2682	17
211	0	2	40	2288	5160	18
212	0	2	50	2297	267	16
213	0	2	50	2306	708	20
214	0	4	10	2315	5184	16
215	0	4	10	2324	164	18
216	0	3	30	2333	1128	15
217	0	4	20	2342	3211	16
218	0	1	40	2351	2530	17
219	0	3	20	2360	1919	16
220	0	3	10	2400	1158	18
221	0	5	30	2407	1331	18
222	0	2	40	2414	2926	15
223	0	1	20	2421	1127	19
224	0	2	20	2428	314	18
225	0	3	20	2435	917	16
226	0	5	30	2442	4844	19
227	0	2	40	2449	4184	18
228	0	5	30	2456	6396	15
229	0	4	20	2463	5418	20
230	0	3	20	2470	3388	19
231	0	3	30	2477	5371	19
232	0	4	30	2484	2819	19
233	0	4	30	2491	6205	15
234	0	5	10	2498	16533	21
235	0	3	40	2505	14190	16
236	0	1	10	2512	671	18
237	0	1	30	2519	2146	16
238	0	3	30	2526	1669	19
239	0	1	20	2533	5719	15
240	0	2	40	2540	751	18
241	0	1	10	2547	3242	21
242	0	1	10	2554	59	20
243	0	2	20	2561	7168	17
244	0	3	30	2568	5630	15
245	0	4	50	2575	2862	21
246	0	5	50	2582	386	19
247	0	3	20	2589	3530	20
248	0	1	20	2596	6988	19
249	0	5	20	2603	4044	21
250	0	2	20	2610	6214	19
251	0	3	10	2617	900	16
252	0	5	30	2624	8860	19
253	0	4	40	2631	1009	19
254	0	2	10	2638	5862	17
255	0	2	50	2645	1792	21
256	0	5	20	2652	3695	19
257	0	3	50	2659	2605	15
258	0	3	50	2666	3538	19
259	0	5	20	2673	1568	20
260	0	1	40	2680	230	18
261	0	2	30	2687	1641	18
262	0	2	10	2694	8014	15
263	0	4	30	2701	482	17
264	0	5	20	2708	5102	15
265	0	2	40	2715	5540	19
266	0	4	20	2722	988	20
267	0	3	20	2729	1295	16
268	0	2	50	2736	785	21
269	0	1	20	2743	5629	21
270	0	4	50	2750	8677	15
271	0	3	50	2757	7098	20
272	0	2	40	2764	946	18
273	0	1	30	2771	4925	17
274	0	1	40	2800	941	20
275	0	2	10	2810	4764	18
276	0	5	20	2820	1250	20
277	0	1	20	2830	4626	20
278	0	4	50	2840	2695	18
279	0	3	30	2850	3325	19
280	0	3	20	2860	479	18
281	0	3	10	2870	492	21
282	0	1	20	2880	6926	21
283	0	5	10	2890	705	16
284	0	3	50	2900	12271	15
285	0	5	10	2910	1847	17
286	0	4	10	2920	7536	15
287	0	5	40	2930	1330	15
288	0	3	30	2940	76	20
289	0	4	10	2950	3899	21
290	0	4	20	2960	1836	19
291	0	4	20	2970	4506	17
292	0	4	40	2980	7045	19
293	0	3	20	2990	68	21
294	0	1	40	3000	4878	18
295	0	5	10	3010	7199	21
296	0	4	50	3020	4687	20
297	0	2	40	3030	9247	17
298	0	3	10	3040	478	16
299	0	2	40	3050	22	18
300	0	1	30	3060	1382	15
301	0	3	30	3070	6757	18
302	0	1	30	3080	2097	20
303	0	1	50	3090	292	19
304	0	2	30	3100	5551	20
305	0	4	30	3110	12684	21
306	0	1	30	3120	18779	19
307	0	5	10	3130	807	17
308	0	3	10	3140	53	21
309	0	1	50	3150	302	21
310	0	3	30	3160	389	16
311	0	4	10	3170	9981	21
312	0	5	50	3180	17856	18
313	0	5	30	3200	91	15
314	0	2	10	3209	950	16
315	0	4	30	3218	11267	19
316	0	2	10	3227	2883	19
317	0	3	50	3236	4861	21
318	0	2	30	3245	698	17
319	0	5	20	3254	1728	19
320	0	3	40	3263	9278	19
321	0	4	30	3272	10994	20
322	0	1	50	3281	1191	18
323	0	4	40	3290	3243	21
324	0	3	10	3299	1957	17
325	0	5	30	3308	942	19
326	0	4	20	3317	9	16
327	0	4	20	3326	861	19
328	0	1	40	3335	13	20
329	0	2	40	3344	1880	20
330	0	3	10	3353	23	19
331	0	3	40	3362	1832	17
332	0	3	20	3371	3401	18
333	0	2	20	3380	2651	15
334	0	3	50	3389	1271	18
335	0	1	40	3398	1412	15
336	0	3	40	3407	4920	15
337	0	1	20	3416	5585	16
338	0	4	40	3425	2119	17
339	0	4	30	3434	21557	16
340	0	5	30	3443	1905	19
341	0	4	50	3452	4377	19
342	0	3	40	3461	1257	16
343	0	3	30	3470	11679	20
344	0	1	30	3479	3018	19
345	0	5	20	3488	2396	20
346	0	5	30	3497	4651	20
347	0	5	10	3506	6551	18
348	0	2	20	3515	6547	19
349	0	2	10	3524	5783	21
350	0	4	50	3533	1548	16
351	0	2	10	3542	17317	21
352	0	1	20	3551	5398	21
353	0	4	50	3560	5737	18
354	0	4	50	3569	438	21
355	0	3	10	3578	1761	17
356	0	3	40	3600	3262	15
357	0	2	40	3613	7655	20
358	0	3	50	3626	4601	17
359	0	2	50	3639	3110	15
360	0	1	10	3652	12473	19
361	0	2	20	3665	6379	15
362	0	5	20	3678	790	18
363	0	2	20	3691	4065	15
364	0	3	50	3704	277	16
365	0	1	50	3717	5169	20
366	0	2	40	3730	1691	17
367	0	3	30	3743	2803	18
368	0	2	40	3756	5548	18
369	0	2	20	3769	9807	15
370	0	2	50	3782	1058	18
371	0	1	40	3795	5727	17
372	0	5	20	3808	1381	18
373	0	4	50	3821	720	15
374	0	1	40	3834	14291	15
375	0	5	40	3847	1078	21
376	0	2	50	3860	4389	18
377	0	3	20	3873	1493	19
378	0	4	10	3886	104	17
379	0	4	40	3899	11014	18
380	0	1	10	3912	2956	21
381	0	5	20	3925	876	19
382	0	3	10	3938	1966	15
383	0	4	40	3951	1092	21
384	0	3	40	3964	222	19
385	0	1	10	4000	76	19
386	0	3	30	4009	3942	17
387	0	5	20	4018	6664	21
388	0	3	20	4027	1917	16
389	0	1	50	4036	9917	16
390	0	4	50	4045	5386	15
391	0	1	50	4054	7730	16
392	0	3	30	4063	285	21
393	0	2	40	4072	8184	16
394	0	4	30	4081	161	19
395	0	3	20	4090	3488	19
396	0	5	40	4099	2661	15
397	0	1	20	4108	3994	16
398	0	5	40	4117	8448	19
399	0	1	40	4126	6528	20
400	0	4	30	4135	447	17
401	0	2	50	4144	811	17
402	0	3	30	4153	227	15
403	0	1	50	4162	8886	18
404	0	1	20	4171	3037	17
405	0	4	20	4180	3282	20
406	0	3	50	4189	4746	18
407	0	2	20	4198	3430	21
408	0	3	10	4207	6239	18
409	0	5	20	4216	8083	15
410	0	1	10	4225	4683	20
411	0	5	30	4234	1129	17
412	0	4	40	4243	7013	18
413	0	5	20	4252	5500	20
414	0	1	50	4261	72	16
415	0	1	50	4270	5693	21
416	0	4	20	4279	2101	15
417	0	2	40	4288	11277	19
418	0	5	40	4297	3508	18
419	0	3	40	4306	196	18
420	0	4	30	4315	415	17
421	0	2	20	4324	3052	18
422	0	5	20	4333	525	17
423	0	2	40	4342	7183	17
424	0	3	30	4351	764	15
425	0	1	50	4360	1894	16
426	0	3	20	4369	4712	18
427	0	3	30	4378	2188	16
428	0	1	30	4387	534	18
429	0	3	20	4400	1977	17
430	0	5	50	4411	5552	20
431	0	2	40	4422	140	17
432	0	4	40	4433	2266	15
433	0	3	30	4444	1000	18
434	0	1	20	4455	7096	16
435	0	5	10	4466	1655	18
436	0	3	40	4477	609	19
437	0	3	10	4488	2747	18
438	0	3	20	4499	4910	18
439	0	4	30	4510	2726	20
440	0	4	20	4521	1568	16
441	0	1	10	4532	209	18
442	0	2	20	4543	85	17
443	0	4	50	4554	2880	16
444	0	5	40	4565	1026	17
445	0	4	30	4576	2723	19
446	0	3	20	4587	115	20
447	0	4	10	4598	1553	16
448	0	2	40	4609	7661	15
449	0	3	40	4620	1317	19
450	0	4	10	4631	760	19
451	0	3	10	4642	3155	18
452	0	1	30	4653	195	19
453	0	3	50	4664	7111	15
454	0	3	20	4675	4895	18
455	0	2	10	4686	3396	21
456	0	2	40	4697	249	21
457	0	1	40	4708	1000	20
458	0	3	30	4719	5058	18
459	0	5	30	4730	672	16
460	0	1	50	4741	8091	17
461	0	5	20	4752	1277	17
462	0	2	50	4763	2396	18
463	0	1	50	4774	2042	15
464	0	5	20	4785	497	16
465	0	5	30	4800	4260	17
466	0	1	40	4810	6717	17
467	0	1	10	4820	3721	15
468	0	4	10	4830	9947	18
469	0	2	50	4840	4546	19
470	0	3	20	4850	3847	17
471	0	2	10	4860	9716	19
472	0	4	20	4870	1062	15
473	0	1	20	4880	376	19
474	0	4	30	4890	5144	17
475	0	3	20	4900	195	21
476	0	5	10	4910	2874	15
477	0	2	20	4920	3763	16
478	0	3	10	4930	3742	21
479	0	4	50	4940	4559	17
480	0	4	30	4950	1715	18
481	0	4	10	4960	1850	16
482	0	2	40	4970	3362	16
483	0	3	40	4980	7446	20
484	0	5	20	4990	977	20
485	0	2	50	5000	916	16
486	0	1	10	5010	17381	19
487	0	2	40	5020	3680	21
488	0	5	10	5030	2897	15
489	0	4	10	5040	1194	16
490	0	3	30	5050	1305	18
491	0	3	50	5060	10099	20
492	0	1	30	5070	6041	21
493	0	3	50	5080	3213	17
494	0	4	30	5090	3938	17
495	0	4	50	5100	209	21
496	0	4	20	5110	3667	21
497	0	2	30	5120	3884	16
498	0	4	40	5130	2018	21
499	0	1	20	5140	3385	21
500	0	3	40	5150	4562	17
501	0	2	10	5160	2198	20
502	0	5	10	5170	2076	19
503	0	5	50	5200	762	17
504	0	5	30	5210	4348	16
505	0	3	50	5220	1211	15
506	0	4	50	5230	1497	18
507	0	1	20	5240	12653	15
508	0	4	30	5250	454	19
509	0	5	10	5260	4294	18
510	0	3	50	5270	245	20
511	0	1	20	5280	2397	20
512	0	4	40	5290	3804	20
513	0	4	30	5300	152	16
514	0	2	50	5310	6559	19
515	0	2	50	5320	2751	16
516	0	4	40	5330	4880	16
517	0	4	10	5340	3727	19
518	0	1	30	5350	808	17
519	0	3	30	5360	9728	21
520	0	5	20	5370	4413	19
521	0	5	10	5380	952	18
522	0	2	10	5390	378	21
523	0	1	50	5400	4299	17
524	0	4	30	5410	2048	15
525	0	1	20	5420	4787	18
526	0	1	40	5430	569	19
527	0	2	20	5440	4572	19
528	0	2	50	5450	2490	17
529	0	1	30	5460	4468	18
530	0	5	10	5470	2372	21
531	0	3	40	5480	8874	20
532	0	3	40	5490	960	16
533	0	2	40	5500	149	15
534	0	1	10	5510	33466	15
535	0	3	20	5520	10413	19
536	0	5	50	5530	13451	18
537	0	2	40	5540	2010	20
538	0	3	20	5550	802	18
539	0	3	20	5560	12442	19
540	0	4	10	5570	8926	20
541	0	1	50	5580	119	19
542	0	3	20	5600	2726	17
543	0	1	10	5613	7783	18
544	0	2	10	5626	885	17
545	0	3	10	5639	7031	20
546	0	4	10	5652	1462	15
547	0	3	50	5665	5413	19
548	0	2	50	5678	5485	20
549	0	3	40	5691	552	15
550	0	5	20	5704	1699	20
551	0	5	10	5717	20518	17
552	0	1	50	5730	2306	21
553	0	1	20	5743	2647	21
554	0	2	50	5756	9323	16
555	0	4	40	5769	2527	21
556	0	1	10	5782	1617	20
557	0	5	20	5795	5486	17
558	0	2	30	5808	5928	16
559	0	5	10	5821	13402	20
560	0	2	20	5834	550	17
561	0	3	30	5847	3988	21
562	0	4	30	5860	2727	19
563	0	3	50	5873	2280	15
564	0	1	50	5886	946	19
565	0	5	10	5899	737	15
566	0	3	40	5912	1084	18
567	0	2	50	5925	3441	20
568	0	3	30	5938	153	16
569	0	5	30	5951	8480	21
570	0	3	50	5964	3037	19
571	0	3	50	6000	1483	17
572	0	1	40	6010	2209	15
573	0	4	10	6020	1033	19
574	0	5	20	6030	78	16
575	0	5	30	6040	4074	15
576	0	2	40	6050	5058	15
577	0	1	50	6060	1061	18
578	0	5	50	6070	2465	21
579	0	2	30	6080	3405	17
580	0	2	10	6090	1987	18
581	0	4	40	6100	1984	15
582	0	1	20	6110	10928	21
583	0	5	10	6120	1628	16
584	0	1	20	6130	1581	20
585	0	5	50	6140	2415	19
586	0	2	50	6150	2413	21
587	0	2	30	6160	5226	17
588	0	1	50	6170	574	20
589	0	3	30	6180	3031	16
590	0	3	20	6190	3600	21
591	0	5	40	6200	988	16
592	0	1	20	6210	3892	18
593	0	4	20	6220	977	20
594	0	1	10	6230	7013	17
595	0	1	40	6240	1212	20
596	0	2	30	6250	3063	15
597	0	1	20	6260	245	16
598	0	1	10	6270	4158	21
599	0	2	10	6280	122	17
600	0	5	20	6290	3568	16
601	0	3	20	6300	5225	17
602	0	5	30	6310	4868	17
603	0	3	30	6320	8046	20
604	0	5	40	6330	3635	18
605	0	3	20	6340	147	17
606	0	4	20	6350	3373	16
607	0	3	40	6360	946	16
608	0	2	50	6370	2499	19
609	0	3	20	6380	1225	16
610	0	2	10	6400	5557	20
611	0	5	10	6414	418	17
612	0	1	20	6428	1349	18
613	0	5	50	6442	891	21
614	0	3	50	6456	3406	16
615	0	3	40	6470	5350	17
616	0	3	10	6484	4764	15
617	0	4	20	6498	696	17
618	0	2	40	6512	456	17
619	0	1	10	6526	5665	15
620	0	3	20	6540	5026	16
621	0	1	20	6554	2838	16
622	0	2	50	6568	2342	21
623	0	5	50	6582	2824	15
624	0	2	20	6596	1350	15
625	0	3	10	6610	1501	18
626	0	3	30	6624	4654	20
627	0	3	30	6638	930	17
628	0	3	10	6652	2048	17
629	0	5	40	6666	5673	18
630	0	3	10	6680	438	21
631	0	2	20	6694	4292	21
632	0	1	40	6708	3534	18
633	0	3	50	6722	2247	19
634	0	3	10	6736	16290	15
635	0	5	50	6750	4344	15
636	0	5	10	6764	4648	19
637	0	3	50	6778	284	16
638	0	1	30	6800	5348	20
639	0	4	50	6809	1372	18
640	0	1	40	6818	8605	18
641	0	5	10	6827	1110	19
642	0	1	30	6836	1229	19
643	0	4	30	6845	8160	18
644	0	2	30	6854	6067	17
645	0	3	10	6863	2725	18
646	0	5	20	6872	10796	20
647	0	1	20	6881	2195	19
648	0	1	20	6890	4125	18
649	0	4	30	6899	374	21
650	0	3	40	6908	3333	20
651	0	4	20	6917	1881	19
652	0	4	40	6926	12121	21
653	0	5	10	6935	8793	21
654	0	4	40	6944	1512	16
655	0	4	10	6953	342	15
656	0	2	20	6962	1347	17
657	0	1	30	6971	879	17
658	0	1	10	6980	3467	19
659	0	2	30	6989	1336	21
660	0	1	50	6998	1714	19
661	0	2	50	7007	1798	20
662	0	5	40	7016	6638	21
663	0	2	10	7025	4906	16
664	0	5	20	7034	697	16
665	0	5	40	7043	389	20
666	0	4	30	7052	2874	21
667	0	3	30	7061	7765	21
668	0	3	50	7070	977	20
669	0	4	10	7079	9670	15
670	0	4	30	7088	206	20
671	0	5	10	7097	3949	21
672	0	4	40	7106	2195	19
673	0	4	40	7115	6805	21
674	0	5	20	7124	8276	18
675	0	4	10	7133	2562	18
676	0	5	40	7142	1116	18
677	0	3	30	7151	3405	18
678	0	4	30	7160	5176	19
679	0	4	10	7169	6290	19
680	0	4	50	7200	1913	20
681	0	2	10	7209	1232	15
682	0	2	20	7218	3320	20
683	0	5	30	7227	1493	17
684	0	2	10	7236	855	19
685	0	5	50	7245	5217	17
686	0	4	30	7254	4901	15
687	0	2	40	7263	4786	19
688	0	5	10	7272	488	17
689	0	4	50	7281	9246	15
690	0	4	30	7290	1889	20
691	0	4	40	7299	2691	16
692	0	3	50	7308	2685	18
693	0	4	50	7317	2416	21
694	0	3	10	7326	11372	21
695	0	5	40	7335	2948	19
696	0	1	30	7344	2266	20
697	0	5	20	7353	3264	17
698	0	4	20	7362	4951	16
699	0	2	40	7371	4657	19
700	0	5	40	7380	15943	19
701	0	2	40	7389	317	20
702	0	4	30	7398	921	21
703	0	3	10	7407	5276	17
704	0	5	10	7416	158	16
705	0	3	30	7425	11121	21
706	0	5	30	7434	12209	21
707	0	5	10	7443	576	15
708	0	5	40	7452	61	17
709	0	1	40	7461	7376	19
710	0	4	20	7470	7294	18
711	0	4	50	7479	4989	20
712	0	2	50	7488	2551	19
713	0	2	10	7497	6189	21
714	0	4	40	7506	9361	15
715	0	4	40	7515	348	18
716	0	5	40	7524	6399	15
717	0	5	10	7533	2758	18
718	0	5	10	7542	2888	19
719	0	1	30	7551	2257	21
720	0	2	10	7560	1953	20
721	0	3	40	7569	6746	16
722	0	4	30	7578	5412	18
723	0	4	50	7587	1518	20
724	0	1	30	7600	3057	17
725	0	5	50	7609	3289	18
726	0	3	20	7618	596	17
727	0	1	50	7627	13894	20
728	0	2	30	7636	8343	15
729	0	5	30	7645	1736	21
730	0	3	40	7654	165	20
731	0	1	20	7663	4628	15
732	0	5	20	7672	7958	16
733	0	2	40	7681	154	15
734	0	5	30	7690	6665	15
735	0	3	10	7699	1449	21
736	0	3	40	7708	245	16
737	0	5	10	7717	7121	17
738	0	5	30	7726	1273	15
739	0	5	30	7735	1174	19
740	0	5	20	7744	5983	17
741	0	4	30	7753	3396	15
742	0	2	50	7762	4588	16
743	0	4	20	7771	1275	20
744	0	1	40	7780	257	18
745	0	5	40	7789	4358	21
746	0	2	40	7798	72	19
747	0	1	50	7807	4839	18
748	0	1	10	7816	3191	20
749	0	4	30	7825	7819	17
750	0	1	10	7834	5141	18
751	0	2	20	7843	10888	16
752	0	5	20	7852	178	20
753	0	3	40	7861	1306	17
754	0	5	40	7870	1435	20
755	0	2	50	7879	728	17
756	0	3	20	7888	1629	17
757	0	1	30	7897	8823	15
758	0	3	40	7906	883	15
759	0	1	10	7915	2602	20
760	0	1	20	7924	6428	19
761	0	5	30	7933	16481	16
762	0	4	30	7942	1195	15
763	0	1	10	7951	4352	17
764	0	3	10	7960	6464	21
765	0	4	10	7969	663	17
766	0	4	30	7978	7575	19
767	0	1	20	7987	2274	19
768	0	3	30	8000	14941	21
769	0	1	40	8010	3661	16
770	0	2	10	8020	96	16
771	0	1	30	8030	13605	20
772	0	5	30	8040	1022	18
773	0	1	40	8050	1203	21
774	0	1	10	8060	4261	18
775	0	3	30	8070	6731	20
776	0	2	50	8080	568	21
777	0	1	20	8090	2527	19
778	0	4	20	8100	1169	16
779	0	1	50	8110	8184	17
780	0	3	20	8120	3128	20
781	0	2	30	8130	2295	20
782	0	1	40	8140	2173	15
783	0	3	10	8150	70	19
784	0	5	30	8160	3963	17
785	0	2	20	8170	449	18
786	0	1	10	8180	4108	17
787	0	2	30	8190	3513	21
788	0	3	10	8200	5334	16
789	0	3	30	8210	4137	19
790	0	5	50	8220	13940	18
791	0	3	10	8230	743	15
792	0	2	30	8240	4011	16
793	0	5	20	8250	6325	16
794	0	4	10	8260	2427	15
795	0	1	40	8270	6284	16
796	0	1	50	8280	1506	15
797	0	2	40	8290	78	20
798	0	1	20	8300	2552	21
799	0	2	30	8310	9604	15
800	0	2	10	8320	6731	17
801	0	2	30	8330	3512	21
802	0	4	20	8340	5173	19
803	0	5	20	8350	11988	18
804	0	3	30	8360	7197	15
805	0	5	30	8370	5654	20
806	0	2	50	8380	4932	19
807	0	4	30	8390	6127	21
808	0	3	40	8400	3905	20
809	0	3	10	8409	2672	15
810	0	1	50	8418	138	17
811	0	3	10	8427	8046	20
812	0	3	20	8436	4046	21
813	0	3	50	8445	1586	20
814	0	3	50	8454	10978	21
815	0	4	50	8463	1803	20
816	0	5	40	8472	3325	16
817	0	2	30	8481	1102	17
818	0	1	40	8490	139	15
819	0	2	50	8499	4750	17
820	0	3	10	8508	2861	15
821	0	2	10	8517	1231	19
822	0	3	10	8526	4779	17
823	0	5	10	8535	1611	17
824	0	2	50	8544	3980	19
825	0	4	50	8553	7698	16
826	0	5	10	8562	1622	18
827	0	1	10	8571	2257	17
828	0	3	30	8580	6535	20
829	0	1	20	8589	7956	17
830	0	3	40	8598	2774	20
831	0	1	20	8607	479	16
832	0	5	50	8616	22848	20
833	0	2	50	8625	1687	16
834	0	4	40	8634	233	21
835	0	2	50	8643	12697	21
836	0	4	10	8652	4965	16
837	0	1	30	8661	2533	18
838	0	5	40	8670	807	18
839	0	1	50	8679	8222	19
840	0	1	20	8688	2027	21
841	0	2	30	8697	7812	18
842	0	5	50	8706	13005	16
843	0	5	50	8715	1145	16
844	0	3	30	8724	3770	16
845	0	2	50	8733	435	20
846	0	1	50	8742	3048	16
847	0	4	30	8751	1459	18
848	0	2	30	8760	7824	16
849	0	5	20	8769	386	17
850	0	2	50	8778	1033	21
851	0	5	30	8800	303	19
852	0	1	50	8811	16794	20
853	0	5	30	8822	5996	18
854	0	5	30	8833	2032	21
855	0	5	10	8844	3187	20
856	0	4	20	8855	8727	19
857	0	4	10	8866	2003	16
858	0	3	30	8877	1541	21
859	0	5	30	8888	15752	21
860	0	1	30	8899	2201	16
861	0	1	40	8910	1298	17
862	0	2	10	8921	15459	15
863	0	3	20	8932	5710	17
864	0	5	30	8943	17408	17
865	0	1	40	8954	10156	16
866	0	4	10	8965	8146	21
867	0	2	20	8976	1382	19
868	0	4	10	8987	1263	20
869	0	2	10	8998	15184	15
870	0	1	40	9009	4220	19
871	0	4	20	9020	400	19
872	0	2	50	9031	239	21
873	0	5	50	9042	708	17
874	0	2	30	9053	1412	18
875	0	1	30	9064	4231	19
876	0	3	20	9075	1447	17
877	0	3	20	9086	2377	15
878	0	3	30	9097	5109	15
879	0	1	10	9108	2996	20
880	0	4	50	9119	1546	21
881	0	1	40	9130	112	15
882	0	4	40	9141	3401	15
883	0	3	10	9152	4989	18
884	0	4	30	9163	4037	17
885	0	4	10	9174	2229	15
886	0	5	30	9185	548	17
887	0	1	30	9200	993	16
888	0	2	20	9209	11652	16
889	0	5	30	9218	2832	16
890	0	3	30	9227	294	16
891	0	5	10	9236	1524	21
892	0	4	10	9245	647	19
893	0	1	10	9254	904	18
894	0	1	30	9263	2381	17
895	0	5	40	9272	513	18
896	0	1	20	9281	8451	17
897	0	3	40	9290	898	20
898	0	1	20	9299	1215	20
899	0	2	50	9308	4675	21
900	0	4	40	9317	1064	21
901	0	4	30	9326	1103	18
902	0	1	20	9335	142	20
903	0	1	20	9344	8516	15
904	0	5	30	9353	2321	19
905	0	3	40	9362	567	17
906	0	3	30	9371	59	20
907	0	2	50	9380	6917	18
908	0	3	50	9389	2610	15
909	0	4	50	9398	5476	17
910	0	2	50	9407	1126	17
911	0	1	10	9416	2312	18
912	0	2	40	9425	4468	15
913	0	3	20	9434	6291	15
914	0	1	40	9443	4313	15
915	0	5	40	9452	2014	16
916	0	3	10	9461	4876	17
917	0	5	50	9470	1238	18
918	0	4	50	9479	532	15
919	0	2	20	9488	3282	17
920	0	1	10	9497	6299	21
921	0	3	30	9506	4193	19
922	0	5	10	9515	1701	18
923	0	5	40	9524	5766	18
924	0	5	30	9533	9480	21
925	0	2	40	9542	1631	19
926	0	1	20	9551	11664	15
927	0	1	50	9560	7746	17
928	0	5	30	9600	5002	15
929	0	2	50	9607	779	21
930	0	1	20	9614	5943	16
931	0	1	40	9621	432	18
932	0	3	50	9628	824	16
933	0	1	40	9635	129	15
934	0	3	20	9642	1390	21
935	0	5	30	9649	331	17
936	0	1	20	9656	19731	16
937	0	3	20	9663	4706	21
938	0	4	40	9670	1272	20
939	0	2	50	9677	2798	15
940	0	1	40	9684	2126	16
941	0	4	30	9691	1458	21
942	0	3	30	9698	5399	16
943	0	3	30	9705	892	21
944	0	3	40	9712	1214	20
945	0	2	30	9719	3998	19
946	0	3	30	9726	4133	20
947	0	2	40	9733	1765	19
948	0	1	30	9740	3127	18
949	0	1	40	9747	218	15
950	0	2	30	9754	2150	16
951	0	1	30	9761	3795	21
952	0	4	40	9768	318	20
953	0	4	10	9775	4844	18
954	0	2	40	9782	9066	15
955	0	1	10	9789	3509	17
956	0	5	30	9796	9003	15
957	0	1	40	9803	1266	16
958	0	2	40	9810	14678	16
959	0	3	50	9817	445	21
960	0	3	20	9824	825	17
961	0	2	40	9831	692	18
962	0	2	30	9838	461	17
963	0	2	10	9845	1439	16
964	0	4	40	9852	14296	15
965	0	2	20	9859	617	20
966	0	4	20	9866	1165	17
967	0	2	10	9873	4096	21
968	0	5	50	9880	2764	16
969	0	1	20	9887	3472	19
970	0	5	30	9894	2062	15
971	0	5	40	9901	51	17
972	0	2	20	9908	20378	19
973	0	2	10	9915	3885	21
974	0	2	40	9922	637	15
975	0	3	40	9929	2673	21
976	0	1	10	9936	9579	18
977	0	2	40	9943	633	18
978	0	2	50	9950	2785	20
979	0	3	10	9957	1283	17
980	0	5	20	9964	4694	21
981	0	5	30	9971	3556	18
982	0	1	20	9978	1503	21
983	0	5	50	9985	4321	21
984	0	5	20	9992	5728	20
985	0	5	50	10000	701	17
986	0	2	50	10009	104	20
987	0	5	40	10018	2647	19
988	0	5	50	10027	582	15
989	0	2	20	10036	4944	19
990	0	5	50	10045	817	17
991	0	5	30	10054	5111	21
992	0	2	40	10063	5051	20
993	0	1	40	10072	731	21
994	0	4	30	10081	1523	20
995	0	4	50	10090	1168	20
996	0	2	10	10099	875	18
997	0	2	30	10108	2308	15
998	0	5	40	10117	1035	20
999	0	2	30	10126	505	21
1000	0	4	20	10135	1906	17
1001	0	2	30	10144	13	20
1002	0	2	40	10153	7804	17
1003	0	5	20	10162	13099	20
1004	0	2	10	10171	4202	15
1005	0	3	50	10180	2063	20
1006	0	5	10	10189	3858	16
1007	0	2	40	10198	2429	20
1008	0	3	20	10207	3236	18
1009	0	4	10	10216	2102	15
1010	0	5	10	10225	4499	20
1011	0	4	50	10234	5517	18
1012	0	4	40	10243	5875	18
1013	0	4	30	10252	4815	21
1014	0	4	40	10261	2142	15
1015	0	4	40	10270	3640	20
1016	0	1	20	10279	7474	19
1017	0	3	30	10288	2379	18
1018	0	2	40	10297	3115	17
1019	0	5	50	10306	6665	19
1020	0	5	30	10315	498	15
1021	0	4	30	10324	5857	19
1022	0	2	10	10333	2815	21
1023	0	4	40	10342	6233	18
1024	0	2	20	10351	2013	17
1025	0	5	10	10360	4575	15
1026	0	3	50	10369	1401	19
1027	0	1	30	10378	7012	20
1028	0	4	30	10400	1453	16
1029	0	3	40	10410	8978	16
1030	0	1	30	10420	1375	18
1031	0	4	30	10430	2541	17
1032	0	3	50	10440	10020	19
1033	0	1	30	10450	1930	20
1034	0	5	50	10460	9031	21
1035	0	3	50	10470	4651	15
1036	0	3	50	10480	5253	15
1037	0	2	10	10490	1730	15
1038	0	4	50	10500	41	20
1039	0	3	30	10510	1773	15
1040	0	5	40	10520	3123	15
1041	0	5	10	10530	3382	21
1042	0	3	20	10540	10600	16
1043	0	1	50	10550	5189	21
1044	0	2	10	10560	139	20
1045	0	2	10	10570	2294	20
1046	0	1	40	10580	12109	18
1047	0	4	10	10590	69	20
1048	0	3	10	10600	5584	20
1049	0	1	50	10610	5079	21
1050	0	3	30	10620	2095	16
1051	0	5	40	10630	5515	21
1052	0	1	40	10640	9108	19
1053	0	1	50	10650	2158	15
1054	0	2	50	10660	6	21
1055	0	5	40	10670	3769	20
1056	0	5	20	10680	2756	21
1057	0	4	10	10690	283	20
1058	0	3	50	10700	3345	18
1059	0	2	50	10710	13877	15
1060	0	5	50	10720	454	15
1061	0	4	30	10730	6283	18
1062	0	4	20	10740	652	19
1063	0	5	30	10750	4323	17
1064	0	3	30	10760	501	19
1065	0	1	40	10770	917	18
1066	0	2	10	10780	7085	20
1067	0	4	20	10790	1957	20
1068	0	4	40	10800	6529	21
1069	0	2	40	10809	5196	21
1070	0	1	50	10818	8053	20
1071	0	4	20	10827	2728	18
1072	0	5	40	10836	2305	20
1073	0	4	20	10845	808	17
1074	0	5	10	10854	1253	19
1075	0	1	30	10863	3162	15
1076	0	2	10	10872	7316	18
1077	0	1	20	10881	6029	21
1078	0	2	30	10890	5631	20
1079	0	5	20	10899	12765	18
1080	0	4	30	10908	5235	19
1081	0	5	50	10917	1305	20
1082	0	4	30	10926	309	21
1083	0	3	40	10935	3523	17
1084	0	1	20	10944	2664	21
1085	0	2	50	10953	3130	19
1086	0	4	40	10962	3402	20
1087	0	3	50	10971	2783	18
1088	0	4	40	10980	1919	20
1089	0	1	20	10989	1342	16
1090	0	3	30	10998	840	16
1091	0	5	40	11007	4346	16
1092	0	4	20	11016	6138	19
1093	0	2	50	11025	169	20
1094	0	4	40	11034	1154	21
1095	0	1	10	11043	5542	19
1096	0	1	40	11052	2180	17
1097	0	3	40	11061	1251	20
1098	0	4	30	11070	3755	17
1099	0	1	30	11079	7069	17
1100	0	1	50	11088	3732	15
1101	0	3	30	11097	3325	19
1102	0	5	20	11106	956	21
1103	0	1	20	11115	102	21
1104	0	1	50	11124	7660	16
1105	0	4	20	11133	9777	19
1106	0	5	50	11142	1484	16
1107	0	2	30	11151	5014	17
1108	0	1	40	11160	640	18
1109	0	2	30	11169	2429	20
1110	0	3	30	11200	5894	17
1111	0	4	10	11212	5083	21
1112	0	3	30	11224	1501	15
1113	0	4	40	11236	3744	21
1114	0	3	30	11248	1092	18
1115	0	5	50	11260	7064	16
1116	0	1	10	11272	5060	18
1117	0	2	40	11284	3328	16
1118	0	4	20	11296	766	17
1119	0	1	30	11308	3422	15
1120	0	3	50	11320	3999	20
1121	0	5	10	11332	1593	16
1122	0	5	30	11344	23	21
1123	0	4	30	11356	2931	19
1124	0	4	20	11368	3086	19
1125	0	1	10	11380	911	19
1126	0	1	10	11392	4951	21
1127	0	3	40	11404	2021	15
1128	0	1	40	11416	10765	17
1129	0	4	10	11428	2929	21
1130	0	5	40	11440	539	20
1131	0	4	20	11452	3382	19
1132	0	3	50	11464	743	19
1133	0	1	10	11476	10420	18
1134	0	4	20	11488	1736	18
1135	0	2	50	11500	722	21
1136	0	1	30	11512	271	21
1137	0	3	10	11524	201	15
1138	0	3	40	11536	5280	16
1139	0	2	10	11548	3404	16
1140	0	3	50	11560	1060	17
1141	0	2	10	11572	7818	17
1142	0	2	10	11600	1744	15
1143	0	3	10	11608	10409	15
1144	0	3	40	11616	2888	21
1145	0	4	30	11624	2539	17
1146	0	3	20	11632	1720	16
1147	0	1	40	11640	777	19
1148	0	5	20	11648	6486	16
1149	0	4	40	11656	2190	20
1150	0	1	10	11664	130	16
1151	0	5	10	11672	7733	15
1152	0	5	30	11680	396	18
1153	0	3	50	11688	137	17
1154	0	4	30	11696	878	18
1155	0	2	50	11704	1303	20
1156	0	3	50	11712	3272	20
1157	0	2	50	11720	4727	16
1158	0	3	10	11728	2673	16
1159	0	5	40	11736	4186	19
1160	0	4	20	11744	908	20
1161	0	2	20	11752	9781	15
1162	0	2	50	11760	6098	15
1163	0	3	40	11768	3962	19
1164	0	2	50	11776	1596	15
1165	0	5	10	11784	893	19
1166	0	2	20	11792	3192	17
1167	0	2	20	11800	1957	18
1168	0	5	20	11808	1180	18
1169	0	1	30	11816	306	18
1170	0	5	30	11824	5763	17
1171	0	3	50	11832	4418	18
1172	0	5	50	11840	7134	15
1173	0	3	20	11848	3677	15
1174	0	4	30	11856	1675	19
1175	0	1	40	11864	5943	17
1176	0	3	50	11872	14784	16
1177	0	3	30	11880	333	21
1178	0	2	40	11888	20	20
1179	0	5	40	11896	280	17
1180	0	3	50	11904	7700	17
1181	0	5	30	11912	3048	17
1182	0	4	20	11920	3608	20
1183	0	2	50	11928	2857	18
1184	0	3	10	11936	2671	19
1185	0	1	30	11944	1263	19
1186	0	5	50	11952	2588	16
1187	0	1	50	11960	583	16
1188	0	2	30	11968	5221	21
1189	0	3	30	12000	308	20
1190	0	5	10	12009	3731	15
1191	0	5	40	12018	1863	19
1192	0	5	10	12027	3299	20
1193	0	3	10	12036	351	19
1194	0	4	50	12045	1847	18
1195	0	1	40	12054	1539	17
1196	0	5	10	12063	316	16
1197	0	5	30	12072	5160	17
1198	0	1	20	12081	3634	21
1199	0	4	30	12090	1507	16
1200	0	3	20	12099	10112	15
1201	0	1	50	12108	13153	19
1202	0	1	20	12117	10155	16
1203	0	4	50	12126	5218	19
1204	0	5	20	12135	4296	18
1205	0	3	10	12144	1806	20
1206	0	5	20	12153	94	21
1207	0	2	20	12162	2717	17
1208	0	4	30	12171	4706	20
1209	0	4	50	12180	2203	16
1210	0	5	50	12189	1443	18
1211	0	5	20	12198	2606	21
1212	0	1	10	12207	4659	18
1213	0	4	20	12216	2176	21
1214	0	2	40	12225	6334	16
1215	0	4	50	12234	4432	17
1216	0	4	50	12243	1536	16
1217	0	1	10	12252	1268	18
1218	0	5	40	12261	609	15
1219	0	2	20	12270	239	18
1220	0	5	20	12279	5145	18
1221	0	1	20	12288	2138	16
1222	0	1	50	12297	4292	18
1223	0	3	40	12306	801	19
1224	0	2	30	12315	2517	17
1225	0	1	50	12324	1982	19
1226	0	3	50	12333	452	19
1227	0	2	50	12342	5512	18
1228	0	5	30	12351	1052	19
1229	0	3	40	12360	91	16
1230	0	1	30	12369	4783	16
1231	0	4	30	12400	1152	21
1232	0	2	20	12410	2639	21
1233	0	3	20	12420	4699	18
1234	0	2	30	12430	638	17
1235	0	3	10	12440	8882	20
1236	0	5	10	12450	3790	15
1237	0	5	30	12460	8027	15
1238	0	2	40	12470	7644	15
1239	0	1	10	12480	528	21
1240	0	1	20	12490	1137	19
1241	0	3	30	12500	16373	20
1242	0	2	20	12510	2348	17
1243	0	4	40	12520	1457	20
1244	0	4	40	12530	5899	16
1245	0	5	40	12540	547	16
1246	0	4	30	12550	4612	16
1247	0	2	40	12560	612	21
1248	0	1	20	12570	1365	17
1249	0	5	10	12580	4817	15
1250	0	3	40	12590	2	15
1251	0	5	10	12600	6525	19
1252	0	1	40	12610	3502	17
1253	0	5	10	12620	3095	18
1254	0	4	10	12630	3569	20
1255	0	2	50	12640	2821	20
1256	0	1	50	12650	1453	15
1257	0	3	30	12660	5381	18
1258	0	3	20	12670	1213	17
1259	0	4	30	12680	1245	21
1260	0	1	10	12690	1185	15
1261	0	3	30	12700	1288	17
1262	0	3	50	12710	1214	20
1263	0	2	40	12720	4421	18
1264	0	3	20	12730	5177	15
1265	0	1	20	12740	215	19
1266	0	3	10	12750	21815	21
1267	0	3	50	12760	23175	15
1268	0	2	50	12770	1270	18
1269	0	5	30	12800	9343	17
1270	0	5	40	12814	236	17
1271	0	4	30	12828	2416	16
1272	0	4	20	12842	2176	18
1273	0	4	40	12856	70	15
1274	0	1	50	12870	6655	20
1275	0	2	40	12884	5394	20
1276	0	5	10	12898	14026	20
1277	0	2	20	12912	1739	20
1278	0	5	10	12926	2112	18
1279	0	2	40	12940	1657	16
1280	0	2	20	12954	4902	17
1281	0	2	10	12968	13410	19
1282	0	2	30	12982	2455	16
1283	0	5	30	12996	3030	18
1284	0	1	50	13010	89	16
1285	0	2	20	13024	8949	18
1286	0	3	50	13038	4399	19
1287	0	3	20	13052	11550	18
1288	0	4	10	13066	424	19
1289	0	5	30	13080	4103	18
1290	0	2	20	13094	3535	19
1291	0	2	30	13108	8248	19
1292	0	3	10	13122	3704	20
1293	0	4	20	13136	3513	16
1294	0	1	50	13150	8082	20
1295	0	3	50	13164	14328	16
1296	0	5	40	13200	5114	15
1297	0	1	40	13210	5969	20
1298	0	1	20	13220	3465	20
1299	0	3	20	13230	5073	18
1300	0	3	30	13240	566	16
1301	0	2	30	13250	4651	16
1302	0	5	50	13260	8156	17
1303	0	2	40	13270	1950	15
1304	0	5	20	13280	4116	20
1305	0	5	20	13290	3168	21
1306	0	1	50	13300	1942	16
1307	0	2	50	13310	3337	16
1308	0	5	10	13320	5210	19
1309	0	3	30	13330	7586	15
1310	0	3	50	13340	3072	15
1311	0	4	40	13350	12150	17
1312	0	4	30	13360	1597	21
1313	0	2	30	13370	10222	15
1314	0	3	10	13380	3294	18
1315	0	4	50	13390	1377	18
1316	0	2	50	13400	6785	16
1317	0	4	30	13410	5246	17
1318	0	2	40	13420	4161	17
1319	0	2	50	13430	7151	19
1320	0	4	30	13440	1947	15
1321	0	1	50	13450	211	18
1322	0	4	50	13460	9060	17
1323	0	3	20	13470	3983	15
1324	0	3	20	13480	1521	20
1325	0	4	20	13490	816	19
1326	0	1	20	13500	7574	17
1327	0	1	10	13510	7211	17
1328	0	4	50	13520	650	17
1329	0	3	10	13530	7290	18
1330	0	2	10	13540	76	19
1331	0	5	20	13550	866	21
1332	0	1	50	13560	5933	21
1333	0	3	40	13570	4705	15
1334	0	5	20	13600	928	21
1335	0	5	40	13610	76	16
1336	0	2	20	13620	399	16
1337	0	5	40	13630	302	15
1338	0	1	10	13640	8774	19
1339	0	1	40	13650	2578	17
1340	0	1	30	13660	2842	16
1341	0	2	50	13670	426	17
1342	0	3	10	13680	974	20
1343	0	2	40	13690	1155	19
1344	0	3	40	13700	445	17
1345	0	4	30	13710	4028	17
1346	0	3	10	13720	3137	19
1347	0	2	40	13730	4577	19
1348	0	1	10	13740	94	19
1349	0	2	50	13750	3432	17
1350	0	2	50	13760	676	15
1351	0	2	20	13770	18821	19
1352	0	4	50	13780	549	18
1353	0	5	30	13790	5494	16
1354	0	4	50	13800	1621	17
1355	0	2	30	13810	336	19
1356	0	4	40	13820	6266	21
1357	0	3	30	13830	1093	17
1358	0	4	30	13840	288	17
1359	0	2	10	13850	2450	15
1360	0	4	10	13860	4784	18
1361	0	1	40	13870	3188	21
1362	0	3	10	13880	2149	21
1363	0	3	50	13890	8820	15
1364	0	1	30	13900	7113	17
1365	0	4	30	13910	1669	16
1366	0	3	50	13920	788	17
1367	0	2	40	13930	4060	21
1368	0	3	20	13940	5023	16
1369	0	3	20	13950	3124	17
1370	0	3	30	13960	873	16
1371	0	3	10	14000	5449	15
1372	0	3	20	14012	7383	19
1373	0	1	10	14024	752	15
1374	0	2	20	14036	1566	17
1375	0	2	30	14048	1337	20
1376	0	4	50	14060	7214	20
1377	0	2	10	14072	4146	19
1378	0	5	40	14084	2980	19
1379	0	5	40	14096	4579	17
1380	0	1	20	14108	4098	15
1381	0	5	30	14120	735	19
1382	0	5	50	14132	6681	20
1383	0	3	50	14144	3414	15
1384	0	2	10	14156	4593	18
1385	0	5	40	14168	113	15
1386	0	1	30	14180	274	18
1387	0	2	30	14192	106	20
1388	0	4	40	14204	1774	19
1389	0	3	40	14216	541	16
1390	0	2	50	14228	1034	17
1391	0	5	50	14240	7749	21
1392	0	2	20	14252	12	20
1393	0	5	10	14264	2251	19
1394	0	3	40	14276	6011	21
1395	0	5	50	14288	12796	17
1396	0	4	40	14300	4628	18
1397	0	1	10	14312	1580	19
1398	0	1	20	14324	2177	17
1399	0	5	10	14336	5778	16
1400	0	1	40	14348	2433	21
1401	0	2	20	14360	9452	20
1402	0	4	30	14400	13573	18
1403	0	3	50	14410	2625	16
1404	0	5	30	14420	1910	15
1405	0	4	50	14430	2121	21
1406	0	5	50	14440	644	15
1407	0	4	50	14450	12573	17
1408	0	3	10	14460	2198	20
1409	0	3	30	14470	201	19
1410	0	4	40	14480	1126	21
1411	0	2	40	14490	630	16
1412	0	3	50	14500	5006	20
1413	0	4	50	14510	1962	21
1414	0	1	50	14520	6791	15
1415	0	4	30	14530	3017	20
1416	0	1	40	14540	5351	16
1417	0	5	20	14550	7369	20
1418	0	2	50	14560	927	19
1419	0	1	40	14570	6501	17
1420	0	3	10	14580	1285	19
1421	0	2	20	14590	662	18
1422	0	3	10	14600	1310	16
1423	0	5	30	14610	3553	21
1424	0	2	20	14620	1509	15
1425	0	3	40	14630	1664	17
1426	0	1	50	14640	5399	17
1427	0	4	20	14650	2121	21
1428	0	4	30	14660	2003	16
1429	0	2	30	14670	1815	15
1430	0	3	50	14680	3651	16
1431	0	4	40	14690	2844	15
1432	0	1	50	14700	1022	17
1433	0	1	30	14710	5727	17
1434	0	5	50	14720	1024	17
1435	0	4	50	14730	5315	16
1436	0	2	10	14740	899	16
1437	0	3	10	14750	1605	18
1438	0	4	30	14760	864	21
1439	0	3	20	14770	1265	19
1440	0	1	50	14800	8449	21
1441	0	2	30	14812	464	15
1442	0	4	30	14824	3700	21
1443	0	2	20	14836	1479	15
1444	0	5	50	14848	8519	16
1445	0	5	20	14860	341	15
1446	0	2	10	14872	612	16
1447	0	3	30	14884	3822	21
1448	0	4	20	14896	3802	19
1449	0	4	10	14908	1138	15
1450	0	5	10	14920	1002	15
1451	0	5	20	14932	7431	19
1452	0	5	20	14944	508	15
1453	0	1	30	14956	3834	21
1454	0	2	10	14968	2688	19
1455	0	5	30	14980	1444	18
1456	0	5	20	14992	3939	19
1457	0	5	50	15004	1897	19
1458	0	2	30	15016	730	16
1459	0	2	40	15028	160	20
1460	0	4	50	15040	4445	19
1461	0	1	40	15052	5345	15
1462	0	1	30	15064	3309	16
1463	0	2	30	15076	238	20
1464	0	5	40	15088	2394	18
1465	0	1	10	15100	5333	21
1466	0	1	40	15112	10114	20
1467	0	2	20	15124	12214	17
1468	0	5	50	15136	706	18
1469	0	2	50	15148	341	20
1470	0	3	20	15160	1591	19
1471	0	4	30	15172	2090	19
1472	0	2	50	15184	4167	21
1473	0	4	40	15200	10970	21
1474	0	5	40	15210	10314	18
1475	0	2	30	15220	722	19
1476	0	3	50	15230	3186	18
1477	0	2	40	15240	14038	15
1478	0	5	40	15250	4917	19
1479	0	2	50	15260	1057	21
1480	0	1	40	15270	884	15
1481	0	4	30	15280	535	17
1482	0	5	10	15290	6400	17
1483	0	5	20	15300	632	15
1484	0	3	20	15310	618	21
1485	0	4	30	15320	5619	18
1486	0	4	30	15330	1973	15
1487	0	1	20	15340	3756	17
1488	0	5	30	15350	1268	20
1489	0	1	30	15360	10245	21
1490	0	5	40	15370	460	19
1491	0	2	20	15380	6943	18
1492	0	2	40	15390	714	17
1493	0	3	40	15400	673	15
1494	0	5	20	15410	3669	15
1495	0	1	10	15420	611	20
1496	0	2	10	15430	3165	20
1497	0	3	50	15440	3154	16
1498	0	2	40	15450	7830	19
1499	0	5	50	15460	625	17
1500	0	5	40	15470	705	17
1501	0	1	40	15480	838	21
1502	0	4	30	15490	2417	18
1503	0	2	20	15500	3035	20
1504	0	2	40	15510	10077	18
1505	0	2	40	15520	6740	17
1506	0	3	30	15530	876	20
1507	0	1	30	15540	812	15
1508	0	1	40	15550	4716	18
1509	0	1	30	15560	1566	21
1510	0	2	40	15600	5609	21
1511	0	3	30	15609	4273	18
1512	0	1	20	15618	4437	21
1513	0	5	30	15627	10907	16
1514	0	1	10	15636	7357	20
1515	0	5	30	15645	3154	16
1516	0	1	40	15654	11190	20
1517	0	2	10	15663	2154	16
1518	0	4	10	15672	9846	20
1519	0	1	10	15681	4760	21
1520	0	2	40	15690	1704	20
1521	0	5	20	15699	1491	18
1522	0	2	40	15708	4570	18
1523	0	5	30	15717	1092	18
1524	0	3	10	15726	14453	16
1525	0	1	10	15735	2808	15
1526	0	3	50	15744	1115	17
1527	0	5	10	15753	2711	20
1528	0	5	30	15762	1632	21
1529	0	5	40	15771	6097	19
1530	0	5	30	15780	3854	20
1531	0	5	50	15789	14	17
1532	0	5	10	15798	471	18
1533	0	5	50	15807	3309	16
1534	0	3	20	15816	293	19
1535	0	1	50	15825	36	16
1536	0	1	50	15834	4455	21
1537	0	4	40	15843	1239	18
1538	0	3	30	15852	1028	19
1539	0	2	40	15861	1593	18
1540	0	1	50	15870	3264	20
1541	0	4	50	15879	920	15
1542	0	1	40	15888	9936	20
1543	0	5	10	15897	11804	20
1544	0	4	50	15906	739	21
1545	0	3	20	15915	2407	15
1546	0	2	10	15924	666	19
1547	0	2	10	15933	1040	15
1548	0	2	40	15942	1506	17
1549	0	5	40	15951	225	20
1550	0	5	30	15960	906	15
1551	0	1	50	15969	558	19
1552	0	5	50	16000	3986	17
1553	0	2	30	16012	711	19
1554	0	4	10	16024	6394	19
1555	0	5	30	16036	7601	20
1556	0	4	10	16048	2838	17
1557	0	5	10	16060	965	21
1558	0	5	10	16072	3272	19
1559	0	1	40	16084	2144	17
1560	0	4	40	16096	3386	15
1561	0	4	20	16108	4874	21
1562	0	1	10	16120	7554	15
1563	0	1	10	16132	9640	21
1564	0	1	50	16144	4891	16
1565	0	3	40	16156	5551	19
1566	0	3	20	16168	3151	21
1567	0	1	30	16180	454	19
1568	0	3	20	16192	7976	19
1569	0	5	10	16204	7132	18
1570	0	5	40	16216	8282	17
1571	0	3	50	16228	4467	16
1572	0	4	30	16240	841	18
1573	0	2	20	16252	3527	17
1574	0	1	10	16264	593	15
1575	0	3	40	16276	609	20
1576	0	5	40	16288	2007	19
1577	0	3	40	16300	5286	19
1578	0	2	30	16312	291	18
1579	0	1	50	16324	2942	15
1580	0	5	50	16336	1729	18
1581	0	1	40	16348	57	17
1582	0	3	30	16360	786	18
1583	0	1	40	16400	1315	15
1584	0	5	10	16410	3464	19
1585	0	5	30	16420	2678	16
1586	0	1	50	16430	1865	21
1587	0	4	40	16440	11847	20
1588	0	2	40	16450	5792	19
1589	0	3	40	16460	994	20
1590	0	3	50	16470	2780	20
1591	0	2	40	16480	2443	15
1592	0	4	30	16490	4919	20
1593	0	3	40	16500	6682	16
1594	0	3	10	16510	5667	18
1595	0	2	40	16520	7682	20
1596	0	4	40	16530	1765	21
1597	0	1	30	16540	25	21
1598	0	5	10	16550	1108	19
1599	0	1	10	16560	2167	17
1600	0	5	50	16570	9504	15
1601	0	2	40	16580	188	21
1602	0	4	50	16590	1817	18
1603	0	2	30	16600	2630	20
1604	0	1	10	16610	798	18
1605	0	3	40	16620	3021	20
1606	0	2	20	16630	11298	15
1607	0	3	30	16640	183	15
1608	0	1	20	16650	101	18
1609	0	2	30	16660	4274	21
1610	0	1	50	16670	2434	15
1611	0	2	30	16680	5964	19
1612	0	3	40	16690	623	17
1613	0	5	20	16700	154	19
1614	0	2	50	16710	264	21
1615	0	3	10	16720	3254	19
1616	0	2	50	16730	2984	18
1617	0	1	20	16740	3361	21
1618	0	1	10	16750	1606	16
1619	0	2	30	16760	980	21
1620	0	2	40	16770	1897	19
1621	0	4	40	16800	3634	16
1622	0	4	40	16807	1677	15
1623	0	5	30	16814	4127	20
1624	0	3	20	16821	1607	19
1625	0	4	10	16828	2156	16
1626	0	4	20	16835	13414	17
1627	0	2	50	16842	1897	17
1628	0	5	20	16849	7052	21
1629	0	4	30	16856	1338	17
1630	0	5	50	16863	6136	20
1631	0	5	10	16870	1965	20
1632	0	4	30	16877	2702	21
1633	0	1	30	16884	4220	16
1634	0	1	50	16891	3804	21
1635	0	4	20	16898	1455	18
1636	0	3	40	16905	4190	20
1637	0	1	50	16912	4771	19
1638	0	1	40	16919	418	19
1639	0	3	20	16926	202	20
1640	0	3	10	16933	3171	15
1641	0	4	30	16940	1588	21
1642	0	3	30	16947	10267	16
1643	0	1	20	16954	459	20
1644	0	3	50	16961	5780	19
1645	0	2	20	16968	5180	15
1646	0	4	10	16975	1500	20
1647	0	5	20	16982	4430	16
1648	0	1	50	16989	5511	16
1649	0	5	50	16996	896	20
1650	0	1	50	17003	1587	17
1651	0	4	30	17010	6213	21
1652	0	5	20	17017	4503	19
1653	0	4	30	17024	99	19
1654	0	5	20	17031	165	19
1655	0	1	20	17038	1485	21
1656	0	3	50	17045	4863	20
1657	0	4	20	17052	5113	20
1658	0	5	20	17059	654	16
1659	0	2	10	17066	5780	16
1660	0	4	20	17073	3330	17
1661	0	1	30	17080	3310	20
1662	0	4	20	17087	975	16
1663	0	3	40	17094	5397	16
1664	0	3	30	17101	8227	15
1665	0	2	40	17108	280	17
1666	0	4	50	17115	1334	20
1667	0	3	10	17122	2712	15
1668	0	4	20	17129	2208	20
1669	0	3	40	17136	5691	18
1670	0	1	20	17143	9523	21
1671	0	1	50	17150	7068	20
1672	0	5	40	17157	2532	17
1673	0	3	40	17200	1321	17
1674	0	4	30	17208	4434	21
1675	0	4	20	17216	204	20
1676	0	2	20	17224	4479	21
1677	0	4	30	17232	1066	17
1678	0	3	40	17240	8461	15
1679	0	2	50	17248	3712	18
1680	0	1	50	17256	438	18
1681	0	5	10	17264	1400	16
1682	0	1	50	17272	3975	15
1683	0	5	30	17280	3952	15
1684	0	3	30	17288	12569	21
1685	0	1	30	17296	21978	20
1686	0	5	50	17304	4986	16
1687	0	5	50	17312	2513	17
1688	0	1	10	17320	3779	18
1689	0	5	40	17328	1446	21
1690	0	1	20	17336	3679	19
1691	0	4	30	17344	10509	15
1692	0	2	40	17352	3155	18
1693	0	4	40	17360	1632	17
1694	0	5	10	17368	2648	18
1695	0	2	30	17376	16687	17
1696	0	1	10	17384	472	19
1697	0	1	40	17392	806	15
1698	0	4	40	17400	1078	19
1699	0	2	20	17408	4769	17
1700	0	4	20	17416	2337	17
1701	0	1	50	17424	6868	19
1702	0	1	10	17432	1126	17
1703	0	4	20	17440	18011	20
1704	0	5	30	17448	1388	21
1705	0	1	10	17456	2760	18
1706	0	4	40	17464	1538	19
1707	0	2	30	17472	2004	16
1708	0	5	10	17480	1751	20
1709	0	1	50	17488	18719	20
1710	0	5	10	17496	4048	15
1711	0	5	20	17504	2536	18
1712	0	2	40	17512	7382	19
1713	0	3	20	17520	3161	19
1714	0	2	10	17528	4319	19
1715	0	5	20	17536	1257	16
1716	0	1	40	17544	10812	19
1717	0	4	50	17552	3553	15
1718	0	5	20	17560	6125	17
1719	0	2	50	17600	8357	16
1720	0	2	50	17608	1755	16
1721	0	4	10	17616	6795	17
1722	0	2	10	17624	8521	18
1723	0	5	40	17632	514	20
1724	0	3	20	17640	686	20
1725	0	3	50	17648	15605	20
1726	0	4	20	17656	1333	17
1727	0	2	10	17664	575	21
1728	0	4	40	17672	6382	21
1729	0	2	50	17680	4626	19
1730	0	4	20	17688	11153	16
1731	0	1	30	17696	2701	21
1732	0	1	40	17704	24272	19
1733	0	2	20	17712	807	19
1734	0	4	40	17720	708	15
1735	0	5	50	17728	1333	21
1736	0	4	10	17736	204	20
1737	0	3	30	17744	4097	17
1738	0	1	50	17752	1628	16
1739	0	3	30	17760	2452	18
1740	0	3	50	17768	4514	16
1741	0	4	20	17776	1532	21
1742	0	1	40	17784	475	18
1743	0	5	10	17792	3875	20
1744	0	5	30	17800	4397	21
1745	0	2	50	17808	565	16
1746	0	3	40	17816	358	18
1747	0	4	30	17824	29543	20
1748	0	2	30	17832	4491	19
1749	0	5	40	17840	965	16
1750	0	2	50	17848	211	19
1751	0	2	20	17856	2958	19
1752	0	1	30	17864	2035	20
1753	0	2	50	17872	1785	18
1754	0	5	30	17880	1670	16
1755	0	1	20	17888	3927	15
1756	0	4	50	17896	11202	15
1757	0	2	20	17904	532	19
1758	0	1	10	17912	7119	15
1759	0	2	40	17920	1504	16
1760	0	2	40	17928	968	15
1761	0	3	40	17936	819	19
1762	0	3	50	17944	3635	17
1763	0	3	20	17952	4424	16
1764	0	3	40	18000	214	19
1765	0	5	30	18008	629	16
1766	0	5	30	18016	2553	21
1767	0	5	20	18024	4305	21
1768	0	5	40	18032	1938	19
1769	0	2	10	18040	1892	20
1770	0	1	20	18048	993	17
1771	0	3	10	18056	1381	17
1772	0	4	50	18064	1173	21
1773	0	3	40	18072	1574	20
1774	0	5	10	18080	891	15
1775	0	3	30	18088	150	16
1776	0	3	20	18096	4884	20
1777	0	2	50	18104	1208	20
1778	0	5	10	18112	2418	21
1779	0	2	20	18120	104	19
1780	0	1	20	18128	8982	17
1781	0	5	50	18136	1337	19
1782	0	5	30	18144	2460	17
1783	0	4	10	18152	3496	19
1784	0	1	10	18160	4019	21
1785	0	2	50	18168	2149	18
1786	0	1	10	18176	386	16
1787	0	4	50	18184	4060	15
1788	0	2	50	18192	7369	18
1789	0	4	20	18200	3078	15
1790	0	2	10	18208	1687	21
1791	0	3	40	18216	10371	16
1792	0	2	30	18224	6635	16
1793	0	4	20	18232	84	15
1794	0	1	40	18240	1115	17
1795	0	1	20	18248	2703	18
1796	0	1	30	18256	5110	19
1797	0	3	30	18264	2339	17
1798	0	2	30	18272	3359	15
1799	0	1	10	18280	2947	19
1800	0	2	30	18288	4314	16
1801	0	3	30	18296	2223	18
1802	0	5	50	18304	3821	16
1803	0	5	20	18312	1413	21
1804	0	5	20	18320	20918	20
1805	0	4	40	18328	5700	16
1806	0	3	30	18336	1250	20
1807	0	3	40	18344	305	21
1808	0	3	50	18352	699	17
1809	0	3	50	18360	1452	21
1810	0	3	50	18368	10117	16
1811	0	2	10	18376	4539	16
1812	0	3	20	18384	4445	19
1813	0	5	40	18392	6549	17
1814	0	2	30	18400	2174	21
1815	0	3	50	18408	10685	17
1816	0	3	10	18416	5175	17
1817	0	4	40	18424	57	19
1818	0	3	10	18432	143	16
1819	0	2	50	18440	4048	15
1820	0	4	20	18448	219	15
1821	0	2	40	18456	7189	20
1822	0	4	20	18464	6807	17
1823	0	2	20	18472	7513	18
1824	0	1	10	18480	133	21
1825	0	3	40	18488	1396	16
1826	0	2	40	18496	2634	15
1827	0	1	40	18504	1062	20
1828	0	3	50	18512	342	18
1829	0	4	50	18520	4929	18
1830	0	2	10	18528	1516	19
1831	0	5	50	18536	1216	17
1832	0	5	20	18544	4716	20
1833	0	4	10	18552	10775	16
1834	0	5	50	18560	1821	17
1835	0	4	40	18568	2521	20
1836	0	1	10	18576	4419	18
1837	0	5	10	18584	705	18
1838	0	5	40	18592	3547	20
1839	0	2	30	18600	8297	19
1840	0	5	30	18608	637	20
1841	0	3	30	18616	75	16
1842	0	1	10	18624	2594	19
1843	0	5	10	18632	3081	19
1844	0	1	20	18640	3834	21
1845	0	5	50	18648	4382	19
1846	0	1	20	18656	1173	18
1847	0	2	40	18664	16	20
1848	0	3	50	18672	3680	16
1849	0	4	50	18680	1499	21
1850	0	3	10	18688	5800	16
1851	0	3	40	18696	4910	15
1852	0	1	20	18704	2094	16
1853	0	1	30	18712	10737	21
1854	0	3	40	18720	2524	19
1855	0	1	40	18728	6986	17
1856	0	4	10	18736	3754	15
1857	0	3	30	18744	5847	19
1858	0	5	20	18752	1231	15
1859	0	2	40	18760	4815	19
1860	0	3	10	18768	1297	16
1861	0	3	40	18776	143	21
1862	0	1	40	18784	19055	17
1863	0	4	10	18792	2405	21
1864	0	1	50	18800	17976	16
1865	0	3	10	18809	4292	20
1866	0	2	40	18818	17104	18
1867	0	4	20	18827	5365	17
1868	0	1	50	18836	2316	15
1869	0	4	40	18845	12120	15
1870	0	2	50	18854	1215	21
1871	0	3	50	18863	3321	20
1872	0	5	10	18872	2222	20
1873	0	2	40	18881	701	18
1874	0	2	30	18890	2687	17
1875	0	2	50	18899	141	20
1876	0	1	40	18908	1766	15
1877	0	4	20	18917	1316	20
1878	0	1	50	18926	1048	19
1879	0	2	20	18935	1829	16
1880	0	3	20	18944	164	19
1881	0	5	50	18953	2602	17
1882	0	3	50	18962	3996	19
1883	0	4	10	18971	5869	18
1884	0	1	40	18980	11457	16
1885	0	5	20	18989	3752	19
1886	0	5	40	18998	7713	16
1887	0	5	50	19007	5719	20
1888	0	2	20	19016	2497	18
1889	0	4	10	19025	3108	21
1890	0	5	40	19034	7832	20
1891	0	3	30	19043	9234	20
1892	0	1	50	19052	9082	18
1893	0	3	50	19061	8759	16
1894	0	4	20	19070	3638	18
1895	0	2	40	19079	475	21
1896	0	2	40	19088	110	21
1897	0	2	50	19097	102	20
1898	0	5	20	19106	3178	18
1899	0	4	20	19115	12727	15
1900	0	4	10	19124	4552	16
1901	0	2	10	19133	2900	16
1902	0	2	50	19142	3324	20
1903	0	5	10	19151	4197	16
1904	0	2	50	19160	207	15
1905	0	1	10	19169	899	18
1906	0	3	40	19178	1318	16
1907	0	5	30	19187	1133	19
1908	0	4	10	19200	2336	19
1909	0	1	40	19210	2270	21
1910	0	5	10	19220	2528	17
1911	0	5	50	19230	1591	17
1912	0	2	30	19240	3085	15
1913	0	3	10	19250	9129	20
1914	0	5	30	19260	4310	15
1915	0	3	10	19270	6413	21
1916	0	1	50	19280	2065	16
1917	0	2	30	19290	1004	21
1918	0	3	20	19300	2844	19
1919	0	1	30	19310	1913	19
1920	0	4	30	19320	6507	18
1921	0	3	50	19330	1021	19
1922	0	3	50	19340	1281	20
1923	0	2	40	19350	9188	15
1924	0	4	50	19360	389	16
1925	0	4	20	19370	1794	15
1926	0	2	50	19380	4402	17
1927	0	3	10	19390	3090	18
1928	0	3	20	19400	3316	15
1929	0	1	40	19410	1893	17
1930	0	1	10	19420	30	21
1931	0	5	40	19430	1612	17
1932	0	5	50	19440	5270	17
1933	0	3	40	19450	1270	18
1934	0	3	10	19460	4651	21
1935	0	1	10	19470	2974	18
1936	0	4	50	19480	9808	18
1937	0	4	40	19490	16055	18
1938	0	3	20	19500	5077	18
1939	0	1	30	19510	5413	20
1940	0	2	40	19520	1588	17
1941	0	5	10	19530	3745	19
1942	0	1	40	19540	1532	16
1943	0	1	40	19550	127	19
1944	0	5	50	19560	297	19
1945	0	5	50	19570	3025	18
1946	0	2	10	19580	1804	20
1947	0	3	50	19590	26830	19
1948	0	3	30	19600	1037	16
1949	0	2	20	19610	6408	19
1950	0	2	50	19620	4934	19
1951	0	5	10	19630	6542	21
1952	0	4	30	19640	2905	15
1953	0	4	40	19650	736	20
1954	0	1	40	19660	673	19
1955	0	1	20	19670	2421	19
1956	0	4	20	19680	1106	17
1957	0	5	10	19690	4374	20
1958	0	1	20	19700	3257	21
1959	0	4	30	19710	4672	21
1960	0	4	20	19720	3054	15
1961	0	1	40	19730	5428	20
1962	0	3	10	19740	4596	19
1963	0	4	30	19750	270	16
1964	0	1	30	19760	2216	15
1965	0	1	30	19770	588	15
1966	0	1	50	19780	3625	21
1967	0	5	40	19790	1234	18
1968	0	1	50	19800	945	21
1969	0	5	20	19810	580	19
1970	0	5	10	19820	8647	17
1971	0	2	10	19830	2188	20
1972	0	5	20	19840	2796	17
1973	0	3	50	19850	5833	21
1974	0	4	50	19860	215	16
1975	0	4	20	19870	870	21
1976	0	3	20	19880	9507	18
1977	0	3	10	19890	1112	16
1978	0	3	40	19900	7036	17
1979	0	4	10	19910	3304	20
1980	0	3	20	19920	25876	16
1981	0	4	10	19930	4417	20
1982	0	5	30	19940	1482	17
1983	0	1	10	19950	5794	17
1984	0	4	40	19960	4415	20
1985	0	1	10	20000	905	21
1986	0	1	10	20026	6760	16
1987	0	2	10	20052	3321	18
1988	0	3	50	20078	498	21
1989	0	3	50	20104	1062	17
1990	0	2	40	20130	1330	15
1991	0	4	50	20156	1144	19
1992	0	3	30	20182	2212	19
1993	0	4	40	20208	121	18
1994	0	2	20	20234	930	19
1995	0	1	50	20260	3519	19
1996	0	3	10	20286	10350	21
1997	0	2	10	20312	1166	21
1998	0	5	10	20338	3724	18
1999	0	4	30	20364	10924	19
