0	0	5	9	0	1487	22
1	0	5	9	9	8108	23
2	0	4	3	18	2110	22
3	0	5	3	27	5496	21
4	0	5	5	36	9962	23
5	0	2	9	45	1305	23
6	0	3	3	54	410	24
7	0	4	3	63	2432	21
8	0	5	5	72	4307	26
9	0	1	5	81	10547	23
10	0	4	3	90	2490	25
11	0	1	7	99	1277	23
12	0	2	3	108	3299	22
13	0	2	3	117	7201	23
14	0	2	7	126	3498	21
15	0	2	3	135	5565	22
16	0	4	5	144	1850	25
17	0	5	5	153	3046	22
18	0	2	7	162	2848	21
19	0	4	5	171	252	22
20	0	1	9	180	1172	24
21	0	2	9	189	4439	24
22	0	1	7	198	2254	23
23	0	5	9	207	2324	25
24	0	4	9	216	2113	23
25	0	4	3	225	521	21
26	0	1	3	234	10475	22
27	0	4	5	243	1117	26
28	0	4	5	252	3498	22
29	0	2	7	261	4015	24
30	0	1	9	270	1477	21
31	0	2	7	279	1902	25
32	0	2	7	288	4889	26
33	0	2	9	297	10253	26
34	0	2	3	306	1636	21
35	0	5	3	315	14710	24
36	0	4	5	324	8901	22
37	0	5	3	333	3381	24
38	0	4	5	342	2097	21
39	0	3	9	351	3451	21
40	0	4	7	360	5609	25
41	0	3	7	369	54	23
42	0	1	3	378	1827	22
43	0	4	7	400	818	24
44	0	2	3	410	16661	24
45	0	3	9	420	1279	24
46	0	1	3	430	1232	22
47	0	2	7	440	1165	21
48	0	3	3	450	8251	25
49	0	1	7	460	1429	21
50	0	1	9	470	1340	21
51	0	2	3	480	10587	26
52	0	4	7	490	510	21
53	0	5	5	500	15804	24
54	0	4	9	510	1894	22
55	0	4	9	520	4087	25
56	0	5	5	530	2300	26
57	0	5	5	540	13932	23
58	0	2	5	550	1641	25
59	0	2	3	560	6335	22
60	0	1	7	570	1731	22
61	0	4	9	580	7690	25
62	0	5	9	590	8241	26
63	0	3	9	600	104	22
64	0	5	5	610	3866	22
65	0	3	5	620	354	26
66	0	5	3	630	3355	23
67	0	5	5	640	4072	23
68	0	5	9	650	2765	22
69	0	2	5	660	3748	23
70	0	3	9	670	7844	26
71	0	5	5	680	6431	22
72	0	2	9	690	534	22
73	0	5	7	700	10711	21
74	0	1	7	710	1467	24
75	0	4	3	720	1100	21
76	0	1	7	730	1447	22
77	0	3	3	740	1128	26
78	0	3	7	750	2436	22
79	0	1	9	760	587	26
80	0	4	9	770	7784	26
81	0	5	7	800	4488	21
82	0	2	3	812	1853	21
83	0	3	7	824	1327	22
84	0	2	7	836	1715	24
85	0	4	7	848	1910	21
86	0	4	9	860	1197	25
87	0	3	3	872	5160	23
88	0	4	9	884	3155	25
89	0	4	5	896	4757	23
90	0	5	9	908	3082	25
91	0	5	3	920	10239	26
92	0	3	9	932	1066	25
93	0	3	3	944	3799	26
94	0	3	5	956	1028	26
95	0	5	7	968	9219	26
96	0	3	9	980	607	24
97	0	3	5	992	1667	21
98	0	4	3	1004	3333	22
99	0	5	7	1016	9192	24
100	0	4	9	1028	4895	21
101	0	1	9	1040	3938	25
102	0	2	9	1052	5603	25
103	0	1	9	1064	1229	22
104	0	3	9	1076	2327	21
105	0	1	7	1088	2654	26
106	0	1	5	1100	6519	25
107	0	5	3	1112	836	21
108	0	4	7	1124	4479	21
109	0	1	9	1136	588	21
110	0	3	3	1148	1640	23
111	0	3	3	1160	850	26
112	0	3	7	1172	2878	21
113	0	1	7	1200	892	25
114	0	3	5	1211	11101	22
115	0	2	3	1222	4519	21
116	0	3	9	1233	2637	24
117	0	2	5	1244	3567	24
118	0	2	3	1255	4521	25
119	0	1	9	1266	1097	21
120	0	5	7	1277	7000	22
121	0	2	3	1288	7408	21
122	0	2	5	1299	390	25
123	0	2	7	1310	6507	26
124	0	2	7	1321	294	25
125	0	4	7	1332	11035	21
126	0	2	5	1343	3335	23
127	0	4	7	1354	2868	22
128	0	3	5	1365	4876	21
129	0	2	3	1376	2089	24
130	0	1	5	1387	419	24
131	0	4	5	1398	13160	22
132	0	4	3	1409	4562	25
133	0	3	3	1420	3253	25
134	0	2	3	1431	2253	25
135	0	3	9	1442	1049	22
136	0	3	7	1453	10142	22
137	0	1	5	1464	449	26
138	0	5	7	1475	7362	22
139	0	1	3	1486	7970	24
140	0	4	3	1497	3428	22
141	0	5	9	1508	290	25
142	0	4	5	1519	209	22
143	0	3	3	1530	2102	24
144	0	2	3	1541	1779	21
145	0	3	7	1552	1697	25
146	0	2	7	1563	2108	26
147	0	2	5	1600	138	26
148	0	5	9	1608	4502	25
149	0	1	5	1616	3192	26
150	0	2	7	1624	2160	22
151	0	1	7	1632	3200	26
152	0	2	3	1640	4360	22
153	0	3	3	1648	1575	21
154	0	1	3	1656	304	23
155	0	3	7	1664	7946	26
156	0	4	7	1672	3047	21
157	0	1	5	1680	11997	26
158	0	4	3	1688	861	23
159	0	5	3	1696	2809	26
160	0	5	3	1704	10072	24
161	0	2	7	1712	1382	24
162	0	3	7	1720	2647	26
163	0	3	7	1728	1241	23
164	0	5	5	1736	151	24
165	0	4	9	1744	1871	21
166	0	4	3	1752	2863	22
167	0	1	5	1760	12527	23
168	0	5	5	1768	5867	21
169	0	5	5	1776	4908	21
170	0	5	5	1784	5644	25
171	0	3	7	1792	1890	25
172	0	2	7	1800	5526	23
173	0	1	3	1808	6716	22
174	0	3	9	1816	4365	26
175	0	1	7	1824	5646	24
176	0	3	7	1832	6282	25
177	0	4	3	1840	4611	21
178	0	1	5	1848	2350	26
179	0	5	9	1856	5166	21
180	0	3	3	1864	2994	21
181	0	5	3	1872	3034	23
182	0	4	9	1880	7240	24
183	0	2	3	1888	672	21
184	0	5	5	1896	18222	22
185	0	5	9	1904	3184	24
186	0	2	3	1912	1420	21
187	0	2	9	1920	1752	24
188	0	3	3	1928	2641	22
189	0	5	5	1936	3355	26
190	0	4	5	1944	4782	21
191	0	3	5	1952	14107	23
192	0	2	3	1960	9747	23
193	0	1	5	2000	1642	22
194	0	2	9	2006	11547	21
195	0	3	5	2012	1333	25
196	0	2	3	2018	3527	25
197	0	2	9	2024	6133	26
198	0	3	9	2030	1858	21
199	0	3	5	2036	16925	26
200	0	4	7	2042	7196	23
201	0	2	3	2048	2415	24
202	0	3	9	2054	1229	26
203	0	5	5	2060	13849	25
204	0	2	9	2066	6314	22
205	0	5	3	2072	166	24
206	0	5	9	2078	6475	23
207	0	1	3	2084	7597	21
208	0	1	5	2090	4330	22
209	0	1	5	2096	1525	26
210	0	5	3	2102	293	21
211	0	1	5	2108	7561	26
212	0	5	9	2114	2820	21
213	0	5	5	2120	2528	23
214	0	2	3	2126	15187	25
215	0	5	9	2132	1962	21
216	0	3	9	2138	2433	21
217	0	1	7	2144	1598	25
218	0	4	3	2150	1299	22
219	0	1	7	2156	2679	26
220	0	3	7	2162	310	21
221	0	3	5	2168	680	24
222	0	4	5	2174	2562	21
223	0	5	3	2180	900	21
224	0	1	3	2186	37	26
225	0	2	3	2192	6157	22
226	0	1	5	2198	2494	23
227	0	1	3	2204	2124	22
228	0	5	3	2210	8136	21
229	0	1	5	2216	1916	21
230	0	4	7	2222	746	25
231	0	2	9	2228	31	26
232	0	2	5	2234	1499	21
233	0	4	3	2240	2456	21
234	0	2	5	2246	8851	25
235	0	2	9	2252	306	24
236	0	3	5	2258	1242	23
237	0	5	5	2264	8091	25
238	0	5	3	2270	1791	26
239	0	5	3	2276	11885	25
240	0	1	9	2282	5498	22
241	0	2	9	2288	2381	26
242	0	2	5	2294	4730	23
243	0	2	9	2300	727	23
244	0	5	5	2306	2749	25
245	0	4	9	2312	7549	21
246	0	3	5	2318	2499	23
247	0	3	9	2324	2348	21
248	0	5	3	2330	1779	23
249	0	2	3	2336	3252	26
250	0	5	7	2342	7035	25
251	0	2	7	2400	1185	26
252	0	3	9	2407	2827	24
253	0	3	3	2414	8598	21
254	0	1	7	2421	9664	25
255	0	2	5	2428	4535	25
256	0	3	9	2435	15707	24
257	0	3	7	2442	261	26
258	0	4	5	2449	12804	25
259	0	5	7	2456	33	26
260	0	5	9	2463	3438	22
261	0	4	9	2470	1975	22
262	0	1	3	2477	15883	26
263	0	5	3	2484	1317	21
264	0	3	9	2491	634	21
265	0	3	5	2498	259	21
266	0	4	3	2505	3074	26
267	0	2	9	2512	192	21
268	0	3	3	2519	3450	25
269	0	1	5	2526	9366	22
270	0	3	7	2533	515	25
271	0	4	7	2540	3547	22
272	0	2	5	2547	13819	26
273	0	5	9	2554	1593	23
274	0	5	7	2561	5406	25
275	0	1	7	2568	3935	21
276	0	1	9	2575	2486	22
277	0	2	7	2582	1464	24
278	0	1	9	2589	4875	22
279	0	3	3	2596	701	25
280	0	5	7	2603	1547	26
281	0	3	7	2610	80	22
282	0	2	9	2617	217	26
283	0	3	3	2624	1499	22
284	0	1	9	2631	3220	22
285	0	3	9	2638	9800	26
286	0	5	9	2645	2780	23
287	0	4	3	2652	2242	26
288	0	4	5	2659	3177	22
289	0	1	3	2666	955	26
290	0	4	3	2673	392	21
291	0	5	7	2680	911	24
292	0	1	9	2687	9563	26
293	0	1	7	2694	1740	21
294	0	1	5	2701	1861	23
295	0	3	3	2708	1768	26
296	0	1	9	2715	2520	21
297	0	2	5	2722	2130	22
298	0	5	9	2729	79	23
299	0	3	3	2736	2277	25
300	0	1	7	2743	1496	22
301	0	1	7	2750	2162	23
302	0	1	9	2757	8043	22
303	0	4	9	2764	2430	22
304	0	5	5	2771	2288	22
305	0	2	9	2778	1096	24
306	0	5	5	2785	1359	26
307	0	4	9	2800	785	22
308	0	3	5	2809	613	23
309	0	5	9	2818	1339	25
310	0	1	5	2827	969	23
311	0	2	3	2836	4479	21
312	0	3	9	2845	1777	24
313	0	2	3	2854	6407	21
314	0	1	9	2863	4651	26
315	0	2	5	2872	3253	26
316	0	2	3	2881	1642	23
317	0	4	3	2890	4415	25
318	0	5	5	2899	5202	26
319	0	1	9	2908	1061	21
320	0	4	5	2917	3301	25
321	0	5	3	2926	453	26
322	0	4	5	2935	2764	25
323	0	3	9	2944	1819	25
324	0	3	3	2953	6651	21
325	0	4	9	2962	9959	21
326	0	4	7	2971	4552	22
327	0	2	9	2980	3824	26
328	0	4	7	2989	12538	26
329	0	3	7	2998	1937	25
330	0	5	9	3007	691	21
331	0	5	5	3016	204	21
332	0	3	7	3025	1353	21
333	0	4	9	3034	1260	24
334	0	2	5	3043	7553	24
335	0	4	3	3052	9339	24
336	0	3	9	3061	668	21
337	0	3	9	3070	3641	24
338	0	4	7	3079	8382	26
339	0	5	9	3088	1503	25
340	0	3	7	3097	3929	26
341	0	1	3	3106	1558	21
342	0	2	7	3115	1352	24
343	0	4	5	3124	1223	24
344	0	1	7	3133	23376	23
345	0	2	9	3142	2177	21
346	0	2	9	3151	7457	26
347	0	4	7	3160	466	26
348	0	5	7	3169	4378	21
349	0	4	3	3178	6759	24
350	0	1	9	3200	82	24
351	0	3	9	3206	6418	23
352	0	3	3	3212	4624	23
353	0	5	3	3218	6177	22
354	0	4	7	3224	8230	26
355	0	1	7	3230	917	22
356	0	3	3	3236	10035	24
357	0	4	9	3242	2777	24
358	0	2	7	3248	4141	21
359	0	2	7	3254	2924	21
360	0	3	5	3260	3285	23
361	0	4	5	3266	4465	21
362	0	5	3	3272	1002	22
363	0	5	7	3278	5681	25
364	0	5	3	3284	538	24
365	0	2	3	3290	723	23
366	0	5	5	3296	1955	26
367	0	5	3	3302	370	26
368	0	5	7	3308	11966	24
369	0	2	9	3314	6134	23
370	0	4	5	3320	2061	26
371	0	4	3	3326	5375	25
372	0	5	5	3332	6269	25
373	0	5	5	3338	2140	21
374	0	3	3	3344	3740	21
375	0	3	3	3350	1093	24
376	0	4	5	3356	6868	23
377	0	5	9	3362	1074	22
378	0	2	5	3368	1837	23
379	0	1	3	3374	1981	21
380	0	2	3	3380	299	21
381	0	5	9	3386	3372	22
382	0	2	5	3392	12010	25
383	0	1	7	3398	607	23
384	0	3	9	3404	1806	21
385	0	3	3	3410	1782	25
386	0	2	3	3416	1813	24
387	0	4	7	3422	2776	25
388	0	5	3	3428	2030	24
389	0	2	9	3434	4128	22
390	0	2	3	3440	16679	26
391	0	5	3	3446	4237	24
392	0	2	5	3452	12202	24
393	0	3	9	3458	1775	26
394	0	2	7	3464	5595	22
395	0	4	3	3470	12234	26
396	0	2	9	3476	425	26
397	0	2	3	3482	3007	26
398	0	4	5	3488	591	26
399	0	4	7	3494	7128	26
400	0	3	7	3500	134	22
401	0	3	9	3506	5651	26
402	0	4	3	3512	698	23
403	0	4	7	3518	8517	24
404	0	1	7	3524	2129	25
405	0	2	9	3530	1321	26
406	0	4	5	3536	30	24
407	0	3	9	3542	1264	22
408	0	2	9	3548	789	22
409	0	1	7	3600	4010	23
410	0	3	5	3608	1940	26
411	0	3	3	3616	4597	22
412	0	2	5	3624	567	21
413	0	2	5	3632	1173	21
414	0	5	7	3640	2366	26
415	0	4	5	3648	18631	21
416	0	3	3	3656	5122	23
417	0	5	7	3664	336	26
418	0	3	9	3672	2009	24
419	0	3	9	3680	5815	26
420	0	5	9	3688	6454	26
421	0	2	9	3696	8689	21
422	0	5	9	3704	4689	23
423	0	4	9	3712	1461	22
424	0	1	7	3720	6431	23
425	0	4	5	3728	5535	23
426	0	3	9	3736	6176	22
427	0	3	5	3744	2269	25
428	0	4	9	3752	4329	25
429	0	5	3	3760	4250	22
430	0	2	3	3768	594	24
431	0	2	5	3776	1381	24
432	0	1	7	3784	412	23
433	0	4	9	3792	3077	23
434	0	3	7	3800	1769	26
435	0	4	3	3808	1516	21
436	0	2	9	3816	2106	26
437	0	3	7	3824	287	21
438	0	1	9	3832	5211	25
439	0	2	9	3840	342	21
440	0	5	9	3848	1735	21
441	0	5	5	3856	393	22
442	0	2	7	3864	1551	24
443	0	4	7	3872	5792	22
444	0	5	5	3880	1200	23
445	0	4	9	3888	1434	25
446	0	4	7	3896	2944	23
447	0	5	9	3904	4793	23
448	0	3	5	3912	9716	21
449	0	4	3	3920	5752	22
450	0	2	9	3928	1050	24
451	0	2	5	3936	81	21
452	0	5	3	3944	573	22
453	0	2	5	3952	1855	26
454	0	5	7	3960	125	21
455	0	2	7	3968	636	21
456	0	3	9	4000	274	24
457	0	1	3	4010	7701	21
458	0	4	9	4020	339	22
459	0	2	3	4030	4355	23
460	0	4	3	4040	2731	25
461	0	1	9	4050	3418	26
462	0	4	9	4060	3763	24
463	0	2	9	4070	2974	26
464	0	5	5	4080	2732	25
465	0	1	3	4090	388	22
466	0	3	7	4100	3519	25
467	0	3	7	4110	3620	25
468	0	4	7	4120	9087	21
469	0	1	5	4130	561	25
470	0	3	7	4140	3480	22
471	0	5	7	4150	4232	22
472	0	5	9	4160	1738	22
473	0	2	3	4170	1500	23
474	0	4	3	4180	2139	26
475	0	5	7	4190	4913	24
476	0	5	5	4200	3326	24
477	0	2	5	4210	10380	22
478	0	4	5	4220	191	26
479	0	3	9	4230	2758	25
480	0	1	9	4240	1036	26
481	0	4	3	4250	369	25
482	0	5	3	4260	2945	25
483	0	1	7	4270	9155	24
484	0	4	3	4280	2203	25
485	0	5	9	4290	501	24
486	0	2	3	4300	690	22
487	0	5	3	4310	5189	24
488	0	4	5	4320	2819	22
489	0	2	3	4330	944	25
490	0	2	5	4340	1146	24
491	0	1	7	4350	3240	25
492	0	5	7	4360	17645	26
493	0	4	9	4400	268	22
494	0	3	9	4408	3540	23
495	0	4	9	4416	6011	22
496	0	1	5	4424	2645	25
497	0	5	9	4432	6376	24
498	0	5	3	4440	1258	23
499	0	4	5	4448	730	21
500	0	1	5	4456	5038	26
501	0	1	3	4464	10389	24
502	0	2	3	4472	6467	22
503	0	2	9	4480	6072	22
504	0	2	7	4488	801	26
505	0	2	5	4496	3450	22
506	0	3	5	4504	4407	26
507	0	4	3	4512	6874	25
508	0	4	3	4520	12583	21
509	0	5	3	4528	1564	24
510	0	3	3	4536	3493	24
511	0	2	5	4544	607	23
512	0	2	7	4552	6591	21
513	0	1	3	4560	3499	23
514	0	1	5	4568	2284	23
515	0	1	3	4576	2087	26
516	0	1	9	4584	219	21
517	0	4	5	4592	4967	26
518	0	4	7	4600	426	22
519	0	5	7	4608	1893	21
520	0	5	9	4616	10874	26
521	0	3	5	4624	7820	22
522	0	4	5	4632	376	23
523	0	3	7	4640	4639	23
524	0	5	9	4648	8539	22
525	0	2	9	4656	104	23
526	0	5	3	4664	4374	22
527	0	1	3	4672	1356	26
528	0	4	5	4680	5171	21
529	0	5	5	4688	4051	24
530	0	4	3	4696	1010	25
531	0	5	7	4704	5839	26
532	0	3	5	4712	4261	25
533	0	5	3	4720	8474	26
534	0	2	7	4728	6093	25
535	0	5	9	4736	1442	23
536	0	2	9	4744	1351	23
537	0	4	3	4752	5392	24
538	0	4	3	4760	5050	25
539	0	2	7	4768	7471	23
540	0	3	5	4776	2392	25
541	0	3	3	4784	1648	24
542	0	2	9	4800	5874	24
543	0	5	3	4811	804	25
544	0	4	9	4822	3954	21
545	0	1	3	4833	458	22
546	0	4	3	4844	5508	25
547	0	5	5	4855	2075	24
548	0	4	5	4866	3974	26
549	0	2	9	4877	796	23
550	0	3	3	4888	5150	22
551	0	3	3	4899	5926	26
552	0	1	3	4910	4760	23
553	0	5	7	4921	8934	22
554	0	5	5	4932	1060	21
555	0	4	9	4943	7801	25
556	0	2	9	4954	7226	21
557	0	4	5	4965	488	26
558	0	2	9	4976	9175	21
559	0	5	9	4987	676	23
560	0	2	5	4998	9765	21
561	0	2	5	5009	1912	21
562	0	5	9	5020	399	25
563	0	4	9	5031	1543	23
564	0	1	3	5042	423	25
565	0	3	7	5053	6744	25
566	0	4	3	5064	2658	24
567	0	2	7	5075	10509	21
568	0	5	7	5086	6459	25
569	0	2	7	5097	567	26
570	0	4	3	5108	511	24
571	0	3	7	5119	1502	24
572	0	5	5	5130	20479	22
573	0	3	9	5141	1180	25
574	0	2	3	5152	10466	23
575	0	2	9	5163	3627	23
576	0	2	5	5200	371	25
577	0	5	3	5210	9528	25
578	0	4	7	5220	241	22
579	0	5	9	5230	5937	26
580	0	3	9	5240	1303	25
581	0	1	7	5250	1206	25
582	0	3	7	5260	4290	26
583	0	2	5	5270	3148	24
584	0	3	5	5280	9753	23
585	0	2	9	5290	2395	26
586	0	4	5	5300	298	24
587	0	3	9	5310	5750	24
588	0	1	7	5320	4164	26
589	0	4	7	5330	10320	21
590	0	3	9	5340	2516	22
591	0	4	7	5350	753	24
592	0	2	3	5360	7359	23
593	0	5	3	5370	3296	22
594	0	5	5	5380	10788	22
595	0	2	9	5390	290	25
596	0	3	5	5400	1111	26
597	0	3	3	5410	2388	21
598	0	4	3	5420	341	21
599	0	2	3	5430	6710	23
600	0	2	3	5440	3901	24
601	0	3	5	5450	6858	24
602	0	5	7	5460	3702	26
603	0	3	9	5470	2752	26
604	0	4	7	5480	250	26
605	0	1	5	5490	2117	24
606	0	3	9	5500	6033	24
607	0	4	3	5510	2321	24
608	0	4	5	5520	13515	25
609	0	3	7	5530	4048	24
610	0	2	5	5540	5863	26
611	0	3	9	5550	10532	23
612	0	5	7	5560	232	25
613	0	3	9	5570	537	21
614	0	3	3	5580	8399	24
615	0	2	7	5590	4229	23
616	0	5	9	5600	5122	21
617	0	4	5	5608	3196	21
618	0	2	5	5616	2093	26
619	0	4	3	5624	4196	25
620	0	5	3	5632	5432	21
621	0	2	3	5640	5134	21
622	0	2	3	5648	1318	22
623	0	2	3	5656	8376	24
624	0	4	7	5664	4378	25
625	0	1	7	5672	11847	26
626	0	1	7	5680	2554	21
627	0	1	3	5688	2266	26
628	0	3	7	5696	1559	23
629	0	1	3	5704	7774	25
630	0	4	5	5712	1745	24
631	0	4	5	5720	4076	24
632	0	1	9	5728	6992	25
633	0	3	7	5736	1126	25
634	0	3	9	5744	652	23
635	0	1	7	5752	2451	22
636	0	1	9	5760	4275	25
637	0	1	7	5768	699	26
638	0	4	9	5776	2648	24
639	0	2	3	5784	2786	25
640	0	5	3	5792	4457	23
641	0	5	5	5800	3993	21
642	0	5	7	5808	6370	25
643	0	3	9	5816	41	22
644	0	2	3	5824	674	21
645	0	1	3	5832	3096	25
646	0	4	9	5840	489	26
647	0	5	3	5848	5026	22
648	0	3	3	5856	4606	24
649	0	4	7	5864	1313	26
650	0	3	3	5872	1710	24
651	0	5	3	5880	4715	25
652	0	2	7	5888	172	21
653	0	1	3	5896	2262	22
654	0	3	9	5904	291	23
655	0	1	9	5912	9208	24
656	0	1	3	5920	3099	22
657	0	4	7	5928	5190	22
658	0	4	5	5936	7139	22
659	0	4	3	5944	476	26
660	0	1	7	5952	11188	24
661	0	3	9	5960	1699	25
662	0	2	5	5968	499	21
663	0	3	3	6000	462	26
664	0	5	3	6009	1330	21
665	0	3	3	6018	557	23
666	0	2	9	6027	431	25
667	0	3	3	6036	6664	26
668	0	1	3	6045	14813	25
669	0	2	7	6054	2174	23
670	0	1	9	6063	22113	24
671	0	4	3	6072	3299	21
672	0	5	5	6081	273	23
673	0	5	5	6090	9446	22
674	0	5	3	6099	15250	23
675	0	5	9	6108	472	21
676	0	3	7	6117	10433	23
677	0	4	5	6126	1261	21
678	0	5	9	6135	5116	24
679	0	3	5	6144	540	26
680	0	2	9	6153	7159	21
681	0	2	5	6162	5651	25
682	0	4	9	6171	5524	22
683	0	4	9	6180	175	24
684	0	4	3	6189	2843	22
685	0	4	5	6198	4330	26
686	0	3	7	6207	3635	24
687	0	1	9	6216	2002	23
688	0	1	7	6225	769	23
689	0	3	3	6234	1153	25
690	0	5	5	6243	10052	26
691	0	3	3	6252	10625	24
692	0	2	5	6261	1591	25
693	0	1	7	6270	1859	25
694	0	2	5	6279	3308	22
695	0	3	5	6288	1576	24
696	0	4	9	6297	2886	21
697	0	2	5	6306	4652	25
698	0	4	7	6315	5199	22
699	0	5	3	6324	101	25
700	0	4	5	6333	2294	21
701	0	2	7	6342	1450	26
702	0	5	3	6351	5388	24
703	0	1	7	6360	1229	21
704	0	4	9	6400	1335	22
705	0	4	9	6414	6172	23
706	0	1	7	6428	3937	22
707	0	2	5	6442	586	26
708	0	1	9	6456	2421	26
709	0	4	3	6470	12768	23
710	0	3	5	6484	14541	22
711	0	3	9	6498	1252	22
712	0	5	9	6512	20	25
713	0	2	9	6526	4892	22
714	0	3	5	6540	1310	26
715	0	5	3	6554	805	25
716	0	4	9	6568	3639	23
717	0	3	7	6582	309	23
718	0	5	3	6596	3667	25
719	0	1	9	6610	3887	22
720	0	5	5	6624	3045	26
721	0	2	9	6638	4928	23
722	0	2	7	6652	4041	24
723	0	3	9	6666	5162	26
724	0	3	3	6680	2775	24
725	0	4	7	6694	274	21
726	0	3	9	6708	1063	23
727	0	5	9	6722	4739	25
728	0	4	9	6736	1680	26
729	0	3	9	6750	4224	25
730	0	1	9	6764	3638	26
731	0	1	3	6778	1091	24
732	0	1	7	6800	3131	26
733	0	5	7	6808	4770	25
734	0	4	3	6816	4683	26
735	0	5	3	6824	3009	22
736	0	3	5	6832	66	22
737	0	3	3	6840	2647	21
738	0	1	3	6848	5691	23
739	0	5	3	6856	5128	25
740	0	4	9	6864	142	24
741	0	2	5	6872	2469	24
742	0	1	9	6880	11242	24
743	0	3	5	6888	974	26
744	0	5	9	6896	1296	24
745	0	3	7	6904	4201	24
746	0	3	5	6912	10342	25
747	0	1	7	6920	3897	23
748	0	4	5	6928	387	26
749	0	3	3	6936	1913	24
750	0	4	5	6944	5212	22
751	0	2	5	6952	2315	24
752	0	2	5	6960	365	26
753	0	4	9	6968	447	26
754	0	5	7	6976	2709	26
755	0	3	5	6984	5210	25
756	0	1	3	6992	4413	23
757	0	2	3	7000	60	24
758	0	4	7	7008	5778	24
759	0	1	3	7016	981	21
760	0	2	3	7024	3219	21
761	0	1	9	7032	10757	24
762	0	3	5	7040	6307	26
763	0	3	3	7048	6475	21
764	0	3	5	7056	1794	23
765	0	2	3	7064	5309	24
766	0	3	3	7072	5176	23
767	0	5	3	7080	1475	26
768	0	3	9	7088	63	23
769	0	3	3	7096	5554	24
770	0	2	9	7104	725	23
771	0	2	7	7112	480	22
772	0	2	5	7120	1516	21
773	0	5	9	7128	8406	26
774	0	2	3	7136	3534	24
775	0	4	3	7144	300	22
776	0	2	9	7152	5853	25
777	0	5	3	7160	2177	24
778	0	3	3	7200	2377	23
779	0	5	7	7208	7593	26
780	0	1	5	7216	610	23
781	0	2	3	7224	3775	26
782	0	1	5	7232	3683	26
783	0	2	7	7240	13159	22
784	0	5	5	7248	10301	24
785	0	5	5	7256	687	23
786	0	4	9	7264	657	24
787	0	3	9	7272	2298	26
788	0	1	3	7280	915	26
789	0	2	7	7288	13047	21
790	0	5	9	7296	7878	26
791	0	1	3	7304	5	24
792	0	4	7	7312	5092	24
793	0	1	9	7320	3117	22
794	0	4	3	7328	743	25
795	0	3	3	7336	434	21
796	0	4	9	7344	4401	24
797	0	3	7	7352	593	23
798	0	5	3	7360	7713	23
799	0	3	9	7368	3123	21
800	0	5	5	7376	10326	22
801	0	3	3	7384	3829	25
802	0	3	7	7392	3733	21
803	0	1	3	7400	1673	22
804	0	1	5	7408	964	21
805	0	2	9	7416	3818	26
806	0	5	3	7424	529	24
807	0	3	7	7432	940	21
808	0	2	9	7440	2928	23
809	0	1	5	7448	2176	24
810	0	1	7	7456	12844	26
811	0	2	9	7464	1142	25
812	0	4	3	7472	3348	22
813	0	4	9	7480	9811	24
814	0	5	9	7488	316	25
815	0	5	9	7496	11385	22
816	0	5	5	7504	1603	24
817	0	2	7	7512	7102	24
818	0	4	9	7520	8416	24
819	0	4	9	7528	911	21
820	0	3	3	7536	3501	26
821	0	1	5	7544	1362	23
822	0	5	3	7552	439	21
823	0	1	3	7560	222	22
824	0	4	5	7600	8833	25
825	0	2	7	7610	719	26
826	0	3	9	7620	1998	25
827	0	2	7	7630	5952	25
828	0	2	7	7640	4924	22
829	0	4	9	7650	2644	24
830	0	1	5	7660	2077	24
831	0	5	3	7670	3983	22
832	0	5	3	7680	3330	21
833	0	1	5	7690	9459	22
834	0	1	3	7700	10406	24
835	0	3	5	7710	2981	24
836	0	5	7	7720	16	25
837	0	1	5	7730	1204	25
838	0	2	5	7740	5519	22
839	0	3	7	7750	1477	24
840	0	1	5	7760	138	25
841	0	2	5	7770	11390	24
842	0	1	3	7780	10005	23
843	0	5	7	7790	6144	22
844	0	2	3	7800	7	22
845	0	4	3	7810	3786	21
846	0	3	3	7820	2278	22
847	0	5	9	7830	6560	26
848	0	2	3	7840	2503	23
849	0	4	5	7850	1033	23
850	0	4	7	7860	5925	23
851	0	3	3	7870	7247	26
852	0	4	9	7880	1203	26
853	0	2	3	7890	4209	23
854	0	5	7	7900	12753	21
855	0	5	3	7910	4038	26
856	0	4	9	7920	2870	25
857	0	2	5	7930	3217	25
858	0	3	9	7940	2403	23
859	0	5	7	7950	204	22
860	0	4	9	7960	1002	22
861	0	4	5	7970	1721	25
862	0	1	9	8000	2784	25
863	0	3	9	8011	144	26
864	0	1	3	8022	58	21
865	0	2	5	8033	1596	24
866	0	2	9	8044	4600	24
867	0	4	7	8055	4327	26
868	0	4	7	8066	17724	21
869	0	2	5	8077	3199	22
870	0	1	5	8088	11106	23
871	0	5	3	8099	291	26
872	0	5	5	8110	343	23
873	0	1	5	8121	3368	21
874	0	3	7	8132	744	22
875	0	2	9	8143	4100	23
876	0	5	5	8154	1852	26
877	0	5	7	8165	1538	26
878	0	5	3	8176	214	21
879	0	1	3	8187	1303	24
880	0	4	7	8198	5240	24
881	0	3	3	8209	3539	25
882	0	1	5	8220	1478	23
883	0	3	5	8231	2618	26
884	0	1	5	8242	4966	21
885	0	4	3	8253	3361	24
886	0	1	5	8264	1852	23
887	0	3	9	8275	9823	25
888	0	1	7	8286	11771	22
889	0	1	3	8297	1371	25
890	0	4	7	8308	53	26
891	0	3	3	8319	2402	21
892	0	4	5	8330	6607	22
893	0	3	9	8341	4797	26
894	0	4	7	8352	364	22
895	0	2	9	8363	4610	21
896	0	1	5	8400	2323	25
897	0	3	3	8409	8570	24
898	0	5	7	8418	5882	22
899	0	5	7	8427	4469	24
900	0	2	3	8436	10557	24
901	0	4	5	8445	5936	22
902	0	2	3	8454	6814	26
903	0	5	7	8463	9839	22
904	0	4	9	8472	1369	26
905	0	4	7	8481	4848	24
906	0	3	9	8490	5616	24
907	0	4	7	8499	4693	26
908	0	4	7	8508	2624	21
909	0	4	9	8517	1528	25
910	0	1	7	8526	1231	26
911	0	5	5	8535	857	26
912	0	2	5	8544	2776	24
913	0	2	7	8553	762	25
914	0	1	9	8562	1540	25
915	0	1	7	8571	4026	24
916	0	4	3	8580	166	22
917	0	4	7	8589	85	26
918	0	3	7	8598	1567	26
919	0	2	9	8607	2363	23
920	0	2	9	8616	12719	22
921	0	5	9	8625	5864	25
922	0	3	3	8634	5003	25
923	0	4	7	8643	4788	22
924	0	3	9	8652	3082	23
925	0	3	5	8661	2663	23
926	0	2	7	8670	1214	25
927	0	3	5	8679	1935	23
928	0	3	7	8688	2632	25
929	0	2	7	8697	2658	22
930	0	1	7	8706	895	24
931	0	2	3	8715	2677	23
932	0	5	9	8724	3185	25
933	0	1	7	8733	1907	24
934	0	5	3	8742	1720	21
935	0	5	5	8751	12578	22
936	0	2	3	8760	5865	25
937	0	1	9	8769	2006	22
938	0	5	5	8778	844	26
939	0	3	7	8800	34	23
940	0	1	5	8809	6728	21
941	0	3	9	8818	4557	23
942	0	4	5	8827	2269	25
943	0	2	9	8836	3974	24
944	0	1	5	8845	102	26
945	0	5	5	8854	6869	21
946	0	2	9	8863	12074	23
947	0	2	9	8872	4028	23
948	0	2	9	8881	1905	22
949	0	3	9	8890	2409	24
950	0	4	9	8899	4125	25
951	0	3	7	8908	2175	26
952	0	1	7	8917	3269	25
953	0	3	9	8926	1566	25
954	0	4	7	8935	5013	23
955	0	2	3	8944	694	26
956	0	2	3	8953	245	24
957	0	3	7	8962	511	25
958	0	2	9	8971	1894	25
959	0	2	7	8980	6514	24
960	0	2	9	8989	2322	26
961	0	1	5	8998	1853	21
962	0	2	3	9007	935	21
963	0	3	9	9016	21745	25
964	0	4	3	9025	497	22
965	0	4	7	9034	6002	24
966	0	5	5	9043	4129	21
967	0	2	7	9052	516	21
968	0	3	7	9061	6949	25
969	0	1	7	9070	1801	23
970	0	5	7	9079	8020	25
971	0	3	3	9088	4156	21
972	0	4	3	9097	7105	21
973	0	1	9	9106	1516	23
974	0	2	7	9115	3999	23
975	0	5	3	9124	1305	25
976	0	1	5	9133	1638	21
977	0	2	3	9142	350	22
978	0	4	3	9151	4467	22
979	0	4	7	9160	5046	22
980	0	2	7	9200	3063	26
981	0	5	9	9210	3946	22
982	0	1	7	9220	18	21
983	0	5	7	9230	120	21
984	0	3	9	9240	7381	24
985	0	3	9	9250	6078	24
986	0	2	7	9260	10613	24
987	0	3	3	9270	1019	26
988	0	2	9	9280	4371	21
989	0	3	9	9290	843	21
990	0	4	3	9300	9105	25
991	0	5	7	9310	4190	21
992	0	5	3	9320	69	23
993	0	4	9	9330	1954	23
994	0	1	7	9340	3359	24
995	0	1	9	9350	2341	26
996	0	2	7	9360	2550	22
997	0	1	7	9370	2300	26
998	0	4	7	9380	2877	22
999	0	3	9	9390	1141	23
1000	0	1	9	9400	777	26
1001	0	5	3	9410	7085	23
1002	0	5	5	9420	6658	25
1003	0	2	5	9430	66	26
1004	0	4	5	9440	3538	25
1005	0	2	7	9450	23560	24
1006	0	4	7	9460	3553	26
1007	0	5	7	9470	1112	23
1008	0	2	3	9480	4710	22
1009	0	5	5	9490	2291	24
1010	0	2	7	9500	6931	25
1011	0	5	3	9510	14848	22
1012	0	5	5	9520	2371	23
1013	0	4	3	9530	4320	24
1014	0	5	9	9540	1252	24
1015	0	3	3	9550	6714	24
1016	0	5	9	9560	1824	26
1017	0	2	5	9600	788	21
1018	0	1	9	9613	667	22
1019	0	1	5	9626	1635	24
1020	0	2	3	9639	7520	26
1021	0	3	5	9652	2171	22
1022	0	5	9	9665	2438	26
1023	0	5	7	9678	4019	24
1024	0	2	7	9691	2504	25
1025	0	5	3	9704	974	25
1026	0	3	3	9717	3967	25
1027	0	1	3	9730	2349	25
1028	0	5	3	9743	5502	25
1029	0	1	7	9756	837	23
1030	0	3	7	9769	6579	23
1031	0	1	9	9782	9161	22
1032	0	3	7	9795	3385	26
1033	0	2	3	9808	2210	26
1034	0	3	9	9821	3107	23
1035	0	2	7	9834	4884	23
1036	0	5	7	9847	6780	23
1037	0	5	5	9860	17747	22
1038	0	1	5	9873	2337	22
1039	0	1	5	9886	7452	26
1040	0	4	5	9899	855	25
1041	0	3	9	9912	4642	22
1042	0	1	9	9925	3044	24
1043	0	3	5	9938	1038	24
1044	0	2	3	9951	1828	23
1045	0	5	3	9964	10193	23
1046	0	5	3	9977	901	24
1047	0	2	9	10000	1764	26
1048	0	4	3	10010	501	25
1049	0	4	7	10020	5623	26
1050	0	2	3	10030	319	26
1051	0	5	5	10040	1384	22
1052	0	1	9	10050	1334	24
1053	0	3	5	10060	780	25
1054	0	1	7	10070	2048	23
1055	0	4	7	10080	5669	24
1056	0	1	5	10090	1870	24
1057	0	1	7	10100	778	21
1058	0	1	9	10110	3203	21
1059	0	4	3	10120	1854	21
1060	0	5	5	10130	1836	26
1061	0	4	5	10140	624	22
1062	0	5	5	10150	2736	24
1063	0	1	7	10160	2797	25
1064	0	2	9	10170	3967	22
1065	0	2	9	10180	10332	24
1066	0	3	5	10190	2073	23
1067	0	4	5	10200	92	23
1068	0	1	5	10210	512	21
1069	0	4	5	10220	3317	21
1070	0	3	5	10230	23140	22
1071	0	1	5	10240	1900	25
1072	0	2	3	10250	5331	25
1073	0	1	7	10260	1477	22
1074	0	3	3	10270	617	25
1075	0	5	3	10280	700	24
1076	0	2	5	10290	8689	24
1077	0	2	5	10300	1033	23
1078	0	4	5	10310	1242	22
1079	0	3	5	10320	3136	23
1080	0	1	3	10330	57	21
1081	0	2	3	10340	1271	25
1082	0	2	3	10350	1580	26
1083	0	2	7	10360	19571	25
1084	0	5	7	10370	475	24
1085	0	4	3	10400	2889	21
1086	0	1	9	10413	3818	24
1087	0	1	5	10426	2002	21
1088	0	1	5	10439	96	23
1089	0	5	3	10452	6103	25
1090	0	2	5	10465	1611	26
1091	0	5	9	10478	4081	23
1092	0	4	7	10491	2298	22
1093	0	2	5	10504	297	22
1094	0	2	9	10517	2589	21
1095	0	1	9	10530	197	24
1096	0	3	7	10543	848	25
1097	0	1	5	10556	121	26
1098	0	1	7	10569	3661	22
1099	0	1	5	10582	2336	25
1100	0	3	7	10595	2913	26
1101	0	2	7	10608	789	22
1102	0	1	7	10621	1079	26
1103	0	1	7	10634	3231	24
1104	0	1	5	10647	5673	25
1105	0	2	7	10660	4798	22
1106	0	4	3	10673	3250	24
1107	0	5	5	10686	14746	22
1108	0	1	5	10699	139	26
1109	0	2	7	10712	1098	26
1110	0	2	5	10725	8208	21
1111	0	4	9	10738	629	22
1112	0	2	5	10751	9625	25
1113	0	4	5	10764	30	25
1114	0	4	9	10777	1764	26
1115	0	3	3	10800	402	21
1116	0	2	3	10810	6816	22
1117	0	4	9	10820	2796	25
1118	0	1	9	10830	1983	22
1119	0	4	7	10840	487	21
1120	0	2	9	10850	1481	26
1121	0	2	3	10860	43	22
1122	0	4	9	10870	27757	26
1123	0	1	3	10880	1647	22
1124	0	3	3	10890	1055	22
1125	0	3	5	10900	1768	25
1126	0	2	9	10910	11323	23
1127	0	5	9	10920	4370	23
1128	0	5	7	10930	7139	22
1129	0	2	3	10940	399	22
1130	0	2	7	10950	13964	26
1131	0	1	9	10960	7758	25
1132	0	2	9	10970	3957	21
1133	0	4	3	10980	6961	23
1134	0	1	9	10990	106	23
1135	0	4	5	11000	7212	26
1136	0	1	7	11010	145	26
1137	0	2	7	11020	5918	23
1138	0	1	3	11030	1069	26
1139	0	4	9	11040	2133	22
1140	0	5	9	11050	12686	24
1141	0	1	7	11060	4087	23
1142	0	5	3	11070	1782	21
1143	0	4	9	11080	6124	24
1144	0	4	9	11090	9678	24
1145	0	3	5	11100	822	25
1146	0	3	7	11110	5233	24
1147	0	1	5	11120	2245	23
1148	0	4	5	11130	5019	22
1149	0	4	7	11140	1917	21
1150	0	4	9	11150	1045	23
1151	0	5	7	11160	4660	26
1152	0	1	5	11170	4074	24
1153	0	3	9	11180	2653	22
1154	0	4	5	11200	570	26
1155	0	1	5	11209	2825	25
1156	0	4	9	11218	794	22
1157	0	1	5	11227	9165	24
1158	0	3	7	11236	1555	22
1159	0	4	9	11245	2047	21
1160	0	5	7	11254	5669	25
1161	0	5	5	11263	8887	22
1162	0	1	7	11272	616	21
1163	0	4	3	11281	11203	25
1164	0	5	9	11290	1261	26
1165	0	1	5	11299	61	23
1166	0	3	3	11308	2915	21
1167	0	4	3	11317	356	23
1168	0	3	5	11326	15915	22
1169	0	5	5	11335	2948	21
1170	0	2	7	11344	247	21
1171	0	5	7	11353	187	25
1172	0	3	7	11362	1250	26
1173	0	2	9	11371	15173	21
1174	0	4	9	11380	681	24
1175	0	1	3	11389	4427	24
1176	0	3	3	11398	4212	21
1177	0	5	9	11407	969	23
1178	0	3	5	11416	2224	24
1179	0	5	9	11425	188	24
1180	0	5	7	11434	3951	22
1181	0	1	7	11443	2865	26
1182	0	2	5	11452	11965	21
1183	0	1	9	11461	2401	22
1184	0	4	5	11470	8008	25
1185	0	3	3	11479	1321	21
1186	0	1	5	11488	979	22
1187	0	4	3	11497	618	26
1188	0	5	7	11506	4705	24
1189	0	1	5	11515	2932	24
1190	0	1	7	11524	4258	25
1191	0	1	5	11533	589	23
1192	0	5	3	11542	2392	21
1193	0	3	3	11551	7183	26
1194	0	4	5	11560	4266	23
1195	0	1	7	11569	275	22
1196	0	5	3	11600	2751	22
1197	0	1	9	11609	2181	23
1198	0	4	3	11618	2879	25
1199	0	3	7	11627	9042	22
1200	0	1	5	11636	4415	24
1201	0	5	5	11645	4136	22
1202	0	3	9	11654	2378	22
1203	0	4	9	11663	860	22
1204	0	2	3	11672	1547	26
1205	0	4	3	11681	814	24
1206	0	2	9	11690	2176	21
1207	0	4	7	11699	4332	23
1208	0	5	9	11708	1591	24
1209	0	4	3	11717	2491	23
1210	0	3	5	11726	7737	25
1211	0	4	3	11735	13376	25
1212	0	3	3	11744	2556	26
1213	0	4	9	11753	1292	25
1214	0	4	5	11762	5930	25
1215	0	5	3	11771	1130	25
1216	0	4	9	11780	11376	21
1217	0	1	9	11789	4703	26
1218	0	1	9	11798	308	21
1219	0	2	9	11807	18089	25
1220	0	1	9	11816	6398	22
1221	0	5	3	11825	1875	22
1222	0	5	7	11834	2001	25
1223	0	3	3	11843	2476	25
1224	0	5	9	11852	8047	22
1225	0	2	3	11861	10256	25
1226	0	1	7	11870	3622	24
1227	0	5	5	11879	2279	26
1228	0	3	7	11888	1552	25
1229	0	3	3	11897	378	22
1230	0	1	3	11906	755	22
1231	0	2	5	11915	1049	25
1232	0	1	9	11924	4844	24
1233	0	1	7	11933	3027	23
1234	0	4	5	11942	1897	26
1235	0	1	3	11951	16348	26
1236	0	3	9	11960	261	25
1237	0	3	7	12000	5647	26
1238	0	4	7	12008	559	22
1239	0	5	3	12016	4566	21
1240	0	2	3	12024	7913	21
1241	0	2	9	12032	3246	25
1242	0	4	3	12040	6751	22
1243	0	2	7	12048	1034	21
1244	0	3	3	12056	4364	26
1245	0	3	5	12064	4690	26
1246	0	4	3	12072	4370	23
1247	0	1	5	12080	764	22
1248	0	5	9	12088	252	21
1249	0	5	3	12096	2108	24
1250	0	3	7	12104	532	22
1251	0	5	5	12112	6556	22
1252	0	1	9	12120	1698	22
1253	0	2	3	12128	2969	26
1254	0	3	7	12136	411	21
1255	0	2	5	12144	1393	22
1256	0	5	9	12152	1154	23
1257	0	1	7	12160	17257	24
1258	0	4	9	12168	1585	26
1259	0	1	9	12176	2028	22
1260	0	4	7	12184	3552	26
1261	0	3	5	12192	16868	21
1262	0	1	9	12200	1660	25
1263	0	2	9	12208	1087	23
1264	0	3	9	12216	1378	21
1265	0	1	3	12224	3920	21
1266	0	3	3	12232	1218	22
1267	0	3	5	12240	11347	24
1268	0	5	5	12248	9149	25
1269	0	3	3	12256	6237	26
1270	0	2	5	12264	808	21
1271	0	1	5	12272	820	21
1272	0	2	3	12280	3292	24
1273	0	1	9	12288	2001	26
1274	0	1	7	12296	545	25
1275	0	4	9	12304	1109	23
1276	0	1	9	12312	3276	26
1277	0	4	9	12320	724	25
1278	0	1	3	12328	6387	25
1279	0	3	5	12336	773	23
1280	0	3	3	12344	1195	22
1281	0	1	5	12352	2190	22
1282	0	1	7	12360	1869	25
1283	0	4	7	12368	9723	21
1284	0	5	7	12376	13472	26
1285	0	2	9	12400	1824	21
1286	0	2	5	12410	8642	23
1287	0	4	7	12420	784	25
1288	0	4	9	12430	2270	22
1289	0	2	3	12440	349	24
1290	0	1	5	12450	5274	24
1291	0	3	3	12460	318	22
1292	0	4	7	12470	2242	21
1293	0	3	9	12480	5276	21
1294	0	2	7	12490	386	21
1295	0	4	7	12500	8363	26
1296	0	2	9	12510	973	21
1297	0	2	5	12520	3442	26
1298	0	5	7	12530	11023	21
1299	0	2	9	12540	161	26
1300	0	5	5	12550	2233	25
1301	0	2	7	12560	5139	26
1302	0	1	9	12570	1289	24
1303	0	2	9	12580	1266	22
1304	0	3	9	12590	1028	24
1305	0	3	5	12600	11197	22
1306	0	4	3	12610	1123	24
1307	0	5	3	12620	12180	23
1308	0	2	7	12630	2020	22
1309	0	4	7	12640	7738	24
1310	0	2	5	12650	5310	23
1311	0	2	3	12660	355	25
1312	0	5	7	12670	838	25
1313	0	2	5	12680	656	24
1314	0	4	9	12690	601	26
1315	0	4	3	12700	730	25
1316	0	3	9	12710	3785	23
1317	0	3	5	12720	2232	24
1318	0	3	5	12730	1272	23
1319	0	2	9	12740	10377	21
1320	0	5	9	12750	5387	24
1321	0	4	7	12760	352	23
1322	0	5	7	12770	2838	22
1323	0	3	3	12780	6747	21
1324	0	3	7	12800	235	23
1325	0	5	5	12809	449	25
1326	0	2	7	12818	5648	21
1327	0	4	5	12827	7049	24
1328	0	5	3	12836	1435	25
1329	0	3	3	12845	1156	25
1330	0	3	9	12854	105	23
1331	0	4	7	12863	16098	21
1332	0	5	3	12872	1041	24
1333	0	4	3	12881	5675	26
1334	0	3	3	12890	5511	24
1335	0	2	5	12899	3062	23
1336	0	5	5	12908	632	25
1337	0	4	7	12917	430	23
1338	0	2	7	12926	4625	24
1339	0	3	3	12935	107	25
1340	0	3	9	12944	517	23
1341	0	3	3	12953	10772	26
1342	0	3	3	12962	6084	24
1343	0	5	3	12971	3447	25
1344	0	1	9	12980	1714	22
1345	0	4	5	12989	4171	25
1346	0	3	5	12998	8736	24
1347	0	3	3	13007	1301	23
1348	0	5	9	13016	3596	21
1349	0	3	5	13025	10376	23
1350	0	2	7	13034	1228	24
1351	0	5	7	13043	6210	23
1352	0	5	3	13052	1453	24
1353	0	3	9	13061	44	26
1354	0	3	3	13070	1423	22
1355	0	1	9	13079	1683	22
1356	0	2	3	13088	968	24
1357	0	3	9	13097	2469	23
1358	0	5	3	13106	963	26
1359	0	3	5	13115	512	26
1360	0	2	9	13124	807	21
1361	0	5	9	13133	2155	21
1362	0	5	3	13142	4209	25
1363	0	4	5	13151	629	23
1364	0	2	7	13160	7074	22
1365	0	3	7	13169	5589	22
1366	0	3	9	13200	7742	21
1367	0	2	7	13208	2256	25
1368	0	5	5	13216	2066	26
1369	0	2	7	13224	3710	24
1370	0	4	9	13232	83	26
1371	0	4	5	13240	2852	26
1372	0	2	7	13248	5424	21
1373	0	5	3	13256	1129	24
1374	0	4	3	13264	6518	25
1375	0	3	7	13272	6593	25
1376	0	1	5	13280	1443	26
1377	0	5	5	13288	10669	24
1378	0	3	3	13296	2511	25
1379	0	4	5	13304	2108	24
1380	0	2	9	13312	988	22
1381	0	5	5	13320	2605	24
1382	0	4	5	13328	1072	24
1383	0	2	7	13336	1887	22
1384	0	1	5	13344	17213	22
1385	0	4	5	13352	1086	26
1386	0	5	7	13360	4526	23
1387	0	2	5	13368	984	24
1388	0	1	3	13376	2453	25
1389	0	2	5	13384	2072	22
1390	0	5	3	13392	1542	25
1391	0	2	5	13400	4629	23
1392	0	5	5	13408	8751	24
1393	0	4	5	13416	3330	25
1394	0	1	5	13424	7421	25
1395	0	3	9	13432	4880	22
1396	0	3	3	13440	1321	22
1397	0	4	7	13448	4041	21
1398	0	3	5	13456	5516	24
1399	0	4	3	13464	3624	21
1400	0	1	7	13472	6278	25
1401	0	2	9	13480	2437	25
1402	0	3	9	13488	8293	24
1403	0	4	5	13496	17892	24
1404	0	5	7	13504	9402	24
1405	0	4	5	13512	5619	24
1406	0	3	3	13520	188	22
1407	0	5	9	13528	241	21
1408	0	5	7	13536	928	22
1409	0	1	7	13544	2708	23
1410	0	5	5	13552	165	23
1411	0	2	9	13560	1339	21
1412	0	1	7	13568	20677	24
1413	0	1	9	13576	6528	23
1414	0	2	5	13600	9263	24
1415	0	3	5	13611	4871	23
1416	0	2	7	13622	800	24
1417	0	3	5	13633	1284	23
1418	0	4	9	13644	693	21
1419	0	4	5	13655	3582	22
1420	0	4	3	13666	312	25
1421	0	2	5	13677	4059	23
1422	0	1	5	13688	14394	26
1423	0	3	9	13699	28220	24
1424	0	2	5	13710	1339	25
1425	0	3	5	13721	1631	23
1426	0	4	9	13732	3891	23
1427	0	3	5	13743	780	23
1428	0	4	9	13754	2059	26
1429	0	1	5	13765	417	23
1430	0	5	5	13776	2987	23
1431	0	2	7	13787	4397	26
1432	0	3	9	13798	805	26
1433	0	5	3	13809	8173	25
1434	0	3	9	13820	3847	25
1435	0	1	3	13831	5753	23
1436	0	2	5	13842	3709	21
1437	0	1	9	13853	1132	26
1438	0	3	9	13864	2551	25
1439	0	3	3	13875	1055	25
1440	0	1	5	13886	851	24
1441	0	5	7	13897	3859	23
1442	0	2	7	13908	44	23
1443	0	1	5	13919	13599	22
1444	0	2	3	13930	1808	26
1445	0	4	3	13941	144	25
1446	0	1	9	13952	4702	25
1447	0	5	7	13963	348	21
1448	0	3	9	14000	4359	21
1449	0	4	9	14008	600	22
1450	0	2	3	14016	2964	25
1451	0	5	7	14024	27	26
1452	0	1	9	14032	2591	26
1453	0	4	3	14040	681	22
1454	0	5	3	14048	2940	22
1455	0	5	3	14056	670	23
1456	0	2	5	14064	2643	25
1457	0	1	3	14072	8321	21
1458	0	2	9	14080	4869	25
1459	0	2	5	14088	3373	21
1460	0	5	5	14096	568	21
1461	0	5	7	14104	8120	26
1462	0	1	3	14112	4269	21
1463	0	4	5	14120	456	26
1464	0	2	3	14128	13486	21
1465	0	3	7	14136	1871	23
1466	0	5	3	14144	431	21
1467	0	2	7	14152	529	25
1468	0	4	9	14160	826	25
1469	0	1	5	14168	596	22
1470	0	2	9	14176	420	23
1471	0	1	7	14184	10912	24
1472	0	5	7	14192	6501	25
1473	0	1	9	14200	10482	23
1474	0	4	3	14208	2042	24
1475	0	5	5	14216	2437	22
1476	0	1	7	14224	3940	21
1477	0	5	9	14232	24	25
1478	0	1	9	14240	4035	24
1479	0	4	3	14248	1146	26
1480	0	2	7	14256	4126	25
1481	0	5	3	14264	3094	23
1482	0	1	7	14272	2882	23
1483	0	1	9	14280	1220	24
1484	0	5	3	14288	3429	24
1485	0	5	9	14296	2931	24
1486	0	2	9	14304	843	26
1487	0	4	9	14312	104	24
1488	0	5	9	14320	1721	24
1489	0	4	9	14328	2490	22
1490	0	4	9	14336	1308	24
1491	0	2	5	14344	5226	21
1492	0	4	3	14352	3129	22
1493	0	1	5	14360	9280	24
1494	0	3	7	14368	418	25
1495	0	1	7	14376	1561	25
1496	0	4	7	14400	13177	22
1497	0	3	5	14408	9332	23
1498	0	5	5	14416	3	22
1499	0	4	7	14424	18445	23
1500	0	4	3	14432	10824	24
1501	0	5	3	14440	3352	21
1502	0	2	9	14448	9081	23
1503	0	2	5	14456	2978	26
1504	0	3	3	14464	161	25
1505	0	1	7	14472	3554	22
1506	0	5	3	14480	910	21
1507	0	5	9	14488	3190	24
1508	0	1	3	14496	5655	25
1509	0	1	7	14504	266	26
1510	0	5	5	14512	3000	23
1511	0	2	5	14520	2597	21
1512	0	5	5	14528	1096	23
1513	0	4	9	14536	2426	25
1514	0	1	9	14544	10426	23
1515	0	1	3	14552	3604	24
1516	0	5	3	14560	1755	24
1517	0	1	3	14568	1997	24
1518	0	5	3	14576	3038	23
1519	0	2	5	14584	2363	23
1520	0	2	7	14592	811	24
1521	0	1	5	14600	318	23
1522	0	2	7	14608	5951	22
1523	0	5	3	14616	5136	23
1524	0	2	7	14624	7853	24
1525	0	5	5	14632	1851	23
1526	0	3	7	14640	1990	22
1527	0	5	3	14648	9266	21
1528	0	4	3	14656	7040	25
1529	0	4	5	14664	319	26
1530	0	2	7	14672	2719	21
1531	0	3	5	14680	5142	24
1532	0	1	7	14688	20	23
1533	0	2	5	14696	4146	21
1534	0	5	3	14704	1519	23
1535	0	2	5	14712	316	24
1536	0	4	5	14720	4108	21
1537	0	5	3	14728	17815	24
1538	0	4	9	14736	1011	26
1539	0	4	7	14744	17351	22
1540	0	5	7	14752	1518	23
1541	0	2	3	14760	4091	22
1542	0	4	9	14768	1253	26
1543	0	5	5	14800	1344	24
1544	0	4	5	14807	10980	26
1545	0	3	5	14814	6465	24
1546	0	2	3	14821	2689	24
1547	0	5	3	14828	368	23
1548	0	1	7	14835	14841	21
1549	0	3	5	14842	2815	21
1550	0	2	5	14849	13763	22
1551	0	3	5	14856	3374	25
1552	0	4	3	14863	1853	21
1553	0	3	3	14870	3236	26
1554	0	3	9	14877	6568	26
1555	0	4	9	14884	7772	21
1556	0	3	5	14891	6306	25
1557	0	2	7	14898	762	26
1558	0	5	9	14905	4380	22
1559	0	3	7	14912	4423	22
1560	0	4	9	14919	876	26
1561	0	1	3	14926	1439	26
1562	0	2	7	14933	5115	26
1563	0	2	7	14940	4558	25
1564	0	4	9	14947	3385	26
1565	0	3	3	14954	6522	25
1566	0	1	9	14961	2558	25
1567	0	3	3	14968	3609	22
1568	0	4	7	14975	597	23
1569	0	4	7	14982	7590	25
1570	0	2	7	14989	12144	24
1571	0	5	3	14996	1827	26
1572	0	3	5	15003	743	24
1573	0	2	7	15010	3152	21
1574	0	2	9	15017	558	26
1575	0	1	7	15024	3133	22
1576	0	3	7	15031	6590	24
1577	0	3	5	15038	2683	24
1578	0	1	9	15045	6192	23
1579	0	5	3	15052	239	21
1580	0	3	5	15059	8514	26
1581	0	3	5	15066	1450	26
1582	0	4	5	15073	10407	21
1583	0	1	7	15080	1558	24
1584	0	3	3	15087	460	25
1585	0	4	3	15094	10282	22
1586	0	5	3	15101	1740	24
1587	0	3	5	15108	2393	24
1588	0	5	5	15115	7302	22
1589	0	2	3	15122	2459	22
1590	0	5	9	15129	1329	26
1591	0	3	9	15136	2526	21
1592	0	5	3	15143	1559	22
1593	0	1	5	15150	3232	24
1594	0	5	9	15157	6244	23
1595	0	4	5	15200	55	24
1596	0	1	5	15209	10045	23
1597	0	2	3	15218	3555	21
1598	0	1	5	15227	5013	25
1599	0	2	3	15236	564	22
1600	0	2	7	15245	1594	25
1601	0	5	3	15254	9021	22
1602	0	2	5	15263	11916	21
1603	0	2	3	15272	536	23
1604	0	1	7	15281	3224	23
1605	0	2	5	15290	3676	22
1606	0	1	3	15299	2044	21
1607	0	2	7	15308	6983	26
1608	0	2	5	15317	2209	26
1609	0	3	5	15326	1222	25
1610	0	1	5	15335	202	24
1611	0	5	3	15344	1453	21
1612	0	1	7	15353	1952	24
1613	0	1	7	15362	3739	22
1614	0	5	5	15371	6206	23
1615	0	2	5	15380	8929	21
1616	0	3	9	15389	1888	26
1617	0	1	9	15398	2036	22
1618	0	5	5	15407	3388	21
1619	0	1	9	15416	4170	25
1620	0	4	3	15425	2401	21
1621	0	4	5	15434	90	22
1622	0	4	7	15443	5634	21
1623	0	3	7	15452	4551	22
1624	0	5	7	15461	3350	26
1625	0	5	9	15470	2643	24
1626	0	1	9	15479	179	25
1627	0	2	3	15488	3822	21
1628	0	2	9	15497	5628	25
1629	0	3	5	15506	496	23
1630	0	5	3	15515	3915	25
1631	0	1	5	15524	986	23
1632	0	3	3	15533	5952	26
1633	0	4	9	15542	4266	22
1634	0	3	7	15551	5228	22
1635	0	4	3	15560	17027	24
1636	0	2	9	15569	1753	26
1637	0	3	5	15600	6446	24
1638	0	1	3	15611	5865	22
1639	0	2	9	15622	2833	23
1640	0	3	3	15633	2963	21
1641	0	3	5	15644	2996	25
1642	0	2	3	15655	105	24
1643	0	3	9	15666	3428	23
1644	0	1	9	15677	2110	24
1645	0	5	9	15688	15294	25
1646	0	2	3	15699	342	24
1647	0	5	7	15710	5027	26
1648	0	2	3	15721	5812	22
1649	0	4	5	15732	9106	22
1650	0	2	7	15743	4057	24
1651	0	5	5	15754	2934	21
1652	0	3	9	15765	70	21
1653	0	5	7	15776	277	26
1654	0	4	9	15787	4559	21
1655	0	4	3	15798	1464	24
1656	0	2	7	15809	601	22
1657	0	4	9	15820	1257	25
1658	0	2	5	15831	3267	23
1659	0	2	9	15842	289	26
1660	0	2	5	15853	3258	24
1661	0	5	3	15864	6143	21
1662	0	1	9	15875	291	22
1663	0	4	9	15886	1471	24
1664	0	3	3	15897	4075	26
1665	0	1	3	15908	7104	22
1666	0	3	9	15919	3023	21
1667	0	2	9	15930	5243	22
1668	0	3	9	15941	8413	21
1669	0	1	3	15952	6483	26
1670	0	1	7	15963	3087	22
1671	0	5	5	15974	3431	22
1672	0	1	9	15985	3974	21
1673	0	4	7	16000	263	24
1674	0	4	7	16011	530	24
1675	0	1	7	16022	10320	23
1676	0	2	3	16033	22442	25
1677	0	1	7	16044	793	24
1678	0	2	9	16055	1256	24
1679	0	1	9	16066	3557	21
1680	0	3	7	16077	2053	21
1681	0	1	5	16088	1592	25
1682	0	5	3	16099	7568	26
1683	0	4	5	16110	7801	23
1684	0	2	9	16121	2610	26
1685	0	5	9	16132	441	25
1686	0	4	7	16143	898	23
1687	0	3	7	16154	4913	26
1688	0	1	3	16165	14863	21
1689	0	5	7	16176	2198	24
1690	0	3	7	16187	7488	22
1691	0	3	3	16198	356	21
1692	0	1	9	16209	1109	22
1693	0	4	3	16220	4808	22
1694	0	1	5	16231	12015	26
1695	0	3	3	16242	5366	21
1696	0	2	7	16253	2441	23
1697	0	3	5	16264	5066	26
1698	0	5	9	16275	11032	24
1699	0	1	7	16286	3463	23
1700	0	2	9	16297	2374	25
1701	0	1	3	16308	1733	22
1702	0	3	7	16319	7268	26
1703	0	1	9	16330	13283	22
1704	0	4	9	16341	1782	21
1705	0	2	3	16352	253	22
1706	0	5	5	16363	8829	21
1707	0	4	3	16374	12291	23
1708	0	2	9	16400	11448	23
1709	0	3	3	16412	5640	25
1710	0	2	9	16424	1485	26
1711	0	1	9	16436	12846	24
1712	0	3	3	16448	0	22
1713	0	2	7	16460	13897	23
1714	0	4	3	16472	4413	26
1715	0	1	3	16484	1038	25
1716	0	5	3	16496	10964	22
1717	0	2	5	16508	956	25
1718	0	3	3	16520	7049	25
1719	0	3	5	16532	3058	22
1720	0	3	7	16544	3972	26
1721	0	1	3	16556	6930	21
1722	0	2	9	16568	5622	21
1723	0	4	5	16580	2429	23
1724	0	4	7	16592	12502	24
1725	0	3	5	16604	2410	21
1726	0	5	5	16616	1623	21
1727	0	2	9	16628	10656	25
1728	0	4	3	16640	481	25
1729	0	1	7	16652	1947	24
1730	0	4	3	16664	2519	26
1731	0	5	9	16676	1303	25
1732	0	2	9	16688	1115	21
1733	0	2	3	16700	4687	22
1734	0	4	9	16712	609	23
1735	0	3	5	16724	204	25
1736	0	3	7	16736	2701	25
1737	0	5	3	16748	8664	24
1738	0	1	7	16760	2758	23
1739	0	5	7	16772	2164	24
1740	0	1	5	16800	965	24
1741	0	5	5	16807	1136	26
1742	0	1	9	16814	5782	24
1743	0	3	9	16821	992	23
1744	0	3	7	16828	477	24
1745	0	3	9	16835	8703	25
1746	0	1	9	16842	355	26
1747	0	5	5	16849	1276	25
1748	0	1	3	16856	127	23
1749	0	5	5	16863	5116	22
1750	0	4	9	16870	6500	26
1751	0	5	3	16877	1120	25
1752	0	1	3	16884	8822	22
1753	0	2	5	16891	2057	23
1754	0	4	3	16898	11958	24
1755	0	2	9	16905	3918	24
1756	0	4	5	16912	3634	21
1757	0	5	5	16919	1927	23
1758	0	2	3	16926	31	24
1759	0	1	5	16933	9498	26
1760	0	3	9	16940	5205	21
1761	0	4	7	16947	12842	22
1762	0	1	9	16954	7338	25
1763	0	1	3	16961	3259	26
1764	0	4	9	16968	1361	25
1765	0	3	9	16975	130	22
1766	0	5	9	16982	5040	24
1767	0	1	3	16989	1484	26
1768	0	3	9	16996	7031	21
1769	0	2	7	17003	3852	21
1770	0	3	5	17010	5353	26
1771	0	5	9	17017	205	24
1772	0	2	7	17024	5012	23
1773	0	4	7	17031	2113	21
1774	0	3	9	17038	1542	24
1775	0	3	3	17045	1926	26
1776	0	5	5	17052	242	24
1777	0	5	9	17059	3062	24
1778	0	1	7	17066	1677	26
1779	0	2	9	17073	288	26
1780	0	3	7	17080	1832	22
1781	0	1	3	17087	249	23
1782	0	2	7	17094	9174	22
1783	0	5	7	17101	1988	24
1784	0	3	7	17108	3492	25
1785	0	4	9	17115	1009	22
1786	0	4	9	17122	1966	24
1787	0	5	5	17129	7361	24
1788	0	4	9	17136	5396	25
1789	0	3	9	17143	2909	25
1790	0	4	3	17150	2412	24
1791	0	4	3	17157	459	23
1792	0	3	3	17164	8401	21
1793	0	5	5	17171	3578	23
1794	0	2	9	17178	4685	24
1795	0	2	9	17185	1176	23
1796	0	5	5	17200	2090	22
1797	0	1	7	17215	927	25
1798	0	4	9	17230	10709	25
1799	0	1	7	17245	335	23
1800	0	4	9	17260	745	21
1801	0	5	9	17275	5967	26
1802	0	2	5	17290	2359	25
1803	0	5	5	17305	2130	23
1804	0	2	3	17320	16549	22
1805	0	4	3	17335	5593	22
1806	0	3	7	17350	3019	22
1807	0	3	7	17365	2610	21
1808	0	5	7	17380	342	26
1809	0	2	3	17395	3352	24
1810	0	2	5	17410	3336	26
1811	0	5	5	17425	255	23
1812	0	4	9	17440	162	24
1813	0	1	5	17455	11134	25
1814	0	4	9	17470	3100	24
1815	0	3	7	17485	4404	25
1816	0	3	9	17500	249	26
1817	0	1	5	17515	2381	22
1818	0	4	7	17530	14747	22
1819	0	1	9	17545	270	24
1820	0	4	3	17560	4128	25
1821	0	1	5	17575	8321	26
1822	0	3	3	17600	3371	22
1823	0	1	9	17608	1488	22
1824	0	3	7	17616	723	24
1825	0	5	5	17624	3967	24
1826	0	3	9	17632	757	24
1827	0	3	5	17640	525	21
1828	0	2	9	17648	5097	24
1829	0	1	3	17656	269	22
1830	0	3	7	17664	14778	24
1831	0	5	9	17672	7635	26
1832	0	2	9	17680	3702	26
1833	0	5	9	17688	1215	23
1834	0	3	9	17696	9189	25
1835	0	4	7	17704	3591	23
1836	0	5	9	17712	3814	24
1837	0	2	5	17720	2663	26
1838	0	3	7	17728	2094	22
1839	0	5	5	17736	7074	23
1840	0	2	5	17744	4726	26
1841	0	2	3	17752	9587	23
1842	0	5	9	17760	5694	25
1843	0	2	7	17768	759	21
1844	0	1	7	17776	12070	26
1845	0	4	7	17784	1984	21
1846	0	5	5	17792	285	25
1847	0	3	7	17800	11213	23
1848	0	2	7	17808	213	25
1849	0	4	3	17816	91	25
1850	0	5	9	17824	863	23
1851	0	4	3	17832	12719	21
1852	0	2	9	17840	1056	24
1853	0	4	9	17848	8035	21
1854	0	3	5	17856	2295	25
1855	0	4	5	17864	1398	22
1856	0	2	7	17872	920	24
1857	0	1	5	17880	579	23
1858	0	2	9	17888	1137	26
1859	0	3	9	17896	1753	25
1860	0	1	5	17904	3473	25
1861	0	1	3	17912	2089	22
1862	0	1	9	17920	5690	24
1863	0	4	5	17928	67	24
1864	0	4	5	17936	3589	26
1865	0	3	5	17944	5007	21
1866	0	4	5	17952	2451	24
1867	0	5	9	17960	6013	21
1868	0	3	5	18000	157	26
1869	0	5	3	18010	11740	22
1870	0	4	9	18020	216	21
1871	0	1	7	18030	3416	21
1872	0	4	7	18040	167	26
1873	0	4	3	18050	629	25
1874	0	5	7	18060	1861	24
1875	0	2	3	18070	5308	22
1876	0	1	7	18080	492	21
1877	0	1	5	18090	2019	22
1878	0	5	5	18100	1783	23
1879	0	4	9	18110	5954	23
1880	0	5	9	18120	3285	25
1881	0	1	3	18130	1061	22
1882	0	2	7	18140	295	22
1883	0	4	7	18150	4786	25
1884	0	2	3	18160	8191	25
1885	0	4	7	18170	67	24
1886	0	3	9	18180	3866	22
1887	0	3	3	18190	5355	25
1888	0	3	5	18200	6981	25
1889	0	5	7	18210	3710	24
1890	0	2	9	18220	1957	26
1891	0	4	5	18230	2614	22
1892	0	1	5	18240	1090	21
1893	0	1	9	18250	216	24
1894	0	4	3	18260	1145	24
1895	0	1	3	18270	1349	25
1896	0	2	5	18280	650	26
1897	0	2	5	18290	5424	21
1898	0	4	5	18300	3476	21
1899	0	4	3	18310	1082	25
1900	0	1	5	18320	10805	24
1901	0	1	5	18330	1377	24
1902	0	5	3	18340	9238	23
1903	0	2	5	18350	443	24
1904	0	5	5	18360	14002	25
1905	0	5	5	18370	3868	22
1906	0	1	5	18380	9973	22
1907	0	3	9	18390	362	25
1908	0	5	5	18400	2722	24
1909	0	1	5	18410	4842	23
1910	0	3	9	18420	789	21
1911	0	1	3	18430	6623	23
1912	0	1	3	18440	5970	21
1913	0	3	3	18450	2563	23
1914	0	3	9	18460	6334	26
1915	0	1	3	18470	1706	24
1916	0	5	5	18480	1635	26
1917	0	2	5	18490	252	25
1918	0	3	5	18500	630	26
1919	0	5	9	18510	3428	23
1920	0	5	7	18520	396	26
1921	0	1	5	18530	5095	25
1922	0	2	5	18540	12162	23
1923	0	4	9	18550	2278	22
1924	0	4	3	18560	3283	23
1925	0	1	5	18570	3403	26
1926	0	5	3	18580	1636	21
1927	0	3	9	18590	17820	22
1928	0	1	3	18600	9073	22
1929	0	4	5	18610	358	26
1930	0	5	9	18620	3514	23
1931	0	5	3	18630	1871	26
1932	0	3	3	18640	6767	21
1933	0	2	3	18650	523	25
1934	0	4	7	18660	7367	25
1935	0	4	5	18670	1252	21
1936	0	2	9	18680	1616	25
1937	0	5	5	18690	13547	25
1938	0	4	3	18700	5207	21
1939	0	2	9	18710	1156	23
1940	0	4	3	18720	418	23
1941	0	1	3	18730	3046	24
1942	0	4	7	18740	1119	22
1943	0	2	3	18750	526	23
1944	0	2	7	18760	2216	24
1945	0	1	7	18770	3450	23
1946	0	3	5	18780	4877	21
1947	0	3	5	18800	5801	24
1948	0	3	9	18810	1193	25
1949	0	3	9	18820	9280	26
1950	0	2	9	18830	12044	25
1951	0	1	9	18840	372	21
1952	0	4	3	18850	3629	22
1953	0	4	5	18860	20	25
1954	0	5	7	18870	616	26
1955	0	5	9	18880	956	26
1956	0	4	3	18890	1656	22
1957	0	1	5	18900	2512	22
1958	0	3	3	18910	3150	22
1959	0	5	3	18920	2022	26
1960	0	5	3	18930	1336	22
1961	0	3	7	18940	10579	26
1962	0	3	7	18950	843	23
1963	0	1	3	18960	2096	25
1964	0	2	7	18970	499	26
1965	0	4	7	18980	6548	21
1966	0	4	9	18990	20005	23
1967	0	5	9	19000	4229	23
1968	0	5	7	19010	3995	24
1969	0	4	5	19020	2984	25
1970	0	5	5	19030	59	26
1971	0	5	3	19040	1844	22
1972	0	3	3	19050	1620	25
1973	0	1	7	19060	9004	23
1974	0	2	9	19070	2587	21
1975	0	5	5	19080	3294	22
1976	0	2	9	19090	2585	24
1977	0	1	5	19100	7058	21
1978	0	2	5	19110	35	24
1979	0	3	5	19120	16070	26
1980	0	3	3	19130	8111	25
1981	0	2	9	19140	3378	23
1982	0	5	9	19150	5244	24
1983	0	3	3	19160	21014	22
1984	0	3	5	19170	580	21
1985	0	5	9	19180	2738	23
1986	0	1	3	19190	6004	25
1987	0	4	9	19200	6658	22
1988	0	2	5	19230	15615	26
1989	0	4	7	19260	3964	26
1990	0	1	5	19290	10627	26
1991	0	1	7	19320	8039	23
1992	0	2	3	19350	2186	24
1993	0	5	3	19380	1608	21
1994	0	2	7	19410	13648	22
1995	0	1	7	19440	747	23
1996	0	3	5	19470	1680	21
1997	0	4	5	19500	7239	24
1998	0	1	5	19530	24	23
1999	0	3	9	19560	3869	24
