0	0	6	40	0	2244	28
1	28	8	30	9	4838	25
2	6	27	30	18	6030	32
3	4	13	50	27	2253	27
4	21	26	50	36	561	27
5	11	19	30	45	2517	29
6	6	12	20	54	2001	34
7	18	22	30	63	937	31
8	11	8	30	72	976	32
9	28	23	30	81	4821	27
10	12	3	10	90	1065	31
11	4	29	40	99	4971	35
12	28	3	50	108	1377	27
13	27	13	40	117	4831	27
14	24	29	30	126	2604	31
15	5	24	20	135	1448	32
16	17	0	10	144	1810	25
17	16	4	40	153	356	35
18	12	16	20	162	1454	26
19	3	21	40	171	4144	31
20	21	9	30	180	8132	35
21	10	7	10	189	1199	33
22	28	10	40	198	450	29
23	26	0	30	207	3826	26
24	19	5	40	216	3256	26
25	11	6	20	225	46	34
26	9	13	30	234	6413	28
27	4	8	30	243	3100	33
28	26	11	40	252	1537	32
29	1	24	20	261	1184	32
30	16	4	40	270	589	31
31	12	14	50	279	309	32
32	4	12	40	288	195	26
33	23	17	50	297	1766	33
34	14	11	40	306	10606	33
35	29	21	10	315	1157	30
36	19	28	50	324	2568	33
37	7	26	20	333	1082	29
38	1	26	40	342	4341	32
39	8	13	40	351	3618	35
40	25	24	20	360	677	31
41	21	14	40	400	3630	31
42	28	24	10	410	10160	25
43	17	24	50	420	1625	25
44	13	9	40	430	10866	27
45	5	2	10	440	431	25
46	28	7	30	450	788	27
47	6	0	50	460	411	32
48	7	3	30	470	5982	32
49	4	17	10	480	7887	27
50	5	3	50	490	2914	28
51	1	5	30	500	3149	25
52	28	24	40	510	2383	35
53	26	18	40	520	2918	35
54	19	9	40	530	1600	28
55	19	27	40	540	746	31
56	29	27	40	550	3617	31
57	10	27	10	560	710	31
58	15	7	10	570	8279	25
59	10	19	30	580	508	29
60	2	7	50	590	4413	25
61	2	4	50	600	7704	25
62	22	10	50	610	8822	35
63	9	14	20	620	12914	35
64	12	20	50	630	3315	32
65	29	18	10	640	693	34
66	0	18	50	650	4360	34
67	4	15	50	660	10893	30
68	13	1	50	670	5907	30
69	25	7	30	680	1030	26
70	15	26	20	690	7087	34
71	9	4	40	700	543	31
72	14	8	50	710	2200	27
73	4	2	40	720	4944	27
74	7	25	30	730	2687	25
75	29	23	50	740	1272	28
76	11	12	50	750	1650	33
77	10	16	40	760	5922	29
78	12	20	40	800	4581	34
79	14	2	40	809	2425	26
80	12	29	50	818	7151	31
81	3	12	40	827	4829	31
82	27	4	50	836	5767	26
83	21	24	40	845	2452	29
84	26	20	20	854	5370	28
85	14	29	10	863	3586	30
86	13	19	20	872	3929	32
87	7	23	10	881	3017	27
88	4	8	20	890	110	29
89	24	13	10	899	5695	27
90	29	23	20	908	4270	34
91	9	0	40	917	1490	27
92	22	17	10	926	1806	29
93	21	6	10	935	3132	27
94	6	7	40	944	10471	34
95	23	20	20	953	1435	30
96	29	4	50	962	4906	31
97	19	10	50	971	12951	25
98	5	4	10	980	5888	28
99	13	21	30	989	5960	28
100	4	15	10	998	2308	27
101	23	21	40	1007	1121	33
102	22	28	10	1016	1578	27
103	11	26	10	1025	3182	30
104	18	20	40	1034	125	29
105	25	29	10	1043	1980	33
106	16	26	40	1052	519	33
107	24	21	50	1061	5380	33
108	18	23	10	1070	116	35
109	19	15	50	1079	235	25
110	8	15	40	1088	7140	34
111	19	11	10	1097	6918	27
112	28	7	20	1106	2622	32
113	1	5	30	1115	2173	35
114	27	19	40	1124	1350	33
115	28	23	20	1133	13671	29
116	4	29	10	1142	380	35
117	0	16	20	1151	2258	31
118	12	23	50	1160	1001	32
119	27	19	40	1169	14212	26
120	16	0	50	1200	3051	27
121	22	24	50	1208	576	31
122	0	7	30	1216	9506	25
123	18	17	50	1224	50	28
124	25	13	10	1232	3385	27
125	6	25	30	1240	2927	32
126	16	15	30	1248	5769	27
127	23	1	40	1256	8485	35
128	27	25	10	1264	6101	28
129	14	3	10	1272	831	30
130	0	20	50	1280	3337	32
131	22	1	10	1288	1894	32
132	5	12	40	1296	7	25
133	28	29	20	1304	9510	31
134	9	18	30	1312	64	34
135	19	6	10	1320	3548	33
136	10	14	30	1328	1879	29
137	15	8	40	1336	967	31
138	3	4	50	1344	2231	35
139	0	22	20	1352	1713	31
140	28	3	30	1360	2540	32
141	18	26	20	1368	8689	34
142	18	29	50	1376	2780	27
143	14	22	30	1384	14030	29
144	15	29	30	1392	10470	29
145	10	12	20	1400	7170	31
146	10	23	30	1408	7091	30
147	21	12	40	1416	11541	29
148	23	15	30	1424	1184	29
149	7	12	20	1432	12857	30
150	18	22	20	1440	947	31
151	28	17	30	1448	1287	25
152	6	18	10	1456	5376	29
153	7	14	20	1464	6421	27
154	27	19	40	1472	1103	25
155	11	20	20	1480	1452	31
156	23	14	10	1488	1646	33
157	4	11	20	1496	1505	35
158	16	11	50	1504	15204	27
159	11	24	10	1512	2868	33
160	9	13	30	1520	3942	30
161	23	24	50	1528	1106	33
162	26	24	50	1536	12591	29
163	4	19	50	1544	7358	29
164	18	25	50	1552	2703	28
165	16	13	30	1560	2427	26
166	14	0	20	1568	6874	27
167	29	7	10	1600	3410	26
168	21	16	10	1608	2063	25
169	8	14	30	1616	4795	25
170	18	10	40	1624	3588	25
171	19	21	20	1632	8348	28
172	27	11	20	1640	15	32
173	12	1	40	1648	8258	25
174	29	16	20	1656	2782	30
175	27	3	40	1664	4171	28
176	3	25	50	1672	4011	29
177	15	14	10	1680	11064	31
178	2	19	20	1688	357	34
179	15	1	50	1696	5350	32
180	26	2	10	1704	4669	26
181	25	2	50	1712	6847	33
182	29	15	20	1720	3909	30
183	20	13	40	1728	6917	34
184	25	11	50	1736	15049	34
185	2	1	20	1744	1373	32
186	15	12	10	1752	4064	27
187	27	26	20	1760	906	34
188	1	9	40	1768	4388	30
189	27	26	10	1776	4974	28
190	25	20	10	1784	1154	25
191	6	3	20	1792	253	29
192	28	25	50	1800	1082	29
193	21	8	50	1808	9895	27
194	21	8	40	1816	5114	26
195	4	9	40	1824	1037	34
196	22	0	20	1832	10582	30
197	14	9	50	1840	4313	33
198	25	27	30	1848	2605	25
199	29	14	50	1856	2555	27
200	26	10	50	1864	51	29
201	11	16	20	1872	1185	28
202	29	24	40	1880	3115	29
203	15	2	50	1888	3265	29
204	19	1	40	1896	1832	30
205	29	1	10	1904	1631	28
206	1	7	20	1912	1266	29
207	24	15	20	1920	8042	29
208	7	27	10	1928	1415	33
209	0	16	50	1936	3600	33
210	7	25	30	1944	4450	27
211	8	0	10	1952	2045	26
212	1	22	50	1960	1036	25
213	1	11	10	2000	1098	31
214	15	22	50	2009	6925	31
215	14	10	40	2018	6587	32
216	24	8	30	2027	3849	28
217	6	12	20	2036	577	31
218	9	7	10	2045	7990	31
219	16	23	30	2054	896	32
220	1	0	20	2063	6791	34
221	16	3	10	2072	3848	29
222	27	28	30	2081	9520	32
223	23	19	50	2090	4703	33
224	12	22	30	2099	2375	25
225	12	6	20	2108	3027	31
226	20	24	30	2117	4073	34
227	6	2	30	2126	369	30
228	20	23	50	2135	657	34
229	25	7	30	2144	1273	31
230	5	2	30	2153	5070	34
231	19	14	50	2162	14489	31
232	19	16	30	2171	2452	30
233	3	4	30	2180	3800	32
234	18	21	10	2189	5160	27
235	14	17	50	2198	2265	33
236	25	6	20	2207	1305	29
237	14	12	20	2216	272	26
238	1	12	10	2225	2428	28
239	26	9	50	2234	4107	31
240	0	25	10	2243	77	28
241	20	26	40	2252	5912	34
242	19	29	20	2261	9404	25
243	0	23	40	2270	301	32
244	20	1	30	2279	164	25
245	17	20	10	2288	7597	34
246	4	11	30	2297	7161	28
247	27	15	40	2306	23299	33
248	5	17	50	2315	389	31
249	6	28	10	2324	9823	29
250	10	0	10	2333	3771	31
251	15	19	50	2342	6331	34
252	5	2	50	2351	6349	27
253	9	4	10	2360	1302	29
254	28	13	40	2400	4258	29
255	10	7	50	2410	2009	25
256	13	17	40	2420	1717	32
257	6	5	40	2430	7578	31
258	2	10	30	2440	466	29
259	6	24	20	2450	7247	35
260	8	6	30	2460	4764	29
261	25	3	50	2470	809	35
262	3	23	30	2480	5014	30
263	12	19	30	2490	102	26
264	25	12	30	2500	8316	34
265	18	10	30	2510	4789	32
266	18	13	30	2520	11385	31
267	28	18	30	2530	3816	29
268	12	19	10	2540	2897	29
269	1	6	10	2550	1980	34
270	19	3	20	2560	3011	27
271	9	25	20	2570	3213	26
272	4	29	20	2580	4550	28
273	12	27	10	2590	1006	35
274	15	27	30	2600	801	29
275	10	4	40	2610	184	35
276	26	3	40	2620	4995	28
277	27	5	50	2630	7201	35
278	3	19	30	2640	4212	33
279	25	1	30	2650	3639	26
280	7	26	50	2660	4787	27
281	23	8	40	2670	4106	26
282	0	16	40	2680	21485	34
283	13	25	50	2690	1083	30
284	15	7	30	2700	4341	35
285	19	13	30	2710	10304	25
286	14	11	10	2720	782	28
287	10	13	30	2730	796	26
288	4	19	40	2740	12701	28
289	8	13	20	2750	1600	27
290	0	29	10	2760	348	26
291	19	1	40	2770	2239	34
292	12	2	40	2800	12463	32
293	24	16	50	2810	3853	29
294	18	2	20	2820	11659	27
295	5	22	20	2830	7231	29
296	17	3	20	2840	236	29
297	7	11	50	2850	8462	35
298	5	10	10	2860	881	34
299	1	21	50	2870	1676	29
300	29	6	30	2880	9561	27
301	5	22	10	2890	984	35
302	14	26	40	2900	2628	29
303	4	11	40	2910	4845	32
304	17	24	40	2920	1945	27
305	0	5	50	2930	240	29
306	10	19	40	2940	489	31
307	22	4	40	2950	3404	27
308	23	6	30	2960	405	25
309	18	9	50	2970	3767	29
310	14	4	10	2980	4579	32
311	16	10	50	2990	2888	32
312	2	17	20	3000	885	34
313	7	9	50	3010	2875	27
314	28	27	20	3020	597	32
315	14	28	50	3030	223	27
316	24	16	20	3040	832	25
317	19	28	40	3050	2594	25
318	27	10	10	3060	1804	27
319	5	29	10	3070	12066	34
320	3	28	30	3080	2938	28
321	8	0	50	3090	5732	30
322	23	29	40	3100	4276	25
323	4	7	50	3110	820	26
324	0	6	10	3120	1468	32
325	0	2	40	3130	422	29
326	27	22	30	3140	3630	29
327	10	12	30	3150	251	34
328	24	23	40	3160	1295	33
329	10	4	10	3170	1695	35
330	23	0	20	3180	17559	31
331	18	22	50	3190	7176	29
332	21	26	40	3200	4053	26
333	1	27	30	3212	1477	28
334	25	24	50	3224	4672	35
335	2	4	40	3236	2613	27
336	8	13	10	3248	697	32
337	26	5	50	3260	1387	26
338	26	0	20	3272	7645	27
339	15	3	30	3284	3704	30
340	8	24	40	3296	6615	30
341	22	6	20	3308	3712	25
342	17	5	50	3320	351	26
343	16	8	50	3332	1711	35
344	24	7	10	3344	4177	30
345	14	19	10	3356	3367	29
346	16	14	30	3368	1046	25
347	4	24	40	3380	2340	30
348	25	18	30	3392	2612	32
349	3	5	30	3404	8881	35
350	11	5	10	3416	4178	29
351	27	4	40	3428	3471	29
352	9	29	40	3440	2905	32
353	29	9	10	3452	1133	35
354	27	21	30	3464	6905	25
355	21	5	40	3476	635	33
356	11	23	30	3488	3297	34
357	10	19	40	3500	1404	27
358	4	5	40	3512	2010	25
359	17	22	50	3524	1341	34
360	2	11	30	3536	2477	25
361	0	7	20	3548	223	32
362	27	9	10	3560	1406	30
363	13	2	30	3600	5557	25
364	25	8	40	3612	3897	34
365	25	11	20	3624	7535	28
366	24	13	20	3636	8389	30
367	0	19	40	3648	8817	30
368	11	13	10	3660	6941	27
369	26	24	40	3672	4305	29
370	6	15	40	3684	8987	31
371	28	10	20	3696	9004	34
372	23	28	30	3708	3924	33
373	12	6	30	3720	5693	32
374	27	5	20	3732	614	29
375	11	22	20	3744	9888	28
376	20	25	50	3756	4523	28
377	7	20	50	3768	1476	26
378	9	28	40	3780	3083	32
379	15	17	50	3792	5359	27
380	13	17	20	3804	8159	28
381	22	28	40	3816	666	35
382	14	23	50	3828	3482	27
383	21	19	10	3840	1946	34
384	28	29	10	3852	4781	31
385	25	26	40	3864	2093	26
386	8	23	10	3876	1526	32
387	22	15	30	3888	1979	26
388	4	6	50	3900	2668	27
389	4	19	10	3912	3124	27
390	20	10	20	3924	10009	28
391	27	22	20	3936	7978	30
392	22	1	10	3948	9136	26
393	8	7	20	3960	3349	29
394	12	23	10	4000	613	30
395	8	17	20	4010	5617	34
396	24	26	20	4020	1474	31
397	4	3	30	4030	1622	25
398	21	0	10	4040	5171	26
399	28	25	50	4050	6440	26
400	20	4	40	4060	4709	35
401	15	25	40	4070	1665	30
402	23	10	40	4080	3862	27
403	28	22	40	4090	6869	27
404	26	18	50	4100	23475	28
405	12	24	40	4110	5600	30
406	3	7	20	4120	12411	31
407	27	21	20	4130	5663	25
408	2	5	40	4140	440	31
409	16	0	20	4150	9477	33
410	0	11	50	4160	2537	29
411	4	2	40	4170	1166	33
412	0	21	10	4180	5687	31
413	18	16	40	4190	4278	33
414	4	5	40	4200	2144	30
415	9	13	40	4210	1473	25
416	15	13	20	4220	2561	29
417	5	20	50	4230	9683	31
418	14	2	30	4240	219	29
419	29	12	50	4250	968	32
420	16	19	10	4260	3025	31
421	1	28	40	4270	2669	29
422	26	12	50	4280	2062	27
423	6	24	50	4290	1322	25
424	6	15	30	4300	5404	26
425	8	22	20	4310	123	26
426	6	10	10	4320	22725	32
427	15	20	10	4330	238	29
428	29	13	30	4340	3837	26
429	18	17	10	4350	1963	30
430	16	25	10	4360	3738	32
431	16	21	20	4370	1685	28
432	16	20	40	4380	3499	25
433	11	2	50	4390	5346	30
434	25	12	20	4400	189	28
435	27	21	30	4409	3014	34
436	29	17	50	4418	3056	32
437	15	29	10	4427	5723	35
438	25	0	20	4436	1964	30
439	16	5	20	4445	11527	26
440	22	19	30	4454	2408	31
441	11	0	50	4463	3283	32
442	20	11	40	4472	1347	31
443	18	5	40	4481	3472	29
444	4	8	20	4490	300	33
445	16	7	30	4499	4376	31
446	27	2	20	4508	444	34
447	3	14	30	4517	1104	29
448	4	2	30	4526	660	34
449	3	10	20	4535	7182	29
450	23	3	50	4544	1322	29
451	19	6	20	4553	2024	35
452	20	0	10	4562	1313	32
453	21	16	20	4571	2856	29
454	12	7	40	4580	1255	30
455	18	6	10	4589	917	31
456	19	12	50	4598	11101	27
457	16	17	50	4607	1648	26
458	22	8	20	4616	331	26
459	17	27	30	4625	13627	27
460	6	14	30	4634	5656	34
461	17	15	10	4643	9096	27
462	28	8	40	4652	605	34
463	13	17	40	4661	5042	25
464	29	4	20	4670	1421	26
465	13	19	30	4679	537	26
466	17	11	10	4688	4433	32
467	19	17	10	4697	86	25
468	23	4	30	4706	3773	29
469	6	13	10	4715	8674	32
470	9	25	40	4724	5947	29
471	29	13	10	4733	4979	30
472	10	19	30	4742	2961	25
473	27	26	10	4751	463	28
474	6	23	20	4760	5755	26
475	5	18	20	4769	14118	35
476	11	16	50	4800	897	33
477	8	6	10	4811	6918	34
478	2	16	30	4822	938	27
479	20	6	50	4833	315	30
480	11	19	10	4844	10366	27
481	2	26	40	4855	5631	28
482	11	18	40	4866	9451	30
483	26	3	10	4877	6109	32
484	25	13	10	4888	449	26
485	27	18	40	4899	943	32
486	26	20	20	4910	264	31
487	25	3	20	4921	301	31
488	28	23	10	4932	2523	35
489	7	6	10	4943	7360	33
490	8	10	40	4954	3582	31
491	13	0	10	4965	875	30
492	23	20	50	4976	4575	33
493	7	3	40	4987	2187	27
494	9	21	40	4998	828	27
495	5	3	30	5009	3240	28
496	12	22	10	5020	2176	33
497	6	25	10	5031	3370	31
498	19	1	30	5042	1320	28
499	20	17	40	5053	11724	32
500	28	25	30	5064	21384	34
501	7	14	10	5075	350	33
502	10	9	10	5086	3982	35
503	27	18	20	5097	1239	27
504	23	14	40	5108	247	25
505	23	19	40	5119	3371	35
506	8	17	40	5130	8286	34
507	22	3	10	5141	748	28
508	14	24	50	5152	5507	28
509	6	19	30	5163	1419	31
510	6	20	10	5174	16	33
511	11	5	40	5185	488	29
512	14	0	20	5200	550	34
513	2	3	20	5211	14	32
514	6	8	30	5222	170	25
515	3	18	50	5233	5	30
516	5	27	20	5244	18969	33
517	2	5	40	5255	1769	26
518	18	2	40	5266	3768	34
519	1	16	30	5277	372	29
520	16	28	20	5288	255	30
521	22	8	40	5299	3638	26
522	20	24	10	5310	3225	26
523	15	28	20	5321	5870	32
524	28	3	30	5332	1392	25
525	26	23	30	5343	3445	34
526	5	23	20	5354	124	32
527	3	16	40	5365	429	34
528	18	5	20	5376	10218	25
529	1	19	50	5387	930	33
530	22	26	20	5398	3203	27
531	4	21	50	5409	3994	27
532	19	5	30	5420	3119	30
533	11	27	50	5431	1217	31
534	21	10	30	5442	336	31
535	4	5	50	5453	7362	29
536	22	15	40	5464	533	29
537	13	28	20	5475	4079	27
538	2	19	30	5486	5132	32
539	1	24	20	5497	3078	27
540	19	1	50	5508	1639	34
541	4	17	10	5519	8953	28
542	10	8	20	5530	1572	27
543	22	5	30	5541	741	29
544	0	16	10	5552	7261	25
545	27	4	50	5563	2589	27
546	29	0	50	5600	281	31
547	21	17	30	5608	4531	26
548	0	25	20	5616	1908	27
549	6	3	40	5624	821	33
550	29	5	10	5632	3319	31
551	10	18	20	5640	256	31
552	18	22	20	5648	12795	32
553	17	14	50	5656	853	35
554	3	20	20	5664	8645	26
555	6	17	40	5672	2029	33
556	16	20	10	5680	3022	32
557	24	11	40	5688	7893	27
558	29	15	50	5696	14369	26
559	26	20	10	5704	2636	27
560	17	27	30	5712	3097	28
561	5	1	10	5720	5915	25
562	3	27	40	5728	1141	28
563	13	4	10	5736	3106	31
564	13	22	20	5744	5507	28
565	1	29	10	5752	1863	30
566	21	29	20	5760	3409	35
567	2	3	30	5768	8042	28
568	10	22	50	5776	10250	25
569	2	3	30	5784	894	31
570	11	1	20	5792	8369	26
571	21	29	10	5800	1734	30
572	29	15	10	5808	4027	30
573	16	8	30	5816	305	32
574	12	15	40	5824	5589	31
575	12	11	10	5832	737	27
576	12	0	20	5840	1271	34
577	28	18	30	5848	1940	32
578	15	11	10	5856	10769	32
579	0	29	30	5864	6800	34
580	27	22	40	5872	2848	27
581	14	4	50	5880	1739	30
582	2	20	30	5888	5127	31
583	12	2	30	5896	5336	28
584	2	13	50	5904	4127	27
585	12	8	50	5912	2685	31
586	15	29	40	5920	4463	31
587	1	21	30	5928	1719	30
588	8	7	30	5936	1896	29
589	14	23	50	5944	4591	33
590	17	14	50	5952	1490	32
591	28	4	50	5960	1225	26
592	14	12	20	5968	4397	25
593	5	27	30	6000	1098	30
594	13	26	50	6010	24411	34
595	13	29	50	6020	3321	33
596	0	19	30	6030	4143	25
597	27	3	20	6040	6147	32
598	8	13	20	6050	2188	25
599	28	16	10	6060	2500	30
600	5	6	40	6070	9335	27
601	26	28	20	6080	901	28
602	10	25	30	6090	5625	26
603	28	22	50	6100	788	31
604	25	1	30	6110	1478	32
605	7	6	50	6120	953	25
606	11	2	10	6130	2230	26
607	2	13	50	6140	8676	35
608	5	0	20	6150	2314	29
609	21	8	20	6160	5040	35
610	24	16	20	6170	537	35
611	18	1	30	6180	630	35
612	8	29	30	6190	10564	31
613	28	15	30	6200	674	28
614	28	27	20	6210	14488	35
615	3	22	30	6220	824	33
616	2	12	30	6230	203	30
617	21	25	10	6240	2867	35
618	10	22	10	6250	9070	29
619	1	14	20	6260	1197	33
620	15	29	30	6270	4815	35
621	20	7	40	6280	1015	29
622	23	24	10	6290	2681	34
623	25	28	10	6300	1098	27
624	14	18	40	6310	8807	34
625	12	27	30	6320	3795	35
626	7	16	40	6330	4620	29
627	23	17	40	6340	2006	25
628	2	12	40	6350	314	33
629	28	14	50	6360	836	33
630	11	22	30	6370	2964	27
631	14	26	10	6380	2672	27
632	20	5	20	6400	13185	32
633	16	25	10	6408	2520	27
634	25	23	50	6416	9825	31
635	0	24	20	6424	1469	35
636	3	9	20	6432	3641	28
637	3	27	30	6440	3136	35
638	17	1	10	6448	2231	31
639	25	6	50	6456	2259	26
640	1	7	40	6464	254	30
641	13	16	50	6472	6179	32
642	26	20	20	6480	9629	26
643	16	29	10	6488	4330	30
644	20	6	30	6496	3257	34
645	29	13	30	6504	722	32
646	19	5	20	6512	1632	30
647	15	26	50	6520	2868	33
648	6	28	10	6528	1241	31
649	10	3	20	6536	6673	26
650	11	18	20	6544	2889	28
651	8	24	30	6552	572	25
652	16	11	20	6560	8773	28
653	6	28	50	6568	710	28
654	12	17	30	6576	5789	30
655	14	27	50	6584	4543	34
656	3	4	20	6592	4998	30
657	14	26	30	6600	2892	34
658	14	4	20	6608	1367	32
659	12	4	50	6616	4766	32
660	29	19	10	6624	2995	31
661	17	13	30	6632	134	26
662	0	1	10	6640	6643	26
663	6	15	20	6648	1154	31
664	9	16	40	6656	857	32
665	9	21	20	6664	4067	33
666	27	24	10	6672	807	28
667	22	3	30	6680	2474	29
668	2	22	40	6688	1102	32
669	28	3	50	6696	4383	25
670	0	13	20	6704	3553	29
671	28	14	10	6712	2822	30
672	4	24	50	6720	351	29
673	15	16	10	6728	2501	27
674	0	8	40	6736	877	27
675	2	14	40	6744	9782	28
676	23	16	20	6752	1509	27
677	6	25	50	6800	7022	28
678	5	22	30	6809	4597	28
679	15	3	10	6818	5151	27
680	23	20	10	6827	1301	29
681	21	19	50	6836	760	32
682	16	20	30	6845	545	30
683	22	8	20	6854	1227	32
684	16	27	40	6863	4486	30
685	2	28	10	6872	1977	27
686	28	14	40	6881	3654	34
687	13	7	20	6890	6441	28
688	4	9	30	6899	4851	32
689	10	26	50	6908	1073	32
690	27	20	50	6917	3606	30
691	18	11	40	6926	346	30
692	19	22	20	6935	1171	28
693	4	26	10	6944	5256	34
694	25	15	40	6953	9394	30
695	13	23	20	6962	116	29
696	13	15	40	6971	15023	30
697	20	5	50	6980	4306	30
698	7	13	30	6989	2526	34
699	10	15	20	6998	10042	26
700	1	18	20	7007	16164	28
701	27	1	50	7016	8281	26
702	13	3	10	7025	1263	25
703	8	25	10	7034	3676	30
704	9	20	10	7043	1008	32
705	13	2	20	7052	33	33
706	3	29	40	7061	202	31
707	0	26	10	7070	2203	25
708	6	21	20	7079	13494	25
709	10	2	50	7088	7628	27
710	21	9	30	7097	1814	31
711	26	8	30	7106	8692	26
712	9	3	10	7115	7126	30
713	29	1	10	7124	3333	30
714	18	12	50	7133	2169	28
715	8	0	20	7142	1747	35
716	0	23	50	7151	9432	31
717	7	22	50	7160	3156	29
718	19	17	40	7169	3436	26
719	6	18	30	7178	6496	30
720	11	6	30	7200	160	34
721	14	18	40	7210	1929	25
722	17	25	50	7220	5685	33
723	21	25	50	7230	22	35
724	0	13	50	7240	297	31
725	12	1	30	7250	2819	35
726	8	22	40	7260	1163	27
727	29	26	40	7270	1740	30
728	19	29	30	7280	3287	32
729	16	14	20	7290	737	34
730	18	29	10	7300	11040	33
731	3	12	30	7310	4257	33
732	29	11	20	7320	1778	30
733	25	6	10	7330	5781	27
734	13	16	50	7340	5415	34
735	26	18	20	7350	2068	27
736	8	16	40	7360	9301	31
737	7	24	20	7370	2989	35
738	12	18	20	7380	169	25
739	3	24	30	7390	4386	32
740	28	27	30	7400	1666	31
741	27	17	40	7410	770	34
742	6	16	10	7420	7193	27
743	24	5	30	7430	7619	29
744	19	16	20	7440	8184	26
745	1	12	30	7450	4923	28
746	9	8	40	7460	1157	35
747	20	21	20	7470	4664	33
748	16	13	20	7480	1500	31
749	17	14	30	7490	3199	31
750	12	29	30	7500	525	33
751	5	22	50	7510	2254	26
752	0	18	20	7520	345	29
753	0	24	50	7530	4378	28
754	29	8	50	7540	8461	28
755	17	0	30	7550	3662	28
756	9	6	50	7560	489	29
757	21	8	20	7600	1233	26
758	8	13	10	7608	3016	35
759	27	18	40	7616	5049	32
760	4	10	30	7624	5640	31
761	4	2	50	7632	4769	26
762	10	26	40	7640	7957	29
763	20	6	50	7648	6383	27
764	21	3	50	7656	9849	30
765	17	28	10	7664	4945	34
766	26	25	10	7672	2996	31
767	13	26	50	7680	278	28
768	15	16	20	7688	6942	32
769	21	23	30	7696	59	25
770	29	13	30	7704	2403	29
771	22	29	30	7712	1905	32
772	25	4	30	7720	2807	29
773	15	23	20	7728	9650	29
774	7	20	10	7736	2480	34
775	13	18	50	7744	7982	25
776	8	1	40	7752	3178	34
777	23	18	20	7760	9518	28
778	2	9	30	7768	578	34
779	29	0	30	7776	1808	27
780	2	22	40	7784	1175	25
781	18	1	30	7792	3319	29
782	13	14	30	7800	163	35
783	2	15	50	7808	39	26
784	3	15	50	7816	185	25
785	13	7	20	7824	2819	31
786	2	24	10	7832	3396	29
787	28	17	20	7840	4731	26
788	25	28	20	7848	8650	34
789	26	14	20	7856	612	30
790	17	11	30	7864	1361	34
791	17	7	30	7872	4051	30
792	29	11	10	7880	23022	35
793	14	28	40	7888	1569	28
794	29	13	50	7896	9637	25
795	24	25	30	7904	4134	30
796	16	22	10	7912	1496	29
797	16	9	10	7920	151	35
798	3	2	40	7928	11020	35
799	1	19	10	7936	703	27
800	4	16	20	7944	797	32
801	25	11	40	7952	813	32
802	5	6	50	8000	8001	26
803	24	19	40	8007	1415	30
804	18	0	10	8014	416	26
805	20	0	10	8021	5453	25
806	10	17	20	8028	10442	33
807	14	24	10	8035	756	35
808	23	3	50	8042	908	30
809	15	21	50	8049	61	28
810	8	28	50	8056	211	30
811	15	18	30	8063	932	26
812	19	0	40	8070	560	27
813	9	12	40	8077	725	33
814	24	26	50	8084	2482	32
815	16	8	50	8091	852	27
816	20	18	30	8098	4273	26
817	8	12	40	8105	7681	28
818	16	21	10	8112	5577	27
819	7	25	40	8119	2102	34
820	15	4	10	8126	590	30
821	28	8	40	8133	7175	30
822	17	28	40	8140	805	29
823	19	0	10	8147	4579	26
824	4	11	10	8154	5181	26
825	12	6	10	8161	6744	35
826	23	16	20	8168	1926	33
827	10	6	50	8175	792	25
828	16	8	20	8182	1	29
829	12	24	40	8189	6812	28
830	26	24	50	8196	3211	31
831	21	20	30	8203	2862	34
832	20	15	40	8210	14163	28
833	0	20	30	8217	14528	31
834	24	14	10	8224	808	30
835	7	11	10	8231	292	28
836	12	26	40	8238	4804	28
837	18	23	40	8245	5420	29
838	14	13	50	8252	9667	35
839	13	15	50	8259	1432	35
840	2	20	50	8266	3463	34
841	17	29	50	8273	2042	30
842	5	14	30	8280	2696	32
843	10	6	20	8287	8149	31
844	17	15	20	8294	379	25
845	1	24	50	8301	336	33
846	28	7	40	8308	2822	27
847	19	29	30	8315	7109	26
848	20	1	40	8322	7923	32
849	13	5	50	8329	5064	34
850	4	7	10	8336	17646	29
851	8	11	20	8343	2454	26
852	29	18	10	8350	1342	33
853	25	7	50	8357	2999	25
854	16	13	10	8400	96	33
855	6	7	40	8409	1704	27
856	7	13	10	8418	6	27
857	16	4	50	8427	808	35
858	20	8	40	8436	3391	28
859	5	24	50	8445	1337	27
860	26	12	40	8454	1798	28
861	0	10	20	8463	5492	32
862	28	15	50	8472	755	31
863	10	8	20	8481	1946	26
864	18	26	10	8490	2489	33
865	17	7	30	8499	3110	31
866	25	1	40	8508	1081	33
867	18	9	20	8517	683	32
868	14	27	40	8526	16276	27
869	17	14	50	8535	1989	28
870	3	12	20	8544	2715	34
871	1	25	40	8553	9828	32
872	23	28	50	8562	11433	28
873	3	6	10	8571	2398	27
874	5	4	40	8580	7076	25
875	27	5	10	8589	5350	25
876	22	24	10	8598	1681	33
877	7	22	20	8607	1499	34
878	1	14	50	8616	3579	26
879	2	17	10	8625	4148	29
880	13	29	20	8634	1476	32
881	3	17	40	8643	3204	31
882	20	5	10	8652	1529	29
883	3	4	20	8661	1326	30
884	8	17	30	8670	7088	35
885	18	13	30	8679	391	29
886	22	2	20	8688	1024	25
887	25	8	40	8697	2344	27
888	14	5	30	8706	11958	33
889	18	7	30	8715	7231	27
890	29	27	50	8724	285	26
891	26	20	50	8733	2904	29
892	28	13	10	8742	747	25
893	8	19	50	8751	3940	32
894	17	2	10	8760	11185	32
895	2	10	40	8800	7151	26
896	19	12	10	8808	1033	34
897	25	4	20	8816	444	30
898	21	10	10	8824	2085	34
899	0	9	40	8832	3193	29
900	6	23	10	8840	7428	35
901	9	27	20	8848	1717	31
902	5	2	50	8856	7536	34
903	2	16	50	8864	2541	28
904	9	23	40	8872	1021	35
905	2	12	20	8880	305	32
906	14	12	30	8888	2902	34
907	26	12	50	8896	7186	31
908	20	2	20	8904	4789	25
909	19	8	50	8912	1349	33
910	13	11	30	8920	15	30
911	29	19	40	8928	4671	29
912	14	21	50	8936	3582	33
913	17	22	30	8944	10424	35
914	21	24	30	8952	14848	31
915	22	25	50	8960	6660	32
916	10	4	10	8968	2240	28
917	25	11	40	8976	8826	25
918	1	22	40	8984	3241	27
919	0	12	30	8992	1848	28
920	25	4	20	9000	1510	30
921	29	21	10	9008	6306	30
922	4	5	50	9016	929	34
923	26	18	20	9024	635	25
924	17	16	50	9032	1559	27
925	6	20	30	9040	15029	30
926	3	11	40	9048	5449	31
927	15	8	50	9056	1519	32
928	16	2	10	9064	2869	30
929	2	24	10	9072	23022	34
930	7	22	10	9080	2851	26
931	27	19	50	9088	1087	28
932	16	11	10	9096	9475	35
933	1	5	10	9104	168	33
934	25	22	10	9112	6471	29
935	4	2	10	9120	12832	26
936	28	14	50	9128	4858	33
937	17	19	10	9136	7524	25
938	23	9	40	9144	234	30
939	6	5	10	9152	5650	28
940	4	1	10	9160	3444	31
941	25	18	20	9168	1988	30
942	5	7	30	9176	5473	27
943	24	26	30	9184	4355	25
944	4	26	50	9192	7140	33
945	0	9	20	9200	1912	32
946	12	0	50	9211	10333	31
947	10	22	40	9222	1119	26
948	16	25	30	9233	4211	26
949	24	7	10	9244	548	25
950	22	5	30	9255	2068	33
951	24	1	30	9266	1648	34
952	23	12	40	9277	3192	28
953	20	28	30	9288	147	31
954	5	3	30	9299	1073	34
955	7	0	10	9310	207	30
956	5	22	30	9321	610	33
957	8	14	40	9332	4830	34
958	14	29	10	9343	637	26
959	3	2	10	9354	1143	30
960	29	0	40	9365	1599	25
961	29	4	30	9376	892	26
962	10	9	50	9387	1555	25
963	17	7	10	9398	4831	27
964	11	17	50	9409	5994	32
965	15	22	30	9420	5803	26
966	13	7	40	9431	6102	29
967	13	16	40	9442	3197	25
968	21	29	30	9453	531	30
969	17	22	30	9464	64	30
970	24	9	50	9475	455	34
971	22	14	10	9486	3482	27
972	2	3	50	9497	7159	30
973	25	15	30	9508	6413	35
974	26	10	30	9519	6294	32
975	29	15	50	9530	10245	25
976	24	14	30	9541	196	28
977	9	7	30	9552	3141	34
978	21	23	20	9563	1511	27
979	17	7	30	9574	11443	30
980	24	19	40	9600	214	34
981	22	18	50	9611	2770	29
982	28	12	30	9622	4373	31
983	21	25	50	9633	1937	29
984	10	19	40	9644	3596	25
985	13	21	30	9655	754	27
986	4	7	10	9666	4662	35
987	25	13	30	9677	8165	29
988	26	1	40	9688	6558	34
989	18	22	50	9699	5563	35
990	28	9	40	9710	6814	28
991	20	1	20	9721	8	34
992	2	20	10	9732	4818	35
993	20	6	30	9743	6606	25
994	7	5	30	9754	2226	27
995	4	26	30	9765	1894	29
996	15	8	30	9776	288	30
997	17	29	30	9787	181	35
998	13	9	40	9798	8715	28
999	19	3	20	9809	275	31
1000	17	0	30	9820	3640	27
1001	28	14	10	9831	1874	31
1002	18	23	20	9842	509	32
1003	29	2	50	9853	4032	31
1004	29	26	10	9864	82	26
1005	29	19	20	9875	6914	31
1006	21	28	30	9886	2811	28
1007	27	26	10	9897	5562	29
1008	24	17	10	9908	1116	34
1009	5	18	30	9919	1499	34
1010	12	16	40	9930	10	26
1011	26	14	10	9941	3640	35
1012	16	20	20	9952	1953	32
1013	27	20	30	9963	915	31
1014	8	13	20	10000	874	31
1015	6	12	40	10015	7083	31
1016	0	21	10	10030	3063	31
1017	18	14	50	10045	11137	31
1018	6	18	20	10060	457	26
1019	27	25	20	10075	3711	29
1020	11	16	30	10090	322	27
1021	17	24	10	10105	9739	25
1022	17	13	10	10120	5456	26
1023	3	7	30	10135	1869	30
1024	19	12	50	10150	882	26
1025	4	9	40	10165	446	25
1026	19	25	50	10180	8519	27
1027	11	25	30	10195	100	30
1028	18	10	10	10210	1860	32
1029	21	13	50	10225	2147	27
1030	14	7	30	10240	7674	31
1031	6	16	50	10255	14	28
1032	25	28	40	10270	4283	30
1033	2	19	50	10285	1140	31
1034	0	7	10	10300	1694	27
1035	26	5	40	10315	4533	28
1036	3	26	40	10330	1912	33
1037	29	10	30	10345	121	35
1038	21	28	40	10360	1806	28
1039	10	29	20	10375	5888	30
1040	21	22	10	10400	4400	35
1041	6	10	10	10410	11072	31
1042	0	25	20	10420	3940	30
1043	20	13	20	10430	2719	25
1044	6	7	10	10440	5520	34
1045	1	25	30	10450	996	29
1046	3	11	50	10460	3825	27
1047	4	28	30	10470	2737	29
1048	11	24	20	10480	3785	29
1049	0	24	40	10490	3635	32
1050	4	6	30	10500	7386	33
1051	26	23	30	10510	563	34
1052	11	10	10	10520	11008	33
1053	15	12	20	10530	1326	34
1054	7	18	50	10540	18135	29
1055	29	5	20	10550	4622	27
1056	11	0	10	10560	3974	29
1057	15	16	40	10570	5486	27
1058	9	20	50	10580	2298	30
1059	25	18	30	10590	9857	26
1060	9	24	20	10600	11343	28
1061	10	3	10	10610	2616	34
1062	9	16	10	10620	1906	32
1063	3	4	20	10630	7044	31
1064	21	9	50	10640	2460	28
1065	5	29	40	10650	28391	33
1066	0	16	20	10660	11270	29
1067	14	0	30	10670	595	26
1068	27	13	30	10680	7846	28
1069	12	7	40	10690	2922	28
1070	2	15	50	10700	2389	34
1071	1	11	30	10710	2814	32
1072	26	16	20	10720	3421	28
1073	25	18	10	10730	1647	32
1074	6	4	20	10740	11082	30
1075	5	6	20	10750	603	31
1076	16	28	50	10760	1346	30
1077	27	0	40	10800	1156	26
1078	27	0	30	10810	3922	31
1079	17	16	20	10820	15188	32
1080	0	27	40	10830	2692	34
1081	14	27	30	10840	1948	34
1082	0	1	10	10850	2130	25
1083	17	16	20	10860	5963	25
1084	17	8	30	10870	3405	29
1085	17	13	50	10880	5117	32
1086	25	4	50	10890	278	31
1087	10	15	20	10900	1879	32
1088	25	1	50	10910	1198	26
1089	1	2	40	10920	4316	25
1090	15	4	40	10930	198	34
1091	18	10	10	10940	4017	30
1092	19	20	30	10950	3594	30
1093	26	9	20	10960	2380	26
1094	1	5	50	10970	7070	27
1095	11	18	50	10980	828	25
1096	26	22	50	10990	3266	34
1097	27	21	10	11000	6407	35
1098	29	3	20	11010	138	33
1099	0	7	30	11020	5533	25
1100	1	9	20	11030	1315	25
1101	19	9	30	11040	2595	25
1102	7	14	50	11050	4044	26
1103	29	16	30	11060	392	26
1104	28	8	50	11070	637	33
1105	2	24	50	11080	1644	26
1106	0	8	20	11090	3252	31
1107	15	22	10	11100	3651	26
1108	9	8	10	11110	1691	28
1109	2	12	30	11120	7565	34
1110	12	6	30	11130	2039	32
1111	13	29	20	11140	1903	28
1112	18	15	20	11150	517	31
1113	22	2	40	11160	2460	33
1114	24	20	50	11170	2213	28
1115	24	27	50	11200	3245	29
1116	10	2	50	11215	277	34
1117	21	29	50	11230	3708	32
1118	15	25	40	11245	1177	27
1119	3	26	50	11260	5351	31
1120	10	24	50	11275	10745	27
1121	20	0	50	11290	3332	33
1122	18	29	40	11305	8464	25
1123	26	12	50	11320	888	27
1124	27	2	10	11335	2540	29
1125	14	4	50	11350	6770	28
1126	11	20	10	11365	9734	27
1127	0	8	50	11380	540	26
1128	24	13	10	11395	2839	30
1129	24	15	20	11410	5549	30
1130	8	13	30	11425	3489	33
1131	19	6	40	11440	2672	31
1132	27	26	30	11455	978	28
1133	26	22	10	11470	8337	31
1134	16	7	10	11485	4780	32
1135	11	17	20	11500	50	33
1136	7	13	40	11515	5534	33
1137	0	14	40	11530	1539	34
1138	19	7	30	11545	3950	27
1139	14	13	40	11560	1077	28
1140	17	5	40	11575	722	26
1141	9	13	50	11600	2529	29
1142	1	6	10	11608	122	28
1143	22	18	20	11616	2108	28
1144	18	24	10	11624	1208	28
1145	1	6	20	11632	4429	31
1146	29	23	50	11640	2872	35
1147	27	17	50	11648	572	33
1148	1	18	20	11656	94	34
1149	6	7	10	11664	1278	33
1150	1	15	10	11672	511	27
1151	4	23	10	11680	12292	26
1152	11	27	20	11688	3136	32
1153	25	6	20	11696	1405	27
1154	19	11	40	11704	6802	34
1155	11	7	20	11712	5020	27
1156	0	11	40	11720	3643	25
1157	11	0	10	11728	2297	34
1158	2	15	30	11736	3905	33
1159	14	4	50	11744	1609	30
1160	21	4	40	11752	2212	35
1161	29	28	20	11760	2249	29
1162	21	7	50	11768	378	32
1163	14	23	50	11776	3611	34
1164	23	29	10	11784	1242	25
1165	23	0	50	11792	9725	26
1166	16	2	50	11800	705	35
1167	21	23	10	11808	1128	25
1168	5	24	40	11816	5743	25
1169	13	3	30	11824	2127	30
1170	17	13	20	11832	6567	32
1171	9	19	20	11840	5507	35
1172	2	21	30	11848	15061	29
1173	1	11	10	11856	76	34
1174	16	20	20	11864	3398	29
1175	1	12	50	11872	2488	33
1176	18	25	40	11880	3064	29
1177	26	9	20	11888	2538	32
1178	7	19	40	11896	11154	34
1179	25	26	40	11904	6448	34
1180	14	9	50	11912	1447	29
1181	14	2	10	11920	6036	30
1182	28	18	40	11928	434	27
1183	18	6	10	11936	1070	32
1184	23	0	20	11944	3979	28
1185	3	19	30	11952	3959	31
1186	7	10	20	11960	11513	34
1187	2	21	10	11968	10137	26
1188	7	11	20	11976	239	32
1189	5	0	40	12000	16162	29
1190	11	6	30	12011	2142	32
1191	26	12	30	12022	1498	34
1192	27	28	20	12033	4765	26
1193	5	3	30	12044	1404	33
1194	23	8	50	12055	6670	29
1195	17	5	20	12066	5312	32
1196	18	4	50	12077	1900	33
1197	16	11	20	12088	2287	30
1198	28	19	20	12099	615	27
1199	25	22	20	12110	1714	27
1200	15	3	30	12121	2836	31
1201	8	1	40	12132	1239	34
1202	21	23	20	12143	1856	32
1203	18	13	40	12154	3775	29
1204	18	23	50	12165	2517	26
1205	21	26	50	12176	1863	27
1206	2	3	30	12187	15068	33
1207	10	16	20	12198	2974	33
1208	8	16	10	12209	5149	33
1209	18	0	40	12220	1748	25
1210	22	12	40	12231	792	34
1211	4	0	20	12242	548	28
1212	3	11	30	12253	2760	35
1213	6	18	40	12264	6921	34
1214	29	23	10	12275	112	25
1215	7	2	40	12286	4152	30
1216	1	11	40	12297	1585	27
1217	3	0	50	12308	7740	35
1218	21	23	40	12319	13340	31
1219	20	10	30	12330	4072	30
1220	15	21	30	12341	13805	27
1221	13	11	40	12352	1102	34
1222	14	11	50	12363	831	28
1223	0	24	10	12374	6050	31
1224	1	27	10	12400	24617	33
1225	21	1	40	12408	2724	33
1226	11	20	50	12416	211	33
1227	27	17	50	12424	4566	32
1228	8	1	20	12432	930	30
1229	29	14	50	12440	7265	32
1230	13	6	50	12448	355	25
1231	2	13	30	12456	419	35
1232	27	19	10	12464	1585	30
1233	11	26	20	12472	3564	32
1234	10	23	10	12480	1384	27
1235	6	9	20	12488	151	30
1236	22	9	50	12496	2094	33
1237	10	4	50	12504	2709	34
1238	29	13	10	12512	5838	31
1239	1	5	30	12520	1192	25
1240	1	17	50	12528	4216	34
1241	26	22	10	12536	2173	25
1242	24	4	10	12544	876	29
1243	19	10	40	12552	4869	32
1244	12	17	50	12560	6490	31
1245	7	5	20	12568	1350	29
1246	23	1	10	12576	6726	35
1247	21	10	30	12584	8267	27
1248	5	10	30	12592	1250	33
1249	16	6	20	12600	723	35
1250	15	25	40	12608	2095	30
1251	15	4	10	12616	2958	33
1252	24	18	30	12624	2547	35
1253	8	10	40	12632	2803	32
1254	10	2	50	12640	1914	35
1255	1	22	40	12648	1242	33
1256	23	18	50	12656	328	31
1257	20	28	20	12664	3582	26
1258	16	17	40	12672	3797	31
1259	27	20	10	12680	14460	28
1260	10	5	50	12688	1548	30
1261	4	14	40	12696	1405	25
1262	2	15	50	12704	1525	28
1263	9	1	10	12712	8707	25
1264	4	23	40	12720	1254	35
1265	20	0	20	12728	334	34
1266	6	10	10	12736	6455	34
1267	21	14	20	12744	9572	28
1268	25	24	30	12752	3021	32
1269	23	14	50	12760	18662	30
1270	14	23	40	12768	1089	32
1271	21	5	50	12776	7212	28
1272	3	16	40	12784	367	29
1273	20	17	20	12800	4903	30
1274	18	23	40	12811	17450	32
1275	18	28	20	12822	3186	27
1276	19	6	40	12833	181	29
1277	25	1	10	12844	2643	32
1278	18	7	10	12855	15102	35
1279	24	20	50	12866	4968	29
1280	28	0	40	12877	4558	34
1281	20	9	30	12888	784	30
1282	22	7	30	12899	2125	35
1283	21	24	10	12910	172	31
1284	13	19	20	12921	2245	27
1285	28	2	50	12932	3305	28
1286	7	23	50	12943	3961	25
1287	19	10	30	12954	6932	33
1288	1	24	20	12965	940	32
1289	9	0	30	12976	103	29
1290	12	20	20	12987	12701	35
1291	1	11	40	12998	6770	32
1292	23	17	10	13009	8449	27
1293	1	23	10	13020	6331	27
1294	20	28	30	13031	11054	30
1295	27	2	20	13042	1755	33
1296	24	8	10	13053	430	33
1297	15	3	50	13064	1484	29
1298	14	17	50	13075	2282	33
1299	22	16	40	13086	5127	33
1300	0	25	10	13097	2660	30
1301	1	16	40	13108	9426	31
1302	25	14	50	13119	1681	31
1303	11	24	30	13130	1302	27
1304	1	14	30	13141	10470	27
1305	24	18	40	13152	3399	27
1306	11	18	30	13163	2282	28
1307	4	0	20	13200	5785	29
1308	19	15	50	13209	2908	25
1309	21	4	30	13218	7117	33
1310	12	16	50	13227	1007	28
1311	28	17	50	13236	3618	35
1312	2	21	10	13245	3813	26
1313	21	25	50	13254	9280	27
1314	29	20	30	13263	1386	29
1315	19	26	20	13272	616	35
1316	12	6	10	13281	8614	26
1317	10	20	50	13290	1285	32
1318	25	11	50	13299	2442	34
1319	6	21	50	13308	4908	31
1320	12	6	20	13317	2402	34
1321	16	29	30	13326	15193	26
1322	19	21	50	13335	4805	31
1323	16	25	10	13344	2809	27
1324	10	25	30	13353	131	31
1325	13	11	50	13362	2195	25
1326	27	17	40	13371	12511	26
1327	1	23	40	13380	1388	26
1328	29	19	40	13389	5871	25
1329	21	20	30	13398	3998	35
1330	24	18	20	13407	2369	29
1331	4	3	50	13416	5299	25
1332	10	14	10	13425	200	35
1333	25	19	20	13434	1175	27
1334	23	25	40	13443	1022	35
1335	26	13	50	13452	5963	27
1336	24	23	30	13461	7202	35
1337	10	13	50	13470	577	32
1338	20	10	30	13479	489	29
1339	18	29	30	13488	7782	35
1340	16	13	20	13497	545	35
1341	3	22	30	13506	7981	31
1342	29	24	40	13515	1464	33
1343	10	20	40	13524	1900	34
1344	26	14	30	13533	6497	26
1345	14	2	30	13542	1803	25
1346	28	19	30	13551	899	30
1347	1	22	10	13560	15141	35
1348	2	3	30	13569	2785	33
1349	1	3	20	13578	6320	31
1350	14	26	10	13587	2549	32
1351	13	18	20	13600	7025	26
1352	19	21	10	13610	7672	30
1353	7	26	10	13620	5207	26
1354	10	9	30	13630	1264	35
1355	13	26	30	13640	2838	29
1356	11	25	50	13650	922	35
1357	8	20	50	13660	7297	28
1358	0	29	10	13670	1126	32
1359	18	1	30	13680	2809	26
1360	27	1	50	13690	3831	25
1361	9	24	50	13700	610	27
1362	4	11	30	13710	21176	29
1363	27	23	30	13720	8639	26
1364	26	14	20	13730	1939	29
1365	8	12	10	13740	2681	27
1366	18	3	40	13750	3163	35
1367	7	0	50	13760	1784	35
1368	28	0	20	13770	4510	28
1369	3	7	30	13780	2920	26
1370	25	1	50	13790	1473	25
1371	1	23	10	13800	5538	29
1372	20	8	20	13810	695	27
1373	6	13	20	13820	3663	34
1374	20	6	40	13830	3462	32
1375	8	14	40	13840	3541	27
1376	17	3	50	13850	4446	29
1377	9	1	10	13860	1548	33
1378	20	9	30	13870	4836	26
1379	26	22	10	13880	4427	30
1380	14	22	30	13890	998	31
1381	25	26	40	13900	15430	26
1382	29	20	10	13910	6274	28
1383	28	17	30	13920	14845	30
1384	6	25	20	13930	700	28
1385	11	1	50	13940	3866	28
1386	14	12	50	13950	8516	31
1387	2	17	10	13960	1547	34
1388	15	9	50	13970	16445	28
1389	9	29	20	13980	5054	30
1390	14	18	10	14000	3364	28
1391	16	4	40	14010	22207	31
1392	9	14	50	14020	8789	25
1393	2	9	50	14030	3772	27
1394	21	28	30	14040	1101	34
1395	6	19	30	14050	17101	33
1396	29	11	10	14060	8131	27
1397	2	1	10	14070	2192	31
1398	14	5	30	14080	20442	30
1399	18	2	30	14090	1510	34
1400	25	28	50	14100	6780	25
1401	21	19	40	14110	7366	31
1402	3	22	50	14120	1432	32
1403	28	24	50	14130	16406	32
1404	6	0	20	14140	2661	30
1405	13	2	50	14150	5117	27
1406	23	8	50	14160	4407	34
1407	13	8	40	14170	1168	32
1408	17	20	20	14180	644	29
1409	1	26	40	14190	4601	32
1410	26	21	30	14200	7260	25
1411	2	24	40	14210	8652	27
1412	18	10	20	14220	589	27
1413	4	7	10	14230	3432	26
1414	3	10	10	14240	1334	31
1415	1	5	20	14250	4058	35
1416	10	3	40	14260	1722	34
1417	5	23	10	14270	78	35
1418	20	28	20	14280	5149	34
1419	15	12	20	14290	5785	26
1420	23	29	10	14300	3740	32
1421	15	17	30	14310	1023	26
1422	21	19	10	14320	1888	32
1423	18	0	10	14330	12764	33
1424	18	17	30	14340	11934	34
1425	8	26	20	14350	1495	29
1426	22	9	20	14360	7883	28
1427	18	0	30	14400	3185	25
1428	14	13	50	14408	1779	35
1429	13	17	10	14416	3597	34
1430	9	2	40	14424	5069	35
1431	15	2	40	14432	1145	33
1432	24	26	40	14440	1584	28
1433	2	7	50	14448	1958	28
1434	0	25	10	14456	7669	30
1435	23	1	50	14464	1909	35
1436	22	3	40	14472	4530	29
1437	0	25	10	14480	6605	32
1438	22	16	10	14488	2690	35
1439	23	22	20	14496	2311	25
1440	17	22	10	14504	12136	30
1441	1	4	10	14512	3953	34
1442	14	26	40	14520	755	29
1443	13	14	10	14528	1427	31
1444	13	6	40	14536	8486	30
1445	11	24	30	14544	4604	26
1446	27	23	20	14552	7835	29
1447	5	7	50	14560	1500	35
1448	28	27	50	14568	1583	32
1449	20	23	10	14576	3698	35
1450	26	15	40	14584	4045	34
1451	23	18	50	14592	7578	28
1452	11	2	50	14600	4788	33
1453	28	21	20	14608	1042	29
1454	24	3	20	14616	4910	26
1455	10	11	20	14624	3572	34
1456	29	28	30	14632	2502	35
1457	15	21	50	14640	1675	35
1458	10	7	30	14648	138	33
1459	27	4	10	14656	764	26
1460	20	23	40	14664	7896	34
1461	5	9	20	14672	505	33
1462	28	23	50	14680	8984	32
1463	4	3	20	14688	3244	30
1464	22	24	50	14696	13414	33
1465	11	20	40	14704	3548	27
1466	7	28	50	14712	3265	35
1467	16	3	20	14720	5545	34
1468	3	12	50	14728	5135	32
1469	10	7	20	14736	9378	31
1470	9	1	30	14744	12838	30
1471	9	8	30	14752	3120	26
1472	13	5	50	14760	3018	35
1473	27	5	50	14800	1342	33
1474	27	20	10	14809	6700	32
1475	22	25	10	14818	15581	34
1476	0	20	40	14827	220	33
1477	8	5	50	14836	317	25
1478	4	24	20	14845	327	27
1479	6	24	10	14854	1235	33
1480	11	2	10	14863	2413	35
1481	17	2	30	14872	3174	29
1482	19	2	40	14881	1004	29
1483	23	19	40	14890	5637	25
1484	17	1	30	14899	12576	25
1485	15	12	40	14908	8124	31
1486	4	0	50	14917	3203	35
1487	26	3	30	14926	411	34
1488	8	3	30	14935	4558	26
1489	20	13	40	14944	1217	31
1490	23	2	20	14953	9833	25
1491	6	13	50	14962	1635	30
1492	20	17	40	14971	5951	35
1493	25	12	10	14980	1517	34
1494	2	29	30	14989	3448	27
1495	12	14	40	14998	7162	32
1496	2	10	20	15007	5291	26
1497	10	22	30	15016	3832	34
1498	20	19	10	15025	1632	34
1499	1	17	50	15034	1381	27
1500	3	26	30	15043	537	26
1501	11	20	50	15052	461	30
1502	1	25	50	15061	3564	27
1503	18	20	30	15070	2198	25
1504	11	22	40	15079	4128	29
1505	17	6	10	15088	397	32
1506	10	13	10	15097	1541	28
1507	13	26	50	15106	2129	35
1508	1	0	10	15115	2156	33
1509	1	8	20	15124	5198	28
1510	9	20	30	15133	3079	26
1511	21	24	40	15142	1969	34
1512	10	26	30	15151	1223	32
1513	3	13	30	15160	5850	25
1514	16	1	10	15169	5105	26
1515	3	20	20	15178	1503	29
1516	16	6	40	15200	9078	29
1517	5	4	20	15211	596	32
1518	17	2	50	15222	3652	30
1519	7	11	20	15233	404	26
1520	7	19	50	15244	151	28
1521	11	24	30	15255	2467	25
1522	7	29	40	15266	290	32
1523	12	28	10	15277	2469	26
1524	17	5	10	15288	18302	31
1525	2	18	40	15299	3912	25
1526	18	21	50	15310	5835	27
1527	17	23	40	15321	963	26
1528	24	5	20	15332	4914	31
1529	15	7	30	15343	15559	35
1530	20	15	40	15354	1129	32
1531	19	28	20	15365	2300	34
1532	17	15	40	15376	5405	27
1533	3	8	30	15387	6180	35
1534	2	27	30	15398	602	31
1535	29	11	10	15409	1686	29
1536	15	7	30	15420	12678	27
1537	0	12	10	15431	6424	28
1538	11	27	10	15442	475	31
1539	29	23	20	15453	7930	28
1540	4	29	40	15464	3184	27
1541	20	3	50	15475	595	35
1542	25	3	30	15486	4569	26
1543	6	26	20	15497	12209	34
1544	10	23	10	15508	5169	30
1545	1	8	30	15519	2982	27
1546	25	15	20	15530	299	34
1547	17	4	20	15541	23	35
1548	9	11	10	15552	3613	32
1549	29	9	20	15563	1228	33
1550	26	6	10	15600	11027	27
1551	27	4	10	15611	3616	30
1552	23	18	40	15622	71	29
1553	13	8	50	15633	1091	33
1554	23	27	50	15644	1177	35
1555	22	2	50	15655	4379	26
1556	3	21	10	15666	159	34
1557	18	26	50	15677	553	26
1558	1	14	30	15688	2270	29
1559	9	4	50	15699	79	28
1560	28	14	20	15710	1584	30
1561	22	19	20	15721	447	27
1562	19	20	40	15732	4889	29
1563	15	23	40	15743	2298	33
1564	10	21	40	15754	2625	32
1565	19	22	20	15765	419	27
1566	4	8	50	15776	4174	31
1567	7	19	50	15787	2591	32
1568	0	16	50	15798	3960	29
1569	16	20	50	15809	1892	32
1570	18	11	50	15820	1755	27
1571	15	24	30	15831	409	25
1572	23	6	20	15842	107	25
1573	17	8	30	15853	5333	27
1574	2	11	30	15864	3169	34
1575	17	15	10	15875	9163	28
1576	16	20	10	15886	6045	34
1577	1	4	30	15897	498	34
1578	2	5	50	15908	5316	32
1579	15	28	30	15919	2495	29
1580	7	1	20	15930	3210	27
1581	1	17	30	15941	5738	28
1582	8	13	40	15952	3863	30
1583	24	26	10	15963	2339	34
1584	19	0	30	15974	176	33
1585	23	10	40	16000	4209	27
1586	26	8	30	16011	2176	30
1587	4	7	40	16022	2790	30
1588	9	11	40	16033	3035	25
1589	10	25	30	16044	2573	29
1590	25	20	10	16055	1455	31
1591	26	11	40	16066	7060	25
1592	28	26	40	16077	1824	35
1593	2	23	10	16088	387	27
1594	1	10	50	16099	3064	34
1595	12	9	20	16110	2342	25
1596	0	14	20	16121	2267	31
1597	9	11	40	16132	1117	29
1598	26	4	30	16143	2550	27
1599	21	0	50	16154	3931	27
1600	27	0	30	16165	8406	31
1601	17	27	20	16176	3618	26
1602	16	18	30	16187	1894	30
1603	22	20	10	16198	982	35
1604	10	28	20	16209	9595	31
1605	10	13	30	16220	7310	26
1606	3	28	50	16231	3363	29
1607	6	11	10	16242	1321	27
1608	10	27	20	16253	4705	34
1609	6	12	50	16264	1760	31
1610	5	12	50	16275	8687	28
1611	2	17	30	16286	10195	35
1612	16	21	50	16297	2002	30
1613	15	16	10	16308	13883	25
1614	2	3	30	16319	2523	26
1615	26	27	50	16330	3332	26
1616	14	6	30	16341	2665	32
1617	24	23	30	16352	1218	31
1618	26	21	20	16363	2004	35
1619	17	9	50	16374	7096	29
1620	23	12	50	16385	4558	32
1621	0	2	20	16400	629	26
1622	28	8	20	16411	11605	32
1623	19	20	20	16422	668	25
1624	20	28	50	16433	298	26
1625	22	0	20	16444	2990	26
1626	16	27	50	16455	5252	26
1627	20	12	10	16466	10885	34
1628	15	28	30	16477	898	28
1629	20	0	10	16488	439	33
1630	17	2	50	16499	2509	33
1631	7	10	20	16510	3067	29
1632	4	28	10	16521	4150	32
1633	11	3	10	16532	463	29
1634	18	27	50	16543	3531	33
1635	19	4	50	16554	12542	25
1636	14	28	10	16565	1941	34
1637	15	22	40	16576	2053	31
1638	13	27	40	16587	3051	27
1639	8	18	50	16598	911	31
1640	19	11	50	16609	343	34
1641	19	27	20	16620	595	28
1642	23	8	20	16631	6656	31
1643	2	28	50	16642	772	29
1644	5	14	40	16653	3551	26
1645	23	3	30	16664	1932	32
1646	9	20	40	16675	2283	31
1647	13	10	40	16686	2025	34
1648	0	21	30	16697	3916	25
1649	4	12	10	16708	14002	32
1650	28	2	50	16719	12568	28
1651	5	19	40	16730	745	35
1652	12	18	30	16741	7581	29
1653	8	24	40	16752	4098	33
1654	27	17	10	16763	11655	30
1655	26	28	20	16774	5270	29
1656	19	17	10	16800	4202	30
1657	26	28	10	16812	1010	30
1658	1	22	20	16824	631	34
1659	18	28	10	16836	1929	29
1660	23	14	30	16848	457	35
1661	13	16	40	16860	4025	31
1662	20	11	30	16872	333	34
1663	20	27	20	16884	3542	26
1664	19	8	50	16896	8830	34
1665	28	1	30	16908	1725	34
1666	27	17	30	16920	1292	27
1667	5	18	50	16932	1338	25
1668	26	17	10	16944	1928	28
1669	12	27	40	16956	2864	26
1670	11	29	40	16968	797	28
1671	28	14	50	16980	355	26
1672	10	26	40	16992	5222	28
1673	18	4	20	17004	844	29
1674	27	26	10	17016	5515	31
1675	3	16	30	17028	3121	29
1676	6	22	50	17040	1631	30
1677	25	9	30	17052	5868	27
1678	14	5	40	17064	3333	34
1679	27	24	20	17076	4667	30
1680	12	10	30	17088	383	30
1681	3	16	20	17100	1624	28
1682	19	21	40	17112	1483	33
1683	11	17	30	17124	1052	31
1684	21	27	20	17136	637	29
1685	11	13	10	17148	1403	33
1686	24	21	40	17160	4631	25
1687	26	3	20	17172	18	35
1688	13	16	10	17184	715	34
1689	21	29	30	17200	7702	28
1690	29	16	50	17208	1462	30
1691	18	0	10	17216	703	28
1692	14	0	20	17224	1180	33
1693	24	29	40	17232	654	34
1694	15	2	30	17240	402	31
1695	5	26	10	17248	2375	27
1696	29	14	40	17256	240	29
1697	2	12	10	17264	1009	30
1698	13	20	50	17272	1345	31
1699	7	13	10	17280	1087	27
1700	25	14	10	17288	453	29
1701	4	2	50	17296	653	31
1702	16	22	30	17304	59	31
1703	17	23	50	17312	479	35
1704	22	12	20	17320	6223	29
1705	29	17	50	17328	8219	26
1706	24	21	10	17336	2326	32
1707	24	12	20	17344	4309	25
1708	10	26	30	17352	8937	26
1709	24	1	30	17360	2070	26
1710	20	6	30	17368	2025	34
1711	24	8	40	17376	8510	27
1712	12	22	20	17384	4290	31
1713	3	26	10	17392	2444	28
1714	6	17	40	17400	1376	35
1715	19	28	20	17408	5956	32
1716	23	24	10	17416	1569	34
1717	8	25	10	17424	7551	27
1718	28	29	50	17432	2321	32
1719	7	26	50	17440	3606	25
1720	3	9	50	17448	4370	34
1721	1	15	10	17456	1266	28
1722	22	1	50	17464	513	26
1723	4	19	40	17472	3005	35
1724	13	10	40	17480	918	31
1725	23	28	40	17488	79	35
1726	14	15	30	17496	7074	29
1727	15	27	10	17504	3451	30
1728	3	1	40	17512	397	33
1729	22	1	50	17520	1428	28
1730	4	0	40	17528	2642	35
1731	4	10	40	17536	474	25
1732	11	20	30	17544	2645	32
1733	6	23	30	17552	1586	32
1734	2	10	10	17560	3485	25
1735	8	7	40	17568	11308	34
1736	16	23	40	17600	1535	33
1737	1	28	40	17610	876	33
1738	19	4	10	17620	2336	26
1739	22	9	30	17630	1288	27
1740	16	21	50	17640	7721	26
1741	0	10	30	17650	106	35
1742	15	6	50	17660	473	33
1743	19	13	30	17670	5704	33
1744	1	22	10	17680	2441	29
1745	5	8	20	17690	2215	28
1746	5	8	40	17700	2799	33
1747	10	3	20	17710	6401	29
1748	18	11	10	17720	7856	35
1749	25	3	10	17730	1550	35
1750	12	2	10	17740	525	29
1751	20	19	40	17750	941	26
1752	3	13	20	17760	6107	33
1753	5	23	50	17770	4704	31
1754	4	3	20	17780	3407	28
1755	24	0	10	17790	7221	25
1756	12	0	10	17800	122	29
1757	12	3	50	17810	2666	31
1758	4	13	10	17820	9541	28
1759	28	13	40	17830	5867	30
1760	15	2	20	17840	173	33
1761	8	25	10	17850	7951	27
1762	21	10	30	17860	3329	28
1763	18	25	40	17870	3591	33
1764	20	1	50	17880	10129	26
1765	15	26	40	17890	1344	34
1766	12	18	10	17900	2023	31
1767	5	29	50	17910	1604	35
1768	1	17	50	17920	8340	28
1769	28	9	50	17930	1725	25
1770	3	6	40	17940	2432	34
1771	21	26	20	17950	547	25
1772	19	20	10	17960	2084	26
1773	6	19	30	18000	721	29
1774	21	4	10	18009	5374	34
1775	2	29	20	18018	4067	35
1776	16	7	20	18027	696	31
1777	2	17	20	18036	1789	29
1778	2	26	40	18045	296	30
1779	8	2	20	18054	6051	28
1780	18	21	10	18063	2905	27
1781	4	12	20	18072	126	25
1782	27	14	50	18081	5067	31
1783	7	28	40	18090	5935	34
1784	9	29	50	18099	780	35
1785	13	9	10	18108	1279	33
1786	0	27	30	18117	1596	28
1787	5	26	40	18126	6285	26
1788	2	19	20	18135	5609	28
1789	8	10	10	18144	5481	25
1790	26	7	40	18153	9663	30
1791	4	20	40	18162	7141	26
1792	27	14	30	18171	1363	30
1793	20	21	30	18180	4472	32
1794	7	8	10	18189	1060	30
1795	7	26	50	18198	19257	35
1796	8	28	50	18207	2475	32
1797	26	11	10	18216	2928	35
1798	29	12	40	18225	7311	31
1799	15	26	20	18234	752	31
1800	22	19	20	18243	114	32
1801	29	7	50	18252	759	33
1802	8	17	30	18261	10229	25
1803	20	2	10	18270	2847	34
1804	21	28	30	18279	8030	25
1805	20	5	40	18288	21465	29
1806	0	29	40	18297	6508	25
1807	26	23	50	18306	3847	28
1808	14	19	50	18315	12180	32
1809	1	5	50	18324	10941	29
1810	7	23	40	18333	4505	30
1811	9	14	40	18342	4426	25
1812	9	6	20	18351	2146	26
1813	26	9	40	18360	548	35
1814	9	22	30	18400	1167	27
1815	10	21	10	18408	45	32
1816	11	9	10	18416	625	32
1817	13	12	50	18424	6274	30
1818	8	26	50	18432	2147	34
1819	6	21	40	18440	4161	29
1820	14	29	20	18448	12539	30
1821	6	22	20	18456	3713	30
1822	3	11	30	18464	3436	32
1823	23	7	50	18472	555	27
1824	2	1	20	18480	2317	30
1825	28	14	50	18488	3904	33
1826	24	10	50	18496	7305	31
1827	28	29	30	18504	5282	29
1828	29	11	20	18512	10757	35
1829	13	8	10	18520	5501	35
1830	24	1	30	18528	778	28
1831	19	25	10	18536	4094	31
1832	3	5	40	18544	2948	34
1833	17	0	20	18552	9209	34
1834	15	12	10	18560	5568	32
1835	19	13	20	18568	1682	29
1836	25	24	50	18576	460	25
1837	7	12	50	18584	937	32
1838	15	29	10	18592	9524	33
1839	19	23	10	18600	802	30
1840	12	10	30	18608	2541	33
1841	4	2	40	18616	4968	25
1842	21	7	40	18624	7326	29
1843	1	15	20	18632	6834	34
1844	0	16	20	18640	291	31
1845	16	23	50	18648	1105	30
1846	25	13	30	18656	2158	25
1847	1	5	40	18664	700	30
1848	10	28	50	18672	2179	29
1849	26	15	50	18680	1002	34
1850	26	15	40	18688	7513	28
1851	25	14	50	18696	4431	26
1852	17	15	20	18704	437	26
1853	22	20	50	18712	855	27
1854	0	27	10	18720	967	26
1855	15	28	50	18728	2202	27
1856	25	27	20	18736	3630	26
1857	15	9	30	18744	6295	33
1858	18	0	50	18752	288	29
1859	23	13	40	18760	1110	28
1860	25	24	50	18768	679	34
1861	2	0	10	18776	292	32
1862	27	12	30	18784	4629	29
1863	1	10	40	18792	918	33
1864	7	3	30	18800	5679	26
1865	17	27	40	18814	142	34
1866	6	9	10	18828	639	26
1867	22	5	50	18842	2896	28
1868	10	27	40	18856	1891	28
1869	20	8	20	18870	9617	34
1870	14	25	20	18884	9310	32
1871	3	27	20	18898	10976	25
1872	27	13	40	18912	8620	32
1873	19	2	40	18926	1064	28
1874	24	10	20	18940	776	31
1875	10	26	30	18954	1125	30
1876	15	13	30	18968	5791	25
1877	1	25	20	18982	5667	33
1878	22	20	30	18996	245	32
1879	15	7	20	19010	884	25
1880	3	0	20	19024	923	33
1881	23	5	10	19038	4537	25
1882	18	0	40	19052	1501	35
1883	2	25	20	19066	4957	25
1884	16	23	30	19080	9213	32
1885	28	15	40	19094	2829	26
1886	2	10	50	19108	3080	29
1887	10	14	40	19122	1595	31
1888	16	3	20	19136	4621	32
1889	29	14	10	19150	1589	29
1890	23	15	10	19164	5495	28
1891	10	16	20	19178	1519	27
1892	19	10	50	19200	600	28
1893	22	15	30	19209	4376	30
1894	23	28	20	19218	103	32
1895	10	9	30	19227	2042	25
1896	6	20	20	19236	103	31
1897	19	27	10	19245	4027	32
1898	24	10	50	19254	250	33
1899	12	19	40	19263	143	32
1900	10	15	50	19272	393	28
1901	3	8	30	19281	9284	32
1902	20	6	10	19290	6127	26
1903	20	19	40	19299	2856	31
1904	11	20	40	19308	1537	27
1905	22	17	30	19317	9698	28
1906	28	1	10	19326	6160	29
1907	28	12	30	19335	8163	33
1908	28	9	30	19344	65	31
1909	20	0	30	19353	13974	32
1910	0	14	30	19362	4297	27
1911	24	1	10	19371	7304	29
1912	22	17	50	19380	5285	26
1913	2	23	40	19389	8200	28
1914	20	12	20	19398	147	31
1915	2	19	40	19407	2599	33
1916	13	29	20	19416	5666	32
1917	24	16	10	19425	14805	28
1918	14	17	20	19434	1455	26
1919	8	17	50	19443	1156	35
1920	15	17	40	19452	2756	29
1921	25	24	20	19461	6832	31
1922	6	2	40	19470	7091	31
1923	11	13	30	19479	199	35
1924	26	21	20	19488	710	30
1925	4	10	50	19497	3532	29
1926	14	17	20	19506	6363	33
1927	4	27	20	19515	988	27
1928	25	4	20	19524	932	32
1929	14	0	50	19533	5994	30
1930	4	6	20	19542	992	34
1931	25	15	30	19551	558	28
1932	7	15	20	19560	4774	25
1933	10	2	50	19600	98	35
1934	4	23	20	19608	442	33
1935	29	21	50	19616	1451	25
1936	2	28	10	19624	8997	34
1937	27	10	10	19632	6489	29
1938	21	4	40	19640	1985	33
1939	24	4	10	19648	17890	28
1940	0	14	30	19656	5112	32
1941	3	27	20	19664	4398	32
1942	12	4	20	19672	1500	25
1943	26	2	40	19680	5027	25
1944	29	0	40	19688	4428	27
1945	29	13	50	19696	9540	35
1946	17	27	20	19704	3496	26
1947	16	18	20	19712	1248	35
1948	2	3	20	19720	3965	35
1949	21	8	40	19728	3173	34
1950	26	10	10	19736	4112	29
1951	12	2	10	19744	205	28
1952	5	11	40	19752	1599	31
1953	15	24	10	19760	6631	33
1954	27	1	50	19768	3081	28
1955	14	20	40	19776	1285	32
1956	27	5	40	19784	297	26
1957	8	24	30	19792	5314	27
1958	23	27	20	19800	1708	25
1959	7	11	50	19808	5277	33
1960	8	1	10	19816	489	31
1961	23	3	50	19824	3344	27
1962	3	8	20	19832	4339	25
1963	14	8	40	19840	1095	25
1964	15	25	10	19848	5542	33
1965	4	27	50	19856	3005	35
1966	16	17	40	19864	612	28
1967	12	16	10	19872	4935	26
1968	27	29	20	19880	5818	30
1969	20	19	30	19888	5264	30
1970	29	19	30	19896	3502	35
1971	16	19	20	19904	12395	27
1972	3	13	30	19912	3509	30
1973	20	11	20	19920	1522	33
1974	8	2	20	19928	3017	28
1975	11	19	30	19936	7110	33
1976	13	20	10	19944	2820	30
1977	9	29	10	19952	487	30
1978	12	13	50	19960	1907	33
1979	27	8	20	20000	1176	31
1980	16	12	40	20019	15	28
1981	27	28	10	20038	3004	33
1982	2	24	50	20057	3567	27
1983	3	26	40	20076	4319	33
1984	17	20	40	20095	576	26
1985	22	2	10	20114	743	31
1986	20	5	40	20133	6451	32
1987	21	19	10	20152	8737	28
1988	13	0	10	20171	2671	32
1989	20	3	40	20190	7086	25
1990	2	17	10	20209	1059	34
1991	24	4	40	20228	694	31
1992	3	13	40	20247	2428	28
1993	13	24	50	20266	4298	25
1994	16	3	50	20285	8265	33
1995	7	11	30	20304	672	29
1996	0	20	10	20323	19	31
1997	27	25	30	20342	304	35
1998	10	6	30	20361	13482	27
1999	24	2	40	20380	609	27
